,hs_el_kwh,hs_ng_kwh,cs_el_kwh,fan_el_kwh,fac_ng_kwh,fac_el_kwh,geff_irrad_kwh,cell_temp_degc,pv_yield_kwh,fac_el_net_kwh,pv_consumed_kwh,pv_excess_kwh,self_suff_pct,self_consume_pct,op_em_kgco2,op_em_pv_kgco2,mit_pot_kgco2
2022-01-01 00:00:00,0.0,5.791674964804704,0.0,12.116209944045842,5.811674980804704,50.2236325830937,0.0,12.2,0.0,50.2236325830937,0.0,0.0,0.0,0.0,24.98046659447451,24.98046659447451,0.0
2022-01-01 01:00:00,0.0,4.88581476457774,0.0,10.503464825450749,4.90581478057774,48.6108874644986,0.0,12.2,0.0,48.6108874644986,0.0,0.0,0.0,0.0,22.401632482291454,22.401632482291454,0.0
2022-01-01 02:00:00,0.0,7.813201042287911,0.0,14.463415291879448,8.916156773383646,52.570837930927304,0.0,11.7,0.0,52.570837930927304,0.0,0.0,0.0,0.0,25.356336588184128,25.356336588184128,0.0
2022-01-01 03:00:00,0.0,6.573501491534033,0.0,12.535132597363033,6.593501507534033,50.642555236410885,0.0,11.1,0.0,50.642555236410885,0.0,0.0,0.0,0.0,24.233323501115343,24.233323501115343,0.0
2022-01-01 04:00:00,0.0,11.910927594156183,0.0,15.417670505168392,11.930927610156182,53.52509314421624,0.0,11.1,0.0,53.52509314421624,0.0,0.0,0.0,0.0,26.495395200971434,26.495395200971434,0.0
2022-01-01 05:00:00,0.0,10.37898559071875,0.0,15.07528617192946,11.482080222731097,53.18270881097734,0.0,10.6,0.0,53.18270881097734,0.0,0.0,0.0,0.0,26.357757807797057,26.357757807797057,0.0
2022-01-01 06:00:00,0.0,16.674302920334604,0.0,17.50740855538878,16.694302936334605,52.64666215323665,0.0,10.0,0.0,52.64666215323665,0.0,0.0,0.0,0.0,27.348053336856236,27.348053336856236,0.0
2022-01-01 07:00:00,0.0,7.876790959805839,0.0,10.63826375685965,8.979557934686833,30.93667214870751,24.1020204626953,11.353188139459228,1.4059912681372597,29.530680880570248,1.4059912681372602,0.0,4.544739852363211,100.00000000000003,15.897914405365654,15.248873686211791,0.649040719153863
2022-01-01 08:00:00,0.0,5.617649687063601,0.0,8.298941174992006,5.637649703063601,28.597349566839874,84.85003267382804,15.451563521057126,17.17374347997749,11.423606086862385,17.17374347997749,0.0,60.053619444129694,100.0,12.80346060212001,5.7241000648036895,7.079360537316321
2022-01-01 09:00:00,0.0,0.9742602103639648,0.0,3.2740252110958306,2.077182267202714,23.572433602943697,100.2990082359374,16.434344007373046,23.91256730332669,0.0,23.572433602943697,0.3401337003829923,100.0,98.57759438345344,9.215545923196284,0.37399752740416164,8.841548395792122
2022-01-01 10:00:00,0.0,0.06665039061647939,0.0,2.2582452054394007,0.08665040661647938,22.556653597287266,147.48284546015634,18.508838920629884,43.495195568705725,0.0,22.556653597287266,20.93854197141846,100.0,51.860103862865515,8.14637279727278,0.01560144159461278,8.130771355678167
2022-01-01 11:00:00,0.0,0.0,0.0,3.552100374705899,0.020000016,23.85050876655377,146.3852848992188,18.974540153100588,43.09886244316791,0.0,23.85050876655377,19.24835367661414,100.0,55.33906793480714,8.481860614953828,0.0036010111631256747,8.478259603790702
2022-01-01 12:00:00,0.0,0.0,0.0,4.275781458025156,1.1030813597590965,24.57418984987302,161.72502652968745,20.653907079052733,47.32578803622758,0.0,24.57418984987302,22.75159818635456,100.0,51.925579836222994,9.18895474125501,0.19861025562821327,8.990344485626796
2022-01-01 13:00:00,0.0,0.0,0.0,3.889415974752389,1.1032185373093204,24.18782436660026,146.6012795414064,20.18128998566895,42.97393930769687,0.0,24.18782436660026,18.786114941096606,100.0,56.284866494117495,9.13180318869758,0.1986349545029385,8.93316823419464
2022-01-01 14:00:00,0.0,0.0,0.0,4.275781458025156,0.020000016,24.57418984987302,113.48673975893153,20.24646061746661,30.195674285762482,0.0,24.57418984987302,5.621484435889464,100.0,81.38314653056104,9.323731124575215,0.0036010111631256747,9.32013011341209
2022-01-01 15:00:00,0.0,0.0,0.0,3.0590480776390057,0.020000016,23.357456469486873,71.49582118396297,18.934244411998844,12.041567479348936,11.315888990137937,12.041567479348936,0.0,51.553419333477066,100.0,9.500976386221183,4.604754633443112,4.896221752778071
2022-01-01 16:00:00,0.0,0.0,0.0,0.0,1.1029255210466677,29.202915515447863,31.451194185165587,15.982849818286425,2.3551027181696353,26.847812797278227,2.3551027181696362,0.0,8.064615044767793,100.00000000000004,13.716027730594012,12.625897784407652,1.0901299461863605
2022-01-01 17:00:00,0.0,0.0,0.0,0.0,0.020000016,38.10742263904787,0.0,15.0,0.0,38.10742263904787,0.0,0.0,0.0,0.0,18.621744489922744,18.621744489922744,0.0
2022-01-01 18:00:00,0.0,0.0,0.0,0.0,1.1029236626310286,38.10742263904787,0.0,14.4,0.0,38.10742263904787,0.0,0.0,0.0,0.0,18.704689518395817,18.704689518395817,0.0
2022-01-01 19:00:00,0.0,0.0,0.0,0.8334238075618633,0.020000016,38.940846446609726,0.0,14.4,0.0,38.940846446609726,0.0,0.0,0.0,0.0,18.812613957572324,18.812613957572324,0.0
2022-01-01 20:00:00,0.0,0.4261590443804681,0.0,2.0360838525434013,0.4461590603804681,40.14350649159127,0.0,13.9,0.0,40.14350649159127,0.0,0.0,0.0,0.0,19.426691207075667,19.426691207075667,0.0
2022-01-01 21:00:00,0.0,1.4483673352437234,0.0,4.044744613859881,2.5513968017921047,42.152167252907745,0.0,12.8,0.0,42.152167252907745,0.0,0.0,0.0,0.0,20.82772878901434,20.82772878901434,0.0
2022-01-01 22:00:00,0.0,2.079080568748367,0.0,5.780414575302685,2.099080584748367,43.88783721435055,0.0,12.8,0.0,43.88783721435055,0.0,0.0,0.0,0.0,22.10680853337166,22.10680853337166,0.0
2022-01-01 23:00:00,0.0,3.830792181959838,0.0,7.539106512605396,4.933801416204727,45.64652915165326,0.0,12.2,0.0,45.64652915165326,0.0,0.0,0.0,0.0,23.92704918157597,23.92704918157597,0.0
2022-01-02 00:00:00,0.0,4.196438147425515,0.0,10.441485269598823,4.216438163425515,53.909744220762704,0.0,12.2,0.0,53.909744220762704,0.0,0.0,0.0,0.0,28.03831065928831,28.03831065928831,0.0
2022-01-02 01:00:00,0.0,6.292577324701727,0.0,12.124253571989085,7.3956302282710356,55.59251252315297,0.0,11.7,0.0,55.59251252315297,0.0,0.0,0.0,0.0,29.730743345138734,29.730743345138734,0.0
2022-01-02 02:00:00,0.0,9.953876610751118,0.0,14.019125498679323,9.97387662675112,57.487384449843205,0.0,11.1,0.0,57.487384449843205,0.0,0.0,0.0,0.0,30.805659431912336,30.805659431912336,0.0
2022-01-02 03:00:00,0.0,14.076764318773355,0.0,14.906216473427163,14.096764334773356,58.37447542459104,0.0,11.7,0.0,58.37447542459104,0.0,0.0,0.0,0.0,31.837736833658788,31.837736833658788,0.0
2022-01-02 04:00:00,0.0,13.36495130424146,0.0,15.728911176132367,14.467942407514478,59.19717012729624,0.0,11.7,0.0,59.19717012729624,0.0,0.0,0.0,0.0,33.01602524552399,33.01602524552399,0.0
2022-01-02 05:00:00,0.0,7.231868943612229,0.0,12.573268161678861,7.251868959612229,60.24898646747285,0.0,11.7,0.0,60.24898646747285,0.0,0.0,0.0,0.0,31.497975352805135,31.497975352805135,0.0
2022-01-02 06:00:00,0.0,141.84168668257658,0.0,40.83459746264813,142.9448414491445,85.54214672724213,0.0,11.1,0.0,85.54214672724213,0.0,0.0,0.0,0.0,67.43907442818816,67.43907442818816,0.0
2022-01-02 07:00:00,0.0,96.26884190689253,0.0,40.83459746264813,97.37238802754061,98.76960946899328,16.520258148925766,11.61625806715393,0.6599435499080286,98.10966591908524,0.6599435499080357,0.0,0.6681645836771397,100.00000000000107,66.02732318904626,65.70329420575916,0.32402898328709284
2022-01-02 08:00:00,0.0,16.556479548117846,0.0,40.83459746264813,18.745077058719787,186.98067465638707,82.43328346171866,14.276040108178707,16.27746607795588,170.7032085784312,16.277466077955864,0.0,8.705426968786394,99.99999999999991,88.4952063142583,81.08513404426006,7.410072269998238
2022-01-02 09:00:00,0.0,2.398100801187506,0.0,40.83459746264813,4.5869663725257865,178.6320965489585,99.03258163476598,15.294768176086436,23.40779105849263,155.22430549046587,23.40779105849262,0.0,13.103911061177712,99.99999999999996,78.03157048385184,67.91460614941603,10.116964334435806
2022-01-02 10:00:00,0.0,0.15576626381924882,0.0,40.83459746264813,1.2602374592060617,176.70550160109036,162.531021803906,17.879094431372064,48.042225682383574,128.6632759187068,48.04222568238356,0.0,27.18773623179999,99.99999999999997,74.58634840516932,54.3696994157655,20.216648989403815
2022-01-02 11:00:00,0.0,0.0,0.6082266862133782,40.83459746264813,3.2742255679085135,179.24032323517184,178.93122567890663,18.391600802465835,52.792210616028676,126.44811261914316,52.79221061602868,0.0,29.45331143303217,100.00000000000003,77.0597209728485,54.53671619667911,22.523004776169387
2022-01-02 12:00:00,0.0,0.0,1.3230152693945294,40.83459746264813,2.1904463648964354,179.41076287590747,168.45521073046817,18.06422533532713,49.760112973397554,129.6506499025099,49.760112973397554,0.0,27.735299809083912,100.0,78.60043936652083,56.909757320851966,21.690682045668865
2022-01-02 13:00:00,0.0,0.0,2.065195200887621,40.83459746264813,3.2751235750057432,182.30278753973624,97.45727719921857,15.84553991247558,22.624426893802557,159.67836064593368,22.624426893802564,0.0,12.410357076339908,100.00000000000003,79.60245001749549,69.79668403531804,9.805765982177448
2022-01-02 14:00:00,0.0,0.0,2.1436358809968903,40.83459746264813,1.1041399123430562,178.84913748208723,129.04232988868048,16.832572809021265,38.28727355736519,140.56186392472205,38.28727355736518,0.0,21.407580766890682,99.99999999999997,78.51415541480307,61.74873263313623,16.765422781666842
2022-01-02 15:00:00,0.0,0.0,0.33436650637574716,40.83459746264813,2.188334205481557,177.0398681074661,41.451952464768375,14.095373514524013,4.118610535257265,172.92125757220884,4.118610535257261,0.0,2.326374606626569,99.99999999999991,78.75716730032877,76.93414671910786,1.8230205812209164
2022-01-02 16:00:00,0.0,0.0,0.0,40.83459746264813,2.1893094322154343,188.49990114649253,14.260455425390678,13.245639232043459,0.48892025487642415,188.0109808916161,0.4889202548764331,0.0,0.2593742765395241,100.00000000000182,91.09091350653323,90.85566952589943,0.23524398063379692
2022-01-02 17:00:00,0.0,0.0,0.0,40.83459746264813,1.1038191087987383,180.35132106710464,0.0,12.8,0.0,180.35132106710464,0.0,0.0,0.0,0.0,87.47525613504692,87.47525613504692,0.0
2022-01-02 18:00:00,0.0,0.0,0.0,40.83459746264813,1.103763364496073,136.74485312545113,0.0,12.8,0.0,136.74485312545113,0.0,0.0,0.0,0.0,66.16308275004991,66.16308275004991,0.0
2022-01-02 19:00:00,0.0,0.4667636264562798,0.0,40.83459746264813,1.5701104539837345,134.17605986162698,0.0,12.8,0.0,134.17605986162698,0.0,0.0,0.0,0.0,65.31917701297678,65.31917701297678,0.0
2022-01-02 20:00:00,0.0,7.546250527335372,0.0,40.83459746264813,8.649645582265352,111.9853861309906,0.0,12.8,0.0,111.9853861309906,0.0,0.0,0.0,0.0,55.980590147912565,55.980590147912565,0.0
2022-01-02 21:00:00,0.0,10.244307930303904,0.0,40.83459746264811,11.34734026371847,110.70098949907849,0.0,12.8,0.0,110.70098949907849,0.0,0.0,0.0,0.0,54.98916257121639,54.98916257121639,0.0
2022-01-02 22:00:00,0.0,0.0,0.0,0.0,0.020000016,47.675718305793986,0.0,12.8,0.0,47.675718305793986,0.0,0.0,0.0,0.0,22.340390173202195,22.340390173202195,0.0
2022-01-02 23:00:00,0.0,0.0,0.0,0.0,1.1029973758571026,43.46825895116388,0.0,12.8,0.0,43.46825895116388,0.0,0.0,0.0,0.0,19.847986910576005,19.847986910576005,0.0
2022-01-03 00:00:00,0.0,0.0,0.0,0.0,0.020000016,43.46825895116388,0.0,13.9,0.0,43.46825895116388,0.0,0.0,0.0,0.0,20.11093089549776,20.11093089549776,0.0
2022-01-03 01:00:00,0.0,0.0,0.0,0.0,1.1029433596672518,43.46825895116388,0.0,13.9,0.0,43.46825895116388,0.0,0.0,0.0,0.0,20.23549671348828,20.23549671348828,0.0
2022-01-03 02:00:00,0.0,0.6497452849247037,0.0,5.190756089745608,0.6697453009247037,48.65901504090949,0.0,13.3,0.0,48.65901504090949,0.0,0.0,0.0,0.0,22.673068209944436,22.673068209944436,0.0
2022-01-03 03:00:00,0.0,1.840113021643217,0.0,5.415897151373183,1.8601130376432171,48.88415610253706,0.0,12.8,0.0,48.88415610253706,0.0,0.0,0.0,0.0,23.146949988759577,23.146949988759577,0.0
2022-01-03 04:00:00,0.0,5.708660587314649,0.0,9.989041295995364,6.811657000380688,53.45730024715924,0.0,11.7,0.0,53.45730024715924,0.0,0.0,0.0,0.0,26.35591665042022,26.35591665042022,0.0
2022-01-03 05:00:00,0.0,6.101023955072467,0.0,11.978344028953527,6.121023971072467,59.65406233474749,0.0,11.7,0.0,59.65406233474749,0.0,0.0,0.0,0.0,28.801561935010252,28.801561935010252,0.0
2022-01-03 06:00:00,0.0,114.10496824861849,0.0,40.83459746264813,115.20809733336331,85.54214672724213,0.0,11.7,0.0,85.54214672724213,0.0,0.0,0.0,0.0,59.073418450659304,59.073418450659304,0.0
2022-01-03 07:00:00,0.0,79.76235517848102,0.0,40.83459746264813,80.86590148215473,98.76960946899328,16.91083815512695,12.228463692347717,0.6900253605393888,98.07958410845389,0.6900253605393942,0.0,0.6986211287552107,100.0000000000008,57.341995391216216,57.04311090629857,0.2988844849176431
2022-01-03 08:00:00,0.0,16.21394600761079,0.0,40.83459746264813,18.402543526034247,186.98067465638707,33.54412594306639,13.848253935720825,2.6994496355896915,184.28122502079736,2.6994496355897013,0.0,1.4437051532466973,100.00000000000036,77.34277429260607,76.2740081928834,1.0687660997226658
2022-01-03 09:00:00,0.0,3.0060265078010673,0.0,40.83459746264813,5.194893353316233,178.6320965489585,42.111879066210946,15.715996220819093,4.2262927437935,174.405803805165,4.226292743793493,0.0,2.36592013722191,99.99999999999986,64.70074904415176,63.192110454863524,1.508638589288239
2022-01-03 10:00:00,0.0,0.06299739850480904,0.0,40.83459746264813,1.1674683656333324,176.70550160109036,55.30871202011718,16.128397250628662,7.279411615418853,169.4260899856715,7.279411615418866,0.0,4.1195161154925515,100.00000000000017,61.5729556486942,59.045107171123846,2.527848477570352
2022-01-03 11:00:00,0.0,0.0,0.4892348859037982,40.83459746264813,3.274447330337638,179.1213314348623,63.076343769140685,16.971135742785645,9.439067187634445,169.68226424722786,9.439067187634436,0.0,5.269649969672631,99.99999999999991,60.431315610244134,57.27786484886328,3.153450761380853
2022-01-03 12:00:00,0.0,0.0,1.8021929273560606,40.83459746264813,2.190513147587505,179.889940533869,59.494020416015616,16.859188138000487,8.400736321090774,171.48920421277825,8.400736321090761,0.0,4.669931123530001,99.99999999999986,59.97575000357232,57.19334212666386,2.782407876908465
2022-01-03 13:00:00,0.0,0.0,4.448621011963545,40.83459746264813,3.2751868245733116,184.68621335081212,72.72918829687505,17.272787134277344,12.535525481983857,172.15068786882827,12.535525481983854,0.0,6.787472250661493,99.99999999999997,62.00709899388411,57.83840999485038,4.168688999033726
2022-01-03 14:00:00,0.0,0.0,3.9284342477801193,40.83459746264813,1.1041523230929255,180.63393584887046,91.96101205946209,17.87378162685819,19.99827989795066,160.6356559509198,19.998279897950653,0.0,11.071164343494376,99.99999999999997,64.0411581997655,56.97306614403332,7.068092055732187
2022-01-03 15:00:00,0.0,0.0,0.7011321880768524,40.83459746264813,2.188340117325825,177.40663378916722,98.6548954959094,19.18296548424717,22.90698427354018,154.49964951562703,22.90698427354019,0.0,12.912135123855178,100.00000000000004,68.0134370462611,59.28232545547988,8.731111590781225
2022-01-03 16:00:00,0.0,0.0,0.0,40.83459746264813,2.1893376033900065,188.49990114649253,37.73347763346345,16.779171176045732,3.380252821019807,185.11964832547272,3.380252821019809,0.0,1.7932385112461404,100.00000000000007,79.6876170589078,78.26569680848172,1.4219202504260835
2022-01-03 17:00:00,0.0,0.0,0.0,40.83459746264813,1.1039229636215155,180.35132106710464,0.0,15.6,0.0,180.35132106710464,0.0,0.0,0.0,0.0,80.8022759546679,80.8022759546679,0.0
2022-01-03 18:00:00,0.0,1.90863527334141,0.0,40.83459746264813,4.096116269108326,136.74485312545113,0.0,15.0,0.0,136.74485312545113,0.0,0.0,0.0,0.0,62.02996922267538,62.02996922267538,0.0
2022-01-03 19:00:00,0.0,6.198004904114834,0.0,40.83459746264811,6.218004920114834,134.17605986162698,0.0,13.9,0.0,134.17605986162698,0.0,0.0,0.0,0.0,59.80145414132426,59.80145414132426,0.0
2022-01-03 20:00:00,0.0,16.405606082207797,0.0,40.83459746264811,17.509059643277332,111.9853861309906,0.0,13.3,0.0,111.9853861309906,0.0,0.0,0.0,0.0,52.83818955815091,52.83818955815091,0.0
2022-01-03 21:00:00,0.0,24.329279892820608,0.0,40.83459746264813,25.43238193568606,110.70098949907849,0.0,12.8,0.0,110.70098949907849,0.0,0.0,0.0,0.0,53.33680821939697,53.33680821939697,0.0
2022-01-03 22:00:00,0.0,0.0,0.0,0.0,0.020000016,47.675718305793986,0.0,12.2,0.0,47.675718305793986,0.0,0.0,0.0,0.0,21.17257345330177,21.17257345330177,0.0
2022-01-03 23:00:00,0.0,0.0,0.0,0.0,1.1028860974139991,43.46825895116388,0.0,11.7,0.0,43.46825895116388,0.0,0.0,0.0,0.0,20.09334519662556,20.09334519662556,0.0
2022-01-04 00:00:00,0.0,0.0,0.0,0.0,0.020000016,43.46825895116388,0.0,10.6,0.0,43.46825895116388,0.0,0.0,0.0,0.0,20.29393226568216,20.29393226568216,0.0
2022-01-04 01:00:00,0.0,0.0647395878188669,0.0,3.354145789074966,1.167741815660949,46.82240474023885,0.0,9.4,0.0,46.82240474023885,0.0,0.0,0.0,0.0,22.788250075257146,22.788250075257146,0.0
2022-01-04 02:00:00,0.0,0.24840851637443243,0.0,4.482353085607256,0.26840853237443246,47.95061203677114,0.0,7.2,0.0,47.95061203677114,0.0,0.0,0.0,0.0,22.905185060034153,22.905185060034153,0.0
2022-01-04 03:00:00,0.0,1.822000202098023,0.0,5.970812419724437,2.925040288961176,49.43907137088832,0.0,7.2,0.0,49.43907137088832,0.0,0.0,0.0,0.0,24.348376864682134,24.348376864682134,0.0
2022-01-04 04:00:00,0.0,5.409037633087574,0.0,9.159595909738677,5.429037649087574,52.62785486090256,0.0,7.8,0.0,52.62785486090256,0.0,0.0,0.0,0.0,26.471222789413428,26.471222789413428,0.0
2022-01-04 05:00:00,0.0,8.728716538983285,0.0,11.29989512796737,9.831826497814232,58.97561343376135,0.0,7.2,0.0,58.97561343376135,0.0,0.0,0.0,0.0,29.971773020337988,29.971773020337988,0.0
2022-01-04 06:00:00,0.0,112.5066472860604,0.0,40.83459746264813,112.5266473020604,85.54214672724213,0.0,7.8,0.0,85.54214672724213,0.0,0.0,0.0,0.0,60.27366399895048,60.27366399895048,0.0
2022-01-04 07:00:00,0.0,80.43519852184806,0.0,40.83459746264813,81.53873347476109,98.76960946899328,23.636505292382797,9.638640790386964,1.3603699421002797,97.409239526893,1.3603699421002773,0.0,1.3773163115799683,99.99999999999983,59.97188715062787,59.34808951367779,0.62379763695008
2022-01-04 08:00:00,0.0,13.569848625876496,0.0,40.83459746264813,15.758457204089856,186.98067465638707,52.739997111914064,12.248124909747315,6.710962636014885,180.26971202037217,6.710962636014898,0.0,3.589120987154198,100.0000000000002,82.66965069334262,79.8043716410829,2.865279052259723
2022-01-04 09:00:00,0.0,2.13427551828479,0.0,40.83459746264813,4.323157825294769,178.6320965489585,78.03177432187502,15.238492947558594,14.53565076625811,164.09644578270039,14.535650766258101,0.0,8.13719989132762,99.99999999999993,71.37289775239859,65.62848124782722,5.744416504571362
2022-01-04 10:00:00,0.0,0.05411603359957571,0.0,40.83459746264813,1.1586073964990413,176.70550160109036,122.03147678906234,17.713483649658198,35.23544686397758,141.47005473711278,35.235446863977586,0.0,19.9402093000596,100.00000000000003,68.38954200681019,54.79412101157874,13.59542099523145
2022-01-04 11:00:00,0.0,0.0,0.6813493757345207,40.83459746264813,3.2744641202995535,179.31344592469299,126.41072693906233,18.950335216845698,37.22119899093337,142.0922469337596,37.221198990933374,0.0,20.757617366053697,100.00000000000003,69.34551632623204,55.07341978514855,14.272096541083492
2022-01-04 12:00:00,0.0,0.0,2.3190058851067468,40.83459746264813,2.190577750301758,180.40675349161967,187.5894231234374,21.46216947260742,54.73294951624791,125.67380397537175,54.73294951624791,0.0,30.338636695654742,100.0,68.2859859388288,47.68860871212679,20.597377226702008
2022-01-04 13:00:00,0.0,0.0,4.197690707180317,40.83459746264813,3.275095497973003,184.4352830460289,116.46315689765635,19.23947365305176,31.91676410620049,152.51851893982843,31.916764106200475,0.0,17.305129245923684,99.99999999999996,64.51310705160249,53.451075780034465,11.062031271568024
2022-01-04 14:00:00,0.0,0.0,4.146962509182268,40.83459746264813,1.104175427007238,180.85246411027262,111.67010676481894,18.48969083640059,29.423455543282923,151.4290085669897,29.423455543282927,0.0,16.26931415506859,100.00000000000003,64.40595331363885,53.95989100938482,10.446062304254028
2022-01-04 15:00:00,0.0,0.0,1.930604253580806,40.83459746264813,2.188265545649078,178.63610585467117,95.62029410455658,17.988134190767394,21.612561402356064,157.0235444523151,21.61256140235608,0.0,12.098652340719356,100.00000000000007,69.3528940607685,61.00979698261698,8.343097078151523
2022-01-04 16:00:00,0.0,0.0,0.0,40.83459746264813,2.1894212806474704,188.49990114649253,30.813611614200852,14.862925362943777,2.269649489116053,186.23025165737647,2.2696494891160626,0.0,1.2040587158463316,100.00000000000043,80.22202934478298,79.26085548263723,0.9611738621457562
2022-01-04 17:00:00,0.0,0.0,0.0,40.83459746264813,1.103673131073546,180.35132106710464,0.0,12.8,0.0,180.35132106710464,0.0,0.0,0.0,0.0,80.12050297858052,80.12050297858052,0.0
2022-01-04 18:00:00,0.0,0.6383435519267997,0.0,40.83459746264813,2.8258825158615246,136.74485312545113,0.0,11.7,0.0,136.74485312545113,0.0,0.0,0.0,0.0,61.54144788844088,61.54144788844088,0.0
2022-01-04 19:00:00,0.0,3.9416023802385785,0.0,40.83459746264811,3.9616023962385785,134.17605986162698,0.0,12.2,0.0,134.17605986162698,0.0,0.0,0.0,0.0,60.060030309102416,60.060030309102416,0.0
2022-01-04 20:00:00,0.0,12.90784841055824,0.0,40.83459746264811,14.011255110885136,111.9853861309906,0.0,12.2,0.0,111.9853861309906,0.0,0.0,0.0,0.0,53.23531439441822,53.23531439441822,0.0
2022-01-04 21:00:00,0.0,22.196266926055685,0.0,40.83459746264813,23.299396654358777,110.70098949907849,0.0,11.7,0.0,110.70098949907849,0.0,0.0,0.0,0.0,54.178776794893054,54.178776794893054,0.0
2022-01-04 22:00:00,0.0,0.0,0.0,0.0,0.020000016,47.675718305793986,0.0,10.6,0.0,47.675718305793986,0.0,0.0,0.0,0.0,21.334432516949942,21.334432516949942,0.0
2022-01-04 23:00:00,0.0,0.0,0.0,0.0,1.1030033390669292,43.46825895116388,0.0,10.0,0.0,43.46825895116388,0.0,0.0,0.0,0.0,19.337235941578225,19.337235941578225,0.0
2022-01-05 00:00:00,0.0,0.0,0.0,0.0,0.020000016,43.46825895116388,0.0,10.0,0.0,43.46825895116388,0.0,0.0,0.0,0.0,19.5877903990205,19.5877903990205,0.0
2022-01-05 01:00:00,0.0,0.020106059420994127,0.0,2.380080510730606,1.1230296050616508,45.84833946189449,0.0,8.9,0.0,45.84833946189449,0.0,0.0,0.0,0.0,21.21976847988019,21.21976847988019,0.0
2022-01-05 02:00:00,0.0,0.9434503958267983,0.0,5.494299885746728,0.9634504118267984,48.9625588369106,0.0,8.3,0.0,48.9625588369106,0.0,0.0,0.0,0.0,23.15624995088125,23.15624995088125,0.0
2022-01-05 03:00:00,0.0,1.5406228080877922,0.0,5.633496819677946,2.6436429544639726,49.10175577084183,0.0,8.3,0.0,49.10175577084183,0.0,0.0,0.0,0.0,23.84498763274271,23.84498763274271,0.0
2022-01-05 04:00:00,0.0,4.184367970122624,0.0,7.778284264372041,4.204367986122624,51.24654321553591,0.0,7.8,0.0,51.24654321553591,0.0,0.0,0.0,0.0,25.547257244796647,25.547257244796647,0.0
2022-01-05 05:00:00,0.0,6.020135550828581,0.0,8.878500500622007,7.123319845659608,56.55421880641598,0.0,7.8,0.0,56.55421880641598,0.0,0.0,0.0,0.0,28.895154020324,28.895154020324,0.0
2022-01-05 06:00:00,0.0,108.89455293346613,0.0,40.83459746264813,108.91455294946613,85.54214672724213,0.0,9.4,0.0,85.54214672724213,0.0,0.0,0.0,0.0,61.161352713095795,61.161352713095795,0.0
2022-01-05 07:00:00,0.0,75.62570602354249,0.0,40.83459746264813,76.72919653478088,98.76960946899328,24.83612057373048,9.076128767929077,1.5049166853011071,97.26469278369217,1.5049166853011116,0.0,1.5236636991802115,100.00000000000028,60.982550612789346,60.2638776497238,0.7186729630655435
2022-01-05 08:00:00,0.0,10.165549130801232,0.0,40.83459746264813,12.354156393937885,186.98067465638707,57.978554190820276,11.211829818463134,8.14004225822609,178.84063239816098,8.140042258226089,0.0,4.353413673998653,99.99999999999997,86.10016201214387,82.44870185594881,3.651460156195057
2022-01-05 09:00:00,0.0,1.4944137478366992,0.0,40.83459746264813,3.683291706302148,178.6320965489585,53.219183698828246,11.663099490588383,6.847591181381647,171.78450536757683,6.8475911813816595,0.0,3.833348717096264,100.00000000000017,78.41101189899824,75.43066631321369,2.980345585784548
2022-01-05 10:00:00,0.0,0.0,0.0,40.83459746264813,2.188965633477199,176.70550160109036,156.8670706968753,16.602095959277353,46.581489429771814,130.12401217131855,46.58148942977181,0.0,26.361086105246866,99.99999999999999,76.3898592423741,56.35655808331214,20.033301159061963
2022-01-05 11:00:00,0.0,0.0,0.0,40.83459746264813,2.1896993594380363,178.6320965489585,203.50322685000017,19.659475839062505,59.76703822444949,118.865058324509,59.76703822444949,0.0,33.4581743029976,100.0,75.73234299597951,50.52559462481792,25.206748371161588
2022-01-05 12:00:00,0.0,0.0,0.0,40.83459746264813,2.1903747431188,178.08774760651295,193.1280643617191,19.335252011303723,56.78667218133745,121.3010754251755,56.78667218133745,0.0,31.886905721784014,100.0,73.93037062124897,50.48201794413112,23.448352677117846
2022-01-05 13:00:00,0.0,0.0,0.3700583961778073,40.83459746264813,3.275427481158003,180.60765073502643,179.88259139296872,18.921330981030273,52.971363162366536,127.63628757265988,52.97136316236654,0.0,29.329523387734017,100.00000000000003,76.07832185210826,53.937881191133926,22.140440660974335
2022-01-05 14:00:00,0.0,0.0,0.21865147438428717,40.83459746264813,2.1884613558721053,176.92415307547463,76.16855947664375,15.680267483645117,13.82793474964395,163.09621832583068,13.827934749643958,0.0,7.815741666286262,100.00000000000007,77.81692737999461,71.76575399387666,6.051173386117952
2022-01-05 15:00:00,0.0,0.0,0.0,40.83459746264813,1.1041455848135853,176.70550160109036,36.860850611474326,12.251901581608573,3.278155329568416,173.42734627152194,3.2781553295684205,0.0,1.8551518203257757,100.00000000000013,78.9290545806478,77.46848886433524,1.4605657163125585
2022-01-05 16:00:00,0.0,0.0,0.0,40.83459746264813,2.1890832612974,188.49990114649253,10.67161846464628,10.933488077020195,0.27604368904424,188.2238574574483,0.27604368904422927,0.0,0.14644235215258927,99.99999999999612,86.72992757134168,86.60349542110409,0.1264321502375907
2022-01-05 17:00:00,0.0,0.0,0.0,40.83459746264813,2.1877275850977402,180.35132106710464,0.0,10.6,0.0,180.35132106710464,0.0,0.0,0.0,0.0,84.04805802143555,84.04805802143555,0.0
2022-01-05 18:00:00,0.0,0.06600668015654891,0.0,40.83459746264813,1.1696328948175094,136.74485312545113,0.0,10.6,0.0,136.74485312545113,0.0,0.0,0.0,0.0,63.79011234775403,63.79011234775403,0.0
2022-01-05 19:00:00,0.0,0.7693283220563141,0.0,40.83459746264813,1.8726688026358391,134.17605986162698,0.0,10.0,0.0,134.17605986162698,0.0,0.0,0.0,0.0,63.30734144707677,63.30734144707677,0.0
2022-01-05 20:00:00,0.0,7.684667868685555,0.0,40.83459746264811,8.788128476255418,111.9853861309906,0.0,9.4,0.0,111.9853861309906,0.0,0.0,0.0,0.0,54.95734083613738,54.95734083613738,0.0
2022-01-05 21:00:00,0.0,13.977904924704836,0.0,40.83459746264811,13.997904940704835,110.70098949907849,0.0,8.3,0.0,110.70098949907849,0.0,0.0,0.0,0.0,55.954589202639845,55.954589202639845,0.0
2022-01-05 22:00:00,0.0,0.0,0.0,0.0,1.1028750613424134,47.675718305793986,0.0,8.3,0.0,47.675718305793986,0.0,0.0,0.0,0.0,22.712000809874894,22.712000809874894,0.0
2022-01-05 23:00:00,0.0,0.0,0.0,0.0,0.020000016,43.46825895116388,0.0,8.3,0.0,43.46825895116388,0.0,0.0,0.0,0.0,19.95118504385223,19.95118504385223,0.0
2022-01-06 00:00:00,0.0,0.0,0.0,0.0,0.020000016,43.46825895116388,0.0,8.3,0.0,43.46825895116388,0.0,0.0,0.0,0.0,19.799046137523156,19.799046137523156,0.0
2022-01-06 01:00:00,0.0,0.0,0.0,0.0,1.1029850236118859,43.46825895116388,0.0,8.3,0.0,43.46825895116388,0.0,0.0,0.0,0.0,20.250718105731668,20.250718105731668,0.0
2022-01-06 02:00:00,0.0,0.0,0.0,0.0,0.020000016,43.46825895116388,0.0,8.3,0.0,43.46825895116388,0.0,0.0,0.0,0.0,19.784266929479763,19.784266929479763,0.0
2022-01-06 03:00:00,0.0,0.0,0.0,0.0,1.1029230251734035,43.46825895116388,0.0,8.3,0.0,43.46825895116388,0.0,0.0,0.0,0.0,19.93273662865938,19.93273662865938,0.0
2022-01-06 04:00:00,0.0,0.0,0.0,0.0,0.020000016,43.46825895116388,0.0,8.3,0.0,43.46825895116388,0.0,0.0,0.0,0.0,19.72884489931703,19.72884489931703,0.0
2022-01-06 05:00:00,0.0,0.0,0.0,0.0,1.1029994964621839,47.675718305793986,0.0,8.3,0.0,47.675718305793986,0.0,0.0,0.0,0.0,21.805707809476598,21.805707809476598,0.0
2022-01-06 06:00:00,0.0,59.43160961334612,0.0,40.83459746264813,59.451609629346116,85.54214672724213,0.0,8.3,0.0,85.54214672724213,0.0,0.0,0.0,0.0,56.346582452144666,56.346582452144666,0.0
2022-01-06 07:00:00,0.0,37.06633179094449,0.0,40.83459746264813,38.16992223425003,98.76960946899328,9.751945122949211,8.604748285092164,0.23240322941202937,98.53720623958125,0.23240322941202862,0.0,0.23529831763178824,99.99999999999967,68.11164356801564,67.96754891771559,0.14409465030004753
2022-01-06 08:00:00,0.0,4.324272383165804,0.0,40.83459746264813,6.512971116571139,186.98067465638707,42.00896558847654,9.612780174639893,4.297479269321635,182.68319538706544,4.297479269321627,0.0,2.298354777689765,99.99999999999982,78.22552936581441,76.45458113371966,1.770948232094753
2022-01-06 09:00:00,0.0,0.2626684876632943,0.0,40.83459746264813,2.451471619095946,178.6320965489585,66.75416093671848,10.386067529272452,10.822042852686728,167.81005369627175,10.822042852686735,0.0,6.058285751419086,100.00000000000007,70.61790076995281,66.36640712506056,4.25149364489225
2022-01-06 10:00:00,0.0,0.0,0.02073273858817096,40.83459746264813,2.1889768036935298,176.72623433967854,101.82072621445306,12.08189769420166,25.028337170521347,151.6978971691572,25.028337170521354,0.0,14.16220815434531,100.00000000000003,68.86317115021689,59.16644248024179,9.696728669975094
2022-01-06 11:00:00,0.0,0.0,1.1998684308553031,40.83459746264813,2.189695140649919,179.8319649798138,217.8803358703123,17.40876049594726,64.5120197503856,115.31994522942819,64.5120197503856,0.0,35.873499885088336,100.0,64.65091408362387,41.599801746514835,23.05111233710904
2022-01-06 12:00:00,0.0,0.0,2.7372275734068845,40.83459746264813,3.27546865118268,180.82497517991985,74.18742693398464,12.91835709168702,13.247549494271285,167.57742568564856,13.247549494271283,0.0,7.3261724388957035,99.99999999999999,69.72184987298031,64.65711298807798,5.064736884902331
2022-01-06 13:00:00,0.0,0.0,3.9587705280291137,40.83459746264813,2.1901234041681517,184.1963628668777,194.01375231562426,16.66292975986326,57.59957535951551,126.5967875073622,57.59957535951551,0.0,31.270745232436454,100.0,70.51788796930585,48.589729629938304,21.928158339367542
2022-01-06 14:00:00,0.0,0.0,3.326415969752373,40.83459746264813,2.1883827679883194,180.0319175708427,81.28921669682921,13.640288021775913,15.864594063575076,164.1673235072676,15.864594063575083,0.0,8.812100808364914,100.00000000000004,69.09509912824196,63.04109071061137,6.054008417630584
2022-01-06 15:00:00,0.0,0.0,1.0615211130808606,40.83459746264813,1.1041187701946755,177.76702271417122,37.60109328610962,12.275034165190926,3.4108629436446725,174.35615977052655,3.4108629436446734,0.0,1.918726483442852,100.00000000000003,71.43182071360229,70.06505382345443,1.3667668901478578
2022-01-06 16:00:00,0.0,0.0,0.0,40.83459746264813,2.189385708560013,188.49990114649253,10.585475434427854,11.43079610732587,0.271130097137504,188.22877104935503,0.271130097137501,0.0,0.14383567072896897,99.99999999999889,79.44634584679608,79.33264066230905,0.11370518448703137
2022-01-06 17:00:00,0.0,0.0,0.0,40.83459746264813,2.187962649889609,180.35132106710464,0.0,11.1,0.0,180.35132106710464,0.0,0.0,0.0,0.0,78.75388731502383,78.75388731502383,0.0
2022-01-06 18:00:00,0.0,0.4393778798772139,0.0,40.83459746264813,1.543075837520261,136.74485312545113,0.0,10.6,0.0,136.74485312545113,0.0,0.0,0.0,0.0,58.35678918726508,58.35678918726508,0.0
2022-01-06 19:00:00,0.0,3.36024764543711,0.0,40.83459746264813,4.463564065821076,134.17605986162698,0.0,10.6,0.0,134.17605986162698,0.0,0.0,0.0,0.0,56.89127222154217,56.89127222154217,0.0
2022-01-06 20:00:00,0.0,11.210188143634218,0.0,40.83459746264811,12.313644620535245,111.9853861309906,0.0,11.1,0.0,111.9853861309906,0.0,0.0,0.0,0.0,49.568977484832104,49.568977484832104,0.0
2022-01-06 21:00:00,0.0,17.35363643874792,0.0,40.83459746264811,17.37363645474792,110.70098949907849,0.0,11.1,0.0,110.70098949907849,0.0,0.0,0.0,0.0,50.103541827363834,50.103541827363834,0.0
2022-01-06 22:00:00,0.0,0.0,0.0,0.0,1.10299288849132,47.675718305793986,0.0,11.1,0.0,47.675718305793986,0.0,0.0,0.0,0.0,20.340393417580128,20.340393417580128,0.0
2022-01-06 23:00:00,0.0,0.0,0.0,0.0,0.020000016,43.46825895116388,0.0,11.1,0.0,43.46825895116388,0.0,0.0,0.0,0.0,18.333513786984668,18.333513786984668,0.0
2022-01-07 00:00:00,0.0,0.0,0.0,0.0,1.1029296104077813,38.10742263904787,0.0,10.6,0.0,38.10742263904787,0.0,0.0,0.0,0.0,16.589347558601936,16.589347558601936,0.0
2022-01-07 01:00:00,0.0,0.021245543745062052,0.0,0.6259366070991575,0.041245559745062055,38.733359246147025,0.0,10.6,0.0,38.733359246147025,0.0,0.0,0.0,0.0,16.339347206250434,16.339347206250434,0.0
2022-01-07 02:00:00,0.0,0.4685949103988882,0.0,5.207641991768291,0.4885949263988882,43.31506463081615,0.0,10.6,0.0,43.31506463081615,0.0,0.0,0.0,0.0,18.3621643359281,18.3621643359281,0.0
2022-01-07 03:00:00,0.0,1.648730784558614,0.0,5.582839113609891,2.751692543243241,43.69026175265776,0.0,10.6,0.0,43.69026175265776,0.0,0.0,0.0,0.0,19.50267330611572,19.50267330611572,0.0
2022-01-07 04:00:00,0.0,3.8585748268532667,0.0,8.200533878215245,3.8785748428532667,46.30795651726311,0.0,10.6,0.0,46.30795651726311,0.0,0.0,0.0,0.0,21.917107762410577,21.917107762410577,0.0
2022-01-07 05:00:00,0.0,7.148006558996891,0.0,10.139952936184446,8.251179170410177,48.247375575232304,0.0,10.6,0.0,48.247375575232304,0.0,0.0,0.0,0.0,23.60439632216465,23.60439632216465,0.0
2022-01-07 06:00:00,0.0,105.07897803012676,0.0,40.83459746264813,105.09897804612676,85.54214672724213,0.0,11.1,0.0,85.54214672724213,0.0,0.0,0.0,0.0,56.698954225852276,56.698954225852276,0.0
2022-01-07 07:00:00,0.0,85.06322621255426,0.0,40.83459746264813,86.16642936239128,75.83888804889047,23.303032648242233,11.828219770257569,1.312119431838817,74.52676861705164,1.3121194318388234,0.0,1.7301406515783164,100.00000000000048,48.9975495576169,48.4182422678629,0.5793072897539986
2022-01-07 08:00:00,0.0,29.168663284944532,0.0,40.83459746264813,30.27210290628398,114.21720088209123,88.69245644531259,13.871639263916018,18.870332206299476,95.34686867579175,18.87033220629948,0.0,16.521445159367644,100.00000000000003,53.71126963915158,45.73789382036283,7.973375818788753
2022-01-07 09:00:00,0.0,8.910106387413585,0.0,40.83459746264813,10.013748798945938,116.46489498793738,130.48906852265526,15.177783391332976,38.94662261900112,77.51827236893627,38.94662261900112,0.0,33.44065404689966,100.0,49.237966697740355,33.37539677124739,15.862569926492966
2022-01-07 10:00:00,0.0,1.5695966313757932,0.0,40.83459746264813,2.6731511370587677,115.50159751400331,174.4777788960939,17.152430590502934,51.70864805948483,63.79294945451848,51.70864805948483,0.0,44.76877304940801,100.0,46.51504116641555,25.90630093906757,20.60874022734798
2022-01-07 11:00:00,0.0,0.04780988126151351,0.0,40.83459746264813,1.1515622323345331,117.74929161984949,126.55637218125027,15.054886630664072,37.78941796311789,79.95987365673159,37.7894179631179,0.0,32.09311703132792,100.00000000000003,45.37832250801879,30.881545989007495,14.496776519011295
2022-01-07 12:00:00,0.0,0.0,0.06090362750909391,40.83459746264813,1.1036266744669343,116.5257986154465,126.59182168359314,15.055994427612285,37.79985365869896,78.72594495674755,37.79985365869895,0.0,32.43904277665105,99.99999999999997,44.352664051132166,30.029543502777965,14.3231205483542
2022-01-07 13:00:00,0.0,0.0,0.8899032331656632,40.83459746264813,1.1035240043483592,114.78600495727886,167.72670971718736,15.241459678662105,50.04943222988945,64.73657272738942,50.04943222988945,0.0,43.60238188315456,100.0,43.91780959207341,24.85523209151426,19.06257750055915
2022-01-07 14:00:00,0.0,0.0,0.05502443065317598,40.83459746264813,1.1034013844898203,74.85216041429155,142.5723821845956,14.455386943268614,42.66283778341449,32.18932263087706,42.66283778341449,0.0,56.99613417606696,100.0,29.14512109082626,12.64676177741313,16.498359313413133
2022-01-07 15:00:00,0.0,0.0,0.0,40.83459746264813,1.1032253187252408,73.51273935172627,75.84888190429672,13.470277559509272,13.820493236183292,59.69224611554297,13.820493236183296,0.0,18.800133634060742,100.00000000000003,29.336880672343423,23.85885176831745,5.478028904025972
2022-01-07 16:00:00,0.0,0.09803886432292874,0.0,40.83459746264813,1.2013770379187683,82.7383456333043,12.752134061132747,11.498504189410397,0.3933862005331107,82.34495943277119,0.393386200533115,0.0,0.47545814159325783,100.00000000000111,34.05215487992646,33.89127959321844,0.16087528670801987
2022-01-07 17:00:00,0.0,2.683966478077923,0.0,40.83459746264813,2.703966494077923,80.86861504956414,0.0,10.6,0.0,80.86861504956414,0.0,0.0,0.0,0.0,34.51919390139772,34.51919390139772,0.0
2022-01-07 18:00:00,0.0,0.0,0.0,0.0,1.1031338717018633,38.10742263904787,0.0,10.6,0.0,38.10742263904787,0.0,0.0,0.0,0.0,16.73952758113037,16.73952758113037,0.0
2022-01-07 19:00:00,0.0,0.0,0.0,0.0,1.1030353225530896,38.10742263904787,0.0,10.6,0.0,38.10742263904787,0.0,0.0,0.0,0.0,16.71797914352426,16.71797914352426,0.0
2022-01-07 20:00:00,0.0,0.0,0.0,0.0,0.020000016,38.10742263904787,0.0,10.6,0.0,38.10742263904787,0.0,0.0,0.0,0.0,16.899860597977366,16.899860597977366,0.0
2022-01-07 21:00:00,0.0,0.0,0.0,0.0,1.103079428772898,38.10742263904787,0.0,10.6,0.0,38.10742263904787,0.0,0.0,0.0,0.0,17.159652113253966,17.159652113253966,0.0
2022-01-07 22:00:00,0.0,0.0,0.0,0.0,0.020000016,38.10742263904787,0.0,11.1,0.0,38.10742263904787,0.0,0.0,0.0,0.0,17.017803071045222,17.017803071045222,0.0
2022-01-07 23:00:00,0.0,0.0,0.0,0.0,1.1028900373514874,38.10742263904787,0.0,11.1,0.0,38.10742263904787,0.0,0.0,0.0,0.0,17.310523406900742,17.310523406900742,0.0
2022-01-08 00:00:00,0.0,0.0,0.0,0.0,0.020000016,38.10742263904787,0.0,10.6,0.0,38.10742263904787,0.0,0.0,0.0,0.0,17.118787741038695,17.118787741038695,0.0
2022-01-08 01:00:00,0.0,0.0,0.0,1.8627827692445456,0.020000016,39.970205408292415,0.0,9.4,0.0,39.970205408292415,0.0,0.0,0.0,0.0,17.52234219059065,17.52234219059065,0.0
2022-01-08 02:00:00,0.0,0.2956331125827337,0.0,4.870326391721801,1.398580904602232,42.97774903076967,0.0,7.2,0.0,42.97774903076967,0.0,0.0,0.0,0.0,19.19490262259549,19.19490262259549,0.0
2022-01-08 03:00:00,0.0,0.8981898623786081,0.0,5.35796204691223,0.9181898783786081,43.4653846859601,0.0,6.7,0.0,43.4653846859601,0.0,0.0,0.0,0.0,19.823844653605178,19.823844653605178,0.0
2022-01-08 04:00:00,0.0,1.8113521773353884,0.0,6.219588791907761,2.9143171277104982,44.32701143095563,0.0,6.7,0.0,44.32701143095563,0.0,0.0,0.0,0.0,20.92357139612096,20.92357139612096,0.0
2022-01-08 05:00:00,0.0,1.3104103435170176,0.0,5.582839113609891,1.3304103595170176,43.69026175265776,0.0,5.6,0.0,43.69026175265776,0.0,0.0,0.0,0.0,20.269341436681145,20.269341436681145,0.0
2022-01-08 06:00:00,0.0,0.9898327571361432,0.0,6.219588791907761,1.0098327731361432,41.35884238975563,0.0,5.6,0.0,41.35884238975563,0.0,0.0,0.0,0.0,19.172974057519017,19.172974057519017,0.0
2022-01-08 07:00:00,0.0,0.20503883006130122,0.0,4.908207913516911,1.3080491829867653,25.20661630536478,25.5705985379883,7.499081204312135,1.6040329957960442,23.602583309568736,1.604032995796043,0.0,6.363539542015614,99.99999999999993,11.550386757314469,10.830360405996561,0.720026351317907
2022-01-08 08:00:00,0.0,0.055275950775049994,0.0,2.5342225289185354,0.07527596677505,22.8326309207664,63.61612427285156,11.388003883526611,9.793927304358943,13.038703616407458,9.793927304358943,0.0,42.89443182586249,100.0,10.166653623682626,5.811538999616813,4.355114624065813
2022-01-08 09:00:00,0.0,0.0,0.0,0.0,1.1028781324834445,20.298408391847865,90.41079550078129,14.525337359399416,19.56305637169515,0.735352020152714,19.56305637169515,0.0,96.37729221938385,100.0,8.870865665806154,0.512745461563118,8.358120204243036
2022-01-08 10:00:00,0.0,0.0,0.0,0.0,0.020000016,20.298408391847865,108.09377671640621,17.777930522387695,27.639907143780874,0.0,20.298408391847865,7.34149875193301,100.0,73.43877201271681,8.454843345108983,0.0036010111631256747,8.451242333945858
2022-01-08 11:00:00,0.0,0.0,0.0,0.0,1.102951144788318,20.298408391847865,117.88333541015629,18.683854231567384,32.76573212331854,0.0,20.298408391847865,12.467323731470678,100.0,61.95011396495548,8.675709615014265,0.1985868103688005,8.477122804645465
2022-01-08 12:00:00,0.0,0.0,0.0,0.0,0.020000016,20.298408391847865,117.45959019609367,18.670612193627928,32.53215256551588,0.0,20.298408391847865,12.233744173668015,100.0,62.39491331220487,8.570950241110353,0.0036010111631256747,8.567349229947228
2022-01-08 13:00:00,0.0,0.0,0.0,0.0,1.1031149103512243,20.298408391847865,108.84810914999987,18.401503410937497,27.96404185367434,0.0,20.298408391847865,7.665633461826474,100.0,72.58753401265116,8.90318276710234,0.19861629642621972,8.70456647067612
2022-01-08 14:00:00,0.0,0.0,0.0,0.0,0.020000016,20.298408391847865,125.43702412967748,19.51990700405242,36.85836337687585,0.0,20.298408391847865,16.559954985027986,100.0,55.07137738129374,8.694466056174749,0.0036010111631256747,8.690865045011623
2022-01-08 15:00:00,0.0,0.0,0.0,0.0,1.1028982222667008,20.298408391847865,102.92744006102663,18.816482501907082,24.967156665136173,0.0,20.298408391847865,4.668748273288308,100.0,81.30044067129322,9.133733671654381,0.19857728164686725,8.935156390007513
2022-01-08 16:00:00,0.0,0.0,0.0,0.0,0.020000016,29.202915515447863,31.208941989319477,15.975279437166234,2.3190250366787333,26.88389047876913,2.3190250366787346,0.0,7.941073676195133,100.00000000000007,13.398394299788752,12.33470389596495,1.0636904038238022
2022-01-08 17:00:00,0.0,0.0,0.0,0.0,0.020000016,38.10742263904787,0.0,13.3,0.0,38.10742263904787,0.0,0.0,0.0,0.0,17.677442556927137,17.677442556927137,0.0
2022-01-08 18:00:00,0.0,0.0,0.0,0.0,1.102906805210621,38.10742263904787,0.0,13.3,0.0,38.10742263904787,0.0,0.0,0.0,0.0,18.409544494870865,18.409544494870865,0.0
2022-01-08 19:00:00,0.0,0.0,0.0,0.0,0.020000016,38.10742263904787,0.0,12.8,0.0,38.10742263904787,0.0,0.0,0.0,0.0,18.324697130451366,18.324697130451366,0.0
2022-01-08 20:00:00,0.0,0.0660216755746744,0.0,5.117989332525133,1.1689372103486622,43.225411971572996,0.0,11.7,0.0,43.225411971572996,0.0,0.0,0.0,0.0,21.17349567265258,21.17349567265258,0.0
2022-01-08 21:00:00,0.0,0.15304073221284661,0.0,5.2455235135634,0.1730407482128466,43.35294615261127,0.0,9.4,0.0,43.35294615261127,0.0,0.0,0.0,0.0,21.001192877123493,21.001192877123493,0.0
2022-01-08 22:00:00,0.0,0.5527003842872138,0.0,6.556904391954251,0.5727004002872138,44.66432703100212,0.0,9.4,0.0,44.66432703100212,0.0,0.0,0.0,0.0,21.498667521897026,21.498667521897026,0.0
2022-01-08 23:00:00,0.0,0.45340284094721406,0.0,5.2455235135634,1.556341267457657,43.35294615261127,0.0,9.4,0.0,43.35294615261127,0.0,0.0,0.0,0.0,20.42243220167622,20.42243220167622,0.0
2022-01-09 00:00:00,0.0,1.1016178151261993,0.0,6.556904391954251,1.1216178311261993,50.02516334311814,0.0,8.3,0.0,50.02516334311814,0.0,0.0,0.0,0.0,23.121226466440397,23.121226466440397,0.0
2022-01-09 01:00:00,0.0,0.7941414106168009,0.0,5.2455235135634,1.8971310962202015,48.71378246472728,0.0,7.8,0.0,48.71378246472728,0.0,0.0,0.0,0.0,22.74066355461295,22.74066355461295,0.0
2022-01-09 02:00:00,0.0,1.3079039547064502,0.0,6.556904391954251,1.3279039707064502,50.02516334311814,0.0,7.8,0.0,50.02516334311814,0.0,0.0,0.0,0.0,23.44626318633785,23.44626318633785,0.0
2022-01-09 03:00:00,0.0,0.9056478916210312,0.0,5.2455235135634,2.0085741031762985,48.71378246472728,0.0,7.8,0.0,48.71378246472728,0.0,0.0,0.0,0.0,23.316553172088263,23.316553172088263,0.0
2022-01-09 04:00:00,0.0,1.7959713825168664,0.0,6.556904391954251,1.8159713985168664,50.02516334311814,0.0,6.1,0.0,50.02516334311814,0.0,0.0,0.0,0.0,24.586169113937398,24.586169113937398,0.0
2022-01-09 05:00:00,0.0,0.9914452362806853,0.0,5.2455235135634,2.0945354911208693,52.921241819357384,0.0,7.2,0.0,52.921241819357384,0.0,0.0,0.0,0.0,25.504921417015048,25.504921417015048,0.0
2022-01-09 06:00:00,0.0,111.31663696635741,0.0,40.83459746264813,111.3366369823574,85.54214672724213,0.0,7.2,0.0,85.54214672724213,0.0,0.0,0.0,0.0,60.94476336671265,60.94476336671265,0.0
2022-01-09 07:00:00,0.0,96.83019081850726,0.0,40.83459746264811,97.9336910072559,98.76960946899328,20.825620818750004,8.450800650585938,1.0604464453467943,97.70916302364648,1.0604464453467983,0.0,1.0736566146692157,100.00000000000038,64.03051951786709,63.5323694979332,0.4981500199338882
2022-01-09 08:00:00,0.0,30.051642730384366,0.0,40.83459746264813,32.24012520454663,186.98067465638707,39.56755286601563,11.836486027062989,3.7828071101973615,183.1978675461897,3.7828071101973535,0.0,2.0231005782544043,99.99999999999979,90.57440655644842,88.85943312496934,1.7149734314790805
2022-01-09 09:00:00,0.0,15.50272539338469,0.0,40.83459746264813,17.691244104346737,178.6320965489585,52.576627118554704,14.443019597454835,6.617727663539301,172.01436888541917,6.617727663539313,0.0,3.704668864884292,100.00000000000017,80.9867391581474,78.10445405156949,2.8822851065779105
2022-01-09 10:00:00,0.0,7.6077832760579325,0.0,40.83459746264813,9.796581229242271,176.70550160109036,61.57812139101557,16.324316293469238,9.01689756897403,167.68860403211633,9.01689756897403,0.0,5.1027825886992035,100.0,75.98725739976763,72.19979974489577,3.787457654871858
2022-01-09 11:00:00,0.0,3.2192964841527822,0.0,40.83459746264813,5.408886221432062,178.6320965489585,67.359619200586,17.704988100018312,10.736150458726948,167.89594609023155,10.73615045872694,0.0,6.010202346689939,99.99999999999993,75.35895668850945,70.88826259523867,4.4706940932707795
2022-01-09 12:00:00,0.0,0.7251313683665972,0.0,40.83459746264813,2.91541977645967,178.08774760651295,67.32684902109371,18.803964031909178,10.68324006959393,167.40450753691903,10.683240069593921,0.0,5.998863039808146,99.99999999999993,74.57647930907558,70.13422783953739,4.442251469538192
2022-01-09 13:00:00,0.0,0.0,0.0,40.83459746264813,3.275217352593435,180.23759233884863,69.4869328441406,18.871466651379393,11.37697077172501,168.86062156712362,11.376970771725013,0.0,6.312207472421283,100.00000000000003,75.95154753733529,71.19455163340777,4.756995903927518
2022-01-09 14:00:00,0.0,0.0,0.0,40.83459746264813,2.1883600267260555,176.70550160109036,136.98052345688797,20.98064135802775,40.03708225093049,136.66841935015987,40.037082250930496,0.0,22.65751880284606,100.00000000000003,71.74946373058312,55.58208954683487,16.167374183748244
2022-01-09 15:00:00,0.0,0.0,0.0,40.83459746264813,1.1041658398689849,176.70550160109036,115.01402520428383,19.69418828763387,31.07615836357534,145.62934323751503,31.07615836357533,0.0,17.58641246707147,99.99999999999997,71.40758855192848,58.88451825457491,12.523070297353577
2022-01-09 16:00:00,0.0,0.0,0.0,40.83459746264813,2.189195222466737,188.49990114649253,32.0974931940343,15.403046662313573,2.4579807036971326,186.0419204427954,2.4579807036971317,0.0,1.3039692269052778,99.99999999999997,80.55469096843748,79.50942238428676,1.045268584150719
2022-01-09 17:00:00,0.0,0.936286442078246,0.0,40.83459746264813,3.124036046204497,180.35132106710464,0.0,13.3,0.0,180.35132106710464,0.0,0.0,0.0,0.0,78.33718768081049,78.33718768081049,0.0
2022-01-09 18:00:00,0.0,8.064075014998156,0.0,40.83459746264811,9.167675089549574,136.74485312545113,0.0,12.8,0.0,136.74485312545113,0.0,0.0,0.0,0.0,60.97261215497149,60.97261215497149,0.0
2022-01-09 19:00:00,0.0,10.404110554599228,0.0,40.83459746264813,11.507471454923463,134.17605986162698,0.0,12.2,0.0,134.17605986162698,0.0,0.0,0.0,0.0,59.893756237656014,59.893756237656014,0.0
2022-01-09 20:00:00,0.0,22.04436468547253,0.0,40.83459746264813,23.1478396870383,111.9853861309906,0.0,12.2,0.0,111.9853861309906,0.0,0.0,0.0,0.0,53.55333340530778,53.55333340530778,0.0
2022-01-09 21:00:00,0.0,26.46717663794337,0.0,40.83459746264813,26.48717665394337,110.70098949907849,0.0,12.2,0.0,110.70098949907849,0.0,0.0,0.0,0.0,54.32432507456737,54.32432507456737,0.0
2022-01-09 22:00:00,0.0,0.0,0.0,0.0,1.1030125701324662,47.675718305793986,0.0,10.6,0.0,47.675718305793986,0.0,0.0,0.0,0.0,21.902491871557107,21.902491871557107,0.0
2022-01-09 23:00:00,0.0,0.0,0.0,0.0,0.020000016,43.46825895116388,0.0,10.0,0.0,43.46825895116388,0.0,0.0,0.0,0.0,18.822097017595752,18.822097017595752,0.0
2022-01-10 00:00:00,0.0,0.0,0.0,0.0,1.1030038918691965,43.46825895116388,0.0,8.3,0.0,43.46825895116388,0.0,0.0,0.0,0.0,18.324642948843138,18.324642948843138,0.0
2022-01-10 01:00:00,0.0,0.06982825988097405,0.0,5.01145077125929,0.08982827588097406,48.47970972242317,0.0,8.3,0.0,48.47970972242317,0.0,0.0,0.0,0.0,19.553981433505452,19.553981433505452,0.0
2022-01-10 02:00:00,0.0,1.533415078073036,0.0,6.271929276897427,1.553415094073036,49.740188228061314,0.0,7.8,0.0,49.740188228061314,0.0,0.0,0.0,0.0,20.286688941954925,20.286688941954925,0.0
2022-01-10 03:00:00,0.0,2.9854222569175675,0.0,8.414864176574751,4.088452712935052,51.88312312773863,0.0,7.2,0.0,51.88312312773863,0.0,0.0,0.0,0.0,21.90132885278714,21.90132885278714,0.0
2022-01-10 04:00:00,0.0,1.9817651746436984,0.0,5.911304755531901,2.0017651906436984,49.379563706695784,0.0,6.1,0.0,49.379563706695784,0.0,0.0,0.0,0.0,21.25785001221195,21.25785001221195,0.0
2022-01-10 05:00:00,0.0,2.4212881535858486,0.0,5.891123149985753,3.524467439629843,53.56684145577972,0.0,6.1,0.0,53.56684145577972,0.0,0.0,0.0,0.0,23.94392504731881,23.94392504731881,0.0
2022-01-10 06:00:00,0.0,103.61385049259866,0.0,40.83459746264813,103.63385050859866,85.54214672724213,0.0,6.1,0.0,85.54214672724213,0.0,0.0,0.0,0.0,55.73798891016063,55.73798891016063,0.0
2022-01-10 07:00:00,0.0,97.20972175869753,0.0,40.83459746264813,98.3133115673933,98.76960946899328,25.076057370117184,9.083626792816162,1.5340943464059347,97.23551512258734,1.5340943464059364,0.0,1.553204831580846,100.00000000000011,61.083434179838406,60.40962159053825,0.6738125893001552
2022-01-10 08:00:00,0.0,17.73265392667328,0.0,40.83459746264813,19.920961724655903,186.98067465638707,73.3588978675781,12.892465558361815,12.954490959638555,174.02618369674852,12.954490959638548,0.0,6.9282512663113,99.99999999999994,80.71817551061856,75.37431844485806,5.343857065760503
2022-01-10 09:00:00,0.0,1.9574346668208515,0.0,40.83459746264813,4.14637982337154,178.6320965489585,97.74417084609378,16.35450533894043,22.716373193532803,155.91572335542568,22.716373193532803,0.0,12.7168485576761,100.0,68.90274068205244,60.23542207192596,8.667318610126479
2022-01-10 10:00:00,0.0,0.06261319121614052,0.0,40.83459746264813,2.251606062593002,176.70550160109036,145.46552145468732,19.545797545458978,42.739515518432704,133.96598608265765,42.73951551843271,0.0,24.18686183009538,100.00000000000003,65.77230175627119,49.962100175692576,15.810201580578614
2022-01-10 11:00:00,0.0,0.0,0.0,40.83459746264813,2.1897323330159226,178.6320965489585,147.14099134453136,19.598155979516605,43.2235792155751,135.40851733338337,43.223579215575114,0.0,24.196983661180195,100.00000000000003,64.25434356913252,48.8021301174605,15.452213451672016
2022-01-10 12:00:00,0.0,0.0,0.0,40.83459746264813,3.2755696512053096,178.08774760651295,158.97727789453123,19.9680399342041,46.637901203140174,131.44984640337276,46.63790120314019,0.0,26.188158270263038,100.00000000000003,60.392523757170245,44.73128334364975,15.661240413520495
2022-01-10 13:00:00,0.0,0.0,0.0,40.83459746264813,2.1901977125650163,180.23759233884863,151.45236531562466,20.33288641611327,44.371495660057086,135.86609667879154,44.37149566005709,0.0,24.61833576684613,100.00000000000003,63.58744825506687,48.030358161694245,15.557090093372622
2022-01-10 14:00:00,0.0,0.0,0.0,40.83459746264813,2.1884776268951263,176.70550160109036,117.86071467334767,19.283147333542114,32.682190594503474,144.02331100658688,32.68219059450348,0.0,18.495287525502725,100.00000000000003,64.10785548780312,52.32380143609596,11.784054051707159
2022-01-10 15:00:00,0.0,0.0,0.0,40.83459746264813,2.188256825502633,176.70550160109036,110.29102708551132,18.44659459642223,28.70567687814198,147.99982472294838,28.705676878141986,0.0,16.244925380390566,100.00000000000003,66.6435396803966,55.88135083362799,10.762188846768609
2022-01-10 16:00:00,0.0,0.0,0.0,40.83459746264813,2.1892522729120354,188.49990114649253,36.865667658484185,15.052052114327632,3.246570015121536,185.253331131371,3.2465700151215344,0.0,1.7223192136310275,99.99999999999994,78.14944250176454,76.81024860337698,1.3391938983875633
2022-01-10 17:00:00,0.0,0.0,0.0,40.83459746264813,1.1038425031353305,180.35132106710464,0.0,12.2,0.0,180.35132106710464,0.0,0.0,0.0,0.0,77.68488888307914,77.68488888307914,0.0
2022-01-10 18:00:00,0.0,0.13414967490722537,0.0,40.83459746264813,1.2377725700639117,136.74485312545113,0.0,12.2,0.0,136.74485312545113,0.0,0.0,0.0,0.0,59.25903317940676,59.25903317940676,0.0
2022-01-10 19:00:00,0.0,0.5237260296722757,0.0,40.83459746264813,1.6270690719580512,134.17605986162698,0.0,11.7,0.0,134.17605986162698,0.0,0.0,0.0,0.0,59.38677474445907,59.38677474445907,0.0
2022-01-10 20:00:00,0.0,3.647716941699348,0.0,40.83459746264811,4.751193496897061,111.9853861309906,0.0,11.7,0.0,111.9853861309906,0.0,0.0,0.0,0.0,50.84909028711946,50.84909028711946,0.0
2022-01-10 21:00:00,0.0,5.833969265301114,0.0,40.83459746264811,6.937008823035221,110.70098949907849,0.0,11.1,0.0,110.70098949907849,0.0,0.0,0.0,0.0,50.771652468673764,50.771652468673764,0.0
2022-01-10 22:00:00,0.0,0.0,0.0,0.0,0.020000016,47.675718305793986,0.0,10.0,0.0,47.675718305793986,0.0,0.0,0.0,0.0,22.162559743921584,22.162559743921584,0.0
2022-01-10 23:00:00,0.0,0.0,0.0,0.0,0.020000016,43.46825895116388,0.0,9.4,0.0,43.46825895116388,0.0,0.0,0.0,0.0,18.735595182282932,18.735595182282932,0.0
2022-01-11 00:00:00,0.0,0.0,0.0,0.0,1.1029684318813298,43.46825895116388,0.0,8.3,0.0,43.46825895116388,0.0,0.0,0.0,0.0,18.48633848755597,18.48633848755597,0.0
2022-01-11 01:00:00,0.0,0.0,0.0,0.0,0.020000016,43.46825895116388,0.0,7.2,0.0,43.46825895116388,0.0,0.0,0.0,0.0,18.031844069863592,18.031844069863592,0.0
2022-01-11 02:00:00,0.0,0.0,0.0,0.0,1.10289205140536,43.46825895116388,0.0,6.1,0.0,43.46825895116388,0.0,0.0,0.0,0.0,18.10163064350184,18.10163064350184,0.0
2022-01-11 03:00:00,0.0,0.0,0.0,0.0,0.020000016,43.46825895116388,0.0,6.1,0.0,43.46825895116388,0.0,0.0,0.0,0.0,18.330253667563333,18.330253667563333,0.0
2022-01-11 04:00:00,0.0,0.0,0.0,0.0,1.102987489207226,43.46825895116388,0.0,7.2,0.0,43.46825895116388,0.0,0.0,0.0,0.0,19.13880048569236,19.13880048569236,0.0
2022-01-11 05:00:00,0.0,0.0,0.0,0.0,0.020000016,47.675718305793986,0.0,6.1,0.0,47.675718305793986,0.0,0.0,0.0,0.0,20.74754442460562,20.74754442460562,0.0
2022-01-11 06:00:00,0.0,46.98079285411856,0.0,40.83459746264813,48.083723186455856,85.54214672724213,0.0,6.1,0.0,85.54214672724213,0.0,0.0,0.0,0.0,46.16601476891933,46.16601476891933,0.0
2022-01-11 07:00:00,0.0,50.29821431976174,0.0,40.83459746264813,51.401742761566815,98.76960946899328,25.80284086875001,8.006338777148438,1.6304232011519637,97.13918626784131,1.6304232011519701,0.0,1.650733671943705,100.0000000000004,51.89275778217147,51.18892039046618,0.7038373917052922
2022-01-11 08:00:00,0.0,34.6369925450455,0.0,40.83459746264811,36.82541963382174,186.98067465638707,51.39291602285156,13.306028625714111,6.3486992508166225,180.63197540557044,6.3486992508166225,0.0,3.3953772294829814,100.0,83.28783414731564,80.68502617196208,2.6028079753535565
2022-01-11 09:00:00,0.0,11.658130646013813,0.0,40.83459746264813,12.762521743952702,178.6320965489585,66.65674350585935,16.483023234558104,10.559546991206581,168.0725495577519,10.559546991206588,0.0,5.911337993120674,100.00000000000007,69.07682713854243,65.12929888908471,3.9475282494577186
2022-01-11 10:00:00,0.0,7.714421143006151,0.0,40.83459746264813,9.90321826456582,176.70550160109036,98.61515687460941,20.281723652331543,22.797443304881547,153.90805829620882,22.79744330488154,0.0,12.901377205756942,99.99999999999997,65.93512737838358,57.65862957376286,8.276497804620725
2022-01-11 11:00:00,0.0,6.623990137682682,0.0,40.83459746264813,8.813448323477424,178.6320965489585,108.19943821757808,21.681232444299315,27.30441666453559,151.3276798844229,27.30441666453558,0.0,15.285280300705722,99.99999999999996,67.38510462375778,57.32765926745942,10.057445356298366
2022-01-11 12:00:00,0.0,7.212323833637024,0.0,40.83459746264813,10.48797045831001,178.08774760651295,120.00728272499994,24.35022758515625,33.26140105008888,144.82634655642408,33.261401050088864,0.0,18.676973288235605,99.99999999999996,68.23584423379903,55.844142965583174,12.391701268215854
2022-01-11 13:00:00,0.0,1.260771020047413,0.0,40.83459746264813,4.535866518743497,180.23759233884863,125.82127591171884,23.931914872241215,36.379731138013305,143.85786120083532,36.37973113801331,0.0,20.18431930094751,100.00000000000003,66.87376223726247,53.5405907751806,13.333171462081872
2022-01-11 14:00:00,0.0,4.4000439411959364,0.0,40.83459746264813,5.504260565224995,176.70550160109036,150.83837983864044,21.913699369957513,43.93752491794856,132.7679766831418,43.937524917948565,0.0,24.86483132660848,100.00000000000003,66.61063241373577,50.29443253545557,16.3161998782802
2022-01-11 15:00:00,0.0,2.673069214123655,0.0,40.83459746264811,4.86136750740887,176.70550160109036,116.38646928863037,20.337077165269697,31.747999298752205,144.95750230233816,31.747999298752205,0.0,17.966616212336596,100.0,68.89807407421854,56.67668174416388,12.221392330054663
2022-01-11 16:00:00,0.0,1.3220172599037727,0.0,40.83459746264813,3.5113533176346556,185.53173210529255,38.240469792137226,16.79501468100429,3.471500627615223,182.06023147767732,3.471500627615228,0.0,1.8711088330944325,100.00000000000013,78.00730183479928,76.55952985555548,1.4477719792437966
2022-01-11 17:00:00,0.0,7.362591790873142,0.0,40.83459746264813,8.466426965134628,180.35132106710464,0.0,15.0,0.0,180.35132106710464,0.0,0.0,0.0,0.0,83.39396412296178,83.39396412296178,0.0
2022-01-11 18:00:00,0.0,19.543522965664692,0.0,40.83459746264813,21.730948616765406,136.74485312545113,0.0,15.0,0.0,136.74485312545113,0.0,0.0,0.0,0.0,66.04952755778609,66.04952755778609,0.0
2022-01-11 19:00:00,0.0,28.122783005037217,0.0,40.83459746264811,28.142783021037218,134.17605986162698,0.0,15.0,0.0,134.17605986162698,0.0,0.0,0.0,0.0,66.37618676988636,66.37618676988636,0.0
2022-01-11 20:00:00,0.0,45.323347949315554,0.0,40.83459746264811,46.426808809482566,111.9853861309906,0.0,14.4,0.0,111.9853861309906,0.0,0.0,0.0,0.0,59.45809784380049,59.45809784380049,0.0
2022-01-11 21:00:00,0.0,55.90824774956167,0.0,40.83459746264813,57.01133514988708,110.70098949907849,0.0,13.3,0.0,110.70098949907849,0.0,0.0,0.0,0.0,60.99032191130827,60.99032191130827,0.0
2022-01-11 22:00:00,0.0,0.0,0.0,0.0,0.020000016,47.675718305793986,0.0,13.3,0.0,47.675718305793986,0.0,0.0,0.0,0.0,21.671976602554963,21.671976602554963,0.0
2022-01-11 23:00:00,0.0,0.02618348786184531,0.0,2.454826225184094,1.1291858476510557,45.92308517634798,0.0,11.7,0.0,45.92308517634798,0.0,0.0,0.0,0.0,20.938731413733965,20.938731413733965,0.0
2022-01-12 00:00:00,0.0,0.8161763363441338,0.0,5.582839113609891,0.8361763523441338,49.05109806477377,0.0,11.1,0.0,49.05109806477377,0.0,0.0,0.0,0.0,22.241942189436017,22.241942189436017,0.0
2022-01-12 01:00:00,0.0,2.1928316416610647,0.0,6.219588791907761,3.2958781382765845,49.68784774307164,0.0,8.9,0.0,49.68784774307164,0.0,0.0,0.0,0.0,22.862772264400977,22.862772264400977,0.0
2022-01-12 02:00:00,0.0,2.5041086145640294,0.0,5.582839113609891,2.5241086305640295,49.05109806477377,0.0,9.4,0.0,49.05109806477377,0.0,0.0,0.0,0.0,22.682707658729907,22.682707658729907,0.0
2022-01-12 03:00:00,0.0,3.8476784073771797,0.0,6.219588791907763,4.950438489301066,49.68784774307164,0.0,9.4,0.0,49.68784774307164,0.0,0.0,0.0,0.0,23.460294262673496,23.460294262673496,0.0
2022-01-12 04:00:00,0.0,3.810299755134896,0.0,5.582839113609891,3.830299771134896,49.05109806477377,0.0,7.8,0.0,49.05109806477377,0.0,0.0,0.0,0.0,23.1082061749956,23.1082061749956,0.0
2022-01-12 05:00:00,0.0,5.605948983903002,0.0,8.177745713575218,6.7090114621295776,55.8534640193692,0.0,8.3,0.0,55.8534640193692,0.0,0.0,0.0,0.0,27.097157934323114,27.097157934323114,0.0
2022-01-12 06:00:00,0.0,107.7572058121976,0.0,40.83459746264813,107.77720582819761,85.54214672724213,0.0,8.9,0.0,85.54214672724213,0.0,0.0,0.0,0.0,60.23331404233899,60.23331404233899,0.0
2022-01-12 07:00:00,0.0,78.87786931575974,0.0,40.83459746264813,79.98139560920794,98.76960946899328,20.747233450195324,9.548351045318604,1.0484510160102225,97.72115845298306,1.048451016010219,0.0,1.0615117561433296,99.99999999999966,58.84009378939386,58.36836422376038,0.47172956563348123
2022-01-12 08:00:00,0.0,16.708558004924953,0.0,40.83459746264813,18.89721855375794,186.98067465638707,84.4437374085937,14.338866794018553,17.0773068019303,169.90336785445677,17.07730680193029,0.0,9.133193488211083,99.99999999999996,85.98153208486383,78.43942492232533,7.5421071625385
2022-01-12 09:00:00,0.0,7.371556837587675,0.0,40.83459746264811,9.560349415673231,178.6320965489585,154.1303141554683,17.616572317358386,45.60219396289911,133.0299025860594,45.60219396289909,0.0,25.528555530557018,99.99999999999997,75.98853217209741,57.02919202105229,18.95934015104512
2022-01-12 10:00:00,0.0,1.9272832763103396,0.0,40.83459746264813,4.1160803630002745,176.70550160109036,143.62571976328147,20.088303742602545,42.115930453763305,134.58957114732706,42.1159304537633,0.0,23.833966725517854,99.99999999999997,69.78524261448678,53.32928510828785,16.455957506198928
2022-01-12 11:00:00,0.0,0.0679948865769261,0.0,40.83459746264813,2.2575958288015823,178.6320965489585,104.22895655390626,19.357154892309573,25.55249569469246,153.07960085426603,25.552495694692453,0.0,14.304537755726987,99.99999999999997,70.14802419852654,60.171818829404714,9.976205369121828
2022-01-12 12:00:00,0.0,0.0,0.0,40.83459746264813,2.1903021331708703,178.08774760651295,151.02559727578117,21.91954991486816,43.99111770840767,134.09662989810528,43.99111770840767,0.0,24.701933905979082,100.0,70.736353794475,53.360522166419585,17.37583162805541
2022-01-12 13:00:00,0.0,0.0,0.0,40.83459746264813,3.2754458282093633,180.23759233884863,117.11196523124994,21.459748913476563,32.01377355429916,148.22381878454945,32.01377355429918,0.0,17.761984688584242,100.00000000000004,71.17799604137014,58.64012176656441,12.537874274805723
2022-01-12 14:00:00,0.0,0.0,0.0,40.83459746264813,2.188488041883172,176.70550160109036,125.90811034897298,20.634628448405405,36.847227564343584,139.85827403674676,36.8472275643436,0.0,20.852337494010563,100.00000000000004,71.22467144000993,56.454828743118455,14.769842696891473
2022-01-12 15:00:00,0.0,0.0,0.0,40.83459746264813,1.1041148146967739,176.70550160109036,117.5272285221747,19.77272589131796,32.43985623223117,144.2656453688592,32.439856232231165,0.0,18.358147277985484,99.99999999999997,71.44203693763731,58.36309790120751,13.078939036429801
2022-01-12 16:00:00,0.0,0.0,0.0,40.83459746264813,2.189231819794233,185.53173210529255,43.09496019931569,16.946717506228616,4.4064325451157735,181.12529956017679,4.406432545115763,0.0,2.375029055738581,99.99999999999976,80.42421239802825,78.52347568752982,1.9007367104984212
2022-01-12 17:00:00,0.0,0.0,0.0,40.83459746264813,2.1877643340276154,180.35132106710464,0.0,14.4,0.0,180.35132106710464,0.0,0.0,0.0,0.0,78.87739226310171,78.87739226310171,0.0
2022-01-12 18:00:00,0.0,5.05407974659099,0.0,40.83459746264813,6.157718546092469,136.74485312545113,0.0,14.4,0.0,136.74485312545113,0.0,0.0,0.0,0.0,59.473454260972844,59.473454260972844,0.0
2022-01-12 19:00:00,0.0,12.29397101697817,0.0,40.83459746264811,13.397303011965947,134.17605986162698,0.0,13.9,0.0,134.17605986162698,0.0,0.0,0.0,0.0,59.123043416456625,59.123043416456625,0.0
2022-01-12 20:00:00,0.0,27.145210081146832,0.0,40.83459746264813,28.248673923042936,111.9853861309906,0.0,13.3,0.0,111.9853861309906,0.0,0.0,0.0,0.0,52.55847039978927,52.55847039978927,0.0
2022-01-12 21:00:00,0.0,35.507816280538464,0.0,40.83459746264811,35.52781629653846,110.70098949907849,0.0,12.2,0.0,110.70098949907849,0.0,0.0,0.0,0.0,52.8425051910606,52.8425051910606,0.0
2022-01-12 22:00:00,0.0,0.0,0.0,0.0,1.102982343251315,47.675718305793986,0.0,12.2,0.0,47.675718305793986,0.0,0.0,0.0,0.0,20.71917510084483,20.71917510084483,0.0
2022-01-12 23:00:00,0.0,0.0,0.0,0.0,0.020000016,43.46825895116388,0.0,12.2,0.0,43.46825895116388,0.0,0.0,0.0,0.0,19.136155188517908,19.136155188517908,0.0
2022-01-13 00:00:00,0.0,0.14395109388432067,0.0,2.92219583503308,1.2468660078645777,46.39045478619697,0.0,11.7,0.0,46.39045478619697,0.0,0.0,0.0,0.0,20.882632161904493,20.882632161904493,0.0
2022-01-13 01:00:00,0.0,0.9724609236652673,0.0,5.133084980214571,0.9924609396652673,48.60134393137846,0.0,11.1,0.0,48.60134393137846,0.0,0.0,0.0,0.0,21.196344186305254,21.196344186305254,0.0
2022-01-13 02:00:00,0.0,2.775723183719643,0.0,6.556904391954251,3.8787234205287695,50.02516334311814,0.0,10.0,0.0,50.02516334311814,0.0,0.0,0.0,0.0,22.168165361706894,22.168165361706894,0.0
2022-01-13 03:00:00,0.0,6.684743361709869,0.0,9.311132955462197,6.704743377709869,52.77939190662608,0.0,9.4,0.0,52.77939190662608,0.0,0.0,0.0,0.0,23.970415757106615,23.970415757106615,0.0
2022-01-13 04:00:00,0.0,8.309232472583597,0.0,11.104104762710156,8.329232488583596,54.57236371387405,0.0,9.4,0.0,54.57236371387405,0.0,0.0,0.0,0.0,25.038925123179954,25.038925123179954,0.0
2022-01-13 05:00:00,0.0,10.558840582531388,0.0,14.060484384369131,11.66195049087581,61.73620269016311,0.0,9.4,0.0,61.73620269016311,0.0,0.0,0.0,0.0,28.93708368672273,28.93708368672273,0.0
2022-01-13 06:00:00,0.0,122.50856479338118,0.0,40.83459746264813,122.52856480938118,85.54214672724213,0.0,8.3,0.0,85.54214672724213,0.0,0.0,0.0,0.0,59.08353222777915,59.08353222777915,0.0
2022-01-13 07:00:00,0.0,92.89331462943373,0.0,40.83459746264813,95.08030055431638,98.76960946899328,25.613089850390615,9.700409057824707,1.597057362694896,97.17255210629838,1.5970573626948976,0.0,1.6169521893232366,100.00000000000009,59.65240441470647,58.964663602609164,0.687740812097303
2022-01-13 08:00:00,0.0,23.04322194313278,0.0,40.83459746264813,24.147562962533613,186.98067465638707,65.21416860234376,13.137942768823242,10.228712556172649,176.75196210021443,10.228712556172638,0.0,5.470465102861493,99.9999999999999,77.9153251548507,73.8908381996246,4.024486955226109
2022-01-13 09:00:00,0.0,7.672795387934921,0.0,40.83459746264813,9.861721185846088,178.6320965489585,92.40077667304699,16.78752427103272,20.2690659091653,158.36303063979318,20.269065909165306,0.0,11.346821932199667,100.00000000000004,66.69676299267839,59.33027502398088,7.3664879686975056
2022-01-13 10:00:00,0.0,1.9586147193831454,0.0,40.83459746264813,4.147646153131599,176.70550160109036,110.88233349960949,19.065072921862797,28.949479472592337,147.75602212849802,28.949479472592344,0.0,16.38289652007853,100.00000000000003,64.03386080590829,53.66560473279934,10.368256073108952
2022-01-13 11:00:00,0.0,0.15584350770552122,0.0,40.83459746264813,2.345589170313936,178.6320965489585,135.72377836875017,19.841368074023443,39.834526961870445,138.79756958708805,39.83452696187044,0.0,22.29975896350341,99.99999999999997,63.86083390937529,49.71419917677143,14.146634732603857
2022-01-13 12:00:00,0.0,0.0,0.0,40.83459746264811,3.275493051726618,178.08774760651295,130.34177446640612,20.173180452075194,38.20883860758444,139.87890899892852,38.208838607584426,0.0,21.455063091711015,99.99999999999997,64.82867575828061,51.04617453994581,13.7825012183348
2022-01-13 13:00:00,0.0,0.0,0.0,40.83459746264813,2.190044617502206,180.23759233884863,120.6084128519532,20.469012901623536,34.07674615638062,146.160846182468,34.076746156380636,0.0,18.906569775031162,100.00000000000004,65.86292029351537,53.485053403402446,12.377866890112927
2022-01-13 14:00:00,0.0,0.0,0.0,40.83459746264813,2.1884520537384686,176.70550160109036,133.93065478804888,20.885332962126526,39.159259480895756,137.54624212019462,39.15925948089574,0.0,22.160747190145273,99.99999999999997,67.99095428102963,53.01097115920777,14.97998312182186
2022-01-13 15:00:00,0.0,0.0,0.0,40.83459746264813,2.188383528187956,176.70550160109036,109.77787168136918,19.53055849004279,28.327818384403805,148.37768321668656,28.3278183844038,0.0,16.031090219450757,99.99999999999997,74.46808210416384,62.59320227651369,11.874879827650147
2022-01-13 16:00:00,0.0,0.0,0.0,40.83459746264813,2.189438723694506,185.53173210529255,34.042812998521725,16.063837906203805,2.758420657318233,182.77331144797432,2.7584206573182257,0.0,1.486764892462047,99.99999999999974,83.82040800734853,82.58005657457882,1.2403514327697138
2022-01-13 17:00:00,0.0,0.2557580718277359,0.0,40.83459746264813,1.3596000221049558,180.35132106710464,0.0,13.9,0.0,180.35132106710464,0.0,0.0,0.0,0.0,82.02780835470666,82.02780835470666,0.0
2022-01-13 18:00:00,0.0,4.667224960750423,0.0,40.83459746264811,5.770865831030309,136.74485312545113,0.0,13.3,0.0,136.74485312545113,0.0,0.0,0.0,0.0,62.00537210013573,62.00537210013573,0.0
2022-01-13 19:00:00,0.0,9.491343242485721,0.0,40.83459746264813,10.594701903139638,134.17605986162698,0.0,13.3,0.0,134.17605986162698,0.0,0.0,0.0,0.0,61.222791248124814,61.222791248124814,0.0
2022-01-13 20:00:00,0.0,27.737656976327806,0.0,40.83459746264811,28.841072369618626,111.9853861309906,0.0,13.3,0.0,111.9853861309906,0.0,0.0,0.0,0.0,54.7206237478512,54.7206237478512,0.0
2022-01-13 21:00:00,0.0,38.04872128984779,0.0,40.83459746264813,39.1518414928448,110.70098949907849,0.0,12.8,0.0,110.70098949907849,0.0,0.0,0.0,0.0,56.85201993498176,56.85201993498176,0.0
2022-01-13 22:00:00,0.0,0.0,0.0,0.0,0.020000016,47.675718305793986,0.0,12.2,0.0,47.675718305793986,0.0,0.0,0.0,0.0,21.922512502251912,21.922512502251912,0.0
2022-01-13 23:00:00,0.0,0.0,0.0,0.0,1.102992471902995,43.46825895116388,0.0,11.1,0.0,43.46825895116388,0.0,0.0,0.0,0.0,20.567168371964044,20.567168371964044,0.0
2022-01-14 00:00:00,0.0,0.17585424572174482,0.0,0.9189825932140652,0.19585426172174478,39.026405232261936,0.0,10.6,0.0,39.026405232261936,0.0,0.0,0.0,0.0,18.6721283275699,18.6721283275699,0.0
2022-01-14 01:00:00,0.0,0.9165029030910401,0.0,5.492026722658487,0.9365029190910401,43.599449361706355,0.0,10.0,0.0,43.599449361706355,0.0,0.0,0.0,0.0,20.90647783005196,20.90647783005196,0.0
2022-01-14 02:00:00,0.0,2.278189164102117,0.0,5.523331449417355,3.381233446637536,43.63075408846521,0.0,10.0,0.0,43.63075408846521,0.0,0.0,0.0,0.0,20.41322807058504,20.41322807058504,0.0
2022-01-14 03:00:00,0.0,1.6453294378301986,0.0,6.279096456100296,1.6653294538301986,44.38651909514816,0.0,8.9,0.0,44.38651909514816,0.0,0.0,0.0,0.0,20.48971726601619,20.48971726601619,0.0
2022-01-14 04:00:00,0.0,3.576378573911278,0.0,5.523331449417355,4.679395423975167,43.63075408846521,0.0,9.4,0.0,43.63075408846521,0.0,0.0,0.0,0.0,20.562973470573972,20.562973470573972,0.0
2022-01-14 05:00:00,0.0,3.653120385209222,0.0,7.1309646451492075,3.673120401209222,45.23838728419707,0.0,10.0,0.0,45.23838728419707,0.0,0.0,0.0,0.0,21.10480025500055,21.10480025500055,0.0
2022-01-14 06:00:00,0.0,92.58488752794435,0.0,40.83459746264813,93.6880016253346,85.54214672724213,0.0,10.0,0.0,85.54214672724213,0.0,0.0,0.0,0.0,56.36978829530976,56.36978829530976,0.0
2022-01-14 07:00:00,0.0,70.75982937289591,0.0,40.83459746264813,71.86297257278903,75.83888804889047,21.559446127441415,10.673732691482545,1.1276881318113905,74.71119991707907,1.1276881318113965,0.0,1.4869523549506931,100.00000000000054,48.81075201845919,48.277355532112395,0.5333964863467955
2022-01-14 08:00:00,0.0,28.481691675046253,0.0,40.83459746264811,28.501691691046254,114.21720088209123,44.77354586718747,12.499173308349608,4.832392430051398,109.38480845203983,4.832392430051399,0.0,4.230879756053536,100.00000000000004,55.563775355461054,53.43005663993401,2.1337187155270456
2022-01-14 09:00:00,0.0,15.906922505939232,0.0,40.83459746264813,18.094175903617028,116.46489498793738,59.70067177851559,15.765645993078612,8.492423283845737,107.97247170409165,8.492423283845739,0.0,7.2918309716634555,100.00000000000003,53.07688734457323,49.44416836067538,3.6327189838978526
2022-01-14 10:00:00,0.0,7.223873418152633,0.0,40.83459746264813,8.327398195520093,115.50159751400331,70.56058560117182,18.305018300036622,11.755303267585326,103.74629424641799,11.755303267585319,0.0,10.17761097733745,99.99999999999994,49.45214973350058,44.57170047589719,4.880449257603395
2022-01-14 11:00:00,0.0,3.3567936924877264,0.0,40.83459746264813,4.460505174918554,117.74929161984949,76.66655627812501,20.695829883691406,13.758028916421072,103.99126270342842,13.758028916421068,0.0,11.684171282183595,99.99999999999997,49.643166981991605,43.93661174803847,5.706555233953132
2022-01-14 12:00:00,0.0,1.4055472021551292,0.0,40.83459746264813,2.5091397542630958,116.46489498793738,77.09607234140626,22.409252260668946,13.825797792984337,102.63909719495305,13.825797792984332,0.0,11.871214750518867,99.99999999999997,49.88063773366037,44.01283089233989,5.86780684132048
2022-01-14 13:00:00,0.0,0.34545862617257506,0.0,40.83459746264813,1.4489883299968287,113.89610172411322,72.05317453125,22.851661704101563,12.056665409517343,101.83943631459587,12.05666540951735,0.0,10.58566994568595,100.00000000000007,50.24932051506978,44.957710350159665,5.291610164910118
2022-01-14 14:00:00,0.0,2.815538221545207,0.0,40.83459746264813,3.918919917931044,74.79713598363837,116.24772731024616,23.032741478445192,31.361811104462042,43.43532487917633,31.361811104462042,0.0,41.92916037764111,100.0,33.706473535771906,19.869485667427732,13.836987868344174
2022-01-14 15:00:00,0.0,2.6811507315070213,0.0,40.83459746264813,3.784409730346851,73.51273935172627,115.6707259886683,21.414710187145886,31.235803665601146,42.27693568612512,31.235803665601146,0.0,42.49032744671845,100.0,32.86452669992563,19.189804213162105,13.674722486763521
2022-01-14 16:00:00,0.0,5.147701858728884,0.0,40.83459746264813,5.167701874728884,79.77017659210429,48.108654345334514,17.603395448291707,5.47841199795717,74.29176459414712,5.478411997957167,0.0,6.867744603312592,99.99999999999996,36.85853554877353,34.391086176953614,2.4674493718199173
2022-01-14 17:00:00,0.0,9.980966221946389,0.0,40.83459746264813,11.084015295334,80.86861504956414,0.0,13.9,0.0,80.86861504956414,0.0,0.0,0.0,0.0,39.30926921401183,39.30926921401183,0.0
2022-01-14 18:00:00,0.0,0.0,0.0,0.0,1.1030691259986056,38.10742263904787,0.0,13.9,0.0,38.10742263904787,0.0,0.0,0.0,0.0,17.565113235114662,17.565113235114662,0.0
2022-01-14 19:00:00,0.0,0.0,0.0,0.0,0.020000016,38.10742263904787,0.0,13.9,0.0,38.10742263904787,0.0,0.0,0.0,0.0,17.682396521870213,17.682396521870213,0.0
2022-01-14 20:00:00,0.0,0.0,0.0,0.0,1.1029630876994596,38.10742263904787,0.0,13.9,0.0,38.10742263904787,0.0,0.0,0.0,0.0,17.977035381603095,17.977035381603095,0.0
2022-01-14 21:00:00,0.0,0.0,0.0,0.0,0.020000016,38.10742263904787,0.0,13.3,0.0,38.10742263904787,0.0,0.0,0.0,0.0,18.096624205956665,18.096624205956665,0.0
2022-01-14 22:00:00,0.0,0.02757266041663454,0.0,1.1417078439377244,1.1304610531058135,39.249130482985585,0.0,12.2,0.0,39.249130482985585,0.0,0.0,0.0,0.0,19.088847849599414,19.088847849599414,0.0
2022-01-14 23:00:00,0.0,0.8260971191044062,0.0,4.010558496696029,0.8460971351044062,42.11798113574389,0.0,11.7,0.0,42.11798113574389,0.0,0.0,0.0,0.0,19.5647282349279,19.5647282349279,0.0
2022-01-15 00:00:00,0.0,2.2173933919307913,0.0,6.472401428591764,2.2373934079307913,44.57982406763963,0.0,11.7,0.0,44.57982406763963,0.0,0.0,0.0,0.0,20.651891297641512,20.651891297641512,0.0
2022-01-15 01:00:00,0.0,2.835016834024619,0.0,7.801530121404981,3.9380145149230463,45.908952760452834,0.0,10.0,0.0,45.908952760452834,0.0,0.0,0.0,0.0,21.76105052203978,21.76105052203978,0.0
2022-01-15 02:00:00,0.0,2.5108140321945083,0.0,5.911304755531901,2.5308140481945083,44.01872739457977,0.0,9.4,0.0,44.01872739457977,0.0,0.0,0.0,0.0,21.002735690669834,21.002735690669834,0.0
2022-01-15 03:00:00,0.0,3.239521171865052,0.0,6.288661638208577,4.342462162683207,44.39608427725644,0.0,8.9,0.0,44.39608427725644,0.0,0.0,0.0,0.0,20.898171857541634,20.898171857541634,0.0
2022-01-15 04:00:00,0.0,4.186427694553722,0.0,8.461009382205004,4.206427710553722,46.56843202125286,0.0,9.4,0.0,46.56843202125286,0.0,0.0,0.0,0.0,21.3562164293549,21.3562164293549,0.0
2022-01-15 05:00:00,0.0,4.826664899456702,0.0,9.008975444629506,5.929815122341452,47.11639808367737,0.0,8.3,0.0,47.11639808367737,0.0,0.0,0.0,0.0,22.841802296808858,22.841802296808858,0.0
2022-01-15 06:00:00,0.0,4.511531291736525,0.0,8.51306512130361,4.531531307736525,43.65231871915147,0.0,8.3,0.0,43.65231871915147,0.0,0.0,0.0,0.0,21.190623850701314,21.190623850701314,0.0
2022-01-15 07:00:00,0.0,4.955095682509494,0.0,7.449097343744129,4.975095698509494,27.747505735591993,20.071906690429675,10.027247084075928,0.9796625091866243,26.76784322640537,0.9796625091866247,0.0,3.53063269369831,100.00000000000004,13.51644354955979,13.070853853881346,0.44558969567844464
2022-01-15 08:00:00,0.0,2.92084087581502,0.0,5.911304755531901,4.0238374394706655,26.209713147379766,42.333026252343764,13.522907070385742,4.304301564511768,21.905411582868,4.304301564511768,0.0,16.422543582633896,100.0,12.135940604549644,10.261890746376865,1.8740498581727785
2022-01-15 09:00:00,0.0,0.60253931673413,0.0,4.291639840765188,0.62253933273413,24.590048232613054,48.729600407812484,17.12280001274414,5.63047472670404,18.959573505909013,5.6304747267040405,0.0,22.89737162547127,100.00000000000003,10.281548811741702,7.9530096837659805,2.3285391279757217
2022-01-15 10:00:00,0.0,0.11823972324354408,0.0,4.562042355345939,1.2211937875692516,24.860450747193802,57.968867408203124,19.611527106506347,7.896699304624983,16.96375144256882,7.896699304624981,0.0,31.76410349485053,99.99999999999997,10.476304007429947,7.218441742313864,3.257862265116083
2022-01-15 11:00:00,0.0,0.039470293304192765,0.0,2.61391179865722,0.05947030930419277,22.912320190505085,63.67122214277345,21.38972569196167,9.46524268657366,13.447077503931425,9.46524268657366,0.0,41.31071234983909,100.0,9.366380795605814,5.501485575610624,3.86489521999519
2022-01-15 12:00:00,0.0,0.0,0.0,0.0,1.1030818228205148,20.298408391847865,60.774530637304686,22.999204082415773,8.57292289627826,11.725485495569604,8.57292289627826,0.0,42.23445863726572,100.0,8.596670842961831,5.049795453084625,3.546875389877206
2022-01-15 13:00:00,0.0,0.0,0.0,0.0,0.020000016,20.298408391847865,59.554133428710955,22.46106666964722,8.248349142358688,12.050059249489177,8.248349142358688,0.0,40.63544778058237,100.0,8.417697257751902,4.998591571261379,3.419105686490523
2022-01-15 14:00:00,0.0,0.0,0.0,0.0,1.1030153220609877,20.298408391847865,116.87300269773058,23.05228133430408,31.697822137777617,0.0,20.298408391847865,11.399413745929753,100.0,64.0372335475254,8.508766761135837,0.19859836551332152,8.310168395622515
2022-01-15 15:00:00,0.0,0.0,0.0,0.0,0.020000016,20.298408391847865,109.96998935946428,21.73656216748326,28.199630502004887,0.0,20.298408391847865,7.901222110157022,100.0,71.9811147539849,8.595612807306448,0.0036010111631256747,8.592011796143323
2022-01-15 16:00:00,0.0,0.0,0.0,0.538892213941986,0.020000016,26.77363868818986,49.16148680389674,18.736296462621773,5.697478711623083,21.076159976566775,5.697478711623084,0.0,21.280180770260053,100.00000000000003,12.329782658625414,9.70674892197482,2.6230337366505942
2022-01-15 17:00:00,0.0,0.12458957567105196,0.0,2.652651925295123,1.2275096986665877,40.76007456434299,0.0,13.9,0.0,40.76007456434299,0.0,0.0,0.0,0.0,19.107601779710237,19.107601779710237,0.0
2022-01-15 18:00:00,0.0,0.9350550674033062,0.0,2.6221758247732163,0.9550550834033062,40.729598463821084,0.0,13.9,0.0,40.729598463821084,0.0,0.0,0.0,0.0,18.885375725465227,18.885375725465227,0.0
2022-01-15 19:00:00,0.0,0.9110482560629279,0.0,3.040625231409668,2.0140098501978625,41.14804787045753,0.0,13.9,0.0,41.14804787045753,0.0,0.0,0.0,0.0,18.9491965306474,18.9491965306474,0.0
2022-01-15 20:00:00,0.0,1.9126146216411373,0.0,4.966821075401729,1.9326146376411373,43.07424371444959,0.0,13.9,0.0,43.07424371444959,0.0,0.0,0.0,0.0,19.599785922788513,19.599785922788513,0.0
2022-01-15 21:00:00,0.0,1.9769039361183878,0.0,5.553807549939263,3.080032046018326,43.66123018898713,0.0,13.3,0.0,43.66123018898713,0.0,0.0,0.0,0.0,20.853758490990845,20.853758490990845,0.0
2022-01-15 22:00:00,0.0,4.077408048606683,0.0,9.544250189208048,4.097408064606683,47.65167282825591,0.0,12.8,0.0,47.65167282825591,0.0,0.0,0.0,0.0,23.403496457958543,23.403496457958543,0.0
2022-01-15 23:00:00,0.0,5.670924380349517,0.0,10.38066037586572,5.690924396349517,48.488083014913585,0.0,12.2,0.0,48.488083014913585,0.0,0.0,0.0,0.0,23.092549636012777,23.092549636012777,0.0
2022-01-16 00:00:00,0.0,9.833233681617019,0.0,14.00197243447551,10.936155369097195,52.10939507352339,0.0,10.6,0.0,52.10939507352339,0.0,0.0,0.0,0.0,23.544954333234706,23.544954333234706,0.0
2022-01-16 01:00:00,0.0,11.004780763467155,0.0,15.004136325891286,11.024780779467154,53.11155896493915,0.0,10.6,0.0,53.11155896493915,0.0,0.0,0.0,0.0,23.658515769498198,23.658515769498198,0.0
2022-01-16 02:00:00,0.0,15.990910967994525,0.0,17.01843981892119,17.093924755933223,55.12586245796905,0.0,10.6,0.0,55.12586245796905,0.0,0.0,0.0,0.0,25.673583623381933,25.673583623381933,0.0
2022-01-16 03:00:00,0.0,17.67706266302212,0.0,15.564254908397047,17.69706267902212,53.67167754744491,0.0,10.0,0.0,53.67167754744491,0.0,0.0,0.0,0.0,25.057035347802227,25.057035347802227,0.0
2022-01-16 04:00:00,0.0,23.16111327152215,0.0,17.01843981892119,23.18111328752215,55.12586245796905,0.0,7.8,0.0,55.12586245796905,0.0,0.0,0.0,0.0,26.99560047537407,26.99560047537407,0.0
2022-01-16 05:00:00,0.0,23.31784843060487,0.0,15.564254908397047,24.420964561032754,53.67167754744491,0.0,7.8,0.0,53.67167754744491,0.0,0.0,0.0,0.0,27.050746441550494,27.050746441550494,0.0
2022-01-16 06:00:00,0.0,28.370741959994657,0.0,17.01843981892119,28.390741975994658,52.15769341676905,0.0,7.8,0.0,52.15769341676905,0.0,0.0,0.0,0.0,26.189210336487534,26.189210336487534,0.0
2022-01-16 07:00:00,0.0,13.240788004263305,0.0,11.462254872688224,14.343547418116076,31.76066326453608,22.34112139423829,9.598160043569948,1.215519634480885,30.545143630055197,1.2155196344808843,0.0,3.8271229550742163,99.99999999999994,15.566003188433305,15.069110917053864,0.4968922713794406
2022-01-16 08:00:00,0.0,9.204595716860693,0.0,8.245108496614918,9.224595732860694,28.543516888462783,44.69275397812499,14.196648561816406,4.786064224613194,23.757452663849588,4.786064224613195,0.0,16.767605208970274,100.00000000000003,12.837534472184744,10.963479234074079,1.8740552381106657
2022-01-16 09:00:00,0.0,4.266304218764336,0.0,6.408794013416345,5.369316735656625,26.707202405264205,59.65409278124998,18.564190399414063,8.394278835341083,18.31292356992312,8.394278835341083,0.0,31.430768030149437,100.0,10.802876811621472,7.711305887959527,3.091570923661945
2022-01-16 10:00:00,0.0,2.930238390990345,0.0,5.045663412717346,2.950238406990345,25.34407180456521,70.1968159986328,21.593650499957274,11.496263870983801,13.847807933581409,11.496263870983801,0.0,45.3607611264461,100.0,9.438745843710912,5.39821146229559,4.040534381415322
2022-01-16 11:00:00,0.0,1.6717075381785715,0.0,3.1580816843051793,1.6917075541785715,23.456490076153045,76.27949717695311,23.483734286779786,13.48117605792542,9.975314018227625,13.48117605792542,0.0,57.47311730850563,100.0,8.410451921309145,3.751761910971857,4.6586900103372875
2022-01-16 12:00:00,0.0,1.4686895719297566,0.0,4.1102242237296025,2.571703673712473,24.408632615577467,76.28760384609376,25.68398762019043,13.374881328639432,11.033751286938035,13.374881328639432,0.0,54.79570092797271,100.0,9.128100889965447,4.38001801829845,4.748082871666997
2022-01-16 13:00:00,0.0,0.5097051582240119,0.0,1.8925497573029242,1.6128919022999708,22.19095814915079,80.82610195429685,24.725815686071776,15.066976261231288,7.123981887919504,15.066976261231288,0.0,67.89691621228114,100.0,8.186055719191973,2.8251502305645753,5.360905488627398
2022-01-16 14:00:00,0.0,0.3333904368234549,0.0,1.3890396792697723,0.35339045282345494,21.68744807111764,117.6212470222762,24.275663969446132,31.96070899447391,0.0,21.68744807111764,10.273260923356272,100.0,67.85659252699135,7.951352960840971,0.06362809737548702,7.887724863465484
2022-01-16 15:00:00,0.0,0.11422372490231376,0.0,1.1112317434158177,0.13422374090231376,21.409640135263682,118.6105461895736,23.106579568424173,32.640815150456625,0.0,21.409640135263682,11.231175015192942,100.0,65.59162213497653,8.142060290221584,0.024167040133653898,8.117893250087931
2022-01-16 16:00:00,0.0,1.0139008462178996,0.0,2.7763178429611477,2.1167423129998832,29.011064317209012,52.19372785275353,18.83105399539855,6.419785024482356,22.591279292726657,6.419785024482355,0.0,22.12874699903449,99.99999999999999,11.729233303673453,9.218038094571812,2.5111952091016416
2022-01-16 17:00:00,0.0,1.6830362533132646,0.0,4.039980460061239,1.7030362693132646,42.147403099109106,0.0,15.0,0.0,42.147403099109106,0.0,0.0,0.0,0.0,16.979723577520915,16.979723577520915,0.0
2022-01-16 18:00:00,0.0,3.956426000787002,0.0,6.760797064263595,5.05944568998564,44.86821970331146,0.0,14.4,0.0,44.86821970331146,0.0,0.0,0.0,0.0,18.445231210634685,18.445231210634685,0.0
2022-01-16 19:00:00,0.0,5.050183460537536,0.0,8.046248536559968,5.070183476537536,46.15367117560783,0.0,14.4,0.0,46.15367117560783,0.0,0.0,0.0,0.0,20.055585291389548,20.055585291389548,0.0
2022-01-16 20:00:00,0.0,8.35904423680594,0.0,12.80617869223295,8.37904425280594,50.91360133128081,0.0,14.4,0.0,50.91360133128081,0.0,0.0,0.0,0.0,22.21190266495897,22.21190266495897,0.0
2022-01-16 21:00:00,0.0,10.968486671992254,0.0,13.087171967347864,12.071540068683161,51.19459460639572,0.0,12.2,0.0,51.19459460639572,0.0,0.0,0.0,0.0,23.91659803663907,23.91659803663907,0.0
2022-01-16 22:00:00,0.0,14.286402373657035,0.0,14.282753433265935,14.306402389657034,52.3901760723138,0.0,13.3,0.0,52.3901760723138,0.0,0.0,0.0,0.0,24.681122615838927,24.681122615838927,0.0
2022-01-16 23:00:00,0.0,17.34057827866857,0.0,14.152658785034674,18.443418998828076,52.26008142408254,0.0,12.2,0.0,52.26008142408254,0.0,0.0,0.0,0.0,24.425456510754515,24.425456510754515,0.0
2022-01-17 00:00:00,0.0,20.693268726608785,0.0,17.13239622902101,20.713268742608783,60.60065518018489,0.0,11.7,0.0,60.60065518018489,0.0,0.0,0.0,0.0,27.94818145428671,27.94818145428671,0.0
2022-01-17 01:00:00,0.0,22.968694618284868,0.0,18.41564343576042,24.071735440483106,61.8839023869243,0.0,9.4,0.0,61.8839023869243,0.0,0.0,0.0,0.0,28.523305699549603,28.523305699549603,0.0
2022-01-17 02:00:00,0.0,26.917001363062752,0.0,21.176048416470813,26.93700137906275,64.6443073676347,0.0,10.6,0.0,64.6443073676347,0.0,0.0,0.0,0.0,30.46500182623064,30.46500182623064,0.0
2022-01-17 03:00:00,0.0,27.1934658780785,0.0,19.044655998252612,28.296469523304342,62.512914949416505,0.0,11.7,0.0,62.512914949416505,0.0,0.0,0.0,0.0,29.81052223924118,29.81052223924118,0.0
2022-01-17 04:00:00,0.0,30.564408038065334,0.0,22.523932478954084,30.584408054065335,65.99219143011797,0.0,13.3,0.0,65.99219143011797,0.0,0.0,0.0,0.0,32.88491579423878,32.88491579423878,0.0
2022-01-17 05:00:00,0.0,30.35294618053087,0.0,19.943245373241457,31.45607386616987,67.61896367903545,0.0,11.7,0.0,67.61896367903545,0.0,0.0,0.0,0.0,34.91327614988784,34.91327614988784,0.0
2022-01-17 06:00:00,0.0,199.23026629608998,0.0,40.83459746264813,199.25026631208996,85.54214672724213,0.0,12.8,0.0,85.54214672724213,0.0,0.0,0.0,0.0,71.54745127966649,71.54745127966649,0.0
2022-01-17 07:00:00,0.0,153.88318809697248,0.0,40.83459746264813,154.9867297327063,98.76960946899328,27.138689412011733,13.648084044125367,1.7681894946223307,97.00141997437095,1.7681894946223338,0.0,1.7902161445494236,100.00000000000017,70.05535571174386,69.30078084491377,0.7545748668300831
2022-01-17 08:00:00,0.0,51.35365097314178,0.0,40.83459746264813,53.54233735496062,186.98067465638707,70.26544788398435,20.495795246374513,11.564962352635247,175.41571230375183,11.564962352635234,0.0,6.185111040960824,99.99999999999989,86.6585948078358,81.89492898997358,4.763665817862218
2022-01-17 09:00:00,0.0,32.20651478805223,0.0,40.83459746264811,34.39531914618109,178.6320965489585,100.79227844296872,24.249758701342774,23.471502152194475,155.160594396764,23.47150215219449,0.0,13.139577156427512,100.00000000000007,74.99750924416533,65.95687340269382,9.040635841471513
2022-01-17 10:00:00,0.0,19.02737050630445,0.0,40.83459746264813,21.216183628898,176.70550160109036,122.18935073554698,27.718417210485843,34.053274275639744,142.6522273254506,34.05327427563975,0.0,19.271202066200765,100.00000000000003,67.63187338652892,55.3345549801099,12.297318406419024
2022-01-17 11:00:00,0.0,9.081478835038991,0.0,40.83459746264813,11.271103779675423,178.6320965489585,132.72403598437518,29.147626124511724,37.63792056155826,140.99417598740024,37.637920561558246,0.0,21.070077152256147,99.99999999999997,69.34776564803218,55.163727094806156,14.184038553226024
2022-01-17 12:00:00,0.0,6.674391260475801,0.0,40.83459746264813,8.8647393122075,178.08774760651295,133.3854852257811,30.268296413305663,37.66620741528777,140.42154019122518,37.66620741528777,0.0,21.15036431282837,100.0,67.76905480108297,53.773233780747425,13.995821020335548
2022-01-17 13:00:00,0.0,2.0227624972982348,0.0,40.83459746264813,5.298103727309022,180.23759233884863,124.62533611171885,31.094541753491214,34.977583157318044,145.2600091815306,34.97758315731804,0.0,19.40637505385658,99.99999999999997,65.2248488222413,52.75219244417326,12.472656378068038
2022-01-17 14:00:00,0.0,0.44073952430252056,0.0,40.83459746264813,2.6291536331961063,176.70550160109036,146.30293488277258,31.27196671508664,41.157443080087745,135.54805852100262,41.157443080087745,0.0,23.29154593782822,100.0,62.69933906174738,48.20595126830989,14.493387793437492
2022-01-17 15:00:00,0.0,0.3714876092314267,0.0,40.83459746264813,1.4756234678322242,176.70550160109036,116.17421863577428,27.530444332367946,30.804679589234077,145.9008220118563,30.80467958923407,0.0,17.432779008078146,99.99999999999997,64.10850081742835,52.97892410523603,11.129576712192318
2022-01-17 16:00:00,0.0,2.3891750100820484,0.0,40.83459746264813,4.578472930261345,185.53173210529255,34.12804603041516,23.266501438450472,2.7007349716542386,182.8309971336383,2.700734971654242,0.0,1.4556728064833282,100.00000000000013,71.46370762888132,70.43542979577369,1.0282778331076372
2022-01-17 17:00:00,0.0,8.426503938989928,0.0,40.83459746264813,10.614283673991368,180.35132106710464,0.0,21.7,0.0,180.35132106710464,0.0,0.0,0.0,0.0,76.26995584701359,76.26995584701359,0.0
2022-01-17 18:00:00,0.0,19.421299079244495,0.0,40.83459746264811,20.524933615489346,136.74485312545113,0.0,21.1,0.0,136.74485312545113,0.0,0.0,0.0,0.0,59.66997725127784,59.66997725127784,0.0
2022-01-17 19:00:00,0.0,24.91660553212015,0.0,40.83459746264813,26.019991165059512,134.17605986162698,0.0,21.1,0.0,134.17605986162698,0.0,0.0,0.0,0.0,60.65444091494216,60.65444091494216,0.0
2022-01-17 20:00:00,0.0,43.36964423761716,0.0,40.83459746264811,44.47307002528122,111.9853861309906,0.0,20.6,0.0,111.9853861309906,0.0,0.0,0.0,0.0,55.29378389580107,55.29378389580107,0.0
2022-01-17 21:00:00,0.0,54.211584210782966,0.0,40.83459746264813,54.23158422678297,110.70098949907849,0.0,18.3,0.0,110.70098949907849,0.0,0.0,0.0,0.0,55.68429665230917,55.68429665230917,0.0
2022-01-17 22:00:00,0.0,0.0,0.0,0.0,1.1030369735466905,47.675718305793986,0.0,15.0,0.0,47.675718305793986,0.0,0.0,0.0,0.0,20.00285726950758,20.00285726950758,0.0
2022-01-17 23:00:00,0.0,0.0,0.0,1.6041338985015159,0.020000016,45.0723928496654,0.0,15.0,0.0,45.0723928496654,0.0,0.0,0.0,0.0,17.079277042258862,17.079277042258862,0.0
2022-01-18 00:00:00,0.0,1.0740965125967492,0.0,4.874536719573343,2.1771353318347417,48.342795670737225,0.0,15.0,0.0,48.342795670737225,0.0,0.0,0.0,0.0,18.729625085885715,18.729625085885715,0.0
2022-01-18 01:00:00,0.0,2.876389281257545,0.0,5.831615485793215,2.896389297257545,49.2998744369571,0.0,13.9,0.0,49.2998744369571,0.0,0.0,0.0,0.0,19.22167796446662,19.22167796446662,0.0
2022-01-18 02:00:00,0.0,6.838210936056086,0.0,12.154647605077306,7.941242166801291,55.6229065562412,0.0,13.3,0.0,55.6229065562412,0.0,0.0,0.0,0.0,22.391038161914352,22.391038161914352,0.0
2022-01-18 03:00:00,0.0,12.813038993453624,0.0,15.360512317505881,12.833039009453623,58.82877126866976,0.0,12.8,0.0,58.82877126866976,0.0,0.0,0.0,0.0,24.200779777090318,24.200779777090318,0.0
2022-01-18 04:00:00,0.0,20.368991142442987,0.0,16.44795302611304,20.388991158442987,59.91621197727692,0.0,13.3,0.0,59.91621197727692,0.0,0.0,0.0,0.0,26.44639679828666,26.44639679828666,0.0
2022-01-18 05:00:00,0.0,23.43170789979108,0.0,16.134741701205197,24.534850096190358,63.810460006999186,0.0,13.3,0.0,63.810460006999186,0.0,0.0,0.0,0.0,30.107282066609727,30.107282066609727,0.0
2022-01-18 06:00:00,0.0,149.94296976154945,0.0,40.83459746264813,151.04590579406462,85.54214672724213,0.0,13.3,0.0,85.54214672724213,0.0,0.0,0.0,0.0,61.83916418107263,61.83916418107263,0.0
2022-01-18 07:00:00,0.0,125.05725761656197,0.0,40.83459746264813,126.16079176001652,98.76960946899328,34.68651363632809,17.183953551135254,2.8522337881550563,95.91737568083822,2.8522337881550612,0.0,2.8877645699818855,100.00000000000017,62.814776549903996,61.65679815425092,1.1579783956530747
2022-01-18 08:00:00,0.0,33.456438101887166,0.0,40.83459746264813,34.56075992180594,186.98067465638707,79.16066235000004,20.273770698437502,14.690284385731038,172.29039027065602,14.690284385731047,0.0,7.856578982147363,100.00000000000007,74.80999531016579,69.42137864321387,5.388616666951918
2022-01-18 09:00:00,0.0,10.114344986190172,0.0,40.83459746264813,12.303276877099158,178.6320965489585,116.05713643476574,23.62678551358643,31.19084879354392,147.44124775541457,31.19084879354392,0.0,17.4609431317934,100.0,57.225857389439426,47.62047954922362,9.605377840215809
2022-01-18 10:00:00,0.0,2.1949411051108,0.0,40.83459746264811,4.383979462037583,176.70550160109036,167.03365820625,28.019801818945314,47.5681958179798,129.13730578311055,47.56819581797981,0.0,26.91947640960506,100.00000000000003,57.63196307265445,42.3302258419267,15.301737230727753
2022-01-18 11:00:00,0.0,0.39595954208370754,0.0,40.83459746264813,2.58573073091218,178.6320965489585,153.498543567188,29.796829486474625,43.42297251153779,135.20912403742068,43.42297251153781,0.0,24.308605984276003,100.00000000000003,56.765932918711066,43.080097557387134,13.685835361323932
2022-01-18 12:00:00,0.0,0.0,0.0,40.83459746264813,3.2755279248287463,178.08774760651295,175.83887490468672,31.59496484077146,49.40587165634756,128.6818759501654,49.40587165634756,0.0,27.74243164976764,100.0,57.99011252910701,42.065859006191346,15.924253522915663
2022-01-18 13:00:00,0.0,0.0,0.0,40.83459746264813,3.27521386766002,180.23759233884863,157.22706176718788,29.31334568022462,44.55873086306187,135.67886147578676,44.55873086306187,0.0,24.72221820367583,100.0,59.06328450772146,44.60731824747262,14.455966260248843
2022-01-18 14:00:00,0.0,0.0,0.0,40.83459746264813,1.1042117851483473,176.70550160109036,141.44248133109642,28.82007754159676,40.159668303233865,136.5458332978565,40.15966830323387,0.0,22.726891884721073,100.00000000000003,58.29604860559416,45.09235286085693,13.203695744737232
2022-01-18 15:00:00,0.0,0.0,0.0,40.83459746264813,2.188359572478874,176.70550160109036,78.05756543506915,24.13929891984591,14.082940109708584,162.6225614913818,14.082940109708574,0.0,7.969723626093188,99.99999999999993,62.02801047821175,57.115951382645946,4.912059095565802
2022-01-18 16:00:00,0.0,0.0,0.0,40.83459746264813,2.1895471767777974,185.53173210529255,29.510422856761018,20.32220071427378,2.041200841816989,183.49053126347556,2.0412008418169876,0.0,1.100189611046465,99.99999999999993,71.43618441634283,70.65458820200267,0.7815962143401549
2022-01-18 17:00:00,0.0,0.14856803139746144,0.0,40.83459746264813,1.2524855776118455,180.35132106710464,0.0,17.2,0.0,180.35132106710464,0.0,0.0,0.0,0.0,75.58350654160229,75.58350654160229,0.0
2022-01-18 18:00:00,0.0,5.254706346483533,0.0,40.83459746264813,6.3584490042865,136.74485312545113,0.0,17.2,0.0,136.74485312545113,0.0,0.0,0.0,0.0,58.65904287665607,58.65904287665607,0.0
2022-01-18 19:00:00,0.0,16.197493001854266,0.0,40.83459746264813,17.300947753516972,134.17605986162698,0.0,17.2,0.0,134.17605986162698,0.0,0.0,0.0,0.0,58.16144224615096,58.16144224615096,0.0
2022-01-18 20:00:00,0.0,38.407649835169394,0.0,40.83459746264811,39.51112709956713,111.9853861309906,0.0,17.2,0.0,111.9853861309906,0.0,0.0,0.0,0.0,54.03755136614212,54.03755136614212,0.0
2022-01-18 21:00:00,0.0,48.85814223879299,0.0,40.83459746264813,49.961264466386005,110.70098949907849,0.0,17.2,0.0,110.70098949907849,0.0,0.0,0.0,0.0,57.4111776192989,57.4111776192989,0.0
2022-01-18 22:00:00,0.0,0.0,0.0,0.0,0.020000016,47.675718305793986,0.0,17.2,0.0,47.675718305793986,0.0,0.0,0.0,0.0,21.21095240653793,21.21095240653793,0.0
2022-01-18 23:00:00,0.0,0.10779597925659799,0.0,1.6041338985015159,1.2106910397033923,45.0723928496654,0.0,16.7,0.0,45.0723928496654,0.0,0.0,0.0,0.0,18.739133092849574,18.739133092849574,0.0
2022-01-19 00:00:00,0.0,1.0781653914728986,0.0,4.874536719573343,1.0981654074728986,48.342795670737225,0.0,15.6,0.0,48.342795670737225,0.0,0.0,0.0,0.0,20.03084048825996,20.03084048825996,0.0
2022-01-19 01:00:00,0.0,3.2510506469178866,0.0,6.593173291664327,4.3540274701624835,50.06143224282821,0.0,15.6,0.0,50.06143224282821,0.0,0.0,0.0,0.0,20.657582127994147,20.657582127994147,0.0
2022-01-19 02:00:00,0.0,8.154483144076488,0.0,11.077584822224022,8.174483160076488,54.5458437733879,0.0,15.0,0.0,54.5458437733879,0.0,0.0,0.0,0.0,23.073336858511592,23.073336858511592,0.0
2022-01-19 03:00:00,0.0,10.441719047002955,0.0,14.616009401710613,11.544723842682286,58.0842683528745,0.0,13.3,0.0,58.0842683528745,0.0,0.0,0.0,0.0,25.563554110505237,25.563554110505237,0.0
2022-01-19 04:00:00,0.0,14.358963773774063,0.0,15.30773308352531,14.378963789774064,58.77599203468919,0.0,13.3,0.0,58.77599203468919,0.0,0.0,0.0,0.0,26.61685780864822,26.61685780864822,0.0
2022-01-19 05:00:00,0.0,15.927818174511607,0.0,16.28459613598926,17.030964976669257,63.96031444178325,0.0,13.3,0.0,63.96031444178325,0.0,0.0,0.0,0.0,30.012912771166864,30.012912771166864,0.0
2022-01-19 06:00:00,0.0,130.19680148645617,0.0,40.83459746264813,130.21680150245615,85.54214672724213,0.0,13.3,0.0,85.54214672724213,0.0,0.0,0.0,0.0,60.572591557929634,60.572591557929634,0.0
2022-01-19 07:00:00,0.0,93.72457835658096,0.0,40.83459746264811,94.82811740523691,98.76960946899328,27.841942959960978,15.870060717498781,1.8463328855756702,96.9232765834176,1.846332885575677,0.0,1.8693329815739483,100.00000000000038,61.25743890850852,60.431500355475094,0.8259385530334242
2022-01-19 08:00:00,0.0,22.770418250903166,0.0,40.83459746264813,24.95910101870235,186.98067465638707,86.39071201406252,18.799709750439455,17.590055048924974,169.3906196074621,17.590055048924967,0.0,9.407418751296131,99.99999999999996,77.77629738908377,70.88231506403385,6.893982325049919
2022-01-19 09:00:00,0.0,5.154229833973302,0.0,40.83459746264813,7.34317073432267,178.6320965489585,137.20139057109296,20.987543455346653,40.100628860917425,138.53146768804106,40.100628860917425,0.0,22.448725417006383,100.0,63.20655129957737,49.31428994014544,13.892261359431927
2022-01-19 10:00:00,0.0,0.48729661216482895,0.0,40.83459746264813,2.6763382708883805,176.70550160109036,195.4680063187496,24.408375197460927,56.41801576851497,120.28748583257538,56.41801576851498,0.0,31.927707545788632,100.00000000000003,59.45733697335174,40.62782421060986,18.829512762741878
2022-01-19 11:00:00,0.0,0.0,0.0,40.83459746264813,2.189738535823836,178.6320965489585,220.22824709531204,27.982132721728505,62.72590251059661,115.90619403836187,62.72590251059661,0.0,35.11457555636148,100.0,60.138661181462666,39.15966945728107,20.978991724181597
2022-01-19 12:00:00,0.0,0.0,0.0,40.83459746264813,3.275484389563335,178.08774760651295,161.4197211257812,27.24436628518066,46.10282880968834,131.98491879682462,46.10282880968833,0.0,25.887703915236827,99.99999999999999,56.72033905013,42.18941895174839,14.530920098381614
2022-01-19 13:00:00,0.0,0.0,0.0,40.83459746264813,2.1902346311365517,180.23759233884863,164.9885791640626,28.455893098876956,46.90912390939992,133.32846842944872,46.90912390939991,0.0,26.026270824351805,99.99999999999997,56.75735134059029,42.0881646572623,14.669186683327993
2022-01-19 14:00:00,0.0,0.0,0.0,40.83459746264811,2.188434539776162,176.70550160109036,169.85801992900414,27.00806312278138,48.555648896564215,128.14985270452615,48.55564889656421,0.0,27.47828927600554,99.99999999999999,56.88147624197291,41.35969195920823,15.521784282764685
2022-01-19 15:00:00,0.0,0.0,0.0,40.83459746264813,1.1041482631488109,176.70550160109036,119.16781335683868,22.623994167401207,33.00666991329958,143.69883168779077,33.00666991329959,0.0,18.678914699448114,100.00000000000003,59.55683092235562,48.46939539842959,11.087435523926032
2022-01-19 16:00:00,0.0,0.0,0.0,40.83459746264813,3.273911113497417,185.53173210529255,48.93248077420935,18.72914002419404,5.644667964928666,179.8870641403639,5.644667964928658,0.0,3.0424272445886555,99.99999999999986,71.1091527663252,68.96364269619565,2.1455100701295464
2022-01-19 17:00:00,0.0,0.0,0.0,40.83459746264813,1.1038528817599633,180.35132106710464,0.0,16.7,0.0,180.35132106710464,0.0,0.0,0.0,0.0,75.09143875480984,75.09143875480984,0.0
2022-01-19 18:00:00,0.0,1.5919789373579991,0.0,40.83459746264811,2.695604245949683,136.74485312545113,0.0,16.7,0.0,136.74485312545113,0.0,0.0,0.0,0.0,56.1063136695532,56.1063136695532,0.0
2022-01-19 19:00:00,0.0,5.0875677207333,0.0,40.83459746264811,6.19092747164275,134.17605986162698,0.0,16.1,0.0,134.17605986162698,0.0,0.0,0.0,0.0,55.63376657830669,55.63376657830669,0.0
2022-01-19 20:00:00,0.0,15.579531984803557,0.0,40.83459746264813,16.683012767285206,111.9853861309906,0.0,16.1,0.0,111.9853861309906,0.0,0.0,0.0,0.0,49.96709473920496,49.96709473920496,0.0
2022-01-19 21:00:00,0.0,21.977253453880056,0.0,40.83459746264813,21.997253469880057,110.70098949907849,0.0,16.1,0.0,110.70098949907849,0.0,0.0,0.0,0.0,51.23325814245696,51.23325814245696,0.0
2022-01-19 22:00:00,0.0,0.0,0.0,0.0,1.1029004338665813,47.675718305793986,0.0,15.6,0.0,47.675718305793986,0.0,0.0,0.0,0.0,20.786383115837356,20.786383115837356,0.0
2022-01-19 23:00:00,0.0,0.0,0.0,0.0,0.020000016,43.46825895116388,0.0,14.4,0.0,43.46825895116388,0.0,0.0,0.0,0.0,18.336121882521738,18.336121882521738,0.0
2022-01-20 00:00:00,0.0,0.0,0.0,0.0,1.102954749663255,43.46825895116388,0.0,14.4,0.0,43.46825895116388,0.0,0.0,0.0,0.0,19.080547123929346,19.080547123929346,0.0
2022-01-20 01:00:00,0.0,0.7349542209733718,0.0,5.519628738780754,0.7549542369733718,48.987887689944635,0.0,13.9,0.0,48.987887689944635,0.0,0.0,0.0,0.0,21.47015491197654,21.47015491197654,0.0
2022-01-20 02:00:00,0.0,1.8912612037511933,0.0,5.2455235135634,2.9942430794068304,48.71378246472728,0.0,13.9,0.0,48.71378246472728,0.0,0.0,0.0,0.0,21.9955873308248,21.9955873308248,0.0
2022-01-20 03:00:00,0.0,5.322372624726119,0.0,8.790467646233571,5.342372640726119,52.258726597397455,0.0,13.9,0.0,52.258726597397455,0.0,0.0,0.0,0.0,24.599302327226308,24.599302327226308,0.0
2022-01-20 04:00:00,0.0,7.5700139937068265,0.0,10.455448704864327,8.673070563430178,53.9237076560282,0.0,13.9,0.0,53.9237076560282,0.0,0.0,0.0,0.0,26.2626923311376,26.2626923311376,0.0
2022-01-20 05:00:00,0.0,11.538230031667661,0.0,15.3898801859501,11.55823004766766,63.0655984917441,0.0,13.9,0.0,63.0655984917441,0.0,0.0,0.0,0.0,31.259309232712788,31.259309232712788,0.0
2022-01-20 06:00:00,0.0,119.41973099280695,0.0,40.83459746264813,120.52276003611664,85.54214672724213,0.0,14.4,0.0,85.54214672724213,0.0,0.0,0.0,0.0,61.25229523717531,61.25229523717531,0.0
2022-01-20 07:00:00,0.0,90.32781351515972,0.0,40.83459746264813,91.43132116111492,98.76960946899328,21.787291620703126,15.080852863146973,1.1338155785981412,97.63579389039514,1.1338155785981456,0.0,1.1479397202173651,100.0000000000004,61.8854029369227,61.3639724904812,0.5214304464414994
2022-01-20 08:00:00,0.0,19.406573328430827,0.0,40.83459746264813,20.51092276111323,186.98067465638707,51.01939093710941,17.19435596678467,6.170468110222977,180.8102065461641,6.17046811022297,0.0,3.3000566082898093,99.99999999999989,80.99829026697542,78.44717193148483,2.5511183354905853
2022-01-20 09:00:00,0.0,5.869950396680434,0.0,40.83459746264813,8.05887002849447,178.6320965489585,123.73937335546862,19.966855417358396,35.93450128168917,142.69759526726932,35.934501281689165,0.0,20.116486329118597,99.99999999999997,68.71670516241288,55.18520935978,13.531495802632875
2022-01-20 10:00:00,0.0,1.0970425477793344,0.0,40.83459746264813,3.2860935874878807,176.70550160109036,122.87621919375026,21.039881849804694,35.296810034043645,141.40869156704673,35.29681003404363,0.0,19.97493553637372,99.99999999999996,63.025250336948204,50.55418141571991,12.471068921228294
2022-01-20 11:00:00,0.0,0.0,0.0,40.83459746264813,2.189770440763907,178.6320965489585,226.65697312500046,25.383030410156266,65.1846965833415,113.44739996561698,65.1846965833415,0.0,36.4910325986551,100.0,62.35995704654662,39.748037648751286,22.611919397795333
2022-01-20 12:00:00,0.0,0.0,0.0,40.83459746264813,3.2757777517701414,178.08774760651295,161.73519421640611,23.95422481926269,46.759970081857,131.32777752465594,46.759970081857006,0.0,26.25670250216973,100.00000000000003,60.2937225258415,44.61744255589894,15.676279969942563
2022-01-20 13:00:00,0.0,0.0,0.0,40.83459746264813,3.275333591478327,180.23759233884863,184.16703473437502,25.155219835449216,53.00964436035354,127.22794797849508,53.00964436035355,0.0,29.41098117905106,100.00000000000003,60.48718304352143,42.870752981466936,17.616430062054498
2022-01-20 14:00:00,0.0,0.0,0.0,40.83459746264813,1.1042277448751117,176.70550160109036,123.13778116575168,22.14805566142974,35.30399651111168,141.40150508997868,35.30399651111168,0.0,19.979002459589427,100.0,62.47425306450736,50.032242094078825,12.442010970428534
2022-01-20 15:00:00,0.0,0.0,0.0,40.83459746264813,2.1883204990178067,176.70550160109036,78.94321520154891,19.166975475048403,14.668489988346062,162.0370116127443,14.668489988346067,0.0,8.30109411163662,100.00000000000004,66.88122004449284,61.36205400147775,5.519166043015083
2022-01-20 16:00:00,0.0,0.0,0.0,40.83459746264813,2.189538142136656,185.53173210529255,18.00855329238283,16.662767290386967,0.7702552330231929,184.76147687226936,0.7702552330231924,0.0,0.41516091305936764,99.99999999999994,74.17741413150765,73.87109517916282,0.3063189523448244
2022-01-20 17:00:00,0.0,0.0,0.0,40.83459746264813,1.103950949067235,180.35132106710464,0.0,15.6,0.0,180.35132106710464,0.0,0.0,0.0,0.0,76.62083561451819,76.62083561451819,0.0
2022-01-20 18:00:00,0.0,3.551039258663282,0.0,40.83459746264813,5.738457912089988,136.74485312545113,0.0,15.6,0.0,136.74485312545113,0.0,0.0,0.0,0.0,56.861349184721064,56.861349184721064,0.0
2022-01-20 19:00:00,0.0,7.537057136665003,0.0,40.83459746264811,7.557057152665003,134.17605986162698,0.0,15.6,0.0,134.17605986162698,0.0,0.0,0.0,0.0,56.51908771835148,56.51908771835148,0.0
2022-01-20 20:00:00,0.0,16.699126356913453,0.0,40.83459746264813,17.802575403092995,111.9853861309906,0.0,15.0,0.0,111.9853861309906,0.0,0.0,0.0,0.0,49.50179948100085,49.50179948100085,0.0
2022-01-20 21:00:00,0.0,26.754769041395868,0.0,40.83459746264811,27.85777422339545,110.70098949907849,0.0,14.4,0.0,110.70098949907849,0.0,0.0,0.0,0.0,51.46649248403188,51.46649248403188,0.0
2022-01-20 22:00:00,0.0,0.0,0.0,0.0,0.020000016,47.675718305793986,0.0,14.4,0.0,47.675718305793986,0.0,0.0,0.0,0.0,19.88413716608769,19.88413716608769,0.0
2022-01-20 23:00:00,0.0,0.0,0.0,0.0,1.1028894181497673,43.46825895116388,0.0,14.4,0.0,43.46825895116388,0.0,0.0,0.0,0.0,17.513939308363344,17.513939308363344,0.0
2022-01-21 00:00:00,0.0,0.05093573918259234,0.0,1.172183944459631,0.07093575518259233,39.2796065835075,0.0,14.4,0.0,39.2796065835075,0.0,0.0,0.0,0.0,15.61011459230833,15.61011459230833,0.0
2022-01-21 01:00:00,0.0,0.47712445991985614,0.0,4.45289221951523,1.5800654440165571,42.560314858563096,0.0,14.4,0.0,42.560314858563096,0.0,0.0,0.0,0.0,17.277548351103974,17.277548351103974,0.0
2022-01-21 02:00:00,0.0,2.860322376163396,0.0,6.94997123066369,2.880322392163396,45.057393869711554,0.0,14.4,0.0,45.057393869711554,0.0,0.0,0.0,0.0,18.87498550201696,18.87498550201696,0.0
2022-01-21 03:00:00,0.0,3.975582193660287,0.0,7.823910786182584,5.07863131995435,45.931333425230456,0.0,13.9,0.0,45.931333425230456,0.0,0.0,0.0,0.0,19.863151620211724,19.863151620211724,0.0
2022-01-21 04:00:00,0.0,7.449466159802899,0.0,10.388834276878393,7.469466175802899,48.49625691592625,0.0,13.9,0.0,48.49625691592625,0.0,0.0,0.0,0.0,21.564424874135543,21.564424874135543,0.0
2022-01-21 05:00:00,0.0,11.691686540909995,0.0,14.129045225751982,12.794826152883104,52.23646786479985,0.0,13.9,0.0,52.23646786479985,0.0,0.0,0.0,0.0,24.462945780294962,24.462945780294962,0.0
2022-01-21 06:00:00,0.0,120.99599671308009,0.0,40.83459746264813,121.01599672908009,85.54214672724213,0.0,13.9,0.0,85.54214672724213,0.0,0.0,0.0,0.0,58.18502520449896,58.18502520449896,0.0
2022-01-21 07:00:00,0.0,96.85583590389813,0.0,40.83459746264813,97.959065656608,75.83888804889047,24.806991525292915,14.675218485165404,1.4720155692535184,74.36687247963695,1.4720155692535144,0.0,1.9409772573466024,99.99999999999973,50.53913433457444,49.900522460087345,0.638611874487097
2022-01-21 08:00:00,0.0,39.17857302784598,0.0,40.83459746264813,40.28200708622464,114.21720088209123,101.52902352656287,17.07278198520509,24.446563719664205,89.77063716242702,24.446563719664212,0.0,21.403574532439208,100.00000000000003,52.74264773861137,43.006192573162096,9.736455165449271
2022-01-21 09:00:00,0.0,18.727930020759484,0.0,40.83459746264813,19.831672099642542,116.46489498793738,150.2215256179688,19.694422675561526,44.11309527988573,72.35179970805166,44.11309527988573,0.0,37.8767312540441,100.0,45.30880751545448,29.499776994525433,15.80903052092905
2022-01-21 10:00:00,0.0,5.6706495569738795,0.0,40.83459746264813,6.774211920613598,115.50159751400331,128.56078047656234,19.617524389892573,37.76287361998716,77.73872389401615,37.76287361998716,0.0,32.69467646575956,100.0,41.262948503745505,28.170937848432157,13.092010655313349
2022-01-21 11:00:00,0.0,1.6395696275221132,0.0,40.83459746264813,2.7433770935171657,117.74929161984949,176.3409387867186,21.61065433708496,51.42307860062835,66.32621301922114,51.423078600628344,0.0,43.67166705906513,99.99999999999999,39.23051939240397,22.31361210976226,16.91690728264171
2022-01-21 12:00:00,0.0,0.07268322794907839,0.0,40.83459746264813,1.1762887857967455,116.46489498793738,187.12335834843762,23.047604948388674,54.280832143188974,62.18406284474841,54.280832143188974,0.0,46.60703308822028,100.0,38.29115334825867,20.543492470721596,17.747660877537072
2022-01-21 13:00:00,0.0,0.0,0.0,40.83459746264813,1.103550243704495,113.89610172411322,100.05676996992207,20.926774061560067,23.413795753935982,90.48230597017724,23.413795753935986,0.0,20.55715287837546,100.00000000000003,37.71094526172207,29.999494561184477,7.71145070053759
2022-01-21 14:00:00,0.0,0.0,0.0,40.83459746264813,1.103377035828248,74.79713598363837,119.67603040408706,20.93987595012772,33.49442120271396,41.30271478092441,33.49442120271396,0.0,44.78035256596022,100.0,25.131914786692843,13.966716950874156,11.165197835818686
2022-01-21 15:00:00,0.0,0.5139591262524857,0.0,40.83459746264813,1.6172606276540644,73.51273935172627,135.64085353951873,20.93877667310996,39.651570545435256,33.86116880629101,39.651570545435256,0.0,53.938366186736495,100.0,25.976539575235694,12.122280826660619,13.854258748575075
2022-01-21 16:00:00,0.0,2.7848926204995346,0.0,40.83459746264813,3.888159203602678,79.77017659210429,56.7037782956794,17.37199307173998,7.61717702680373,72.15299956530056,7.617177026803731,0.0,9.548903302236997,100.00000000000003,31.136375553474803,28.23004165889784,2.9063338945769637
2022-01-21 17:00:00,0.0,9.243059964556178,0.0,40.83459746264813,9.263059980556179,80.86861504956414,0.0,14.4,0.0,80.86861504956414,0.0,0.0,0.0,0.0,35.42197336409287,35.42197336409287,0.0
2022-01-21 18:00:00,0.0,0.0,0.0,0.0,1.103041767432429,38.10742263904787,0.0,14.4,0.0,38.10742263904787,0.0,0.0,0.0,0.0,16.120074842720797,16.120074842720797,0.0
2022-01-21 19:00:00,0.0,0.0,0.0,0.0,0.020000016,38.10742263904787,0.0,14.4,0.0,38.10742263904787,0.0,0.0,0.0,0.0,15.88791798979745,15.88791798979745,0.0
2022-01-21 20:00:00,0.0,0.0,0.0,0.0,1.103028141671114,38.10742263904787,0.0,14.4,0.0,38.10742263904787,0.0,0.0,0.0,0.0,15.900954709222306,15.900954709222306,0.0
2022-01-21 21:00:00,0.0,0.0,0.0,0.0,1.103157785242369,38.10742263904787,0.0,14.4,0.0,38.10742263904787,0.0,0.0,0.0,0.0,16.182591904903557,16.182591904903557,0.0
2022-01-21 22:00:00,0.0,0.0,0.0,0.0,0.020000016,38.10742263904787,0.0,13.9,0.0,38.10742263904787,0.0,0.0,0.0,0.0,16.41856385004619,16.41856385004619,0.0
2022-01-21 23:00:00,0.0,0.0,0.0,0.0,0.020000016,38.10742263904787,0.0,13.9,0.0,38.10742263904787,0.0,0.0,0.0,0.0,15.14577593390199,15.14577593390199,0.0
2022-01-22 00:00:00,0.0,0.0,0.0,0.5556158717079088,1.102885791720405,38.663038510755776,0.0,13.9,0.0,38.663038510755776,0.0,0.0,0.0,0.0,15.865418193657762,15.865418193657762,0.0
2022-01-22 01:00:00,0.0,0.13732796813845483,0.0,4.592518455867847,0.15732798413845483,42.69994109491571,0.0,13.3,0.0,42.69994109491571,0.0,0.0,0.0,0.0,17.78061397920189,17.78061397920189,0.0
2022-01-22 02:00:00,0.0,0.9602387841748391,0.0,5.270344749382487,2.0631208999462,43.37776738843036,0.0,12.2,0.0,43.37776738843036,0.0,0.0,0.0,0.0,18.631770732240238,18.631770732240238,0.0
2022-01-22 03:00:00,0.0,1.0438734186653005,0.0,6.279096456100296,1.0638734346653005,44.38651909514816,0.0,12.2,0.0,44.38651909514816,0.0,0.0,0.0,0.0,19.08644816609207,19.08644816609207,0.0
2022-01-22 04:00:00,0.0,1.9062343844132323,0.0,5.523331449417355,1.9262344004132324,43.630754088465224,0.0,12.2,0.0,43.630754088465224,0.0,0.0,0.0,0.0,19.16890846147225,19.16890846147225,0.0
2022-01-22 05:00:00,0.0,2.7797793037233975,0.0,6.279096456100296,3.8828760564338713,44.38651909514816,0.0,12.2,0.0,44.38651909514816,0.0,0.0,0.0,0.0,19.887849511945337,19.887849511945337,0.0
2022-01-22 06:00:00,0.0,3.4590031260215395,0.0,5.523331449417357,3.4790031420215395,40.662585047265225,0.0,12.2,0.0,40.662585047265225,0.0,0.0,0.0,0.0,18.2068646016168,18.2068646016168,0.0
2022-01-22 07:00:00,0.0,2.228218471404365,0.0,6.279096456100296,3.3312108350119716,26.577504847948163,28.011496006054696,13.075359250189209,1.8875826809419118,24.68992216700625,1.887582680941911,0.0,7.102181682369767,99.99999999999996,12.374949413234887,11.538655906443573,0.8362935067913142
2022-01-22 08:00:00,0.0,0.6285526181695352,0.0,3.2492169401038122,0.6485526341695352,23.54762533195168,81.24737394726574,15.838980435852054,15.72453819417024,7.823087137781439,15.72453819417024,0.0,66.77759634995414,100.0,9.567376121083704,3.256489962235419,6.310886158848286
2022-01-22 09:00:00,0.0,0.0,0.0,1.4417278541975893,1.1028617876296085,21.740136246045456,147.7167022546874,19.61614694545898,43.38986596521342,0.0,21.740136246045456,21.64972971916796,100.0,50.104179311074596,8.021867450396059,0.19857072157537062,7.823296728820688
2022-01-22 10:00:00,0.0,0.0,0.0,0.0,0.020000016,20.298408391847865,213.8220548578122,23.38193921430663,61.94942497771628,0.0,20.298408391847865,41.65101658586842,100.0,32.76609653624609,7.18781669328984,0.0036010111631256747,7.184215682126715
2022-01-22 11:00:00,0.0,0.0,0.0,0.0,0.020000016,20.298408391847865,188.77437082968757,23.099199088427735,54.74938005085232,0.0,20.298408391847865,34.45097165900445,100.0,37.075138335802706,7.219685194465041,0.0036010111631256747,7.216084183301915
2022-01-22 12:00:00,0.0,0.0,0.0,0.0,1.1030288591119002,20.298408391847865,87.73793050429686,20.541810328259277,18.028625739249147,2.2697826525987175,18.028625739249147,0.0,88.81792794399439,100.0,7.551293274643996,1.0207841731157776,6.530509101528218
2022-01-22 13:00:00,0.0,0.0,0.0,2.789994671008076,1.1031158952298519,23.088403062855942,158.86048689843764,22.764390215576178,46.1302681294803,0.0,23.088403062855942,23.041865066624357,100.0,50.05044193120768,8.660516196290727,0.19861647375402447,8.461899722536703
2022-01-22 14:00:00,0.0,0.0,0.0,4.198905195941035,0.020000016,24.4973135877889,156.57393062825722,22.69293533213304,45.478214641821545,0.0,24.4973135877889,20.980901054032646,100.0,53.866040654246106,9.34099705828474,0.0036010111631256747,9.337396047121615
2022-01-22 15:00:00,0.0,0.0,0.0,7.714305660222103,0.020000016,28.01271405206997,121.16511273768853,20.986409773052767,34.32729906955568,0.0,28.01271405206997,6.314585017485708,100.0,81.60477174539487,11.194680274965078,0.0036010111631256747,11.191079263801953
2022-01-22 16:00:00,0.0,0.0,0.0,0.6970710623874504,1.1028454465563815,23.96364849543532,49.41505271034834,18.244220397198387,5.766646560308162,18.197001935127155,5.766646560308164,0.0,24.064142659272502,100.00000000000003,10.408280220838588,7.951400453819295,2.4568797670192932
2022-01-22 17:00:00,0.0,0.0,0.0,0.0,0.020000016,38.10742263904787,0.0,15.6,0.0,38.10742263904787,0.0,0.0,0.0,0.0,17.74889397437535,17.74889397437535,0.0
2022-01-22 18:00:00,0.0,0.0,0.0,0.0,1.1029675800634962,38.10742263904787,0.0,15.0,0.0,38.10742263904787,0.0,0.0,0.0,0.0,18.192152591252526,18.192152591252526,0.0
2022-01-22 19:00:00,0.0,0.0,0.0,0.0,0.020000016,38.10742263904787,0.0,14.4,0.0,38.10742263904787,0.0,0.0,0.0,0.0,17.68658833836051,17.68658833836051,0.0
2022-01-22 20:00:00,0.0,0.0,0.0,0.0,0.020000016,38.10742263904787,0.0,14.4,0.0,38.10742263904787,0.0,0.0,0.0,0.0,17.654197029117316,17.654197029117316,0.0
2022-01-22 21:00:00,0.0,0.0,0.0,1.4499918803135854,1.1030550778379629,39.55741451936145,0.0,13.9,0.0,39.55741451936145,0.0,0.0,0.0,0.0,18.803446507376105,18.803446507376105,0.0
2022-01-22 22:00:00,0.0,0.7192063771927212,0.0,2.5383545419765343,0.7392063931927212,40.6457771810244,0.0,13.3,0.0,40.6457771810244,0.0,0.0,0.0,0.0,19.275832867272666,19.275832867272666,0.0
2022-01-22 23:00:00,0.0,1.9505300170944417,0.0,5.207641991768291,3.0534963316393195,43.31506463081616,0.0,13.3,0.0,43.31506463081616,0.0,0.0,0.0,0.0,20.144002490732355,20.144002490732355,0.0
2022-01-23 00:00:00,0.0,2.968467777809207,0.0,6.955244328789131,2.988467793809207,50.423503279953,0.0,13.3,0.0,50.423503279953,0.0,0.0,0.0,0.0,23.3176488231155,23.3176488231155,0.0
2022-01-23 01:00:00,0.0,5.10987667661992,0.0,11.235537683155032,6.212942688478297,54.70379663431892,0.0,12.8,0.0,54.70379663431892,0.0,0.0,0.0,0.0,26.446227226645686,26.446227226645686,0.0
2022-01-23 02:00:00,0.0,6.708570231051438,0.0,10.811648311508154,6.728570247051438,54.27990726267204,0.0,12.8,0.0,54.27990726267204,0.0,0.0,0.0,0.0,26.28608501938124,26.28608501938124,0.0
2022-01-23 03:00:00,0.0,10.442282066731735,0.0,15.127894275198226,11.545275285231991,58.596153226362105,0.0,11.1,0.0,58.596153226362105,0.0,0.0,0.0,0.0,28.99399563841973,28.99399563841973,0.0
2022-01-23 04:00:00,0.0,12.994122651302119,0.0,14.6407718710445,13.01412266730212,58.10903082220838,0.0,11.1,0.0,58.10903082220838,0.0,0.0,0.0,0.0,29.16051590005272,29.16051590005272,0.0
2022-01-23 05:00:00,0.0,17.207447106905033,0.0,17.570535790847362,18.31056973008119,65.24625409664135,0.0,11.1,0.0,65.24625409664135,0.0,0.0,0.0,0.0,32.87458380096008,32.87458380096008,0.0
2022-01-23 06:00:00,0.0,147.93145563855006,0.0,40.83459746264813,147.95145565455005,85.54214672724213,0.0,11.1,0.0,85.54214672724213,0.0,0.0,0.0,0.0,64.46417501024527,64.46417501024527,0.0
2022-01-23 07:00:00,0.0,113.46333039264591,0.0,40.83459746264813,114.5668689872863,98.76960946899328,26.775778566796898,11.436743080212402,1.7347308766090417,97.03487859238425,1.734730876609035,0.0,1.7563407266013527,99.99999999999962,64.47312339255711,63.70305033546722,0.7700730570898955
2022-01-23 08:00:00,0.0,26.790715414454922,0.0,40.83459746264813,28.979403636476277,186.98067465638707,56.64768644003903,14.57024020125122,7.678758567280927,179.30191608910613,7.678758567280937,0.0,4.106712408323551,100.00000000000013,82.99516995902495,79.80107515158593,3.194094807439015
2022-01-23 09:00:00,0.0,6.188989742580917,0.0,40.83459746264813,8.377935653278419,178.6320965489585,76.9118173699219,17.40349429281006,14.012220664673396,164.61987588428508,14.012220664673407,0.0,7.844178585696112,100.00000000000007,70.17552185771197,64.78915417310819,5.386367684603783
2022-01-23 10:00:00,0.0,0.7860737483482849,0.0,40.83459746264813,2.975120151411969,176.70550160109036,90.25745579296874,19.52054549353027,19.149853730305306,157.55564787078507,19.149853730305296,0.0,10.837157619198388,99.99999999999994,67.58392361531615,60.31779886515777,7.266124750158383
2022-01-23 11:00:00,0.0,0.0,0.0,40.83459746264813,2.1897808943041874,178.6320965489585,99.15473127656247,20.89858535239258,22.99589795798977,155.63619859096872,22.99589795798977,0.0,12.873329262911708,100.0,67.6823022453871,59.02009242308173,8.662209822305378
2022-01-23 12:00:00,0.0,0.0,0.0,40.83459746264813,3.27553544305837,178.08774760651295,99.27523210429685,20.902351003259277,23.051508483254523,155.03623912325844,23.05150848325451,0.0,12.94390478461612,99.99999999999993,66.75025018753172,58.18649952846027,8.563750659071452
2022-01-23 13:00:00,0.0,0.0,0.0,40.83459746264813,2.190211266646414,180.23759233884863,93.78399427031242,20.730749820947263,20.584793774888066,159.65279856396057,20.584793774888055,0.0,11.420921411438087,99.99999999999994,67.2561868875421,59.61994886484076,7.636238022701342
2022-01-23 14:00:00,0.0,0.0,0.0,40.83459746264813,2.1883809829990715,176.70550160109036,146.8746463287887,22.389832697774647,42.708414443463354,133.997087157627,42.70841444346337,0.0,24.16926131698881,100.00000000000003,66.50838232628041,50.529029062258594,15.979353264021817
2022-01-23 15:00:00,0.0,0.0,0.0,40.83459746264813,1.1041580823877202,176.70550160109036,130.87654652544893,21.88989207892028,38.12618741943417,138.5793141816562,38.12618741943416,0.0,21.576117932934185,99.99999999999997,66.93605443717517,52.53674660354038,14.399307833634793
2022-01-23 16:00:00,0.0,0.0,0.0,40.83459746264813,3.2741808583353236,182.56356306409253,57.73903752295813,18.50434492259244,7.865673209796705,174.69788985429582,7.865673209796711,0.0,4.308457327290063,100.00000000000009,75.99009480053466,72.74149310815652,3.248601692378145
2022-01-23 17:00:00,0.0,0.0,0.0,40.83459746264813,1.1038529220048998,180.35132106710464,0.0,15.0,0.0,180.35132106710464,0.0,0.0,0.0,0.0,79.82926796648879,79.82926796648879,0.0
2022-01-23 18:00:00,0.0,0.5095614207661942,0.0,40.83459746264811,1.6131787639602102,136.74485312545113,0.0,15.0,0.0,136.74485312545113,0.0,0.0,0.0,0.0,59.44559324229862,59.44559324229862,0.0
2022-01-23 19:00:00,0.0,5.806431500779499,0.0,40.83459746264811,6.909760055738658,134.17605986162698,0.0,15.0,0.0,134.17605986162698,0.0,0.0,0.0,0.0,58.32998070790612,58.32998070790612,0.0
2022-01-23 20:00:00,0.0,19.82309597781063,0.0,40.83459746264811,20.926565403615243,111.9853861309906,0.0,13.9,0.0,111.9853861309906,0.0,0.0,0.0,0.0,51.66846583061541,51.66846583061541,0.0
2022-01-23 21:00:00,0.0,27.763042211472232,0.0,40.83459746264811,27.78304222747223,110.70098949907849,0.0,13.9,0.0,110.70098949907849,0.0,0.0,0.0,0.0,52.94030475113832,52.94030475113832,0.0
2022-01-23 22:00:00,0.0,0.0,0.0,0.0,1.1030302043152294,47.675718305793986,0.0,13.3,0.0,47.675718305793986,0.0,0.0,0.0,0.0,21.42311569903426,21.42311569903426,0.0
2022-01-23 23:00:00,0.0,0.0,0.0,0.0,0.020000016,43.46825895116388,0.0,13.3,0.0,43.46825895116388,0.0,0.0,0.0,0.0,19.433260738449118,19.433260738449118,0.0
2022-01-24 00:00:00,0.0,0.0,0.0,0.0,1.103008323392679,43.46825895116388,0.0,12.8,0.0,43.46825895116388,0.0,0.0,0.0,0.0,19.97708961076927,19.97708961076927,0.0
2022-01-24 01:00:00,0.0,0.0,0.0,1.4499918803135856,0.020000016,44.91825083147747,0.0,11.7,0.0,44.91825083147747,0.0,0.0,0.0,0.0,21.029385042869418,21.029385042869418,0.0
2022-01-24 02:00:00,0.0,0.08588349461627652,0.0,4.044744613859881,1.188881464337833,47.51300356502376,0.0,11.1,0.0,47.51300356502376,0.0,0.0,0.0,0.0,22.222081851307813,22.222081851307813,0.0
2022-01-24 03:00:00,0.0,0.4708595921498636,0.0,5.520136355995695,0.4908596081498636,48.988395307159564,0.0,11.1,0.0,48.988395307159564,0.0,0.0,0.0,0.0,22.50155009665182,22.50155009665182,0.0
2022-01-24 04:00:00,0.0,2.677388277972619,0.0,5.523331449417355,3.7804519849685176,48.99159040058124,0.0,10.0,0.0,48.99159040058124,0.0,0.0,0.0,0.0,23.340752253419897,23.340752253419897,0.0
2022-01-24 05:00:00,0.0,3.2977634777792035,0.0,6.279096456100296,3.3177634937792035,53.954814761894276,0.0,10.0,0.0,53.954814761894276,0.0,0.0,0.0,0.0,25.113892970650873,25.113892970650873,0.0
2022-01-24 06:00:00,0.0,96.7353735974739,0.0,40.83459746264813,97.83846215690082,85.54214672724213,0.0,9.4,0.0,85.54214672724213,0.0,0.0,0.0,0.0,55.77406872917247,55.77406872917247,0.0
2022-01-24 07:00:00,0.0,61.04873307382792,0.0,40.83459746264813,62.15234496755337,98.76960946899328,29.46461644951172,12.62076926404724,2.0918666980816445,96.67774277091164,2.0918666980816454,0.0,2.1179254523005326,100.00000000000004,53.90050997626759,52.99594497868313,0.9045649975844654
2022-01-24 08:00:00,0.0,8.837753598107808,0.0,40.83459746264813,9.94209462188138,186.98067465638707,74.12202397617187,17.91631324925537,12.990118249400226,173.99055640698685,12.990118249400211,0.0,6.9473052620395395,99.99999999999989,78.46243880007454,73.13577586131673,5.326662938757806
2022-01-24 09:00:00,0.0,1.6964611371533058,0.0,40.83459746264813,3.885395481081886,178.6320965489585,117.25335103710933,21.46416721990967,32.09060094106571,146.54149560789278,32.0906009410657,0.0,17.96463321039872,99.99999999999997,67.6330136422678,55.608665469650475,12.024348172617323
2022-01-24 10:00:00,0.0,0.08043514073009637,0.0,40.83459746264813,2.269479239465119,176.70550160109036,141.7644834890625,24.430140109033204,40.91425669254167,135.7912449085487,40.91425669254167,0.0,23.153923517845474,100.0,65.19680931142503,50.195801666388085,15.001007645036943
2022-01-24 11:00:00,0.0,0.0,0.0,40.83459746264813,2.18977242374083,178.6320965489585,160.26994811953136,26.108435878735357,45.968442325819204,132.66365422313928,45.96844232581921,0.0,25.733584956956733,100.00000000000003,65.91384296442396,49.05330784594836,16.860535118475603
2022-01-24 12:00:00,0.0,0.0,0.0,40.83459746264813,3.275733809723683,178.08774760651295,206.55600608671907,28.65487519020997,58.68366950165437,119.40407810485857,58.68366950165438,0.0,32.952109446247064,100.00000000000003,66.13143098059933,44.53408009390547,21.59735088669386
2022-01-24 13:00:00,0.0,0.0,0.10900199079354869,40.83459746264813,3.275223403169436,180.34659432964213,201.13168262343723,29.085365081982413,57.05032496171837,123.29626936792377,57.05032496171836,0.0,31.633713502479736,99.99999999999999,66.5658999336759,45.695179552930476,20.870720380745418
2022-01-24 14:00:00,0.0,0.0,0.017277184506429663,40.83459746264813,1.1041746178043923,176.72277878559677,169.78143150820176,26.405669734631307,48.64273978033152,128.08003900526526,48.64273978033151,0.0,27.524883953610612,99.99999999999999,64.72029363181339,46.960829338014356,17.759464293799034
2022-01-24 15:00:00,0.0,0.0,0.0,40.83459746264813,2.1884625626887977,176.70550160109036,133.47738383516565,24.17116824484893,38.559374186151985,138.14612741493838,38.559374186151985,0.0,21.821264101442132,100.0,66.94220902116801,52.42055590579224,14.52165311537577
2022-01-24 16:00:00,0.0,0.0,0.0,40.83459746264813,2.18936239982178,182.56356306409253,44.36747502448278,19.68648359451509,4.624526677585967,177.93903638650656,4.624526677585976,0.0,2.5331049635366973,100.0000000000002,78.2009605490234,76.23003352430304,1.9709270247203676
2022-01-24 17:00:00,0.0,0.7186905695655715,0.0,40.83459746264813,1.8225453096710797,180.35132106710464,0.0,16.7,0.0,180.35132106710464,0.0,0.0,0.0,0.0,84.51434319866514,84.51434319866514,0.0
2022-01-24 18:00:00,0.0,4.452202097799017,0.0,40.83459746264813,6.6394620977782095,136.74485312545113,0.0,17.2,0.0,136.74485312545113,0.0,0.0,0.0,0.0,65.3383461557675,65.3383461557675,0.0
2022-01-24 19:00:00,0.0,8.037625182872302,0.0,40.83459746264813,9.141030987445141,134.17605986162698,0.0,17.2,0.0,134.17605986162698,0.0,0.0,0.0,0.0,62.465841709113846,62.465841709113846,0.0
2022-01-24 20:00:00,0.0,19.629699256372707,0.0,40.83459746264811,19.649699272372708,111.9853861309906,0.0,16.7,0.0,111.9853861309906,0.0,0.0,0.0,0.0,53.78577924822012,53.78577924822012,0.0
2022-01-24 21:00:00,0.0,26.206076588288443,0.0,40.83459746264811,27.309161947969358,110.70098949907849,0.0,15.6,0.0,110.70098949907849,0.0,0.0,0.0,0.0,55.54778398013753,55.54778398013753,0.0
2022-01-24 22:00:00,0.0,0.0,0.0,0.0,0.020000016,47.675718305793986,0.0,15.6,0.0,47.675718305793986,0.0,0.0,0.0,0.0,21.425493138914007,21.425493138914007,0.0
2022-01-24 23:00:00,0.0,0.0,0.0,0.0,1.102869468648917,43.46825895116388,0.0,15.6,0.0,43.46825895116388,0.0,0.0,0.0,0.0,20.248523887065172,20.248523887065172,0.0
2022-01-25 00:00:00,0.0,0.0,0.0,0.0,0.020000016,43.46825895116388,0.0,14.4,0.0,43.46825895116388,0.0,0.0,0.0,0.0,20.019430210405563,20.019430210405563,0.0
2022-01-25 01:00:00,0.0,0.0,0.0,0.0,1.1029650881027402,43.46825895116388,0.0,14.4,0.0,43.46825895116388,0.0,0.0,0.0,0.0,19.81081573574921,19.81081573574921,0.0
2022-01-25 02:00:00,0.0,0.05976896618321309,0.0,2.8194344895744607,0.07976898218321309,46.287693440738344,0.0,14.4,0.0,46.287693440738344,0.0,0.0,0.0,0.0,20.920662057719575,20.920662057719575,0.0
2022-01-25 03:00:00,0.0,1.2113746096350135,0.0,6.556904391954251,2.314380912577887,50.02516334311814,0.0,12.8,0.0,50.02516334311814,0.0,0.0,0.0,0.0,23.16339713966424,23.16339713966424,0.0
2022-01-25 04:00:00,0.0,2.208242436930216,0.0,5.863128753960912,2.228242452930216,49.33138770512479,0.0,12.8,0.0,49.33138770512479,0.0,0.0,0.0,0.0,22.923934347052604,22.923934347052604,0.0
2022-01-25 05:00:00,0.0,5.520509653357269,0.0,10.484061873241991,6.623710872948366,58.15978017903599,0.0,13.9,0.0,58.15978017903599,0.0,0.0,0.0,0.0,27.14233260594097,27.14233260594097,0.0
2022-01-25 06:00:00,0.0,102.98534602584544,0.0,40.83459746264813,103.00534604184544,85.54214672724213,0.0,13.9,0.0,85.54214672724213,0.0,0.0,0.0,0.0,56.33867563508683,56.33867563508683,0.0
2022-01-25 07:00:00,0.0,72.03176408757284,0.0,40.83459746264813,73.13531139301944,98.76960946899328,16.506174528808625,14.41581795402527,0.6523165204262055,98.11729294856707,0.6523165204262114,0.0,0.6604425429372512,100.00000000000091,56.256285233660606,55.97171215162467,0.28457308203593357
2022-01-25 08:00:00,0.0,14.443902980009966,0.0,40.83459746264813,16.632673466475264,186.98067465638707,82.61410340390623,16.98169073137207,16.191533050086004,170.78914160630106,16.191533050086008,0.0,8.65946872843467,100.00000000000003,77.08955169158078,70.67333288982319,6.416218801757594
2022-01-25 09:00:00,0.0,4.143582277749961,0.0,40.83459746264813,6.33244553294104,178.6320965489585,105.70079790703159,18.303149934594735,26.379644940707735,152.25245160825074,26.37964494070775,0.0,14.767584017846291,100.00000000000004,65.57632930771305,56.06066378470096,9.515665523012096
2022-01-25 10:00:00,0.0,0.6698323899011894,0.0,40.83459746264813,2.8588792846763735,176.70550160109036,155.80138720781275,22.06879335024415,45.35744418375675,131.34805741733362,45.35744418375674,0.0,25.668382575971172,99.99999999999999,62.62672621189676,46.68358458130626,15.943141630590496
2022-01-25 11:00:00,0.0,0.0,0.0,40.83459746264813,2.18965252281312,178.6320965489585,184.1983622015621,24.656198818798813,53.11661022006133,125.51548632889715,53.11661022006133,0.0,29.735199466521085,100.0,61.83297113055133,43.56404421146343,18.268926919087896
2022-01-25 12:00:00,0.0,0.0,0.0,40.83459746264813,3.275834361741848,178.08774760651295,196.42541768437493,26.138294302636716,56.33226285959671,121.75548474691624,56.33226285959671,0.0,31.631745370862646,100.0,62.50291122754915,42.918718383096056,19.584192844453092
2022-01-25 13:00:00,0.0,0.0,0.0,40.83459746264813,2.1901589157678485,180.23759233884863,172.41923453906261,26.488101079345707,49.38333083069694,130.8542615081517,49.383330830696934,0.0,27.39901825688824,99.99999999999999,64.58775990716808,46.99939279850705,17.588367108661025
2022-01-25 14:00:00,0.0,0.0,0.0,40.83459746264813,2.1884770660413917,176.70550160109036,126.08669297813967,23.340209155566864,36.53597372284701,140.16952787824334,36.53597372284702,0.0,20.676194794051376,100.00000000000003,65.41724315368523,51.97291822302061,13.44432493066462
2022-01-25 15:00:00,0.0,0.0,0.0,40.83459746264813,2.188364002307407,176.70550160109036,88.83949081103621,21.07623408784488,18.448213868276806,158.25728773281355,18.44821386827681,0.0,10.440090263812689,100.00000000000003,68.03599833024127,60.974114302534254,7.061884027707016
2022-01-25 16:00:00,0.0,0.0,0.0,40.83459746264813,2.189538719292972,182.56356306409253,31.65526549358717,18.7892270466746,2.361791084917149,180.2017719791754,2.3617910849171437,0.0,1.2936815240004875,99.99999999999977,75.63597423436671,74.66258565662896,0.9733885777377509
2022-01-25 17:00:00,0.0,0.0,0.0,40.83459746264813,1.1038562425967289,180.35132106710464,0.0,16.7,0.0,180.35132106710464,0.0,0.0,0.0,0.0,80.7445515187783,80.7445515187783,0.0
2022-01-25 18:00:00,0.0,1.7684296368423935,0.0,40.83459746264811,2.8720517889891344,136.74485312545113,0.0,17.2,0.0,136.74485312545113,0.0,0.0,0.0,0.0,61.198326412654524,61.198326412654524,0.0
2022-01-25 19:00:00,0.0,4.527437301583572,0.0,40.83459746264811,5.630841928452974,134.17605986162698,0.0,16.7,0.0,134.17605986162698,0.0,0.0,0.0,0.0,60.50615860308621,60.50615860308621,0.0
2022-01-25 20:00:00,0.0,16.152273864027208,0.0,40.83459746264813,17.255739085072474,111.9853861309906,0.0,16.7,0.0,111.9853861309906,0.0,0.0,0.0,0.0,52.4151883354806,52.4151883354806,0.0
2022-01-25 21:00:00,0.0,25.28611676505996,0.0,40.83459746264813,26.389205999504014,110.70098949907849,0.0,16.7,0.0,110.70098949907849,0.0,0.0,0.0,0.0,53.56830981770551,53.56830981770551,0.0
2022-01-25 22:00:00,0.0,0.0,0.0,0.0,0.020000016,47.675718305793986,0.0,16.1,0.0,47.675718305793986,0.0,0.0,0.0,0.0,21.287948691601798,21.287948691601798,0.0
2022-01-25 23:00:00,0.0,0.0,0.0,0.0,1.10297524286864,43.46825895116388,0.0,15.6,0.0,43.46825895116388,0.0,0.0,0.0,0.0,19.818424509435474,19.818424509435474,0.0
2022-01-26 00:00:00,0.0,0.0,0.0,0.0,0.020000016,43.46825895116388,0.0,15.0,0.0,43.46825895116388,0.0,0.0,0.0,0.0,19.848165270137972,19.848165270137972,0.0
2022-01-26 01:00:00,0.0,0.0,0.0,0.43194995404188496,0.020000016,43.900208905205766,0.0,15.0,0.0,43.900208905205766,0.0,0.0,0.0,0.0,20.34981133141432,20.34981133141432,0.0
2022-01-26 02:00:00,0.0,0.04021764558168552,0.0,3.965055344121197,1.1431025460599074,47.43331429528508,0.0,15.0,0.0,47.43331429528508,0.0,0.0,0.0,0.0,22.0514661520601,22.0514661520601,0.0
2022-01-26 03:00:00,0.0,0.34552046171427586,0.0,4.509111486189647,0.36552047771427587,47.97737043735352,0.0,14.4,0.0,47.97737043735352,0.0,0.0,0.0,0.0,21.62372385884856,21.62372385884856,0.0
2022-01-26 04:00:00,0.0,0.8368884393559416,0.0,6.168931085839707,1.9399253045033227,49.637190037003585,0.0,13.3,0.0,49.637190037003585,0.0,0.0,0.0,0.0,21.786097615710577,21.786097615710577,0.0
2022-01-26 05:00:00,0.0,1.4749035922760043,0.0,5.633496819677945,1.4949036082760043,53.30921512547192,0.0,12.8,0.0,53.30921512547192,0.0,0.0,0.0,0.0,23.20971255867786,23.20971255867786,0.0
2022-01-26 06:00:00,0.0,84.81596901992707,0.0,40.83459746264813,85.91896036161896,85.54214672724213,0.0,12.2,0.0,85.54214672724213,0.0,0.0,0.0,0.0,52.28280723759025,52.28280723759025,0.0
2022-01-26 07:00:00,0.0,63.58796944750894,0.0,40.83459746264813,64.69153069426581,98.76960946899328,23.251885062011745,14.026621408187868,1.2962335490888601,97.47337591990443,1.2962335490888535,0.0,1.312380960153315,99.99999999999949,53.069735710403805,52.52612128458692,0.5436144258168838
2022-01-26 08:00:00,0.0,10.268721540449373,0.0,40.83459746264813,12.457243379991455,186.98067465638707,43.37590114687495,16.355496910839843,4.473554556377274,182.5071201000098,4.47355455637728,0.0,2.392522416874523,100.00000000000013,73.56951488710936,71.86301039826091,1.7065044888484522
2022-01-26 09:00:00,0.0,1.7956551965096306,0.0,40.83459746264813,2.8999987272516483,178.6320965489585,57.044294922656185,18.482634216333004,7.678127480085694,170.9539690688728,7.678127480085692,0.0,4.2982910845371585,99.99999999999997,61.80813881627681,59.17388844977161,2.6342503665051993
2022-01-26 10:00:00,0.0,0.04530114875710733,0.0,40.83459746264813,2.2342290005946777,176.70550160109036,67.76227333476567,20.417571041711426,10.758708489607862,165.9467931114825,10.75870848960787,0.0,6.08849661845587,100.00000000000007,60.04214770217094,56.410975999843394,3.631171702327549
2022-01-26 11:00:00,0.0,0.0,0.0,40.83459746264813,3.2740903390529676,178.6320965489585,92.8048735195313,21.80015229748535,20.07870241800622,158.55339413095226,20.07870241800623,0.0,11.240254582413844,100.00000000000004,60.17491660675286,53.47736423469061,6.697552372062248
2022-01-26 12:00:00,0.0,0.0,0.0,40.83459746264813,2.1903939122544753,178.08774760651295,79.82911905117184,21.894659970349117,14.851374094010541,163.2363735125024,14.851374094010538,0.0,8.339357588386614,99.99999999999997,58.33968220844764,53.50741636260896,4.832265845838684
2022-01-26 13:00:00,0.0,0.0,0.0,40.83459746264813,3.2752873817510113,180.23759233884863,68.86120790742189,21.051912747106932,11.084854501853158,169.15273783699547,11.084854501853158,0.0,6.150134585138883,100.0,58.26754877378798,54.720284484649945,3.5472642891380346
2022-01-26 14:00:00,0.0,0.0,0.0,40.83459746264813,2.188405384993327,176.70550160109036,135.92837216379732,23.147761630118666,39.41565915621984,137.28984244487052,39.415659156219846,0.0,22.305847185901445,100.00000000000003,58.359612513535296,45.42989676222472,12.929715751310574
2022-01-26 15:00:00,0.0,0.0,0.0,40.83459746264813,1.1041668993685203,176.70550160109036,134.94950853858555,21.417172141830797,39.3806769740776,137.32482462701276,39.3806769740776,0.0,22.286050302485094,100.0,61.60220045884733,47.9178090171251,13.684391441722227
2022-01-26 16:00:00,0.0,0.0,0.0,40.83459746264813,2.1891612753674186,182.56356306409253,71.72665956183845,18.94145811130745,12.119133787795308,170.44442927629723,12.119133787795306,0.0,6.638309191818657,99.99999999999999,71.4159495152051,66.70130349340803,4.714646021797066
2022-01-26 17:00:00,0.0,1.243327433496037,0.0,40.83459746264813,3.4311047158229977,180.35132106710464,0.0,15.6,0.0,180.35132106710464,0.0,0.0,0.0,0.0,75.43381209983148,75.43381209983148,0.0
2022-01-26 18:00:00,0.0,13.149890764297547,0.0,40.83459746264811,14.253522332784677,136.74485312545113,0.0,15.0,0.0,136.74485312545113,0.0,0.0,0.0,0.0,59.501439645941694,59.501439645941694,0.0
2022-01-26 19:00:00,0.0,21.307518470554996,0.0,40.83459746264811,22.4109113816504,134.17605986162698,0.0,14.4,0.0,134.17605986162698,0.0,0.0,0.0,0.0,61.52886464538992,61.52886464538992,0.0
2022-01-26 20:00:00,0.0,36.21187115875291,0.0,40.83459746264811,37.31529425541158,111.9853861309906,0.0,14.4,0.0,111.9853861309906,0.0,0.0,0.0,0.0,55.15399346599087,55.15399346599087,0.0
2022-01-26 21:00:00,0.0,42.26649683584535,0.0,40.83459746264813,42.28649685184535,110.70098949907849,0.0,14.4,0.0,110.70098949907849,0.0,0.0,0.0,0.0,56.20700762020317,56.20700762020317,0.0
2022-01-26 22:00:00,0.0,0.0,0.0,0.0,1.1029777935367082,47.675718305793986,0.0,14.4,0.0,47.675718305793986,0.0,0.0,0.0,0.0,21.846466641007332,21.846466641007332,0.0
2022-01-26 23:00:00,0.0,0.0,0.0,0.0,0.020000016,43.46825895116388,0.0,12.8,0.0,43.46825895116388,0.0,0.0,0.0,0.0,20.683190524589833,20.683190524589833,0.0
2022-01-27 00:00:00,0.0,0.0,0.0,1.7629252661194177,1.1028902129994107,45.2311842172833,0.0,12.2,0.0,45.2311842172833,0.0,0.0,0.0,0.0,21.790360093458418,21.790360093458418,0.0
2022-01-27 01:00:00,0.0,0.16143329693858519,0.0,5.2455235135634,0.1814333129385852,48.71378246472728,0.0,11.7,0.0,48.71378246472728,0.0,0.0,0.0,0.0,23.428191878551267,23.428191878551267,0.0
2022-01-27 02:00:00,0.0,1.2493819384689506,0.0,6.556904391954251,1.2693819544689506,50.02516334311814,0.0,11.1,0.0,50.02516334311814,0.0,0.0,0.0,0.0,24.53052697284353,24.53052697284353,0.0
2022-01-27 03:00:00,0.0,2.1237742724348383,0.0,5.2455235135634,3.2268165459095477,48.71378246472728,0.0,11.1,0.0,48.71378246472728,0.0,0.0,0.0,0.0,24.65582808726009,24.65582808726009,0.0
2022-01-27 04:00:00,0.0,4.046630882258298,0.0,6.556904391954251,4.066630898258298,50.02516334311814,0.0,11.1,0.0,50.02516334311814,0.0,0.0,0.0,0.0,25.46914159882662,25.46914159882662,0.0
2022-01-27 05:00:00,0.0,3.3924808206114934,0.0,5.2455235135634,4.495652170652883,52.921241819357384,0.0,11.1,0.0,52.921241819357384,0.0,0.0,0.0,0.0,26.303723069104556,26.303723069104556,0.0
2022-01-27 06:00:00,0.0,97.89412607705489,0.0,40.83459746264813,97.91412609305489,85.54214672724213,0.0,11.1,0.0,85.54214672724213,0.0,0.0,0.0,0.0,56.88220381958571,56.88220381958571,0.0
2022-01-27 07:00:00,0.0,97.62120966003329,0.0,40.83459746264811,98.72481022850748,98.76960946899328,27.005959879980487,12.54393624624939,1.7578009587935508,97.01180851019973,1.7578009587935526,0.0,1.779698196888567,100.00000000000011,62.230656491060785,61.43948785751739,0.7911686335433927
2022-01-27 08:00:00,0.0,38.97270047544064,0.0,40.83459746264813,41.16103772831307,186.98067465638707,62.59605797285156,15.256126811651612,9.353155075896382,177.62751958049068,9.353155075896382,0.0,5.002204154565493,100.0,81.3460253576804,77.64764754334483,3.698377814335572
2022-01-27 09:00:00,0.0,25.96018106378276,0.0,40.83459746264811,28.149084318504148,178.6320965489585,93.33606645000003,18.5167520765625,20.553052776119486,158.079043772839,20.5530527761195,0.0,11.505800566185727,100.00000000000007,69.49459939036164,62.0818326108625,7.412766779499144
2022-01-27 10:00:00,0.0,15.403585991492593,0.0,40.83459746264811,17.59245565331221,176.70550160109036,140.22009431718777,21.581877947412117,40.89411794436867,135.8113836567217,40.89411794436867,0.0,23.142526731672703,100.0,63.63085040854049,49.638110071515854,13.992740337024635
2022-01-27 11:00:00,0.0,8.0631058771522,0.0,40.83459746264813,10.252755985498366,178.6320965489585,239.44352617968772,25.782610193115243,68.7600517495427,109.87204479941579,68.7600517495427,0.0,38.492551494348795,100.0,60.473067048386966,37.90601806418705,22.567048984199914
2022-01-27 12:00:00,0.0,7.17875668708087,0.0,40.83459746264813,10.454336809039896,178.08774760651295,219.66490229062478,25.164528196582026,63.22497993526686,114.86276767124609,63.22497993526686,0.0,35.50215036407964,100.0,59.87658267983622,39.287367963916566,20.589214715919653
2022-01-27 13:00:00,0.0,1.4307991867066563,0.0,40.83459746264813,3.620923249609337,180.23759233884863,222.95758397343707,25.26742449916991,64.14824850871254,116.08934383013609,64.14824850871254,0.0,35.59093731573663,100.0,60.737754888576205,39.35265328322671,21.385101605349497
2022-01-27 14:00:00,0.0,0.9344700597566015,0.0,40.83459746264813,3.1229758749294403,176.70550160109036,184.15268496528472,24.654771405165146,53.1037185477545,123.60178305333586,53.1037185477545,0.0,30.05210254722868,100.0,61.806652899477086,43.40143508801086,18.40521781146623
2022-01-27 15:00:00,0.0,1.602780412611015,0.0,40.83459746264813,3.791086639901362,176.70550160109036,126.62401448450335,22.25700045264073,36.83783060865845,139.8676709924319,36.837830608658464,0.0,20.84701963146526,100.00000000000004,65.54675871968394,52.02451204901063,13.522246670673304
2022-01-27 16:00:00,0.0,7.773064321713029,0.0,40.83459746264813,9.962374206945913,182.56356306409253,46.90478829136845,17.565774634105267,5.2083656906274785,177.35519737346505,5.208365690627488,0.0,2.8529053679780496,100.00000000000017,73.79679887401679,71.74261944563331,2.0541794283834776
2022-01-27 17:00:00,0.0,19.66937926353941,0.0,40.83459746264811,20.773234672730528,180.35132106710464,0.0,16.1,0.0,180.35132106710464,0.0,0.0,0.0,0.0,81.28949405099732,81.28949405099732,0.0
2022-01-27 18:00:00,0.0,33.14012729941885,0.0,40.83459746264813,34.243756070995225,136.74485312545113,0.0,15.6,0.0,136.74485312545113,0.0,0.0,0.0,0.0,63.48425882179808,63.48425882179808,0.0
2022-01-27 19:00:00,0.0,39.049935428883636,0.0,40.83459746264811,40.15334788969041,134.17605986162698,0.0,15.6,0.0,134.17605986162698,0.0,0.0,0.0,0.0,63.08980415727321,63.08980415727321,0.0
2022-01-27 20:00:00,0.0,57.08421383272815,0.0,40.83459746264813,58.187669172353374,111.9853861309906,0.0,15.6,0.0,111.9853861309906,0.0,0.0,0.0,0.0,58.0279485898655,58.0279485898655,0.0
2022-01-27 21:00:00,0.0,63.0147811018993,0.0,40.83459746264813,64.117881788369,110.70098949907849,0.0,15.0,0.0,110.70098949907849,0.0,0.0,0.0,0.0,59.44089478985232,59.44089478985232,0.0
2022-01-27 22:00:00,0.0,0.0,0.0,0.0,0.020000016,47.675718305793986,0.0,15.0,0.0,47.675718305793986,0.0,0.0,0.0,0.0,21.29152437047473,21.29152437047473,0.0
2022-01-27 23:00:00,0.0,0.0,0.0,0.30828403637586105,1.1028960533952263,43.77654298753974,0.0,15.0,0.0,43.77654298753974,0.0,0.0,0.0,0.0,19.80324501996552,19.80324501996552,0.0
2022-01-28 00:00:00,0.0,0.15019983099548023,0.0,6.080684823980784,0.17019984699548024,44.18810746302865,0.0,15.0,0.0,44.18810746302865,0.0,0.0,0.0,0.0,19.934293797506005,19.934293797506005,0.0
2022-01-28 01:00:00,0.0,0.9248093492231291,0.0,5.582839113609891,2.027864594524077,43.69026175265776,0.0,15.0,0.0,43.69026175265776,0.0,0.0,0.0,0.0,20.352538806621013,20.352538806621013,0.0
2022-01-28 02:00:00,0.0,2.7947051138662125,0.0,6.219588791907761,2.8147051298662125,44.32701143095562,0.0,15.0,0.0,44.32701143095562,0.0,0.0,0.0,0.0,20.978554148462102,20.978554148462102,0.0
2022-01-28 03:00:00,0.0,3.7480780639005133,0.0,5.582839113609891,3.7680780799005134,43.69026175265776,0.0,15.0,0.0,43.69026175265776,0.0,0.0,0.0,0.0,20.85832056833366,20.85832056833366,0.0
2022-01-28 04:00:00,0.0,5.2220406333081435,0.0,7.768571204338032,6.325026355137875,45.875993843385906,0.0,14.4,0.0,45.875993843385906,0.0,0.0,0.0,0.0,21.938999223128057,21.938999223128057,0.0
2022-01-28 05:00:00,0.0,5.1049389696659,0.0,7.596089849739229,6.208140457595628,45.70351248878709,0.0,14.4,0.0,45.70351248878709,0.0,0.0,0.0,0.0,21.44670061529259,21.44670061529259,0.0
2022-01-28 06:00:00,0.0,113.61772831696112,0.0,40.83459746264813,113.63772833296113,82.57397768604213,0.0,14.4,0.0,82.57397768604213,0.0,0.0,0.0,0.0,56.837660175354756,56.837660175354756,0.0
2022-01-28 07:00:00,0.0,120.7035479230836,0.0,40.83459746264813,121.80655344381168,75.83888804889047,17.260163459472697,14.939380108108523,0.7119425725271716,75.12694547636329,0.7119425725271782,0.0,0.9387566073861944,100.00000000000091,53.99258950670388,53.691612224455156,0.30097728224872355
2022-01-28 08:00:00,0.0,40.08359915666757,0.0,40.83459746264813,41.187034451159704,114.21720088209123,82.15408428046884,16.96731513376465,16.012543962373062,98.20465691971818,16.01254396237306,0.0,14.019380477466909,99.99999999999997,53.44812999464413,46.99467446420873,6.453455530435399
2022-01-28 09:00:00,0.0,21.63108505632557,0.0,40.83459746264813,22.734788730058984,116.46489498793738,165.83002394062484,20.78218824814453,48.50436997112764,67.96052501680975,48.50436997112763,0.0,41.64720191105772,99.99999999999999,48.53350043070802,30.02544545897499,18.508054971733028
2022-01-28 10:00:00,0.0,9.723528265304935,0.0,40.83459746264813,10.827165087840841,115.50159751400331,180.0142217156249,22.825444428613277,52.26122596378722,63.24037155021609,52.26122596378722,0.0,45.2471888602676,100.0,46.1420792905879,26.146150318453454,19.995928972134447
2022-01-28 11:00:00,0.0,5.40361187285177,0.0,40.83459746264813,6.507337313656699,117.74929161984949,210.30018802031427,23.77188087563482,60.841670586205254,56.90762103364423,60.841670586205254,0.0,51.67051941393499,100.0,46.493939869054245,23.075676652070914,23.41826321698333
2022-01-28 12:00:00,0.0,3.1664833335066493,0.0,40.83459746264813,4.27008572027114,116.46489498793738,104.92860332109345,19.37901885378417,25.894642058899358,90.57025292903802,25.894642058899365,0.0,22.23386030750412,100.00000000000003,45.581028346754096,35.61754692175139,9.963481425002705
2022-01-28 13:00:00,0.0,2.681955353308852,0.0,40.83459746264813,3.7855853678027103,113.89610172411322,150.52765542890657,20.80398923215333,44.02501441405881,69.8710873100544,44.025014414058816,0.0,38.65366219530424,100.00000000000003,43.74628175554,27.100203680512287,16.64607807502771
2022-01-28 14:00:00,0.0,5.6628128705413525,0.0,40.83459746264813,6.7661850933944665,74.79713598363837,185.88573987236103,21.408929371011283,54.24641179468816,20.550724188950213,54.24641179468816,0.0,72.5247178000965,100.0,29.38236801133005,8.956424114158171,20.42594389717188
2022-01-28 15:00:00,0.0,5.361733364624044,0.0,40.83459746264813,6.465038597135703,73.51273935172627,51.570615383804395,17.211581730743887,6.304131976710873,67.20860737501539,6.304131976710877,0.0,8.575563953001895,100.00000000000007,28.487615402636276,26.144464108872494,2.343151293763782
2022-01-28 16:00:00,0.0,10.658829929612779,0.0,40.83459746264813,11.76209620984193,76.80200755090429,24.24501376882706,15.757656680275845,1.4006527558564597,75.40135479504784,1.4006527558564557,0.0,1.823718937201094,99.99999999999972,32.45033916564561,31.89715836298388,0.5531808026617284
2022-01-28 17:00:00,0.0,28.501937526386477,0.0,40.83459746264813,28.52193754238648,80.86861504956414,0.0,15.0,0.0,80.86861504956414,0.0,0.0,0.0,0.0,39.377988679408205,39.377988679408205,0.0
2022-01-28 18:00:00,0.0,0.0,0.0,0.0,1.1030567107357974,38.10742263904787,0.0,14.4,0.0,38.10742263904787,0.0,0.0,0.0,0.0,17.064379466264366,17.064379466264366,0.0
2022-01-28 19:00:00,0.0,0.0,0.0,0.0,0.020000016,38.10742263904787,0.0,14.4,0.0,38.10742263904787,0.0,0.0,0.0,0.0,16.82440790115205,16.82440790115205,0.0
2022-01-28 20:00:00,0.0,0.0,0.0,0.2778079358539544,1.1029269272370237,38.38523057490182,0.0,14.4,0.0,38.38523057490182,0.0,0.0,0.0,0.0,16.899804346975568,16.899804346975568,0.0
2022-01-28 21:00:00,0.0,0.30956157246171767,0.0,3.656771307745336,0.3295615884617176,41.7641939467932,0.0,13.9,0.0,41.7641939467932,0.0,0.0,0.0,0.0,18.934873975702164,18.934873975702164,0.0
2022-01-28 22:00:00,0.0,1.2318858277265232,0.0,5.4358074559840714,2.334805646072846,43.54323009503193,0.0,12.8,0.0,43.54323009503193,0.0,0.0,0.0,0.0,20.32834752290428,20.32834752290428,0.0
2022-01-28 23:00:00,0.0,3.3721828574493595,0.0,6.984255148459339,3.3921828734493595,45.09167778750721,0.0,12.8,0.0,45.09167778750721,0.0,0.0,0.0,0.0,21.59079431370402,21.59079431370402,0.0
2022-01-29 00:00:00,0.0,7.278845590124588,0.0,13.053344738193694,8.381868272199103,51.160767377241555,0.0,12.2,0.0,51.160767377241555,0.0,0.0,0.0,0.0,25.366959504503864,25.366959504503864,0.0
2022-01-29 01:00:00,0.0,10.945560237138896,0.0,14.823406959864778,10.965560253138896,52.930829598912645,0.0,12.2,0.0,52.930829598912645,0.0,0.0,0.0,0.0,26.797060167445153,26.797060167445153,0.0
2022-01-29 02:00:00,0.0,15.643203723910883,0.0,16.39753519422342,15.663203739910884,54.50495783327129,0.0,12.2,0.0,54.50495783327129,0.0,0.0,0.0,0.0,28.742724265257316,28.742724265257316,0.0
2022-01-29 03:00:00,0.0,18.535819874709357,0.0,16.06136384461936,19.638817974575286,54.16878648366721,0.0,11.7,0.0,54.16878648366721,0.0,0.0,0.0,0.0,28.98907754594806,28.98907754594806,0.0
2022-01-29 04:00:00,0.0,24.145102222906,0.0,16.521330882698873,24.165102238906,54.628753521746745,0.0,11.1,0.0,54.628753521746745,0.0,0.0,0.0,0.0,29.825963295065513,29.825963295065513,0.0
2022-01-29 05:00:00,0.0,29.76045577556985,0.0,16.06136384461936,30.86357597488056,54.16878648366721,0.0,11.1,0.0,54.16878648366721,0.0,0.0,0.0,0.0,30.279633786522123,30.279633786522123,0.0
2022-01-29 06:00:00,0.0,31.255786791940512,0.0,16.521330882698873,31.275786807940513,48.69241543934673,0.0,11.1,0.0,48.69241543934673,0.0,0.0,0.0,0.0,26.90956045148926,26.90956045148926,0.0
2022-01-29 07:00:00,0.0,21.66450226019721,0.0,16.06136384461936,22.76748040953657,36.35977223646723,35.581819672265574,12.211931864758299,3.0550369020975543,33.304735334369674,3.055036902097555,0.0,8.40224433263498,100.00000000000003,19.840530470447653,18.51791334442256,1.3226171260250936
2022-01-29 08:00:00,0.0,6.111272274859179,0.0,9.398503331148369,6.131272290859179,29.696911722996237,95.26284308320308,14.676963846350095,21.707438683165346,7.989473039830891,21.707438683165346,0.0,73.09661989652571,100.0,13.415980746263871,4.416293742610349,8.999687003653523
2022-01-29 09:00:00,0.0,2.678932351077808,0.0,3.435889620159134,2.698932367077808,23.734298012007,83.73598397226563,17.0167494991333,16.632177956603627,7.102120055403372,16.632177956603627,0.0,70.07655313078793,100.0,10.049560602811468,3.3477076560878194,6.7018529467236485
2022-01-29 10:00:00,0.0,0.9775391158673719,0.0,3.051098273988542,2.080469812527972,23.34950666583641,93.30734960507816,18.515854675158693,20.540474150077,2.8090325157594123,20.540474150077,0.0,87.96962798417741,100.0,9.656718836171349,1.4912641472912385,8.16545468888011
2022-01-29 11:00:00,0.0,0.11671139407650197,0.0,5.247703735583648,0.13671141007650198,25.546112127431513,131.9974585875001,21.92492058085938,38.447797956520574,0.0,25.546112127431513,12.901685829089061,100.0,66.44362872568365,10.271288250872068,0.024614945998649978,10.246673304873418
2022-01-29 12:00:00,0.0,0.0,0.0,3.3312977778949833,1.1031099383423144,23.629706169742846,66.60473716230473,19.881398036322025,10.414557544923458,13.215148624819388,10.414557544923458,0.0,44.07400358731078,100.0,9.519234851338174,5.4112647005308405,4.107970150807334
2022-01-29 13:00:00,0.0,0.0,0.0,0.0,0.020000016,20.298408391847865,97.5012455742188,20.84691392419434,22.239529658567193,0.0,20.298408391847865,1.9411212667193283,100.0,91.2717521614871,8.126009129161048,0.0036010111631256747,8.122408117997923
2022-01-29 14:00:00,0.0,0.0,0.0,1.4166464173398245,1.1030170597111433,21.715054809187688,174.69975489675556,23.259367340523614,50.63756568853423,0.0,21.715054809187688,28.922510879346543,100.0,42.88329131529438,9.235318737221407,0.19859867837795162,9.036720058843455
2022-01-29 15:00:00,0.0,0.0,0.0,1.7097856774530449,0.020000016,22.00819406930091,144.397805993501,21.712431437296907,42.092427293936325,0.0,22.00819406930091,20.084233224635415,100.0,52.28540021133761,9.358514023230518,0.0036010111631256747,9.354913012067392
2022-01-29 16:00:00,0.0,0.0,0.0,0.0,1.10301267111822,23.266577433047868,79.40711413128919,18.581472316602788,14.872863811186715,8.393713621861153,14.872863811186715,0.0,63.923728593021536,100.0,10.701363607262117,3.9876041542543215,6.713759453007795
2022-01-29 17:00:00,0.0,0.0,0.0,0.0,0.020000016,38.10742263904787,0.0,14.4,0.0,38.10742263904787,0.0,0.0,0.0,0.0,17.87255256083906,17.87255256083906,0.0
2022-01-29 18:00:00,0.0,0.27891931996089875,0.0,1.5736577979796091,1.3819019723959771,39.68108043702748,0.0,14.4,0.0,39.68108043702748,0.0,0.0,0.0,0.0,18.711823533539878,18.711823533539878,0.0
2022-01-29 19:00:00,0.0,1.333962663824283,0.0,3.5921090900595787,1.353962679824283,41.69953172910744,0.0,13.9,0.0,41.69953172910744,0.0,0.0,0.0,0.0,19.774382719503315,19.774382719503315,0.0
2022-01-29 20:00:00,0.0,2.2273352705811966,0.0,5.111965796543803,2.2473352865811966,43.21938843559167,0.0,13.9,0.0,43.21938843559167,0.0,0.0,0.0,0.0,20.484361516182226,20.484361516182226,0.0
2022-01-29 21:00:00,0.0,2.5639653822191932,0.0,5.799434146423897,3.667116762244338,43.90685678547176,0.0,13.9,0.0,43.90685678547176,0.0,0.0,0.0,0.0,21.420964519812188,21.420964519812188,0.0
2022-01-29 22:00:00,0.0,3.024098961659606,0.0,6.138942262745839,3.044098977659606,44.2463649017937,0.0,12.8,0.0,44.2463649017937,0.0,0.0,0.0,0.0,21.825062003687602,21.825062003687602,0.0
2022-01-29 23:00:00,0.0,3.7005430386777265,0.0,8.860642605351957,4.803511896380808,46.96806524439983,0.0,12.2,0.0,46.96806524439983,0.0,0.0,0.0,0.0,23.136661164396223,23.136661164396223,0.0
2022-01-30 00:00:00,0.0,4.177378637188861,0.0,9.92391290187162,4.197378653188861,53.392171853035485,0.0,11.7,0.0,53.392171853035485,0.0,0.0,0.0,0.0,25.411443843862102,25.411443843862102,0.0
2022-01-30 01:00:00,0.0,4.844371962344878,0.0,11.775060226899564,5.947431151293812,55.24331917806345,0.0,11.7,0.0,55.24331917806345,0.0,0.0,0.0,0.0,26.639102856899672,26.639102856899672,0.0
2022-01-30 02:00:00,0.0,6.068611467358665,0.0,13.164907472093661,6.088611483358665,56.63316642325754,0.0,11.1,0.0,56.63316642325754,0.0,0.0,0.0,0.0,27.106454528011483,27.106454528011483,0.0
2022-01-30 03:00:00,0.0,7.481328223144834,0.0,13.665618425087183,7.501328239144834,57.13387737625106,0.0,10.6,0.0,57.13387737625106,0.0,0.0,0.0,0.0,27.83531178302577,27.83531178302577,0.0
2022-01-30 04:00:00,0.0,10.317688993239276,0.0,14.597195224482473,11.420647577441944,58.06545417564635,0.0,9.4,0.0,58.06545417564635,0.0,0.0,0.0,0.0,28.62704415656654,28.62704415656654,0.0
2022-01-30 05:00:00,0.0,12.055182715338171,0.0,16.27250183512985,12.075182731338172,63.94822014092385,0.0,8.9,0.0,63.94822014092385,0.0,0.0,0.0,0.0,32.00374815933928,32.00374815933928,0.0
2022-01-30 06:00:00,0.0,147.2735775708979,0.0,40.83459746264813,148.3766972645902,82.57397768604213,0.0,8.9,0.0,82.57397768604213,0.0,0.0,0.0,0.0,64.58577630390785,64.58577630390785,0.0
2022-01-30 07:00:00,0.0,108.20313193989755,0.0,40.83459746264813,109.30664847394534,98.76960946899328,21.822603721874984,9.581956366308594,1.1598179008015914,97.6097915681917,1.1598179008015848,0.0,1.1742659579571246,99.99999999999942,64.80409725731764,64.27422865024693,0.5298686070707106
2022-01-30 08:00:00,0.0,32.16821198590912,0.0,40.83459746264813,34.356826937996516,186.98067465638707,38.255612126660125,13.99548787895813,3.5091772660874647,183.4714973902996,3.5091772660874767,0.0,1.87675933490788,100.00000000000033,89.43817140527943,87.87572777344032,1.5624436318391162
2022-01-30 09:00:00,0.0,16.89563161111115,0.0,40.83459746264811,19.084379436502264,178.6320965489585,63.68771028339842,16.990240946356202,9.622269354615836,169.00982719434265,9.622269354615838,0.0,5.386640777615584,100.00000000000003,79.23868059123873,75.15547059060751,4.083210000631226
2022-01-30 10:00:00,0.0,9.767354198134782,0.0,40.83459746264813,10.871737940259003,176.70550160109036,67.51467642304684,19.909833638220213,10.699959197324949,166.00554240376542,10.699959197324944,0.0,6.055249610439361,99.99999999999996,74.90502608926586,70.48786893342617,4.417157155839689
2022-01-30 11:00:00,0.0,5.614948103848712,0.0,40.83459746264813,8.889331928663342,178.6320965489585,62.25681447949219,20.84552545248413,9.06736833945074,169.56472820950773,9.067368339450752,0.0,5.076001745837215,100.00000000000013,73.18644742648237,69.55274490128917,3.6337025251932005
2022-01-30 12:00:00,0.0,4.422575133456627,0.0,40.83459746264813,6.612837403460908,178.08774760651295,65.47124619492185,21.445976443591306,10.005928382024159,168.08181922448878,10.005928382024166,0.0,5.6185383421954365,100.00000000000007,70.45253091209962,66.56102524576278,3.8915056663368404
2022-01-30 13:00:00,0.0,0.6843148871391059,0.0,40.83459746264813,3.959553173539917,180.23759233884863,61.61432659980462,20.225447706243894,8.901251780898953,171.33634055794968,8.901251780898946,0.0,4.938621108611181,99.99999999999993,70.47297811539967,67.02779311986164,3.4451849955380283
2022-01-30 14:00:00,0.0,0.0,0.0,40.83459746264813,2.188390511701626,176.70550160109036,153.30246925275108,23.09070216414847,44.46301234234134,132.24248925874903,44.46301234234133,0.0,25.162211668268153,99.99999999999999,68.80378850772541,51.590377909511396,17.21341059821402
2022-01-30 15:00:00,0.0,0.0,0.0,40.83459746264813,1.104218496514562,176.70550160109036,149.7252991821563,22.978915599442384,43.4433446808123,133.26215692027807,43.44334468081229,0.0,24.585168139747505,99.99999999999997,72.01369790327108,54.35788819154215,17.655809711728928
2022-01-30 16:00:00,0.0,0.770191327759567,0.0,40.83459746264813,2.959614844105096,182.56356306409253,83.99804912125535,20.42493903503923,16.531450536600012,166.03211252749253,16.531450536600005,0.0,9.055175227269373,99.99999999999996,79.36108795593402,72.22305558598819,7.138032369945833
2022-01-30 17:00:00,0.0,5.93573200419791,0.0,40.83459746264813,8.123518546303686,180.35132106710464,0.0,15.6,0.0,180.35132106710464,0.0,0.0,0.0,0.0,84.24660451795764,84.24660451795764,0.0
2022-01-30 18:00:00,0.0,16.629740439697592,0.0,40.83459746264813,17.733385028763703,136.74485312545113,0.0,15.0,0.0,136.74485312545113,0.0,0.0,0.0,0.0,63.60130963480583,63.60130963480583,0.0
2022-01-30 19:00:00,0.0,26.647882629382476,0.0,40.83459746264813,27.75128843496813,134.17605986162698,0.0,15.0,0.0,134.17605986162698,0.0,0.0,0.0,0.0,64.205842670706,64.205842670706,0.0
2022-01-30 20:00:00,0.0,46.84747761980102,0.0,40.83459746264811,47.950931620508804,111.9853861309906,0.0,14.4,0.0,111.9853861309906,0.0,0.0,0.0,0.0,58.18879823927364,58.18879823927364,0.0
2022-01-30 21:00:00,0.0,55.087630097964286,0.0,40.83459746264813,55.10763011396429,110.70098949907849,0.0,13.9,0.0,110.70098949907849,0.0,0.0,0.0,0.0,59.70217258091362,59.70217258091362,0.0
2022-01-30 22:00:00,0.0,0.0,0.0,0.0,1.1029618267890624,47.675718305793986,0.0,12.8,0.0,47.675718305793986,0.0,0.0,0.0,0.0,22.341337722201942,22.341337722201942,0.0
2022-01-30 23:00:00,0.0,0.0,0.0,0.0,0.020000016,43.46825895116388,0.0,12.8,0.0,43.46825895116388,0.0,0.0,0.0,0.0,18.825139795722333,18.825139795722333,0.0
2022-01-31 00:00:00,0.0,0.38483363100754264,0.0,3.940237761304781,1.4877639922451729,47.40849671246867,0.0,11.7,0.0,47.40849671246867,0.0,0.0,0.0,0.0,21.059342841130807,21.059342841130807,0.0
2022-01-31 01:00:00,0.0,0.8970712707419392,0.0,4.7395501134936655,0.9170712867419392,48.207809064657546,0.0,10.6,0.0,48.207809064657546,0.0,0.0,0.0,0.0,22.226217688165644,22.226217688165644,0.0
2022-01-31 02:00:00,0.0,2.0643366655808895,0.0,6.556904391954251,3.1672245944400776,50.02516334311814,0.0,9.4,0.0,50.02516334311814,0.0,0.0,0.0,0.0,23.625857381403453,23.625857381403453,0.0
2022-01-31 03:00:00,0.0,2.5825636531723304,0.0,5.2455235135634,2.6025636691723304,48.71378246472728,0.0,8.3,0.0,48.71378246472728,0.0,0.0,0.0,0.0,22.478697428523017,22.478697428523017,0.0
2022-01-31 04:00:00,0.0,5.276036947641058,0.0,7.295190155796641,5.296036963641058,50.763449106960515,0.0,7.8,0.0,50.763449106960515,0.0,0.0,0.0,0.0,23.649637926953474,23.649637926953474,0.0
2022-01-31 05:00:00,0.0,5.4533408139105335,0.0,12.23108343271918,6.556527776512281,59.90680173851316,0.0,7.8,0.0,59.90680173851316,0.0,0.0,0.0,0.0,27.786613863440937,27.786613863440937,0.0
2022-01-31 06:00:00,0.0,115.93980372041369,0.0,40.83459746264813,117.0428218099457,82.57397768604213,0.0,11.7,0.0,82.57397768604213,0.0,0.0,0.0,0.0,57.49410000427453,57.49410000427453,0.0
2022-01-31 07:00:00,0.0,89.91854706819501,0.0,40.83459746264813,91.02219717359425,98.76960946899328,33.101453717578046,13.234420428674314,2.634405645927993,96.13520382306528,2.6344056459279983,0.0,2.6672229039794035,100.0000000000002,59.49806189173368,58.348236031483715,1.1498258602499618
2022-01-31 08:00:00,0.0,18.712102870997683,0.0,40.83459746264813,19.816438638961806,186.98067465638707,66.78301518281258,13.786969224462892,10.702096940062727,176.27857771632435,10.702096940062717,0.0,5.723637996135096,99.9999999999999,80.28238918127091,75.89153284870198,4.39085633256893
2022-01-31 09:00:00,0.0,8.29148947693131,0.0,40.83459746264813,10.480304687243095,178.6320965489585,104.23623881601556,16.557382463000486,25.815391425218856,152.81670512373964,25.81539142521885,0.0,14.45170936464014,99.99999999999997,69.25003996809447,59.51492678468731,9.735113183407158
2022-01-31 10:00:00,0.0,4.394009549764054,0.0,40.83459746264813,6.582948501402729,176.70550160109036,211.65001713281265,23.314063035400395,61.33544147702861,115.37006012406175,61.33544147702861,0.0,34.71054433579115,100.0,67.9772916264697,44.793414779775034,23.18387684669466
2022-01-31 11:00:00,0.0,1.9784172214730025,0.0,40.83459746264813,4.167983422446275,178.6320965489585,203.61204857812513,24.662876518066412,58.71341533490271,119.91868121405577,58.71341533490272,0.0,32.86834587355967,100.00000000000003,68.01793573868117,45.90822492601686,22.109710812664318
2022-01-31 12:00:00,0.0,0.8663289098591357,0.0,40.83459746264813,4.141824138851149,178.08774760651295,186.98843039765612,25.843388449926753,53.68461869736779,124.40312890914515,53.684618697367796,0.0,30.14503772375437,100.00000000000003,68.2053759447427,47.86964238217978,20.335733562562922
2022-01-31 13:00:00,0.0,0.0,0.0,40.83459746264813,3.2752276084752774,180.23759233884863,125.60308285078118,22.82509633908691,36.464782719808355,143.7728096190403,36.46478271980834,0.0,20.231507892789732,99.99999999999996,69.6026801937751,55.6403148903605,13.9623653034146
2022-01-31 14:00:00,0.0,0.0,0.0,40.83459746264813,1.1042162476731985,176.70550160109036,171.69275097003822,23.665398467813695,49.69168536427915,127.01381623681121,49.69168536427915,0.0,28.121187463906633,100.0,68.83653257957864,49.5347912335317,19.301741346046946
2022-01-31 15:00:00,0.0,0.0,0.0,40.83459746264813,2.188365658649021,176.70550160109036,144.78095469366946,21.72440483417717,42.202269140046134,134.50323246104423,42.20226914004613,0.0,23.882826939546582,99.99999999999997,72.24335662158822,55.08370297789976,17.159653643688458
2022-01-31 16:00:00,0.0,0.0,0.0,40.83459746264813,2.1893880420702736,179.59539402289255,78.656017067306,18.05800053335331,14.620443599675623,164.97495042321694,14.62044359967561,0.0,8.140767573255236,99.99999999999991,80.11390169948692,73.62410609224492,6.4897956072420016
2022-01-31 17:00:00,0.0,0.33981598770044535,0.0,40.83459746264813,1.4436687661454257,180.35132106710464,0.0,14.4,0.0,180.35132106710464,0.0,0.0,0.0,0.0,86.39301883102391,86.39301883102391,0.0
2022-01-31 18:00:00,0.0,5.32668177312808,0.0,40.83459746264813,6.430465348127044,136.74485312545113,0.0,13.3,0.0,136.74485312545113,0.0,0.0,0.0,0.0,65.00603104595857,65.00603104595857,0.0
2022-01-31 19:00:00,0.0,8.051380886163212,0.0,40.83459746264811,9.154726685592916,134.17605986162698,0.0,13.3,0.0,134.17605986162698,0.0,0.0,0.0,0.0,64.06768625878755,64.06768625878755,0.0
2022-01-31 20:00:00,0.0,18.386110492163485,0.0,40.83459746264811,19.48958291392476,111.9853861309906,0.0,13.3,0.0,111.9853861309906,0.0,0.0,0.0,0.0,55.412094238590875,55.412094238590875,0.0
2022-01-31 21:00:00,0.0,23.072736091117708,0.0,40.83459746264813,24.175834514028733,110.70098949907849,0.0,13.0,0.0,110.70098949907849,0.0,0.0,0.0,0.0,56.21074754669293,56.21074754669293,0.0
2022-01-31 22:00:00,0.0,0.0,0.0,0.0,0.020000016,47.675718305793986,0.0,12.7,0.0,47.675718305793986,0.0,0.0,0.0,0.0,22.82286844245683,22.82286844245683,0.0
2022-01-31 23:00:00,0.0,0.0,0.0,0.0,1.10300469321647,43.46825895116388,0.0,12.4,0.0,43.46825895116388,0.0,0.0,0.0,0.0,20.73169793254675,20.73169793254675,0.0
2022-02-01 00:00:00,0.0,0.0,0.0,0.0,0.020000016,43.46825895116388,0.0,12.0,0.0,43.46825895116388,0.0,0.0,0.0,0.0,20.484540581183015,20.484540581183015,0.0
2022-02-01 01:00:00,0.0,0.0,0.0,0.0,1.1029311933640435,43.46825895116388,0.0,11.7,0.0,43.46825895116388,0.0,0.0,0.0,0.0,20.244188174730578,20.244188174730578,0.0
2022-02-01 02:00:00,0.0,0.0,0.0,0.0,0.020000016,43.46825895116388,0.0,11.4,0.0,43.46825895116388,0.0,0.0,0.0,0.0,20.22373102747603,20.22373102747603,0.0
2022-02-01 03:00:00,0.0,0.0,0.0,0.0,1.1030043119072568,43.46825895116388,0.0,11.1,0.0,43.46825895116388,0.0,0.0,0.0,0.0,20.372432703660497,20.372432703660497,0.0
2022-02-01 04:00:00,0.0,0.0,0.0,0.0,0.020000016,43.46825895116388,0.0,10.6,0.0,43.46825895116388,0.0,0.0,0.0,0.0,20.539527928756236,20.539527928756236,0.0
2022-02-01 05:00:00,0.0,0.04066409251607987,0.0,2.92219583503308,1.1437921066681471,50.59791414082706,0.0,10.0,0.0,50.59791414082706,0.0,0.0,0.0,0.0,23.778243492825965,23.778243492825965,0.0
2022-02-01 06:00:00,0.0,70.47340220815168,0.0,40.83459746264813,70.49340222415168,82.57397768604213,0.0,10.0,0.0,82.57397768604213,0.0,0.0,0.0,0.0,51.34029077907607,51.34029077907607,0.0
2022-02-01 07:00:00,0.0,67.24083073530929,0.0,40.83459746264813,68.34435531401373,98.76960946899328,24.18356805820312,11.855736501818846,1.413015972210145,97.35659349678313,1.4130159722101467,0.0,1.4306181626178593,100.00000000000013,56.53939907746461,55.906579874310296,0.6328192031543125
2022-02-01 08:00:00,0.0,19.64027227477283,0.0,40.83459746264811,21.828790576628087,186.98067465638707,43.490905927734396,15.2590908102417,4.514986729884306,182.46568792650277,4.514986729884299,0.0,2.414680949344875,99.99999999999984,82.86136987904624,80.95543595582653,1.9059339232197061
2022-02-01 09:00:00,0.0,8.07822955570826,0.0,40.83459746264813,10.266974845483523,178.6320965489585,57.29058652324218,17.39033082885132,7.775134871554001,170.85696167740448,7.775134871554002,0.0,4.352596773907894,100.00000000000003,73.79800892063687,70.66634009707235,3.1316688235645245
2022-02-01 10:00:00,0.0,3.8924954794290336,0.0,40.83459746264813,6.081362433666905,176.70550160109036,94.12310036249995,20.141346886328122,20.778437956530826,155.92706364455952,20.778437956530837,0.0,11.758795152534528,100.00000000000004,72.17120573357751,63.813494634322105,8.357711099255404
2022-02-01 11:00:00,0.0,2.402638932074301,0.0,40.83459746264813,4.592154611271833,178.6320965489585,106.45760356171871,20.52680011130371,26.543913257747494,152.08818329121098,26.543913257747505,0.0,14.859543033170691,100.00000000000004,72.08584213427174,61.4970769770574,10.588765157214347
2022-02-01 12:00:00,0.0,0.43507020883387765,0.0,40.83459746264813,3.7106429798764764,178.08774760651295,150.26411998125,21.895753749414062,43.77312295376623,134.31462465274672,43.77312295376623,0.0,24.579525285750417,100.0,71.97888914050117,54.451036381739314,17.527852758761853
2022-02-01 13:00:00,0.0,0.0,0.0,40.83459746264813,2.1902369988933015,180.23759233884863,148.49019975091485,21.340318742216088,43.344253127401636,136.893339211447,43.34425312740163,0.0,24.048397764831414,99.99999999999999,70.03815875839392,53.289939349965934,16.748219408427985
2022-02-01 14:00:00,0.0,0.0,0.0,40.83459746264813,2.1883928348221326,176.70550160109036,181.35141683804486,21.767231776188904,52.853934268663,123.85156733242736,52.853934268663,0.0,29.910746292427188,100.0,69.41872407157602,48.77292026755089,20.645803804025135
2022-02-01 15:00:00,0.0,0.0,0.0,40.83459746264813,1.104162941083324,176.70550160109036,148.86705858617142,20.75209558081786,43.54756958002036,133.15793202107,43.547569580020365,0.0,24.644150400211227,100.00000000000003,72.47665631468753,54.664393929371805,17.812262385315726
2022-02-01 16:00:00,0.0,0.0,0.0,40.83459746264813,3.273826337026441,179.59539402289255,84.86702653411255,18.252094579191017,17.008673170110303,162.58672085278224,17.008673170110313,0.0,9.47055088057674,100.00000000000007,78.3982602711734,71.02933766358896,7.368922607584437
2022-02-01 17:00:00,0.0,2.121273789992336,0.0,40.83459746264813,3.225123611147507,180.35132106710464,0.0,14.4,0.0,180.35132106710464,0.0,0.0,0.0,0.0,81.09763037556577,81.09763037556577,0.0
2022-02-01 18:00:00,0.0,13.302810717545404,0.0,40.83459746264811,14.406385432991396,136.74485312545113,0.0,14.4,0.0,136.74485312545113,0.0,0.0,0.0,0.0,62.231041008195874,62.231041008195874,0.0
2022-02-01 19:00:00,0.0,15.315678712517048,0.0,40.83459746264811,16.419084028049518,134.17605986162698,0.0,13.9,0.0,134.17605986162698,0.0,0.0,0.0,0.0,61.04309183365118,61.04309183365118,0.0
2022-02-01 20:00:00,0.0,26.34657149085215,0.0,40.83459746264813,27.45003200642937,111.9853861309906,0.0,13.3,0.0,111.9853861309906,0.0,0.0,0.0,0.0,53.914718839197256,53.914718839197256,0.0
2022-02-01 21:00:00,0.0,30.99218067246298,0.0,40.83459746264813,31.01218068846298,110.70098949907849,0.0,13.3,0.0,110.70098949907849,0.0,0.0,0.0,0.0,54.195327989379344,54.195327989379344,0.0
2022-02-01 22:00:00,0.0,0.0,0.0,0.0,1.1029989358079288,47.675718305793986,0.0,13.3,0.0,47.675718305793986,0.0,0.0,0.0,0.0,21.21214501562343,21.21214501562343,0.0
2022-02-01 23:00:00,0.0,0.0,0.0,0.0,0.020000016,43.46825895116388,0.0,12.2,0.0,43.46825895116388,0.0,0.0,0.0,0.0,19.359364698232135,19.359364698232135,0.0
2022-02-02 00:00:00,0.0,0.0,0.0,0.0,1.1029809812806057,43.46825895116388,0.0,11.7,0.0,43.46825895116388,0.0,0.0,0.0,0.0,19.53675122463538,19.53675122463538,0.0
2022-02-02 01:00:00,0.0,0.0,0.0,1.855527911404069,0.020000016,45.32378686256795,0.0,11.7,0.0,45.32378686256795,0.0,0.0,0.0,0.0,19.989804685015404,19.989804685015404,0.0
2022-02-02 02:00:00,0.0,0.22684590746095956,0.0,5.2455235135634,1.3297435915748026,48.71378246472728,0.0,11.1,0.0,48.71378246472728,0.0,0.0,0.0,0.0,21.610644389431585,21.610644389431585,0.0
2022-02-02 03:00:00,0.0,1.0471311638977814,0.0,6.556904391954251,1.0671311798977814,50.02516334311814,0.0,10.6,0.0,50.02516334311814,0.0,0.0,0.0,0.0,22.306010992498734,22.306010992498734,0.0
2022-02-02 04:00:00,0.0,1.6186520162558833,0.0,5.2455235135634,2.721710656999622,48.71378246472728,0.0,9.4,0.0,48.71378246472728,0.0,0.0,0.0,0.0,22.59416749317891,22.59416749317891,0.0
2022-02-02 05:00:00,0.0,3.5287701383007644,0.0,7.586246459283438,3.5487701543007644,55.26196476507741,0.0,9.4,0.0,55.26196476507741,0.0,0.0,0.0,0.0,25.68036424953136,25.68036424953136,0.0
2022-02-02 06:00:00,0.0,99.51705973268099,0.0,40.83459746264813,100.62012905370372,82.57397768604213,0.0,9.4,0.0,82.57397768604213,0.0,0.0,0.0,0.0,55.974387454239675,55.974387454239675,0.0
2022-02-02 07:00:00,0.0,63.057890597529,0.0,40.83459746264813,64.16144875636478,98.76960946899328,31.22853834375,11.575891823242188,2.358512834414983,96.4110966345783,2.358512834414981,0.0,2.387893246814333,99.99999999999991,55.70626163588169,54.651912058384816,1.0543495774968719
2022-02-02 08:00:00,0.0,12.482111697819235,0.0,40.83459746264813,13.586446137084495,186.98067465638707,88.20825471562489,14.456507959863277,18.626062052150573,168.35461260423648,18.626062052150587,0.0,9.961490451555786,100.00000000000007,82.13460408177846,74.19645582608267,7.938148255695793
2022-02-02 09:00:00,0.0,4.292795229163391,0.0,40.83459746264813,6.481626012937503,178.6320965489585,120.69731141015615,17.67179098156738,34.47438073617019,144.1577158127883,34.47438073617019,0.0,19.299096524191352,100.0,74.2007521218158,60.105901557832624,14.094850563983172
2022-02-02 10:00:00,0.0,1.2260549099750346,0.0,40.83459746264813,3.414864266704909,176.70550160109036,143.37345121171882,21.180420350366212,41.875104551886494,134.83039704920387,41.875104551886494,0.0,23.69768013585611,100.0,69.42573710385058,53.119152640300456,16.306584463550124
2022-02-02 11:00:00,0.0,0.14060374465741277,0.0,40.83459746264813,2.3300905351761574,178.6320965489585,149.9019304921877,21.884435327880865,43.66942225349938,134.96267429545912,43.66942225349936,0.0,24.446570967458076,99.99999999999997,67.13683550585662,50.82674298839716,16.310092517459466
2022-02-02 12:00:00,0.0,0.0,0.0,40.83459746264813,3.275739087488326,178.08774760651295,151.28940752578112,21.42779398518066,44.14723896167617,133.94050864483677,44.14723896167618,0.0,24.78959925936064,100.00000000000003,66.72001193670258,50.32659695686855,16.393414979834027
2022-02-02 13:00:00,0.0,0.0,0.0,40.83459746264813,3.2752237945723,180.23759233884863,148.60924743024887,21.344038982195276,43.378413986178124,136.8591783526705,43.37841398617812,0.0,24.067351002240546,99.99999999999999,66.80629326194307,50.86971463963103,15.936578622312041
2022-02-02 14:00:00,0.0,0.0,0.0,40.83459746264813,1.1041737175014124,176.70550160109036,190.57262058669227,22.655394393334134,55.36104360050855,121.34445800058181,55.36104360050855,0.0,31.329552899538555,100.0,65.10627178320459,44.77105324786579,20.335218535338804
2022-02-02 15:00:00,0.0,0.0,0.0,40.83459746264813,2.1883932098004766,176.70550160109036,148.7555224920244,21.34861007787576,43.420386479059836,133.28511512203053,43.42038647905983,0.0,24.5721757871923,99.99999999999999,65.35803171229797,49.39496082713641,15.963070885161564
2022-02-02 16:00:00,0.0,0.0,0.0,40.83459746264813,2.1893617389900144,179.59539402289255,61.03706492388053,17.507408278871267,8.821565445882506,170.77382857701005,8.821565445882499,0.0,4.911910739068307,99.99999999999993,71.84442704582234,68.33485544883246,3.509571596989886
2022-02-02 17:00:00,0.0,0.5560005359677802,0.0,40.83459746264813,1.6598584467598139,180.35132106710464,0.0,15.0,0.0,180.35132106710464,0.0,0.0,0.0,0.0,79.08352929566695,79.08352929566695,0.0
2022-02-02 18:00:00,0.0,5.836721335294908,0.0,40.83459746264811,8.024154911268383,136.74485312545113,0.0,14.4,0.0,136.74485312545113,0.0,0.0,0.0,0.0,60.49596606413361,60.49596606413361,0.0
2022-02-02 19:00:00,0.0,9.044968044131775,0.0,40.83459746264811,10.148374243320026,134.17605986162698,0.0,14.4,0.0,134.17605986162698,0.0,0.0,0.0,0.0,58.5467938901197,58.5467938901197,0.0
2022-02-02 20:00:00,0.0,22.225196818020684,0.0,40.83459746264811,22.245196834020682,111.9853861309906,0.0,14.4,0.0,111.9853861309906,0.0,0.0,0.0,0.0,51.80005977583243,51.80005977583243,0.0
2022-02-02 21:00:00,0.0,31.227657504877158,0.0,40.83459746264813,32.33075094274593,110.70098949907849,0.0,14.4,0.0,110.70098949907849,0.0,0.0,0.0,0.0,53.517239926546594,53.517239926546594,0.0
2022-02-02 22:00:00,0.0,0.0,0.0,0.0,0.020000016,47.675718305793986,0.0,13.9,0.0,47.675718305793986,0.0,0.0,0.0,0.0,20.864588313046344,20.864588313046344,0.0
2022-02-02 23:00:00,0.0,0.0,0.0,0.0,1.1028933502504081,43.46825895116388,0.0,13.3,0.0,43.46825895116388,0.0,0.0,0.0,0.0,19.176383579926956,19.176383579926956,0.0
2022-02-03 00:00:00,0.0,0.9650838892319972,0.0,3.761274507297764,0.9850839052319972,47.229533458461646,0.0,12.2,0.0,47.229533458461646,0.0,0.0,0.0,0.0,20.476854393190088,20.476854393190088,0.0
2022-02-03 01:00:00,0.0,4.494614951710147,0.0,8.372812962314322,5.5975959301539975,51.8410719134782,0.0,11.1,0.0,51.8410719134782,0.0,0.0,0.0,0.0,22.57114332768925,22.57114332768925,0.0
2022-02-03 02:00:00,0.0,9.123003423291589,0.0,10.97395437633345,9.14300343929159,54.44221332749733,0.0,11.7,0.0,54.44221332749733,0.0,0.0,0.0,0.0,24.229103854820558,24.229103854820558,0.0
2022-02-03 03:00:00,0.0,14.496299109733219,0.0,15.251692712609596,15.599291901680742,58.71995166377348,0.0,10.6,0.0,58.71995166377348,0.0,0.0,0.0,0.0,27.030051828603163,27.030051828603163,0.0
2022-02-03 04:00:00,0.0,19.215197816321783,0.0,15.721658064527677,19.235197832321784,59.18991701569155,0.0,10.0,0.0,59.18991701569155,0.0,0.0,0.0,0.0,27.853990389552905,27.853990389552905,0.0
2022-02-03 05:00:00,0.0,23.115233321388033,0.0,16.79913881855283,24.218393558105813,64.47485712434681,0.0,9.4,0.0,64.47485712434681,0.0,0.0,0.0,0.0,31.067307107407007,31.067307107407007,0.0
2022-02-03 06:00:00,0.0,134.51427909154617,0.0,40.83459746264813,134.53427910754618,82.57397768604213,0.0,9.4,0.0,82.57397768604213,0.0,0.0,0.0,0.0,58.58693921992811,58.58693921992811,0.0
2022-02-03 07:00:00,0.0,94.05365863882,0.0,40.83459746264813,95.15731071503355,98.76960946899328,34.543204214062456,13.279475131689452,2.868430760321178,95.9011787086721,2.868430760321175,0.0,2.904163310701011,99.99999999999989,57.432101559846096,56.26175312532745,1.170348434518644
2022-02-03 08:00:00,0.0,20.927203728070072,0.0,40.83459746264813,23.11597926557324,186.98067465638707,63.4645707802734,17.583267836883543,9.53459928848078,177.44607536790627,9.534599288480791,0.0,5.099243173660835,100.00000000000011,73.73755067910386,70.18972628386017,3.547824395243694
2022-02-03 09:00:00,0.0,5.63475057752743,0.0,40.83459746264813,7.823694862077785,178.6320965489585,108.01188561796874,22.275371425561524,27.15074972431024,151.48134682464826,27.15074972431023,0.0,15.199256040119813,99.99999999999996,63.76823124459262,54.290040269584544,9.478190975008076
2022-02-03 10:00:00,0.0,1.2741977517737881,0.0,40.83459746264813,3.4632427425688137,176.70550160109036,127.66904687109381,25.08965771472168,36.75648809250897,139.9490135085814,36.75648809250896,0.0,20.800986816746715,99.99999999999997,59.10512757237245,46.94038405571615,12.164743516656301
2022-02-03 11:00:00,0.0,0.0,0.0,40.83459746264813,2.1894447805666784,178.6320965489585,159.07043588906242,27.7709511215332,45.342594201301345,133.28950234765713,45.34259420130135,0.0,25.38322903738305,100.00000000000003,58.17097574722017,43.50536707875126,14.665608668468906
2022-02-03 12:00:00,0.0,0.0,0.0,40.83459746264813,3.2757703830167393,178.08774760651295,139.94831479921902,25.473384837475596,40.23451929060605,137.8532283159069,40.234519290606045,0.0,22.5925252193681,99.99999999999997,58.28222008987885,45.24804639309056,13.034173696788287
2022-02-03 13:00:00,0.0,0.0,0.0,40.83459746264813,2.1901131561475182,180.23759233884863,140.39056891168642,23.787205278490198,40.613918167616276,139.62367417123235,40.613918167616276,0.0,22.53354455116204,100.0,59.118441928607126,45.885818180825225,13.2326237477819
2022-02-03 14:00:00,0.0,0.0,0.0,40.83459746264813,2.1885110885767296,176.70550160109036,201.3959518921963,25.693623496631133,57.85317732213178,118.85232427895858,57.853177322131785,0.0,32.73988460910195,100.00000000000003,59.540907823712566,40.17629231044861,19.364615513263956
2022-02-03 15:00:00,0.0,0.0,0.0,40.83459746264813,2.1883255824449623,176.70550160109036,170.08480196506846,25.31515006140839,48.92730442348837,127.77819717760198,48.92730442348838,0.0,27.68861409529904,100.00000000000003,62.922134196393586,45.6089628896201,17.313171306773484
2022-02-03 16:00:00,0.0,0.0,0.0,40.83459746264813,2.1892656527186527,179.59539402289255,68.86326454118458,18.851977016912016,11.174450963893898,168.42094305899866,11.17445096389389,0.0,6.22201422519194,99.99999999999993,68.25878770378235,64.03624204580095,4.222545657981399
2022-02-03 17:00:00,0.0,0.23201491012649095,0.0,40.83459746264811,1.335867930889845,180.35132106710464,0.0,15.6,0.0,180.35132106710464,0.0,0.0,0.0,0.0,74.06012280013753,74.06012280013753,0.0
2022-02-03 18:00:00,0.0,5.2823851683563445,0.0,40.83459746264811,6.386018633841453,136.74485312545113,0.0,16.1,0.0,136.74485312545113,0.0,0.0,0.0,0.0,57.91259383195011,57.91259383195011,0.0
2022-02-03 19:00:00,0.0,11.17158077633948,0.0,40.83459746264813,12.274929113665618,134.17605986162698,0.0,16.1,0.0,134.17605986162698,0.0,0.0,0.0,0.0,56.6849154936807,56.6849154936807,0.0
2022-02-03 20:00:00,0.0,33.57270661187214,0.0,40.83459746264813,34.67618741446728,111.9853861309906,0.0,16.1,0.0,111.9853861309906,0.0,0.0,0.0,0.0,52.58861395424767,52.58861395424767,0.0
2022-02-03 21:00:00,0.0,49.44072698038645,0.0,40.83459746264813,50.543736331164645,110.70098949907849,0.0,16.7,0.0,110.70098949907849,0.0,0.0,0.0,0.0,55.27823141703931,55.27823141703931,0.0
2022-02-03 22:00:00,0.0,0.0,0.0,0.0,0.020000016,47.675718305793986,0.0,16.7,0.0,47.675718305793986,0.0,0.0,0.0,0.0,19.91274259707117,19.91274259707117,0.0
2022-02-03 23:00:00,0.0,0.11374288187744999,0.0,2.7282091819758083,0.13374289787745,46.196468133139696,0.0,16.1,0.0,46.196468133139696,0.0,0.0,0.0,0.0,19.564493537443997,19.564493537443997,0.0
2022-02-04 00:00:00,0.0,2.3353400179479054,0.0,6.164291455566767,3.4383549619679172,44.27171409461463,0.0,15.6,0.0,44.27171409461463,0.0,0.0,0.0,0.0,19.273185327116312,19.273185327116312,0.0
2022-02-04 01:00:00,0.0,5.424428583069496,0.0,9.068605409564412,5.444428599069496,47.17602804861228,0.0,15.6,0.0,47.17602804861228,0.0,0.0,0.0,0.0,20.98314339663905,20.98314339663905,0.0
2022-02-04 02:00:00,0.0,12.110413316643815,0.0,14.493271362719954,13.213432364819463,52.60069400176781,0.0,16.1,0.0,52.60069400176781,0.0,0.0,0.0,0.0,24.907435203196005,24.907435203196005,0.0
2022-02-04 03:00:00,0.0,14.78981931837001,0.0,15.791966554579513,14.809819334370012,53.89938919362738,0.0,14.4,0.0,53.89938919362738,0.0,0.0,0.0,0.0,25.650291644082348,25.650291644082348,0.0
2022-02-04 04:00:00,0.0,18.91542967689086,0.0,16.605034640025533,20.01849480143492,54.712457279073384,0.0,15.6,0.0,54.712457279073384,0.0,0.0,0.0,0.0,26.905006022701777,26.905006022701777,0.0
2022-02-04 05:00:00,0.0,17.9592351463755,0.0,15.977660087292703,17.9792351623755,54.08508272634056,0.0,14.4,0.0,54.08508272634056,0.0,0.0,0.0,0.0,26.216297834414117,26.216297834414117,0.0
2022-02-04 06:00:00,0.0,130.6246981067184,0.0,40.83459746264813,131.7277380762101,82.57397768604213,0.0,14.4,0.0,82.57397768604213,0.0,0.0,0.0,0.0,59.53987679093815,59.53987679093815,0.0
2022-02-04 07:00:00,0.0,139.7715057932561,0.0,40.83459746264813,139.7915058092561,75.83888804889047,29.313097307226542,17.016034290850833,2.0382122276631556,73.80067582122732,2.038212227663152,0.0,2.6875555273821967,99.99999999999983,57.76583098314275,56.88978698557085,0.8760439975718981
2022-02-04 08:00:00,0.0,75.59409038628588,0.0,40.83459746264813,76.69738978561944,114.21720088209123,100.74405063164069,20.948251582238772,23.73469657572678,90.48250430636446,23.734696575726772,0.0,20.78031714349977,99.99999999999997,59.9280181646842,50.344422381337246,9.58359578334695
2022-02-04 09:00:00,0.0,45.11586981255109,0.0,40.83459746264811,46.21948868798415,116.46489498793738,144.5847799429687,23.91827437321777,41.80707759492994,74.65781739300743,41.80707759492995,0.0,35.89672029435139,100.00000000000003,52.764259681421095,36.8108879065838,15.953371774837294
2022-02-04 10:00:00,0.0,18.364808459542736,0.0,40.83459746264813,20.551888238980023,115.50159751400331,152.5818029484373,25.36818134213867,43.88369621424595,71.61790129975736,43.883696214245944,0.0,37.994016670570744,99.99999999999999,46.05885435259113,29.965167021459646,16.093687331131488
2022-02-04 11:00:00,0.0,5.177412873538487,0.0,40.83459746264813,6.281205417267278,117.74929161984949,187.96700154374997,29.17396879824219,53.298460358047244,64.45083126180225,53.29846035804724,0.0,45.264357538659276,99.99999999999999,45.03316827052912,25.161103818332997,19.87206445219612
2022-02-04 12:00:00,0.0,0.6339739292699832,0.0,40.83459746264813,1.73760029899618,116.46489498793738,268.50085910420313,32.290651847006345,75.24228610140624,41.22260888653115,75.24228610140624,0.0,64.60512080416963,100.0,41.89315246199567,15.030151478071616,26.863000983924053
2022-02-04 13:00:00,0.0,0.0,0.0,40.83459746264813,1.1035599226077468,113.89610172411322,213.86110923721947,30.583159663663107,60.31965098245171,53.57645074166151,60.31965098245171,0.0,52.960241895338974,100.0,41.41883459604111,19.588549708982008,21.8302848870591
2022-02-04 14:00:00,0.0,3.780831009109355,0.0,40.83459746264813,4.884173294856908,74.79713598363837,201.80073603031153,30.206273000947235,56.999060943297906,17.798075040340464,56.999060943297906,0.0,76.20487094020052,100.0,28.207653013015094,7.382191111467056,20.82546190154804
2022-02-04 15:00:00,0.0,9.860625545158848,0.0,40.83459746264813,10.963924568314866,73.51273935172627,80.7647180942252,24.22389744044454,15.07200958894811,58.44072976277816,15.072009588948106,0.0,20.50258189513948,99.99999999999997,29.786133837799756,24.083940450013017,5.702193387786739
2022-02-04 16:00:00,0.0,21.583752049443245,0.0,40.83459746264813,21.603752065443242,73.83383850970428,23.292713422115117,23.527897294441097,1.2568450216898028,72.57699348801448,1.2568450216897986,0.0,1.7022615200002182,99.99999999999967,33.75444467543915,33.24606971684096,0.5083749585981963
2022-02-04 17:00:00,0.0,43.639181721367045,0.0,40.83459746264813,44.74218252955056,80.86861504956414,0.0,21.1,0.0,80.86861504956414,0.0,0.0,0.0,0.0,44.47745533891981,44.47745533891981,0.0
2022-02-04 18:00:00,0.0,0.0,0.0,0.0,0.020000016,38.10742263904787,0.0,21.1,0.0,38.10742263904787,0.0,0.0,0.0,0.0,17.24987727491702,17.24987727491702,0.0
2022-02-04 19:00:00,0.0,0.0,0.0,0.0,1.1030503983804836,38.10742263904787,0.0,21.1,0.0,38.10742263904787,0.0,0.0,0.0,0.0,17.398389889153428,17.398389889153428,0.0
2022-02-04 20:00:00,0.0,0.0,0.0,0.0,1.1030856545230592,38.10742263904787,0.0,20.0,0.0,38.10742263904787,0.0,0.0,0.0,0.0,17.20176193621901,17.20176193621901,0.0
2022-02-04 21:00:00,0.0,0.0,0.0,0.0,0.020000016,38.10742263904787,0.0,19.4,0.0,38.10742263904787,0.0,0.0,0.0,0.0,17.085253209116335,17.085253209116335,0.0
2022-02-04 22:00:00,0.0,0.03820034778101235,0.0,0.9740652783443602,1.141184798025381,39.08148791739223,0.0,18.9,0.0,39.08148791739223,0.0,0.0,0.0,0.0,17.51075364528858,17.51075364528858,0.0
2022-02-04 23:00:00,0.0,0.06996374831090717,0.0,4.870326391721801,0.08996376431090716,42.97774903076967,0.0,18.3,0.0,42.97774903076967,0.0,0.0,0.0,0.0,18.35007597205564,18.35007597205564,0.0
2022-02-05 00:00:00,0.0,1.9734222706963798,0.0,5.883359548081162,1.9934222866963798,43.99078218712903,0.0,19.4,0.0,43.99078218712903,0.0,0.0,0.0,0.0,18.845822768457687,18.845822768457687,0.0
2022-02-05 01:00:00,0.0,6.200477204689712,0.0,13.969770062834007,7.303480524960227,52.07719270188187,0.0,18.9,0.0,52.07719270188187,0.0,0.0,0.0,0.0,23.32698250423831,23.32698250423831,0.0
2022-02-05 02:00:00,0.0,12.520893306833019,0.0,16.187489369790384,12.54089332283302,54.294912008838246,0.0,18.3,0.0,54.294912008838246,0.0,0.0,0.0,0.0,25.31378447159314,25.31378447159314,0.0
2022-02-05 03:00:00,0.0,15.834161981287892,0.0,16.333307513290126,16.937150288899314,54.440730152337984,0.0,17.8,0.0,54.440730152337984,0.0,0.0,0.0,0.0,26.532822078322194,26.532822078322194,0.0
2022-02-05 04:00:00,0.0,21.359730373505123,0.0,16.24938721402811,21.379730389505124,54.35680985307598,0.0,17.2,0.0,54.35680985307598,0.0,0.0,0.0,0.0,27.008419932270094,27.008419932270094,0.0
2022-02-05 05:00:00,0.0,25.22564988397477,0.0,16.333307513290126,26.3287790661245,54.440730152337984,0.0,15.6,0.0,54.440730152337984,0.0,0.0,0.0,0.0,27.964378649709,27.964378649709,0.0
2022-02-05 06:00:00,0.0,26.865092092437074,0.0,16.24938721402811,26.885092108437075,48.420471770675974,0.0,15.0,0.0,48.420471770675974,0.0,0.0,0.0,0.0,25.512097673647755,25.512097673647755,0.0
2022-02-05 07:00:00,0.0,10.931222439989437,0.0,11.579446285073558,10.951222455989438,31.877854676921416,23.26418246689455,15.127005702090456,1.2925280448134302,30.585326632107986,1.2925280448134302,0.0,4.054626818250666,100.0,15.919608673617013,15.354075952889346,0.565532720727667
2022-02-05 08:00:00,0.0,3.759362004485644,0.0,6.610908359372613,4.862364664836432,26.90931675122048,52.482438615234884,15.540076206726091,6.568278492381264,20.341038258839216,6.568278492381264,0.0,24.408938187118252,100.0,11.561698639731253,8.953303884836805,2.608394754894448
2022-02-05 09:00:00,0.0,0.7235932855933528,0.0,3.3289062098424957,0.7435933015933528,23.627314601690365,67.46452499531274,15.408266406103523,10.858730937142246,12.76858366454812,10.858730937142246,0.0,45.95837961359088,100.0,9.156683181979247,5.009951011703367,4.14673217027588
2022-02-05 10:00:00,0.0,0.0,0.0,2.103500594845078,1.1029384490113958,22.40190898669294,116.84705577187529,16.951470492871103,32.39382930183192,0.0,22.40190898669294,9.99192031513898,100.0,69.15486519966962,8.465560997848204,0.19858452448890815,8.266976473359296
2022-02-05 11:00:00,0.0,0.0,0.0,3.123003236720285,0.020000016,23.421411628568148,113.84758818984356,17.45773713093261,30.696135459721543,0.0,23.421411628568148,7.274723831153395,100.0,76.30084790087322,8.516347281682506,0.0036010111631256747,8.512746270519381
2022-02-05 12:00:00,0.0,0.0,0.0,4.198905195941035,1.1030183882109035,24.4973135877889,196.78077312683592,20.049399160213625,57.7109521300059,0.0,24.4973135877889,33.213638542217,100.0,42.448292193488015,9.203566419310206,0.1985989175748836,9.004967501735322
2022-02-05 13:00:00,0.0,0.0,0.0,3.9662922368365097,0.020000016,24.264700628684373,226.8159834585513,20.98799948307973,66.29268415023729,0.0,24.264700628684373,42.02798352155292,100.0,36.60238069964696,8.743624854112094,0.0036010111631256747,8.740023842948968
2022-02-05 14:00:00,0.0,0.0,0.0,4.198905195941035,1.1031020554048556,24.4973135877889,168.67772320079715,19.171178850024912,49.62687397595431,0.0,24.4973135877889,25.129560388165412,100.0,49.36299957087479,9.037244724362038,0.1986139818878026,8.838630742474235
2022-02-05 15:00:00,0.0,0.0,0.0,2.6939060987346712,0.020000016,22.99231449058254,65.98540138007867,15.962043793127458,10.367251913949977,12.625062576632564,10.367251913949977,0.0,45.09007528666292,100.0,8.826211927489458,4.848090023068573,3.9781219044208855
2022-02-05 16:00:00,0.0,0.0,0.0,0.0,0.020000016,20.298408391847865,27.754830616992226,14.767338456781008,1.842038767792817,18.456369624055046,1.8420387677928183,0.0,9.074794103229333,100.00000000000007,8.24455183416944,7.496702514833234,0.7478493193362068
2022-02-05 17:00:00,0.0,0.0,0.0,0.0,1.1029574438772956,38.10742263904787,0.0,14.4,0.0,38.10742263904787,0.0,0.0,0.0,0.0,16.622696564838815,16.622696564838815,0.0
2022-02-05 18:00:00,0.0,0.0,0.0,0.0,0.020000016,38.10742263904787,0.0,14.4,0.0,38.10742263904787,0.0,0.0,0.0,0.0,17.010181586517408,17.010181586517408,0.0
2022-02-05 19:00:00,0.0,0.36930264261777,0.0,1.558419747718656,1.4721624770649253,39.66584238676653,0.0,14.4,0.0,39.66584238676653,0.0,0.0,0.0,0.0,17.64762724358227,17.64762724358227,0.0
2022-02-05 20:00:00,0.0,1.431795247942131,0.0,3.9547326187184013,1.4517952639421308,42.062155257766264,0.0,14.4,0.0,42.062155257766264,0.0,0.0,0.0,0.0,18.329826061786726,18.329826061786726,0.0
2022-02-05 21:00:00,0.0,3.3124890065532053,0.0,6.132210881286276,4.415573963829838,44.23963352033414,0.0,14.4,0.0,44.23963352033414,0.0,0.0,0.0,0.0,19.87867663241372,19.87867663241372,0.0
2022-02-05 22:00:00,0.0,4.685461055721924,0.0,9.231202299686556,4.705461071721924,47.33862493873442,0.0,14.4,0.0,47.33862493873442,0.0,0.0,0.0,0.0,20.823173166217178,20.823173166217178,0.0
2022-02-05 23:00:00,0.0,8.792282196224022,0.0,11.58420680860379,8.812282212224021,49.69162944765165,0.0,14.4,0.0,49.69162944765165,0.0,0.0,0.0,0.0,22.306822250552127,22.306822250552127,0.0
2022-02-06 00:00:00,0.0,11.195976431982512,0.0,14.133022711262274,12.298979916318505,57.60128166242615,0.0,14.4,0.0,57.60128166242615,0.0,0.0,0.0,0.0,25.78776094748483,25.78776094748483,0.0
2022-02-06 01:00:00,0.0,17.621360681073917,0.0,15.033138645516068,17.641360697073914,58.501397596679936,0.0,14.4,0.0,58.501397596679936,0.0,0.0,0.0,0.0,27.37631493590765,27.37631493590765,0.0
2022-02-06 02:00:00,0.0,21.951552711061538,0.0,16.412736947866335,23.054608489682284,59.88099589903021,0.0,14.4,0.0,59.88099589903021,0.0,0.0,0.0,0.0,29.816884863111284,29.816884863111284,0.0
2022-02-06 03:00:00,0.0,26.529042211435424,0.0,16.169957779451902,26.549042227435425,59.63821673061578,0.0,14.4,0.0,59.63821673061578,0.0,0.0,0.0,0.0,34.73465316471805,34.73465316471805,0.0
2022-02-06 04:00:00,0.0,30.06646643838064,0.0,16.412736947866335,31.16948857240752,59.88099589903021,0.0,14.4,0.0,59.88099589903021,0.0,0.0,0.0,0.0,34.92173098296325,34.92173098296325,0.0
2022-02-06 05:00:00,0.0,33.46911026222881,0.0,16.169957779451902,33.48911027822881,63.84567608524589,0.0,14.4,0.0,63.84567608524589,0.0,0.0,0.0,0.0,31.96352257141635,31.96352257141635,0.0
2022-02-06 06:00:00,0.0,174.76213183166504,0.0,40.83459746264813,175.86524823155224,82.57397768604213,0.0,15.0,0.0,82.57397768604213,0.0,0.0,0.0,0.0,66.8411252669497,66.8411252669497,0.0
2022-02-06 07:00:00,0.0,135.60469139641378,0.0,40.83459746264813,136.70824850580576,98.76960946899328,23.26651828681646,15.727078696463014,1.2900184288357814,97.4795910401575,1.2900184288357792,0.0,1.3060884170456848,99.99999999999983,65.73167133043142,65.19464310859924,0.5370282218321876
2022-02-06 08:00:00,0.0,47.50245595409893,0.0,40.83459746264813,48.606680800211805,186.98067465638707,114.28232549765646,19.171322671801764,30.740228283001677,156.2404463733854,30.74022828300167,0.0,16.440323760459602,99.99999999999997,79.09658752273272,67.53165253924324,11.56493498348948
2022-02-06 09:00:00,0.0,11.76797688171872,0.0,40.83459746264813,13.956899688786297,178.6320965489585,177.67757738671867,21.65242429333496,51.80494959674798,126.82714695221051,51.804949596747974,0.0,29.000918982412305,99.99999999999999,65.91036979444888,47.52453415781505,18.385835636633836
2022-02-06 10:00:00,0.0,1.5329555372278247,0.0,40.83459746264813,3.721989465322298,176.70550160109036,182.40500210625007,22.900156315820315,52.9407888408869,123.76471276020345,52.94078884088691,0.0,29.95989845319012,100.00000000000003,62.35361871596711,43.87331285133451,18.480305864632598
2022-02-06 11:00:00,0.0,0.044660505653488274,0.0,40.83459746264813,2.2344257477901466,178.6320965489585,236.23595656088648,24.582373642527703,68.1410858401278,110.49101070883069,68.1410858401278,0.0,38.14604830630316,100.0,61.774938692526625,38.36370583043392,23.411232862092703
2022-02-06 12:00:00,0.0,0.0,0.0,40.83459746264813,3.275652887321559,178.08774760651295,189.03633710437973,23.107385534511867,54.8237078948086,123.26403971170436,54.82370789480859,0.0,30.784660164236705,99.99999999999999,61.43435206736554,42.70355814656471,18.730793920800828
2022-02-06 13:00:00,0.0,0.0,0.0,40.83459746264813,3.2751280144449515,180.23759233884863,201.10916797667983,23.484661499271244,58.24418034167794,121.99341199717068,58.244180341677946,0.0,32.31522324831007,100.00000000000003,63.05823528400511,42.871384819382946,20.18685046462216
2022-02-06 14:00:00,0.0,0.0,0.0,40.83459746264811,1.104227720824983,176.70550160109036,167.83112088362228,22.444722527613195,48.792350790245344,127.91315081084502,48.79235079024534,0.0,27.612242034429258,99.99999999999999,61.40253419296651,44.50281557325714,16.899718619709375
2022-02-06 15:00:00,0.0,0.0,0.0,40.83459746264813,2.1883223159708303,176.70550160109036,135.1456199386478,20.923300623082742,39.509028799965115,137.19647280112525,39.50902879996511,0.0,22.358686312526967,99.99999999999997,63.155384870377,49.12276556634939,14.032619304027605
2022-02-06 16:00:00,0.0,0.0,0.0,40.83459746264813,2.189296568322017,179.59539402289255,71.66745929293702,18.93960810290428,12.099217766020088,167.49617625687247,12.099217766020075,0.0,6.7369309952780965,99.9999999999999,67.62841343712918,63.09888977815307,4.52952365897611
2022-02-06 17:00:00,0.0,0.0,0.0,40.83459746264813,1.1038491337048049,180.35132106710464,0.0,16.1,0.0,180.35132106710464,0.0,0.0,0.0,0.0,91.25632698721553,91.25632698721553,0.0
2022-02-06 18:00:00,0.0,1.2003261755860246,0.0,40.83459746264813,3.3877647998188243,136.74485312545113,0.0,15.6,0.0,136.74485312545113,0.0,0.0,0.0,0.0,69.13213063203276,69.13213063203276,0.0
2022-02-06 19:00:00,0.0,5.252526477793829,0.0,40.83459746264813,5.272526493793829,134.17605986162698,0.0,15.0,0.0,134.17605986162698,0.0,0.0,0.0,0.0,68.01051529748608,68.01051529748608,0.0
2022-02-06 20:00:00,0.0,17.966955164687747,0.0,40.83459746264811,19.0703996544115,111.9853861309906,0.0,15.0,0.0,111.9853861309906,0.0,0.0,0.0,0.0,58.870878905419104,58.870878905419104,0.0
2022-02-06 21:00:00,0.0,26.65377470943242,0.0,40.83459746264811,27.756768164410797,110.70098949907849,0.0,15.0,0.0,110.70098949907849,0.0,0.0,0.0,0.0,59.265456674760905,59.265456674760905,0.0
2022-02-06 22:00:00,0.0,0.0,0.0,0.0,0.020000016,47.675718305793986,0.0,15.0,0.0,47.675718305793986,0.0,0.0,0.0,0.0,20.482944188008464,20.482944188008464,0.0
2022-02-06 23:00:00,0.0,0.0,0.0,0.0,1.1028791001488434,43.46825895116388,0.0,15.0,0.0,43.46825895116388,0.0,0.0,0.0,0.0,18.795381724483317,18.795381724483317,0.0
2022-02-07 00:00:00,0.0,0.0,0.0,0.0,0.020000016,43.46825895116388,0.0,14.4,0.0,43.46825895116388,0.0,0.0,0.0,0.0,18.60019155565006,18.60019155565006,0.0
2022-02-07 01:00:00,0.0,0.0,0.0,0.0,1.102974269174039,43.46825895116388,0.0,14.4,0.0,43.46825895116388,0.0,0.0,0.0,0.0,18.84973418339467,18.84973418339467,0.0
2022-02-07 02:00:00,0.0,0.0,0.0,0.0,0.020000016,43.46825895116388,0.0,14.4,0.0,43.46825895116388,0.0,0.0,0.0,0.0,18.64213842553793,18.64213842553793,0.0
2022-02-07 03:00:00,0.0,0.0,0.0,0.0,1.1028918039483278,43.46825895116388,0.0,14.4,0.0,43.46825895116388,0.0,0.0,0.0,0.0,18.951217720147596,18.951217720147596,0.0
2022-02-07 04:00:00,0.0,0.0,0.0,0.0,0.020000016,43.46825895116388,0.0,14.4,0.0,43.46825895116388,0.0,0.0,0.0,0.0,18.434577489046124,18.434577489046124,0.0
2022-02-07 05:00:00,0.0,0.0,0.0,0.0,1.10306751424187,47.675718305793986,0.0,14.4,0.0,47.675718305793986,0.0,0.0,0.0,0.0,20.55566272212808,20.55566272212808,0.0
2022-02-07 06:00:00,0.0,56.61301698878791,0.0,40.83459746264813,56.63301700478791,82.57397768604213,0.0,14.4,0.0,82.57397768604213,0.0,0.0,0.0,0.0,45.580160472705316,45.580160472705316,0.0
2022-02-07 07:00:00,0.0,52.93057455582147,0.0,40.83459746264813,54.03413918714135,98.76960946899328,33.504313953515634,15.447009811047364,2.6777465634478648,96.09186290554541,2.6777465634478688,0.0,2.7111037269905305,100.00000000000016,52.108933167999446,50.959965672555235,1.1489674954442108
2022-02-07 08:00:00,0.0,3.8189022360905223,0.0,40.83459746264813,6.0074277224874395,186.98067465638707,79.06310751796875,18.570722109936526,14.74485169425732,172.23582296212976,14.744851694257306,0.0,7.885762376969602,99.9999999999999,73.90780791774844,68.16490935561063,5.74289856213781
2022-02-07 09:00:00,0.0,0.03865711623231763,0.0,40.83459746264813,2.227411868977514,178.6320965489585,167.87702659921914,21.3461570812256,49.00221874172668,129.62987780723182,49.002218741726665,0.0,27.43192275543629,99.99999999999997,65.61605223750995,47.72632221928038,17.88973001822957
2022-02-07 10:00:00,0.0,0.0,0.0,40.83459746264813,2.188870981956834,176.70550160109036,158.7849162539065,21.66202863293458,46.294844664563406,130.41065693652695,46.29484466456341,0.0,26.198870009759645,100.00000000000003,63.4178913277926,46.90637202972942,16.511519298063185
2022-02-07 11:00:00,0.0,0.0,0.0,40.83459746264813,2.1895176750991387,178.6320965489585,103.10186717379828,19.921933349181195,24.951675710590397,153.6804208383681,24.951675710590393,0.0,13.968192834680066,99.99999999999999,64.52582570664012,55.56779985140251,8.958025855237608
2022-02-07 12:00:00,0.0,0.0,0.0,40.83459746264811,3.2755602984650767,178.08774760651295,162.6786053133418,20.08370641604193,47.7036794051925,130.38406820132045,47.7036794051925,0.0,26.786615051471347,100.0,63.57227880671979,46.70139554827941,16.87088325844038
2022-02-07 13:00:00,0.0,0.0,0.0,40.83459746264813,2.190217338225279,180.23759233884863,106.42008030819252,18.325627509631015,26.73771759872915,153.49987474011948,26.737717598729148,0.0,14.834706373830134,99.99999999999999,64.76981039441795,55.219899799679865,9.54991059473808
2022-02-07 14:00:00,0.0,0.0,0.0,40.83459746264813,2.188377161072343,176.70550160109036,109.7066890882184,17.828334034006826,28.465742884962356,148.239758716128,28.465742884962367,0.0,16.109143533755553,100.00000000000004,64.14229497170233,53.8729935685233,10.269301403179028
2022-02-07 15:00:00,0.0,0.0,0.0,40.83459746264813,1.1041542649247127,176.70550160109036,69.8195786719618,16.581861833498806,11.581306399506534,165.12419520158383,11.58130639950653,0.0,6.554015746295852,99.99999999999997,64.27840300575899,60.07861595957394,4.199787046185051
2022-02-07 16:00:00,0.0,0.0,0.0,40.83459746264813,3.273934713239801,179.59539402289255,28.7952905177508,15.299852828679713,1.9789702828762827,177.61642374001627,1.9789702828762756,0.0,1.1019048086634236,99.99999999999964,71.79635310007397,71.01172106746778,0.7846320326061971
2022-02-07 17:00:00,0.0,0.49369853114585527,0.0,40.83459746264813,1.597546494010402,180.35132106710464,0.0,14.4,0.0,180.35132106710464,0.0,0.0,0.0,0.0,78.45009794508854,78.45009794508854,0.0
2022-02-07 18:00:00,0.0,10.73759889363258,0.0,40.83459746264813,11.841212277096304,136.74485312545113,0.0,14.4,0.0,136.74485312545113,0.0,0.0,0.0,0.0,61.764394449338454,61.764394449338454,0.0
2022-02-07 19:00:00,0.0,18.509290768122998,0.0,40.83459746264811,19.612628006361835,134.17605986162698,0.0,14.4,0.0,134.17605986162698,0.0,0.0,0.0,0.0,61.89315167216016,61.89315167216016,0.0
2022-02-07 20:00:00,0.0,32.151884617209014,0.0,40.83459746264813,33.25535636473589,111.9853861309906,0.0,14.4,0.0,111.9853861309906,0.0,0.0,0.0,0.0,55.25337160565096,55.25337160565096,0.0
2022-02-07 21:00:00,0.0,37.68133637916957,0.0,40.83459746264813,37.70133639516957,110.70098949907849,0.0,14.4,0.0,110.70098949907849,0.0,0.0,0.0,0.0,55.400266749405446,55.400266749405446,0.0
2022-02-07 22:00:00,0.0,0.0,0.0,0.0,1.10304834818154,47.675718305793986,0.0,13.9,0.0,47.675718305793986,0.0,0.0,0.0,0.0,20.989985065036763,20.989985065036763,0.0
2022-02-07 23:00:00,0.0,0.0,0.0,0.0,0.020000016,43.46825895116388,0.0,12.8,0.0,43.46825895116388,0.0,0.0,0.0,0.0,19.189403805733086,19.189403805733086,0.0
2022-02-08 00:00:00,0.0,0.0,0.0,0.0,1.102905820859023,43.46825895116388,0.0,11.7,0.0,43.46825895116388,0.0,0.0,0.0,0.0,19.417634662444158,19.417634662444158,0.0
2022-02-08 01:00:00,0.0,0.021215897539389916,0.0,4.267755524582439,0.041215913539389915,47.73601447574632,0.0,11.7,0.0,47.73601447574632,0.0,0.0,0.0,0.0,21.797002109900102,21.797002109900102,0.0
2022-02-08 02:00:00,0.0,1.1006593246218774,0.0,5.941780856053806,2.203652266397843,49.410039807217686,0.0,11.1,0.0,49.410039807217686,0.0,0.0,0.0,0.0,23.54636035361012,23.54636035361012,0.0
2022-02-08 03:00:00,0.0,4.50494076134152,0.0,7.469208710403794,4.52494077734152,50.93746766156766,0.0,10.6,0.0,50.93746766156766,0.0,0.0,0.0,0.0,24.51872272445932,24.51872272445932,0.0
2022-02-08 04:00:00,0.0,7.692763602668204,0.0,12.922041735230597,8.795688660805252,56.390300686394475,0.0,10.6,0.0,56.390300686394475,0.0,0.0,0.0,0.0,27.35403479949525,27.35403479949525,0.0
2022-02-08 05:00:00,0.0,10.989593781640396,0.0,16.889256866203347,11.009593797640395,64.56497517199732,0.0,11.1,0.0,64.56497517199732,0.0,0.0,0.0,0.0,31.935265204306567,31.935265204306567,0.0
2022-02-08 06:00:00,0.0,120.87428527319766,0.0,40.83459746264813,121.97728714584511,82.57397768604213,0.0,10.6,0.0,82.57397768604213,0.0,0.0,0.0,0.0,60.71072583230199,60.71072583230199,0.0
2022-02-08 07:00:00,0.0,86.55376329952908,0.0,40.83459746264813,87.65732747568245,98.76960946899328,36.57193251679683,12.2428728911499,3.2270708176308758,95.5425386513624,3.2270708176308744,0.0,3.2672710107697123,99.99999999999996,60.81674154968177,59.34535861038297,1.471382939298799
2022-02-08 08:00:00,0.0,23.03158445050989,0.0,40.83459746264813,24.135925953372038,186.98067465638707,91.95807009726559,15.67368969053955,20.155600935167897,166.82507372121916,20.15560093516791,0.0,10.779510220619164,100.00000000000007,81.9594917060963,73.59310331391745,8.366388392178848
2022-02-08 09:00:00,0.0,10.943033534498996,0.0,40.83459746264813,13.131843310261019,178.6320965489585,147.6298647140625,20.213433272314454,43.270396833121566,135.36169971583692,43.270396833121566,0.0,24.22319262275593,100.0,71.3145967730508,54.612656299434185,16.70194047361661
2022-02-08 10:00:00,0.0,3.9296572847616122,0.0,40.83459746264813,6.118693002909346,176.70550160109036,177.30879264140606,21.64089977004394,51.69960151606238,125.00590008502797,51.69960151606239,0.0,29.257493992899754,100.00000000000003,67.34326459422294,47.96263497389664,19.380629620326303
2022-02-08 11:00:00,0.0,1.1874906053085081,0.0,40.83459746264813,3.377102546906079,178.6320965489585,227.98290500329603,24.924465781353003,65.67742681703855,112.95466973191994,65.67742681703855,0.0,36.766867817082385,100.0,66.80195840926453,42.46453112794273,24.3374272813218
2022-02-08 12:00:00,0.0,0.5581652312380266,0.0,40.83459746264813,3.8337112816668366,178.08774760651295,200.52046229850293,24.066264446828217,57.9494087171174,120.13833888939556,57.94940871711739,0.0,32.5398066379936,99.99999999999999,64.84993413406353,43.97250065554765,20.877433478515883
2022-02-08 13:00:00,0.0,0.0,0.0,40.83459746264813,3.275249045535232,180.23759233884863,261.9442520444195,26.48575787638811,75.02522826888462,105.21236406996401,75.02522826888462,0.0,41.6257381688923,100.0,64.29558814710923,37.77754608933062,26.518042057778608
2022-02-08 14:00:00,0.0,0.0,0.0,40.83459746264813,1.104213547160505,176.70550160109036,123.9521885551099,22.173505892347187,35.7691938272694,140.93630777382097,35.76919382726939,0.0,20.242263824936096,99.99999999999997,62.50075633344313,49.88943281979362,12.61132351364951
2022-02-08 15:00:00,0.0,0.0,0.0,40.83459746264813,2.1882866477514784,176.70550160109036,102.32090557015432,20.39752829906732,24.532659086984495,152.17284251410587,24.532659086984495,0.0,13.883358958662505,100.0,64.47625207276748,55.579483254872564,8.896768817894916
2022-02-08 16:00:00,0.0,0.0,0.0,40.83459746264813,2.1892345823619372,179.59539402289255,20.24764278925777,15.632738837164306,0.9773015761104156,178.61809244678213,0.9773015761104205,0.0,0.5441685080107603,100.00000000000051,68.83438534739513,68.46195526277097,0.37243008462415617
2022-02-08 17:00:00,0.0,1.4662356813865838,0.0,40.83459746264813,2.5701454636564014,180.35132106710464,0.0,13.3,0.0,180.35132106710464,0.0,0.0,0.0,0.0,76.33926179781648,76.33926179781648,0.0
2022-02-08 18:00:00,0.0,9.179640399760455,0.0,40.83459746264813,10.2834232771363,136.74485312545113,0.0,12.8,0.0,136.74485312545113,0.0,0.0,0.0,0.0,60.66959829442831,60.66959829442831,0.0
2022-02-08 19:00:00,0.0,21.485134119278154,0.0,40.83459746264811,22.588483342132,134.17605986162698,0.0,12.2,0.0,134.17605986162698,0.0,0.0,0.0,0.0,61.59303880477681,61.59303880477681,0.0
2022-02-08 20:00:00,0.0,45.03677621303257,0.0,40.83459746264811,46.14024808394852,111.9853861309906,0.0,12.2,0.0,111.9853861309906,0.0,0.0,0.0,0.0,55.98590884712762,55.98590884712762,0.0
2022-02-08 21:00:00,0.0,55.45166452013887,0.0,40.83459746264813,56.554779683313164,110.70098949907849,0.0,12.2,0.0,110.70098949907849,0.0,0.0,0.0,0.0,57.69668320511647,57.69668320511647,0.0
2022-02-08 22:00:00,0.0,0.0,0.0,0.0,0.020000016,47.675718305793986,0.0,12.2,0.0,47.675718305793986,0.0,0.0,0.0,0.0,20.12919035817947,20.12919035817947,0.0
2022-02-08 23:00:00,0.0,1.0608744880574512,0.0,4.108895561328026,2.1638661352714683,47.57715451249191,0.0,12.2,0.0,47.57715451249191,0.0,0.0,0.0,0.0,21.220786325496572,21.220786325496572,0.0
2022-02-09 00:00:00,0.0,3.0378651235423164,0.0,7.283224717284302,3.0578651395423164,50.75148366844818,0.0,12.8,0.0,50.75148366844818,0.0,0.0,0.0,0.0,23.143100354531718,23.143100354531718,0.0
2022-02-09 01:00:00,0.0,8.38412391436315,0.0,10.328043929026293,9.487147824585596,53.79630288019017,0.0,15.6,0.0,53.79630288019017,0.0,0.0,0.0,0.0,25.857056275998858,25.857056275998858,0.0
2022-02-09 02:00:00,0.0,11.699157596335334,0.0,14.357179925309556,11.719157612335334,57.825438876473434,0.0,15.6,0.0,57.825438876473434,0.0,0.0,0.0,0.0,28.79358795073976,28.79358795073976,0.0
2022-02-09 03:00:00,0.0,18.57816400799914,0.0,15.808677524393852,19.681157423273422,59.276936475557726,0.0,15.0,0.0,59.276936475557726,0.0,0.0,0.0,0.0,31.151833707832644,31.151833707832644,0.0
2022-02-09 04:00:00,0.0,19.9200708476257,0.0,16.031243072071632,19.9400708636257,59.49950202323552,0.0,15.0,0.0,59.49950202323552,0.0,0.0,0.0,0.0,30.86865721157992,30.86865721157992,0.0
2022-02-09 05:00:00,0.0,24.661336103178787,0.0,16.551451655246602,25.764485762187466,64.22716996104057,0.0,15.0,0.0,64.22716996104057,0.0,0.0,0.0,0.0,33.45410499813746,33.45410499813746,0.0
2022-02-09 06:00:00,0.0,133.95844033611925,0.0,40.83459746264813,133.97844035211924,79.60580864484213,0.0,14.4,0.0,79.60580864484213,0.0,0.0,0.0,0.0,60.42869481666166,60.42869481666166,0.0
2022-02-09 07:00:00,0.0,92.79002885073352,0.0,40.83459746264813,93.89365422807671,98.76960946899328,21.007986524121083,15.056499578878784,1.0542473872543132,97.71536208173897,1.054247387254307,0.0,1.06738033381135,99.99999999999942,60.806213495356054,60.3376268879062,0.4685866074498577
2022-02-09 08:00:00,0.0,24.027910589497473,0.0,40.83459746264813,26.216583850089904,186.98067465638707,66.75141291328086,17.085981653540028,10.566659731283995,176.41401492510306,10.566659731284005,0.0,5.651204195675448,100.00000000000011,81.04675307702476,76.73338974141598,4.313363335608784
2022-02-09 09:00:00,0.0,6.922627528759526,0.0,40.83459746264813,9.111559028979073,178.6320965489585,152.90084846953127,20.878151514672854,44.7070218488663,133.92507470009218,44.707021848866304,0.0,25.02742939962822,100.00000000000003,70.70953326754717,53.423339734573766,17.286193532973407
2022-02-09 10:00:00,0.0,1.472731532403425,0.0,40.83459746264813,3.661743150670658,176.70550160109036,119.83233501772426,20.444760469303883,33.642579313402344,143.06292228768802,33.64257931340234,0.0,19.038784309811632,99.99999999999997,68.80489153561699,55.83079903629994,12.974092499317045
2022-02-09 11:00:00,0.0,0.020594288008333492,0.0,40.83459746264813,2.2103419355071328,178.6320965489585,233.3269756124993,23.9914679878906,67.44892354330078,111.18317300565771,67.44892354330078,0.0,37.75856906253953,100.0,66.1381571527736,41.31560431036806,24.822552842405543
2022-02-09 12:00:00,0.0,0.0,0.0,40.83459746264813,2.190677702270474,178.08774760651295,244.662064793681,24.34568952480253,70.63326118530128,107.45448642121167,70.63326118530128,0.0,39.66205543874155,100.0,65.71790868829537,39.80927531922093,25.908633369074437
2022-02-09 13:00:00,0.0,0.0,0.0,40.83459746264813,3.275292347032467,180.23759233884863,240.1811653394595,24.70566141685811,69.2475077663718,110.99008457247683,69.2475077663718,0.0,38.420124718591296,100.0,66.14483364095834,40.95847635371242,25.18635728724592
2022-02-09 14:00:00,0.0,0.0,0.0,40.83459746264813,2.1883924805531993,176.70550160109036,103.36085594999943,20.43002674843748,25.030914557536487,151.67458704355388,25.030914557536477,0.0,14.16532837446303,99.99999999999996,63.697883393454454,54.7306834077898,8.967199985664656
2022-02-09 15:00:00,0.0,0.0,0.0,40.83459746264813,1.1041230822049566,176.70550160109036,70.64581713802525,18.907681785563287,11.758078525001277,164.94742307608908,11.758078525001281,0.0,6.654053449645808,100.00000000000003,66.41388337814656,62.007896193258084,4.405987184888481
2022-02-09 16:00:00,0.0,0.0,0.0,40.83459746264813,2.1893768924437755,179.59539402289255,34.6568639125389,17.78302699726684,2.8412257578242404,176.7541682650683,2.8412257578242475,0.0,1.5820148246463848,100.00000000000024,72.34909283141229,71.21075573154,1.1383370998722881
2022-02-09 17:00:00,0.0,0.0,0.0,40.83459746264813,2.188117183379581,177.38315202590465,0.0,16.1,0.0,177.38315202590465,0.0,0.0,0.0,0.0,74.8984429189222,74.8984429189222,0.0
2022-02-09 18:00:00,0.0,1.6052633678812793,0.0,40.83459746264811,2.7089614336288097,136.74485312545113,0.0,16.1,0.0,136.74485312545113,0.0,0.0,0.0,0.0,57.543172146012246,57.543172146012246,0.0
2022-02-09 19:00:00,0.0,6.717573298483201,0.0,40.83459746264811,7.820975481259623,134.17605986162698,0.0,15.6,0.0,134.17605986162698,0.0,0.0,0.0,0.0,57.718507796619804,57.718507796619804,0.0
2022-02-09 20:00:00,0.0,21.54443079059649,0.0,40.83459746264811,22.647883239156144,111.9853861309906,0.0,15.6,0.0,111.9853861309906,0.0,0.0,0.0,0.0,51.45037872412211,51.45037872412211,0.0
2022-02-09 21:00:00,0.0,33.77151690354169,0.0,40.83459746264813,33.791516919541685,110.70098949907849,0.0,15.6,0.0,110.70098949907849,0.0,0.0,0.0,0.0,52.957743093617,52.957743093617,0.0
2022-02-09 22:00:00,0.0,0.0,0.0,0.0,1.1030062374900238,47.675718305793986,0.0,15.6,0.0,47.675718305793986,0.0,0.0,0.0,0.0,20.200705966436892,20.200705966436892,0.0
2022-02-09 23:00:00,0.0,0.0,0.0,0.0,0.020000016,43.46825895116388,0.0,15.6,0.0,43.46825895116388,0.0,0.0,0.0,0.0,17.31548716234841,17.31548716234841,0.0
2022-02-10 00:00:00,0.0,0.3386331457413669,0.0,3.786095743116851,1.4416518684294501,47.254354694280735,0.0,15.6,0.0,47.254354694280735,0.0,0.0,0.0,0.0,19.478388613632674,19.478388613632674,0.0
2022-02-10 01:00:00,0.0,1.1388605917946886,0.0,5.132163049881148,1.1588606077946886,48.600422001045025,0.0,15.0,0.0,48.600422001045025,0.0,0.0,0.0,0.0,20.35498626442929,20.35498626442929,0.0
2022-02-10 02:00:00,0.0,3.83607439106885,0.0,7.258010071194685,4.939044466787367,50.72626902235856,0.0,15.0,0.0,50.72626902235856,0.0,0.0,0.0,0.0,22.09488650368894,22.09488650368894,0.0
2022-02-10 03:00:00,0.0,4.714292967246611,0.0,8.999000737312047,4.734292983246611,52.467259688475934,0.0,15.0,0.0,52.467259688475934,0.0,0.0,0.0,0.0,22.797105113183303,22.797105113183303,0.0
2022-02-10 04:00:00,0.0,8.902629474847444,0.0,11.076667373246789,8.922629490847443,54.544926324410675,0.0,15.0,0.0,54.544926324410675,0.0,0.0,0.0,0.0,25.029750846321967,25.029750846321967,0.0
2022-02-10 05:00:00,0.0,10.987214297396873,0.0,14.812913041956957,12.090409967440758,62.488631347750946,0.0,15.0,0.0,62.488631347750946,0.0,0.0,0.0,0.0,29.603456063153978,29.603456063153978,0.0
2022-02-10 06:00:00,0.0,114.80385536306424,0.0,40.83459746264813,115.90691292217984,79.60580864484213,0.0,12.8,0.0,79.60580864484213,0.0,0.0,0.0,0.0,56.176253949743725,56.176253949743725,0.0
2022-02-10 07:00:00,0.0,77.64916181120155,0.0,40.83459746264813,78.75274671586597,98.76960946899328,41.07463761972654,14.083582425616456,4.044142369959598,94.72546709903368,4.0441423699596015,0.0,4.094520968242947,100.00000000000009,57.52747086271216,55.752577659384286,1.7748932033278706
2022-02-10 08:00:00,0.0,10.396130091178387,0.0,40.83459746264813,11.500464134380207,186.98067465638707,98.83376213906256,15.288555066845705,23.314415018184388,163.6662596382027,23.314415018184377,0.0,12.46889020003222,99.99999999999996,77.91656929416438,68.45942655826316,9.457142735901215
2022-02-10 09:00:00,0.0,1.3199386461164087,0.0,40.83459746264813,3.508708487170342,178.6320965489585,150.7617870257814,18.011305844555668,44.54214068137871,134.08995586757976,44.542140681378726,0.0,24.935127304611164,100.00000000000003,69.29167020616761,52.17123030316947,17.120439902998136
2022-02-10 10:00:00,0.0,0.0,0.0,40.83459746264813,2.1890245272320996,176.70550160109036,206.9090407510611,20.36590752347066,60.61153898264301,116.09396261844735,60.61153898264301,0.0,34.30087825984757,100.0,65.87942661098619,43.41739637940852,22.462030231577664
2022-02-10 11:00:00,0.0,0.0,0.0,40.83459746264813,2.1897481086519974,178.6320965489585,262.9614890111839,22.117546531599498,76.54060620247431,102.09149034648418,76.54060620247431,0.0,42.84818220307709,100.0,64.05785110333846,36.77916175580764,27.278689347530822
2022-02-10 12:00:00,0.0,0.0,1.2218888283470193,40.83459746264813,3.275547423422093,179.30963643485998,233.84414914834716,21.20762966088585,68.29211419908705,111.01752223577293,68.29211419908705,0.0,38.08613722993988,100.0,60.72573298938475,37.82226518986593,22.903467799518822
2022-02-10 13:00:00,0.0,0.0,4.9901969564789646,40.83459746264813,2.190359950346811,185.22778929532754,191.88842256386027,19.896513205120634,56.30740781104696,128.9203814842806,56.30740781104694,0.0,30.399006555798337,99.99999999999997,62.989328191639444,43.9610843330133,19.028243858626148
2022-02-10 14:00:00,0.0,0.0,5.253855951118592,40.83459746264813,2.188474431762478,181.95935755220898,223.39970237421608,20.88124069919425,65.31960438761325,116.63975316459573,65.31960438761325,0.0,35.89790888818198,100.0,61.63791629264351,39.65264384786064,21.985272444782872
2022-02-10 15:00:00,0.0,0.0,2.3749364669097797,40.83459746264813,2.188329455702155,179.08043806800012,167.9712488233853,19.149101525730792,49.422972931255906,129.6574651367442,49.42297293125591,0.0,27.598197471735634,100.00000000000003,63.07843076385373,45.77866043386156,17.29977032999217
2022-02-10 16:00:00,0.0,0.0,0.0,40.83459746264813,2.189442005805598,179.59539402289255,84.58049690073831,15.943140528148072,17.034829145050857,162.5605648778417,17.03482914505085,0.0,9.485114714511813,99.99999999999996,66.56254095968245,60.286398857771374,6.276142101911077
2022-02-10 17:00:00,0.0,0.0,0.0,40.83459746264813,1.103940100998173,177.38315202590465,0.0,12.8,0.0,177.38315202590465,0.0,0.0,0.0,0.0,68.97287366006755,68.97287366006755,0.0
2022-02-10 18:00:00,0.0,0.0,0.0,40.83459746264813,1.1036642589293537,136.74485312545113,0.0,12.2,0.0,136.74485312545113,0.0,0.0,0.0,0.0,54.29087675769991,54.29087675769991,0.0
2022-02-10 19:00:00,0.0,0.0,0.0,40.83459746264813,1.1033358227705437,134.17605986162698,0.0,12.2,0.0,134.17605986162698,0.0,0.0,0.0,0.0,53.72819515359488,53.72819515359488,0.0
2022-02-10 20:00:00,0.0,0.7791595939182787,0.0,40.83459746264813,1.8826389039143248,111.9853861309906,0.0,11.7,0.0,111.9853861309906,0.0,0.0,0.0,0.0,45.07153240430477,45.07153240430477,0.0
2022-02-10 21:00:00,0.0,2.968521586790026,0.0,40.83459746264813,4.071607693903771,110.70098949907849,0.0,11.7,0.0,110.70098949907849,0.0,0.0,0.0,0.0,45.68931999192834,45.68931999192834,0.0
2022-02-10 22:00:00,0.0,0.0,0.0,0.0,0.020000016,47.675718305793986,0.0,11.7,0.0,47.675718305793986,0.0,0.0,0.0,0.0,19.394507539087186,19.394507539087186,0.0
2022-02-10 23:00:00,0.0,0.0,0.0,0.0,1.1029370928243287,43.46825895116388,0.0,10.6,0.0,43.46825895116388,0.0,0.0,0.0,0.0,17.990794692902508,17.990794692902508,0.0
2022-02-11 00:00:00,0.0,0.0,0.0,0.0,0.020000016,38.10742263904787,0.0,10.0,0.0,38.10742263904787,0.0,0.0,0.0,0.0,15.124435777224123,15.124435777224123,0.0
2022-02-11 01:00:00,0.0,0.0,0.0,0.0,0.020000016,38.10742263904787,0.0,9.4,0.0,38.10742263904787,0.0,0.0,0.0,0.0,15.417862931544793,15.417862931544793,0.0
2022-02-11 02:00:00,0.0,0.0,0.0,0.0,1.102827016526387,38.10742263904787,0.0,8.3,0.0,38.10742263904787,0.0,0.0,0.0,0.0,15.834992655391154,15.834992655391154,0.0
2022-02-11 03:00:00,0.0,0.0,0.0,0.0,0.020000016,38.10742263904787,0.0,7.2,0.0,38.10742263904787,0.0,0.0,0.0,0.0,15.908686535135729,15.908686535135729,0.0
2022-02-11 04:00:00,0.0,0.0,0.0,0.0,1.1029552124131443,38.10742263904787,0.0,7.8,0.0,38.10742263904787,0.0,0.0,0.0,0.0,16.347179497382456,16.347179497382456,0.0
2022-02-11 05:00:00,0.0,0.055873282542151154,0.0,0.9740652783443602,0.07587329854215114,39.08148791739223,0.0,7.8,0.0,39.08148791739223,0.0,0.0,0.0,0.0,16.01928898795126,16.01928898795126,0.0
2022-02-11 06:00:00,0.0,60.19470736274481,0.0,40.83459746264813,61.297751648829966,79.60580864484213,0.0,6.7,0.0,79.60580864484213,0.0,0.0,0.0,0.0,43.44022997763163,43.44022997763163,0.0
2022-02-11 07:00:00,0.0,36.45757718451644,0.0,40.83459746264813,37.560820486501065,75.83888804889047,29.287334587500016,9.815229205859376,2.0872843326314463,73.75160371625903,2.087284332631441,0.0,2.75226125584258,99.99999999999974,37.8196243280306,36.964860520974696,0.8547638070559032
2022-02-11 08:00:00,0.0,5.352251715551188,0.0,40.83459746264813,5.372251731551188,114.21720088209123,89.94157049882813,12.810674078088379,19.478767149244685,94.73843373284654,19.47876714924469,0.0,17.054145083937943,100.00000000000003,42.771913843855145,35.64249027956009,7.1294235642950525
2022-02-11 09:00:00,0.0,0.1177718129983027,0.0,40.83459746264813,2.3050963169189322,116.46489498793738,135.75167080664062,15.942239712707519,40.40674944476394,76.05814554317345,40.40674944476393,0.0,34.69435957414376,99.99999999999997,40.25185087706239,26.43072222948089,13.8211286475815
2022-02-11 10:00:00,0.0,0.0,0.8461285448147564,40.83459746264813,1.1035796623855765,116.34772605881808,126.69647843948022,16.759264951233757,37.60114903144609,78.74657702737198,37.6011490314461,0.0,32.317906249785516,100.00000000000003,38.19146818109922,25.91300097062565,12.278467210473568
2022-02-11 11:00:00,0.0,0.0,5.1755804874190945,40.83459746264813,1.1037820981150355,122.92487210726858,163.29551812371454,18.402984941366082,48.17704066397913,74.74783144328946,48.17704066397913,0.0,39.19226421642167,100.0,40.17759257930635,24.508973644160417,15.668618935145933
2022-02-11 12:00:00,0.0,0.0,8.198341586757683,40.83459746264813,1.1036063356544392,124.66323657469509,183.13466117293422,19.022958161654195,53.90919194137843,70.75404463331665,53.90919194137844,0.0,43.24385714875724,100.00000000000003,39.90145236206447,22.73245291257426,17.168999449490208
2022-02-11 13:00:00,0.0,0.0,4.675829167084722,40.83459746264813,1.1035235905159417,118.57193089119794,196.83522054346335,20.051100641983233,57.7265633339959,60.84536755720204,57.7265633339959,0.0,48.6848471641792,100.0,38.40553031087538,19.804588440578545,18.600941870296833
2022-02-11 14:00:00,0.0,0.0,1.5943438371986307,40.83459746264813,1.103376625318735,76.39147982083699,189.67374040912767,19.82730438778524,55.67152353142012,20.71995628941687,55.67152353142012,0.0,72.87661354641651,100.0,24.82040127936847,6.876912529956451,17.94348874941202
2022-02-11 15:00:00,0.0,0.0,0.046078720606941584,40.83459746264813,1.1033215765662776,73.55881807233322,158.03364786360163,18.83855149573755,46.55128254959095,27.007535522742273,46.55128254959095,0.0,63.284435190102265,100.0,24.437755237959063,9.098176612217857,15.339578625741206
2022-02-11 16:00:00,0.0,0.0,0.0,40.83459746264811,0.020000016,73.83383850970428,68.29898277851409,16.534343211828567,11.084232314152072,62.749606195552204,11.084232314152075,0.0,15.012401546338715,100.00000000000003,26.277741614033946,22.333362123881358,3.9443794901525884
2022-02-11 17:00:00,0.0,0.05956230313715554,0.0,40.83459746264813,1.1627274311171982,77.90044600836414,0.0,13.9,0.0,77.90044600836414,0.0,0.0,0.0,0.0,31.50390622818671,31.50390622818671,0.0
2022-02-11 18:00:00,0.0,0.0,0.0,0.0,1.1030738603353596,38.10742263904787,0.0,12.8,0.0,38.10742263904787,0.0,0.0,0.0,0.0,15.872191836794249,15.872191836794249,0.0
2022-02-11 19:00:00,0.0,0.0,0.0,0.0,0.020000016,38.10742263904787,0.0,12.8,0.0,38.10742263904787,0.0,0.0,0.0,0.0,15.652414117888132,15.652414117888132,0.0
2022-02-11 20:00:00,0.0,0.0,0.0,0.0,1.1029618991713754,38.10742263904787,0.0,11.7,0.0,38.10742263904787,0.0,0.0,0.0,0.0,15.86950415855558,15.86950415855558,0.0
2022-02-11 21:00:00,0.0,0.0,0.0,0.0,0.020000016,38.10742263904787,0.0,11.7,0.0,38.10742263904787,0.0,0.0,0.0,0.0,15.848857881592423,15.848857881592423,0.0
2022-02-11 22:00:00,0.0,0.0,0.0,0.0,1.102890560830212,38.10742263904787,0.0,11.1,0.0,38.10742263904787,0.0,0.0,0.0,0.0,16.35345558157362,16.35345558157362,0.0
2022-02-11 23:00:00,0.0,0.0,0.0,0.0,0.020000016,38.10742263904787,0.0,10.6,0.0,38.10742263904787,0.0,0.0,0.0,0.0,16.69598588685846,16.69598588685846,0.0
2022-02-12 00:00:00,0.0,0.0,0.0,0.0,0.020000016,38.10742263904787,0.0,10.6,0.0,38.10742263904787,0.0,0.0,0.0,0.0,17.167755779129873,17.167755779129873,0.0
2022-02-12 01:00:00,0.0,0.0,0.0,0.0,1.1028826255316864,38.10742263904787,0.0,10.0,0.0,38.10742263904787,0.0,0.0,0.0,0.0,17.659204989546804,17.659204989546804,0.0
2022-02-12 02:00:00,0.0,0.0,0.0,0.0,0.020000016,38.10742263904787,0.0,7.8,0.0,38.10742263904787,0.0,0.0,0.0,0.0,17.54654356016201,17.54654356016201,0.0
2022-02-12 03:00:00,0.0,0.0,0.0,0.0,1.1028871548367765,38.10742263904787,0.0,7.2,0.0,38.10742263904787,0.0,0.0,0.0,0.0,17.64262907620208,17.64262907620208,0.0
2022-02-12 04:00:00,0.0,0.0,0.0,0.0,0.020000016,38.10742263904787,0.0,7.8,0.0,38.10742263904787,0.0,0.0,0.0,0.0,16.863468009357074,16.863468009357074,0.0
2022-02-12 05:00:00,0.0,0.0,0.0,0.0,1.1030788943122536,38.10742263904787,0.0,7.2,0.0,38.10742263904787,0.0,0.0,0.0,0.0,16.87232205032569,16.87232205032569,0.0
2022-02-12 06:00:00,0.0,0.0,0.0,0.0,0.020000016,29.202915515447863,0.0,8.3,0.0,29.202915515447863,0.0,0.0,0.0,0.0,12.843246875840087,12.843246875840087,0.0
2022-02-12 07:00:00,0.0,0.0,0.0,0.0,0.020000016,20.298408391847865,40.183453618945315,9.055732925592041,3.939765813943687,16.358642577904178,3.939765813943687,0.0,19.40923513749952,100.0,8.462455248255926,6.8206563394402435,1.6417989088156828
2022-02-12 08:00:00,0.0,0.0,0.0,0.0,1.1029542890599153,20.298408391847865,98.64414852187508,13.082629641308596,23.40802885137357,0.0,20.298408391847865,3.109620459525704,100.0,86.71558173791625,8.023319335427678,0.1985873764962037,7.824731958931474
2022-02-12 09:00:00,0.0,0.0,0.0,0.0,0.020000016,20.298408391847865,160.21636166249976,16.70676130195312,47.55818823140699,0.0,20.298408391847865,27.259779839559123,100.0,42.68120621643653,7.419726009166703,0.0036010111631256747,7.4161249980035775
2022-02-12 10:00:00,0.0,0.0,0.0,1.2593701531070045,1.1029574638835047,21.55777854495487,200.8966258985996,19.57801955933124,59.018941132015186,0.0,21.55777854495487,37.461162587060315,100.0,36.52688125450072,7.913793522685681,0.1985879481245057,7.715205574561175
2022-02-12 11:00:00,0.0,0.0,0.0,3.898829116827212,0.020000016,24.197237508675077,239.709289668996,20.290915302156126,70.23913679700513,0.0,24.197237508675077,46.04189928833006,100.0,34.44979339453785,8.505421396023657,0.0036010111631256747,8.501820384860531
2022-02-12 12:00:00,0.0,0.0,0.0,3.799691751656815,1.102991915732988,24.098100143504677,115.83437309631174,16.419824159259743,31.895575863657005,0.0,24.098100143504677,7.7974757201523275,100.0,75.55311196297585,8.681245892208636,0.1985941511942722,8.482651741014363
2022-02-12 13:00:00,0.0,0.0,0.17432058415008775,3.6289766367900196,0.020000016,24.101705612787974,151.38232162570714,16.930697550803348,44.8997920297191,0.0,24.101705612787974,20.798086416931127,100.0,53.678880287095964,8.667079602207826,0.0036010111631256747,8.6634785910447
2022-02-12 14:00:00,0.0,0.0,0.01762855428419665,7.440767041182938,1.1030943049400506,27.756803987314996,98.69743854024715,14.784294954382723,23.29201778677014,4.464786200544857,23.29201778677014,0.0,83.91462431126693,100.0,10.269474993110968,1.8185486396260928,8.450926353484876
2022-02-12 15:00:00,0.0,0.0,0.0,8.332575995804245,0.020000016,28.630984387652106,70.47816300897898,13.902442594030592,11.914279607185897,16.71670478046621,11.914279607185897,0.0,41.61323776322639,100.0,10.723184720822012,6.262418864493576,4.460765856328436
2022-02-12 16:00:00,0.0,0.0,0.0,7.474043213907604,0.020000016,27.77245160575547,27.8886785201947,11.971521203756083,1.8783855034078463,25.894066102347626,1.878385503407845,0.0,6.763484657647489,99.99999999999993,10.871377911269327,10.136337488003287,0.7350404232660406
2022-02-12 17:00:00,0.0,0.0,0.0,1.1148170761270297,1.1029846296549972,36.2540706739749,0.0,10.6,0.0,36.2540706739749,0.0,0.0,0.0,0.0,15.907300392012868,15.907300392012868,0.0
2022-02-12 18:00:00,0.0,0.0,0.0,0.0,0.020000016,38.10742263904787,0.0,10.6,0.0,38.10742263904787,0.0,0.0,0.0,0.0,16.32653442437289,16.32653442437289,0.0
2022-02-12 19:00:00,0.0,0.0,0.0,0.0,1.102905940400609,38.10742263904787,0.0,11.1,0.0,38.10742263904787,0.0,0.0,0.0,0.0,16.22351203947248,16.22351203947248,0.0
2022-02-12 20:00:00,0.0,0.0,0.0,0.0,0.020000016,38.10742263904787,0.0,11.1,0.0,38.10742263904787,0.0,0.0,0.0,0.0,16.103606001934462,16.103606001934462,0.0
2022-02-12 21:00:00,0.0,0.0,0.0,0.0,1.1030835923901299,38.10742263904787,0.0,11.1,0.0,38.10742263904787,0.0,0.0,0.0,0.0,16.254982649463983,16.254982649463983,0.0
2022-02-12 22:00:00,0.0,0.0,0.0,0.0,0.020000016,38.10742263904787,0.0,11.1,0.0,38.10742263904787,0.0,0.0,0.0,0.0,16.276423163602544,16.276423163602544,0.0
2022-02-12 23:00:00,0.0,0.0,0.0,0.0,0.020000016,38.10742263904787,0.0,11.7,0.0,38.10742263904787,0.0,0.0,0.0,0.0,16.075406509181565,16.075406509181565,0.0
2022-02-13 00:00:00,0.0,0.0,0.0,0.0,1.1029394408381543,43.46825895116388,0.0,11.1,0.0,43.46825895116388,0.0,0.0,0.0,0.0,18.068820640480713,18.068820640480713,0.0
2022-02-13 01:00:00,0.0,0.0,0.0,0.0,0.020000016,43.46825895116388,0.0,10.6,0.0,43.46825895116388,0.0,0.0,0.0,0.0,17.749735069270535,17.749735069270535,0.0
2022-02-13 02:00:00,0.0,0.0,0.0,0.0,1.1028425219746876,43.46825895116388,0.0,9.4,0.0,43.46825895116388,0.0,0.0,0.0,0.0,17.75735311481412,17.75735311481412,0.0
2022-02-13 03:00:00,0.0,0.0,0.0,0.0,0.020000016,43.46825895116388,0.0,9.4,0.0,43.46825895116388,0.0,0.0,0.0,0.0,17.4439358675491,17.4439358675491,0.0
2022-02-13 04:00:00,0.0,0.0,0.0,0.0,1.102963212632125,43.46825895116388,0.0,9.4,0.0,43.46825895116388,0.0,0.0,0.0,0.0,17.690216385137422,17.690216385137422,0.0
2022-02-13 05:00:00,0.0,0.0,0.0,0.0,0.020000016,47.675718305793986,0.0,9.4,0.0,47.675718305793986,0.0,0.0,0.0,0.0,19.17591437065512,19.17591437065512,0.0
2022-02-13 06:00:00,0.0,33.9664783587685,0.0,40.83459746264813,35.06954125212478,79.60580864484213,0.0,9.4,0.0,79.60580864484213,0.0,0.0,0.0,0.0,38.44080162010048,38.44080162010048,0.0
2022-02-13 07:00:00,0.0,13.50332158949158,0.0,40.83459746264813,14.606872656757105,98.76960946899328,17.250888880371097,9.939090277511598,0.7238630138438942,98.04574645514938,0.7238630138438964,0.0,0.7328803037042873,100.00000000000031,42.648456139340105,42.35516856202098,0.293287577319127
2022-02-13 08:00:00,0.0,0.08635956659384979,0.0,40.83459746264813,1.1906813718259166,186.98067465638707,115.0693594101562,13.595917481567382,31.794419105827963,155.1862555505591,31.794419105827956,0.0,17.004120433438544,99.99999999999997,74.05024638576482,61.49510719715994,12.555139188604883
2022-02-13 09:00:00,0.0,0.0,0.0,40.83459746264813,2.1887886304287596,178.6320965489585,195.77578494375004,17.81799327949219,57.881726799987234,120.75036974897125,57.881726799987234,0.0,32.40275847298435,100.0,69.79712761100508,47.30862970604004,22.488497904965044
2022-02-13 10:00:00,0.0,0.0,0.0960398867723482,40.83459746264813,2.188737711053604,176.80154148786272,207.55819742656385,18.68619366958012,61.173210756004025,115.6283307318587,61.173210756004025,0.0,34.599930657393905,100.0,66.93157525480866,43.90964911889411,23.021926135914555
2022-02-13 11:00:00,0.0,0.0,1.8077919784092864,40.83459746264813,2.1893784251056694,180.43988852736777,194.78431930783987,19.987009978369997,57.13839105101643,123.30149747635134,57.13839105101643,0.0,31.666164015807464,100.0,66.2267896218643,45.38013333885622,20.84665628300808
2022-02-13 12:00:00,0.0,0.0,2.947237295442758,40.83459746264813,3.2754972016629127,181.03498490195565,172.02752034429594,19.77586001075925,50.501576155085,130.53340874687066,50.50157615508499,0.0,27.896031356831646,99.99999999999999,65.55777965935988,47.43427902458453,18.123500634775354
2022-02-13 13:00:00,0.0,0.0,1.6764419143006806,40.83459746264813,3.275173610679804,181.91403425314928,214.00555850461197,21.087673703269125,62.5257846515789,119.38824960157038,62.5257846515789,0.0,34.37106153369608,100.0,66.67906500907368,43.96344744515506,22.71561756391862
2022-02-13 14:00:00,0.0,0.0,0.23264936229572306,40.83459746264813,1.1041977627280533,176.93815096338608,156.15180194333732,19.87974381072929,45.823705832359316,131.11444513102677,45.82370583235931,0.0,25.898148919755375,99.99999999999999,65.88444573733774,48.87308230266182,17.01136343467592
2022-02-13 15:00:00,0.0,0.0,0.0,40.83459746264813,2.1883386252262063,176.70550160109036,134.29870687442707,18.596834589825846,39.59437627066695,137.11112533042342,39.59437627066694,0.0,22.406985584439,99.99999999999997,67.2107790686102,52.23915554126427,14.971623527345926
2022-02-13 16:00:00,0.0,0.0,0.0,40.83459746264813,2.1893228286599973,179.59539402289255,119.4221118207625,18.13194099439883,33.69382275798281,145.90157126490973,33.693822757982815,0.0,18.760961516467372,100.00000000000003,71.96654490793688,58.538882662425564,13.427662245511314
2022-02-13 17:00:00,0.0,0.0,0.0,40.83459746264813,1.1038423659498149,177.38315202590465,18.203667881554537,14.468864621298579,0.7932339309110658,176.58991809499358,0.7932339309110716,0.0,0.4471867377772324,100.00000000000074,72.18260419874036,71.86070193723734,0.3219022615030269
2022-02-13 18:00:00,0.0,0.1469356866288209,0.0,40.83459746264813,1.2505390825193996,136.74485312545113,0.0,13.3,0.0,136.74485312545113,0.0,0.0,0.0,0.0,55.619816356530436,55.619816356530436,0.0
2022-02-13 19:00:00,0.0,1.2433184546729836,0.0,40.83459746264813,2.3467118771781585,134.17605986162698,0.0,13.3,0.0,134.17605986162698,0.0,0.0,0.0,0.0,54.109722397430254,54.109722397430254,0.0
2022-02-13 20:00:00,0.0,9.097138892004315,0.0,40.83459746264813,10.200576852295418,111.9853861309906,0.0,12.8,0.0,111.9853861309906,0.0,0.0,0.0,0.0,46.61341480402333,46.61341480402333,0.0
2022-02-13 21:00:00,0.0,18.62210383066125,0.0,40.83459746264811,19.725192674118553,110.70098949907849,0.0,11.7,0.0,110.70098949907849,0.0,0.0,0.0,0.0,48.24317908511247,48.24317908511247,0.0
2022-02-13 22:00:00,0.0,0.0,0.0,0.0,0.020000016,47.675718305793986,0.0,11.7,0.0,47.675718305793986,0.0,0.0,0.0,0.0,19.576628783015316,19.576628783015316,0.0
2022-02-13 23:00:00,0.0,0.0,0.0,0.0,1.1028945857911365,43.46825895116388,0.0,10.6,0.0,43.46825895116388,0.0,0.0,0.0,0.0,18.255074053916655,18.255074053916655,0.0
2022-02-14 00:00:00,0.0,0.0,0.0,0.0,0.020000016,43.46825895116388,0.0,10.0,0.0,43.46825895116388,0.0,0.0,0.0,0.0,18.06096780336087,18.06096780336087,0.0
2022-02-14 01:00:00,0.0,0.6429591468052789,0.0,5.273538446332915,1.7459559858302125,48.741797397496796,0.0,10.0,0.0,48.741797397496796,0.0,0.0,0.0,0.0,20.553416631639553,20.553416631639553,0.0
2022-02-14 02:00:00,0.0,1.7186234478071478,0.0,7.471237041891793,1.7386234638071478,50.93949599305567,0.0,8.3,0.0,50.93949599305567,0.0,0.0,0.0,0.0,21.89355735210823,21.89355735210823,0.0
2022-02-14 03:00:00,0.0,5.731360530356831,0.0,10.265776919260702,5.751360546356831,53.73403587042459,0.0,8.3,0.0,53.73403587042459,0.0,0.0,0.0,0.0,23.978087473517537,23.978087473517537,0.0
2022-02-14 04:00:00,0.0,6.614334272013067,0.0,10.488378758177857,7.717262670900175,53.95663770934174,0.0,7.2,0.0,53.95663770934174,0.0,0.0,0.0,0.0,24.476732265998848,24.476732265998848,0.0
2022-02-14 05:00:00,0.0,10.704727674345962,0.0,15.063642417681152,10.724727690345961,62.739360723475144,0.0,6.7,0.0,62.739360723475144,0.0,0.0,0.0,0.0,28.249212395014585,28.249212395014585,0.0
2022-02-14 06:00:00,0.0,107.19692190828486,0.0,40.83459746264813,108.30000601950083,79.60580864484213,0.0,7.2,0.0,79.60580864484213,0.0,0.0,0.0,0.0,53.437805332126814,53.437805332126814,0.0
2022-02-14 07:00:00,0.0,102.87892620591946,0.0,40.83459746264813,103.98248333337737,98.76960946899328,39.57820145683594,10.636818795526123,3.8008632755247973,94.96874619346849,3.80086327552479,0.0,3.8482113030101575,99.99999999999982,60.125321778287024,58.532037901819784,1.5932838764672397
2022-02-14 08:00:00,0.0,23.344230346128352,0.0,40.83459746264813,25.53279799953745,186.98067465638707,69.26214452695311,12.764442016467285,11.553231596336467,175.4274430600506,11.553231596336474,0.0,6.178837260892206,100.00000000000007,82.52045211303172,77.70570061141647,4.814751501615248
2022-02-14 09:00:00,0.0,13.381079257779357,0.0,40.83459746264813,15.569880287282661,178.6320965489585,93.10509508007806,16.20953422125244,20.62195477557013,158.01014177338834,20.621954775570146,0.0,11.544372581395637,100.00000000000007,76.38728292487353,67.89248109417292,8.49480183070061
2022-02-14 10:00:00,0.0,9.910610817260787,0.0,40.83459746264813,11.014963695290614,176.70550160109036,144.82774220499655,18.925866943906144,42.64780124665548,134.05770035443487,42.64780124665549,0.0,24.134959500543548,100.00000000000003,73.41468074203402,56.174733566086005,17.239947175948018
2022-02-14 11:00:00,0.0,7.377317196233442,0.0,40.83459746264813,10.651549216870734,178.6320965489585,177.86119616760797,21.158162380237748,51.95216371834907,126.67993283060942,51.95216371834907,0.0,29.08333089183125,100.0,71.43964150336318,51.2203789058189,20.21926259754428
2022-02-14 12:00:00,0.0,5.359848732727294,0.0,40.83459746264813,7.55022054202793,178.08774760651295,176.54731951347884,21.117103734796213,51.57611272670116,126.5116348798118,51.576112726701155,0.0,28.961067462461937,99.99999999999999,71.90799111084097,51.47637193472194,20.43161917611903
2022-02-14 13:00:00,0.0,3.500610554832451,0.0,40.83459746264813,6.776007706429731,180.23759233884863,213.35235624074068,22.267261132523146,62.06676205342982,118.17083028541882,62.06676205342981,0.0,34.43608031378028,99.99999999999999,70.7827217567742,46.82805494225295,23.954666814521246
2022-02-14 14:00:00,0.0,3.511008172615273,0.0,40.83459746264813,5.6993604898467005,176.70550160109036,236.34497772470834,23.485780553897136,68.44870855335412,108.25679304773624,68.44870855335412,0.0,38.73603704081376,100.0,69.78051583436125,43.14780782333669,26.63270801102456
2022-02-14 15:00:00,0.0,5.454923306315218,0.0,40.83459746264811,6.559060926760177,176.70550160109036,190.69206333780278,22.05912697930634,55.516903940685836,121.18859766040453,55.516903940685836,0.0,31.417756344686026,100.0,71.40726208238024,49.34373411827289,22.06352796410735
2022-02-14 16:00:00,0.0,9.470849770269675,0.0,40.83459746264813,11.660102777309758,179.59539402289255,102.63360340379171,18.80730010636849,24.825632510916428,154.76976151197613,24.82563251091642,0.0,13.823089754602483,99.99999999999997,75.63384243939244,65.46911133596026,10.164731103432175
2022-02-14 17:00:00,0.0,23.91270222420021,0.0,40.83459746264813,26.100436888884527,177.38315202590465,17.183374587543778,15.536980455860743,0.704117708376835,176.67903431752782,0.7041177083768275,0.0,0.3969473427070457,99.99999999999895,79.93291073919788,79.63427329554402,0.2986374436538597
2022-02-14 18:00:00,0.0,47.008416860844086,0.0,40.83459746264813,48.112052061237286,136.74485312545113,0.0,15.0,0.0,136.74485312545113,0.0,0.0,0.0,0.0,65.54640262498482,65.54640262498482,0.0
2022-02-14 19:00:00,0.0,55.17765001141812,0.0,40.83459746264813,56.281015048615124,134.17605986162698,0.0,14.4,0.0,134.17605986162698,0.0,0.0,0.0,0.0,66.32367041522146,66.32367041522146,0.0
2022-02-14 20:00:00,0.0,79.49957966376934,0.0,40.83459746264813,80.60305241196086,111.9853861309906,0.0,13.9,0.0,111.9853861309906,0.0,0.0,0.0,0.0,62.35500962866519,62.35500962866519,0.0
2022-02-14 21:00:00,0.0,92.92555896571922,0.0,40.83459746264813,92.94555898171923,110.70098949907849,0.0,12.8,0.0,110.70098949907849,0.0,0.0,0.0,0.0,64.1885260485197,64.1885260485197,0.0
2022-02-14 22:00:00,0.0,0.44171843782284353,0.0,3.0531443471432955,1.5447049629414615,50.72886265293727,0.0,12.2,0.0,50.72886265293727,0.0,0.0,0.0,0.0,22.309162529808702,22.309162529808702,0.0
2022-02-14 23:00:00,0.0,6.712044334284778,0.0,9.419990627857246,6.732044350284778,52.88824957902112,0.0,11.7,0.0,52.88824957902112,0.0,0.0,0.0,0.0,23.426494402544076,23.426494402544076,0.0
2022-02-15 00:00:00,0.0,13.059256285186029,0.0,15.691449070673087,13.07925630118603,59.15970802183697,0.0,11.1,0.0,59.15970802183697,0.0,0.0,0.0,0.0,26.519004053416644,26.519004053416644,0.0
2022-02-15 01:00:00,0.0,21.05362529021082,0.0,15.591390927652837,22.156540633310417,59.0596498788167,0.0,10.0,0.0,59.0596498788167,0.0,0.0,0.0,0.0,27.760508094378796,27.760508094378796,0.0
2022-02-15 02:00:00,0.0,24.87262416929845,0.0,16.92940595542767,24.892624185298452,60.39766490659155,0.0,8.9,0.0,60.39766490659155,0.0,0.0,0.0,0.0,28.939357720270944,28.939357720270944,0.0
2022-02-15 03:00:00,0.0,34.22285940794197,0.0,15.653288771890564,35.325923904380765,59.12154772305445,0.0,8.3,0.0,59.12154772305445,0.0,0.0,0.0,0.0,30.79213121682602,30.79213121682602,0.0
2022-02-15 04:00:00,0.0,35.97496895290275,0.0,16.92940595542767,35.99496896890275,60.39766490659155,0.0,8.3,0.0,60.39766490659155,0.0,0.0,0.0,0.0,31.636838490861713,31.636838490861713,0.0
2022-02-15 05:00:00,0.0,42.48487430134304,0.0,15.653288771890564,43.58802244464789,63.32900707768456,0.0,8.9,0.0,63.32900707768456,0.0,0.0,0.0,0.0,34.34996437352372,34.34996437352372,0.0
2022-02-15 06:00:00,0.0,158.45250587402754,0.0,40.83459746264813,158.47250589002752,79.60580864484213,0.0,8.9,0.0,79.60580864484213,0.0,0.0,0.0,0.0,61.90976573105835,61.90976573105835,0.0
2022-02-15 07:00:00,0.0,127.77305579918382,0.0,40.83459746264813,128.87658178345308,98.76960946899328,41.850816839648395,11.907838026239013,4.230915467133527,94.53869400185975,4.230915467133528,0.0,4.283620730991893,100.00000000000003,64.29589639539176,62.53568747902286,1.760208916368903
2022-02-15 08:00:00,0.0,48.470024489349996,0.0,40.83459746264813,50.65867216441643,186.98067465638707,63.72886193437497,14.79152693544922,9.710832824341614,177.26984183204544,9.710832824341622,0.0,5.193495446621499,100.00000000000009,83.62356471860488,79.75428337974596,3.869281338858926
2022-02-15 09:00:00,0.0,30.038952022198924,0.0,40.83459746264813,32.22771495288593,178.6320965489585,78.25285280742189,16.845401650231935,14.534248481969376,164.09784806698912,14.534248481969371,0.0,8.136414878826608,99.99999999999997,73.25677256161295,67.76842232109409,5.488350240518855
2022-02-15 10:00:00,0.0,16.729902477733877,0.0,40.83459746264813,18.918776127949815,176.70550160109036,121.66926521720643,19.402164538037702,34.813481928933946,141.8920196721564,34.81348192893395,0.0,19.701413715756736,100.00000000000003,66.97172003985659,54.448440252970826,12.523279786885766
2022-02-15 11:00:00,0.0,9.532368577559161,0.0,40.83459746264813,11.721884963446621,178.6320965489585,157.50450248013993,20.522015702504373,46.11286725956247,132.519229289396,46.11286725956248,0.0,25.81443545165139,100.00000000000003,65.2801985444963,48.973305295497234,16.306893248999067
2022-02-15 12:00:00,0.0,8.118130471670803,0.0,40.83459746264813,11.393650520779888,178.08774760651295,155.94450207716318,20.47326568991135,45.66424423416365,132.4235033723493,45.66424423416365,0.0,25.641429490735856,100.0,63.29402701896259,47.590550069276055,15.703476949686532
2022-02-15 13:00:00,0.0,4.390212632368812,0.0,40.83459746264813,6.580376627732179,180.23759233884863,199.27226403354618,21.82725825104832,58.06412637987553,122.1734659589731,58.06412637987553,0.0,32.21532513079421,100.0,63.87774246804553,43.681007068701525,20.196735399344007
2022-02-15 14:00:00,0.0,1.5662821736290042,0.0,40.83459746264811,3.754685413604824,176.70550160109036,229.77780365140805,22.780556364106502,66.71944095037856,109.9860606507118,66.71944095037856,0.0,37.75742144180465,100.0,62.44609133077983,39.12330995496075,23.322781375819076
2022-02-15 15:00:00,0.0,0.5730899528101263,0.0,40.83459746264813,1.6772214408892328,176.70550160109036,194.62047791860635,21.68188993495645,56.738832461335875,119.96666913975449,56.738832461335875,0.0,32.10926199084781,100.0,66.1380366740225,44.998566169740286,21.139470504282215
2022-02-15 16:00:00,0.0,2.570261635636483,0.0,40.83459746264813,4.759596137473922,179.59539402289255,86.57248275366895,17.705390086052155,17.734071642156852,161.8613223807357,17.734071642156863,0.0,9.874457938434851,100.00000000000007,72.66818555563046,65.57721700951403,7.090968546116429
2022-02-15 17:00:00,0.0,12.176807640193097,0.0,40.83459746264813,14.364715855969454,177.38315202590465,20.93029164401514,15.054071613875474,1.0464729233509864,176.33667910255366,1.04647292335099,0.0,0.5899505738843592,100.00000000000033,79.65491801498021,79.20025169160729,0.4546663233729191
2022-02-15 18:00:00,0.0,33.04624839721331,0.0,40.83459746264813,34.14989639687007,136.74485312545113,0.0,13.3,0.0,136.74485312545113,0.0,0.0,0.0,0.0,66.10926991098677,66.10926991098677,0.0
2022-02-15 19:00:00,0.0,46.06505754719932,0.0,40.83459746264813,47.16844365301091,134.17605986162698,0.0,13.3,0.0,134.17605986162698,0.0,0.0,0.0,0.0,67.99374243886739,67.99374243886739,0.0
2022-02-15 20:00:00,0.0,75.14111762074806,0.0,40.83459746264813,76.24455095994043,111.9853861309906,0.0,13.3,0.0,111.9853861309906,0.0,0.0,0.0,0.0,64.02441937436458,64.02441937436458,0.0
2022-02-15 21:00:00,0.0,95.2619842657675,0.0,40.83459746264813,95.28198428176749,110.70098949907849,0.0,13.3,0.0,110.70098949907849,0.0,0.0,0.0,0.0,68.1023701149878,68.1023701149878,0.0
2022-02-15 22:00:00,0.0,0.9240867073317406,0.0,2.7050156758980926,2.027006769142631,50.38073398169207,0.0,13.3,0.0,50.38073398169207,0.0,0.0,0.0,0.0,23.42850771400887,23.42850771400887,0.0
2022-02-15 23:00:00,0.0,7.9424815239754984,0.0,10.676149615162448,7.9624815399754985,54.144408566326334,0.0,13.3,0.0,54.144408566326334,0.0,0.0,0.0,0.0,25.681950753049634,25.681950753049634,0.0
2022-02-16 00:00:00,0.0,13.797003031744586,0.0,14.24383297172634,14.900040265951594,57.712091922890224,0.0,12.8,0.0,57.712091922890224,0.0,0.0,0.0,0.0,29.05054753841865,29.05054753841865,0.0
2022-02-16 01:00:00,0.0,24.771618017392193,0.0,16.624365514107726,24.79161803339219,60.092624465271605,0.0,12.8,0.0,60.092624465271605,0.0,0.0,0.0,0.0,31.243117797098094,31.243117797098094,0.0
2022-02-16 02:00:00,0.0,30.487427139035695,0.0,15.710737836259595,31.590445659062084,59.178996787423486,0.0,12.8,0.0,59.178996787423486,0.0,0.0,0.0,0.0,31.99915068969404,31.99915068969404,0.0
2022-02-16 03:00:00,0.0,40.92040376974593,0.0,16.87195689105864,40.94040378574593,60.34021584222252,0.0,12.2,0.0,60.34021584222252,0.0,0.0,0.0,0.0,34.26828956844776,34.26828956844776,0.0
2022-02-16 04:00:00,0.0,42.164065895939835,0.0,15.710737836259595,42.18406591193983,59.178996787423486,0.0,11.7,0.0,59.178996787423486,0.0,0.0,0.0,0.0,33.659168196640394,33.659168196640394,0.0
2022-02-16 05:00:00,0.0,49.98747936871278,0.0,16.87195689105864,51.09064538999422,64.54767519685262,0.0,11.7,0.0,64.54767519685262,0.0,0.0,0.0,0.0,37.067673364536844,37.067673364536844,0.0
2022-02-16 06:00:00,0.0,173.10292053134103,0.0,40.83459746264813,174.20597436374183,79.60580864484213,0.0,11.1,0.0,79.60580864484213,0.0,0.0,0.0,0.0,65.52869060559871,65.52869060559871,0.0
2022-02-16 07:00:00,0.0,165.24083477528484,0.0,40.83459746264813,166.34438020808318,98.76960946899328,37.500077432812475,12.87187741977539,3.3854059143284996,95.38420355466478,3.3854059143285014,0.0,3.427578515830095,100.00000000000004,71.26817142344343,69.85197149433196,1.416199929111471
2022-02-16 08:00:00,0.0,54.02803268301872,0.0,40.83459746264813,55.13235640830812,186.98067465638707,69.32885279589844,16.066526649871825,11.440195961633005,175.54047869475406,11.440195961633009,0.0,6.118384149943072,100.00000000000003,78.34844187951589,74.16213097127552,4.186310908240372
2022-02-16 09:00:00,0.0,20.704405401580978,0.0,40.83459746264813,22.893298786119043,178.6320965489585,94.08412094658124,17.940128779580665,20.9273354172712,157.7047611316873,20.927335417271195,0.0,11.715327660354447,99.99999999999997,62.78830107552991,55.91534557778971,6.8729554977402
2022-02-16 10:00:00,0.0,5.9199293393089265,0.0,40.83459746264813,8.108908937091268,176.70550160109036,149.92781512090846,21.88524422252839,43.67683373063305,133.0286678704573,43.676833730633064,0.0,24.71730270698236,100.00000000000003,58.53854001182803,44.4302675643276,14.108272447500433
2022-02-16 11:00:00,0.0,1.3527425886786368,0.0,40.83459746264813,3.5424485807064254,178.6320965489585,184.15546376490263,23.554858242653207,53.32036249205697,125.31173405690151,53.32036249205697,0.0,29.849261987160986,100.0,59.6828725272334,42.05835990910889,17.624512618124513
2022-02-16 12:00:00,0.0,0.3311528039827585,0.0,40.83459746264813,3.6069937233786837,178.08774760651295,185.02113814329203,24.681910566977876,53.34880182863897,124.73894577787398,53.34880182863897,0.0,29.956469518899077,100.0,59.11921000777831,41.603731391399556,17.51547861637875
2022-02-16 13:00:00,0.0,0.0,0.0,40.83459746264813,2.1901697701887994,180.23759233884863,230.09351878642786,26.09042246207587,65.99957528556159,114.23801705328704,65.99957528556159,0.0,36.61809638550967,100.0,59.70332310912826,37.98550286566137,21.717820243466896
2022-02-16 14:00:00,0.0,0.0,0.0,40.83459746264813,2.1884540778808095,176.70550160109036,243.54414089082198,25.410754402838187,70.03411333247334,106.67138826861702,70.03411333247334,0.0,39.63323874916704,100.0,55.949358238870985,33.93098317770803,22.018375061162956
2022-02-16 15:00:00,0.0,0.0,0.0,40.83459746264813,2.1882514719433837,176.70550160109036,198.90507765884544,22.315783676838922,57.85359074116646,118.8519108599239,57.85359074116646,0.0,32.740118568447265,100.0,59.501102341769965,40.14936550680349,19.351736834966474
2022-02-16 16:00:00,0.0,0.0,0.0,40.83459746264813,2.1893203335852944,179.59539402289255,112.12159187760504,19.103799746175156,29.596043617878465,149.99935040501407,29.59604361787848,0.0,16.479288780705563,100.00000000000004,67.05550840914165,56.07019691927561,10.985311489866042
2022-02-16 17:00:00,0.0,2.3973214638445524,0.0,40.83459746264813,3.50116167020685,177.38315202590465,19.835061734117797,15.019845679191182,0.939934501128522,176.44321752477612,0.9399345011285334,0.0,0.5298893893774463,100.00000000000122,75.56944584499158,75.1723517162998,0.3970941286917764
2022-02-16 18:00:00,0.0,9.91629973920459,0.0,40.83459746264813,11.019919155424494,136.74485312545113,0.0,14.4,0.0,136.74485312545113,0.0,0.0,0.0,0.0,59.990623979009236,59.990623979009236,0.0
2022-02-16 19:00:00,0.0,12.209837953518432,0.0,40.83459746264813,13.31318392980422,134.17605986162698,0.0,14.4,0.0,134.17605986162698,0.0,0.0,0.0,0.0,60.151116606302516,60.151116606302516,0.0
2022-02-16 20:00:00,0.0,23.17970065607797,0.0,40.83459746264811,24.28317599478634,111.9853861309906,0.0,13.9,0.0,111.9853861309906,0.0,0.0,0.0,0.0,53.64800549927032,53.64800549927032,0.0
2022-02-16 21:00:00,0.0,28.30253937201562,0.0,40.83459746264813,29.4056018778312,110.70098949907849,0.0,13.3,0.0,110.70098949907849,0.0,0.0,0.0,0.0,53.98853504639199,53.98853504639199,0.0
2022-02-16 22:00:00,0.0,0.0,0.0,0.0,0.020000016,47.675718305793986,0.0,12.8,0.0,47.675718305793986,0.0,0.0,0.0,0.0,21.301536271318948,21.301536271318948,0.0
2022-02-16 23:00:00,0.0,0.0,0.0,0.0,0.020000016,43.46825895116388,0.0,12.8,0.0,43.46825895116388,0.0,0.0,0.0,0.0,19.19396797292296,19.19396797292296,0.0
2022-02-17 00:00:00,0.0,0.0,0.0,0.0,1.1029992741614505,43.46825895116388,0.0,12.8,0.0,43.46825895116388,0.0,0.0,0.0,0.0,19.124892764713874,19.124892764713874,0.0
2022-02-17 01:00:00,0.0,0.0,0.0,0.0,0.020000016,43.46825895116388,0.0,10.0,0.0,43.46825895116388,0.0,0.0,0.0,0.0,19.382620216771013,19.382620216771013,0.0
2022-02-17 02:00:00,0.0,0.0,0.0,1.619371948762469,1.1029397528912028,45.087630899926346,0.0,9.4,0.0,45.087630899926346,0.0,0.0,0.0,0.0,20.688433183570034,20.688433183570034,0.0
2022-02-17 03:00:00,0.0,0.12511326488109864,0.0,3.5082878072628962,0.14511328088109862,46.97654675842678,0.0,10.0,0.0,46.97654675842678,0.0,0.0,0.0,0.0,21.618192775625857,21.618192775625857,0.0
2022-02-17 04:00:00,0.0,0.3105847002646181,0.0,5.769834658512441,1.4135544416114532,49.23809360967632,0.0,9.4,0.0,49.23809360967632,0.0,0.0,0.0,0.0,22.678277463838324,22.678277463838324,0.0
2022-02-17 05:00:00,0.0,0.9428469204520901,0.0,5.582839113609891,0.9628469364520901,53.258557419403864,0.0,8.9,0.0,53.258557419403864,0.0,0.0,0.0,0.0,24.220931128434806,24.220931128434806,0.0
2022-02-17 06:00:00,0.0,79.55002031110139,0.0,40.83459746264813,80.65302587958892,79.60580864484213,0.0,10.0,0.0,79.60580864484213,0.0,0.0,0.0,0.0,51.671253429613095,51.671253429613095,0.0
2022-02-17 07:00:00,0.0,55.29871124415911,0.0,40.83459746264813,56.40224645709176,98.76960946899328,32.30359946279299,12.10948748321228,2.5189476192319566,96.25066184976133,2.5189476192319518,0.0,2.55032659618111,99.99999999999982,54.10130402075591,52.98053606179295,1.1207679589629649
2022-02-17 08:00:00,0.0,6.691055486931842,0.0,40.83459746264813,7.795267624688444,186.98067465638707,53.2068175933594,14.962713049792482,6.764778373209904,180.21589628317716,6.764778373209907,0.0,3.6179024306343357,100.00000000000004,73.19477119828964,70.59743454189571,2.597336656393935
2022-02-17 09:00:00,0.0,1.3454967861035565,0.0,40.83459746264813,3.5342639186229907,178.6320965489585,82.20558625763513,18.6689245705511,15.93459938638066,162.69749716257783,15.934599386380654,0.0,8.92034505233128,99.99999999999997,64.0623510432991,58.404532512173844,5.657818531125258
2022-02-17 10:00:00,0.0,0.05606286538885134,0.0,40.83459746264813,2.244784156079999,176.70550160109036,142.44283268518527,22.25133852141204,41.44074711997401,135.26475448111634,41.44074711997402,0.0,23.45187147230186,100.00000000000003,63.02683702931355,48.34065065746596,14.68618637184759
2022-02-17 11:00:00,0.0,0.0,0.0,40.83459746264813,2.189347751646502,178.6320965489585,173.2347249637945,23.71358515511858,50.129071584368056,128.50302496459042,50.12907158436806,0.0,28.062746030990553,100.00000000000003,63.65139099924496,45.89968416978854,17.751706829456417
2022-02-17 12:00:00,0.0,0.0,0.0,40.83459746264813,3.2754134428394703,178.08774760651295,169.8751074007597,23.60859710627374,49.1759011727985,128.91184643371446,49.17590117279849,0.0,27.613298406947816,99.99999999999999,62.0059706251043,45.046923467147145,16.95904715795715
2022-02-17 13:00:00,0.0,0.0,0.0,40.83459746264813,2.6305402944313623,180.23759233884863,229.33585026559658,25.466745320799895,65.93466152335247,114.30293081549615,65.93466152335247,0.0,36.582080723423445,100.0,61.800371850616,39.36577359398771,22.43459825662829
2022-02-17 14:00:00,0.0,0.0,0.0,40.83459746264813,1.7481107708388863,176.70550160109036,244.66509811197724,25.44578431599929,70.34732554099894,106.35817606009142,70.34732554099894,0.0,39.810489715145835,100.0,63.813870068561926,38.534558635403954,25.27931143315797
2022-02-17 15:00:00,0.0,0.0,0.0,40.83459746264813,2.1882634844913866,176.70550160109036,191.02233845615666,23.169448076754897,55.387048550290075,121.31845305080029,55.387048550290075,0.0,31.344269447436552,100.0,65.97559408329816,45.41952181958625,20.55607226371191
2022-02-17 16:00:00,0.0,6.094730701505506,0.0,40.83459746264813,8.283959441389332,179.59539402289255,105.73977993306195,20.004368122908186,26.236954422311214,153.35843960058133,26.236954422311214,0.0,14.60892388975569,100.0,72.21709447112711,61.88485063484884,10.332243836278273
2022-02-17 17:00:00,0.0,33.42407317902096,0.0,40.83459746264811,34.52790628500015,177.38315202590465,23.36754651073656,16.330235828460516,1.2984381899548478,176.0847138359498,1.298438189954851,0.0,0.7319963452702823,100.00000000000024,86.40459153000153,85.81761956185053,0.5869719681509906
2022-02-17 18:00:00,0.0,29.683051344046454,0.0,40.83459746264811,30.78667558551113,136.74485312545113,0.0,16.1,0.0,136.74485312545113,0.0,0.0,0.0,0.0,68.88542082893062,68.88542082893062,0.0
2022-02-17 19:00:00,0.0,23.728751721860355,0.0,40.83459746264813,24.832069606970805,134.17605986162698,0.0,15.6,0.0,134.17605986162698,0.0,0.0,0.0,0.0,65.3037664361557,65.3037664361557,0.0
2022-02-17 20:00:00,0.0,35.45244559644555,0.0,40.83459746264813,36.55591701577991,111.9853861309906,0.0,15.0,0.0,111.9853861309906,0.0,0.0,0.0,0.0,56.16007814499173,56.16007814499173,0.0
2022-02-17 21:00:00,0.0,34.872667159157935,0.0,40.83459746264811,35.97575517455634,110.70098949907849,0.0,14.4,0.0,110.70098949907849,0.0,0.0,0.0,0.0,54.19843217057574,54.19843217057574,0.0
2022-02-17 22:00:00,0.0,0.0,0.0,0.0,0.020000016,47.675718305793986,0.0,13.9,0.0,47.675718305793986,0.0,0.0,0.0,0.0,21.338008195822876,21.338008195822876,0.0
2022-02-17 23:00:00,0.0,0.0,0.0,0.0,1.1029546815369973,43.46825895116388,0.0,13.3,0.0,43.46825895116388,0.0,0.0,0.0,0.0,19.668672655272434,19.668672655272434,0.0
2022-02-18 00:00:00,0.0,0.0,0.0,0.0,0.020000016,38.10742263904787,0.0,11.7,0.0,38.10742263904787,0.0,0.0,0.0,0.0,16.98160101953812,16.98160101953812,0.0
2022-02-18 01:00:00,0.0,0.0,0.0,0.0,0.020000016,38.10742263904787,0.0,11.1,0.0,38.10742263904787,0.0,0.0,0.0,0.0,17.32647319442151,17.32647319442151,0.0
2022-02-18 02:00:00,0.0,0.0,0.0,1.186991994063571,1.1028868463742976,39.29441463311144,0.0,10.6,0.0,39.29441463311144,0.0,0.0,0.0,0.0,18.001499199163366,18.001499199163366,0.0
2022-02-18 03:00:00,0.0,0.03717915373050181,0.0,5.691989249440601,0.05717916973050181,43.79941188848847,0.0,10.0,0.0,43.79941188848847,0.0,0.0,0.0,0.0,19.84047886570194,19.84047886570194,0.0
2022-02-18 04:00:00,0.0,0.3209902532587694,0.0,5.941780856053806,1.4239872974953611,44.04920349510167,0.0,10.0,0.0,44.04920349510167,0.0,0.0,0.0,0.0,20.30252127517824,20.30252127517824,0.0
2022-02-18 05:00:00,0.0,1.6206512512167408,0.0,5.860647049463844,1.6406512672167406,43.96806968851171,0.0,10.0,0.0,43.96806968851171,0.0,0.0,0.0,0.0,19.85239733753225,19.85239733753225,0.0
2022-02-18 06:00:00,0.0,88.16830772810023,0.0,40.83459746264813,89.27142935285666,76.63763960364213,0.0,9.4,0.0,76.63763960364213,0.0,0.0,0.0,0.0,49.597343703724036,49.597343703724036,0.0
2022-02-18 07:00:00,0.0,81.42904585622188,0.0,40.83459746264813,82.53220187694016,75.83888804889047,35.38430548769529,13.305759546490478,3.009539169164591,72.82934887972587,3.009539169164597,0.0,3.968332403851255,100.0000000000002,47.57002793021142,46.271983591159035,1.2980443390523817
2022-02-18 08:00:00,0.0,21.349669682649527,0.0,40.83459746264813,21.369669698649528,114.21720088209123,58.0446441544922,16.81389512982788,7.997710329590679,106.21949055250056,7.997710329590674,0.0,7.002194299829563,99.99999999999994,46.049731432686855,43.0946574430064,2.955073989680457
2022-02-18 09:00:00,0.0,5.809834576720369,0.0,40.83459746264811,7.997041900025256,116.46489498793738,96.4723839285274,20.21476199776648,21.8228047188148,94.64209026912258,21.822804718814808,0.0,18.737667449985732,100.00000000000003,39.79641922112947,32.609296715035,7.187122506094468
2022-02-18 10:00:00,0.0,1.8737752975623863,0.0,40.83459746264811,2.9773069575960904,115.50159751400331,157.06969075817497,23.208427836192968,45.53593257467907,69.96566493932423,45.53593257467908,0.0,39.42450455644853,100.00000000000003,39.738462562893346,24.283111687721522,15.455350875171824
2022-02-18 11:00:00,0.0,1.2129191950271905,0.0,40.83459746264813,2.316625130743276,117.74929161984949,185.01491977121628,25.181716242850506,53.24847119184254,64.50082042800695,53.24847119184254,0.0,45.221903638922804,100.0,40.79510764996243,22.53540815121175,18.25969949875068
2022-02-18 12:00:00,0.0,1.9465915140886936,0.0,40.83459746264813,3.0501822953566533,116.46489498793738,182.17952112733116,25.093110035229095,52.44962658719025,64.01526840074713,52.44962658719025,0.0,45.03470903624875,100.0,40.772667367392046,22.65813983297415,18.114527534417896
2022-02-18 13:00:00,0.0,4.041560681647183,0.0,40.83459746264813,5.145104422174834,113.89610172411322,252.3102406435755,27.284695020111734,72.05108210708708,41.84501961702614,72.05108210708708,0.0,63.2603583585451,100.0,40.42554625980486,15.438230985067062,24.9873152747378
2022-02-18 14:00:00,0.0,13.326784476032405,0.0,40.83459746264813,14.430116592616047,74.79713598363837,264.13622110546555,27.6542569095458,75.32415508686414,0.0,74.79713598363837,0.5270191032257685,100.0,99.30033187545482,28.863910740256443,2.598148468241996,26.26576227201445
2022-02-18 15:00:00,0.0,16.9985064227492,0.0,40.83459746264813,18.101805814512012,73.51273935172627,194.54111459327902,24.979409831039966,56.032109406901405,17.480629944824862,56.032109406901405,0.0,76.22095149904875,100.0,29.604365598324343,9.523858389626055,20.080507208698286
2022-02-18 16:00:00,0.0,25.738493881527152,0.0,40.83459746264813,25.758493897527153,73.83383850970428,97.29271109755693,19.740397221798652,22.233790112812358,51.60004839689192,22.233790112812358,0.0,30.113279441499007,100.0,32.72791135426999,24.269065905850532,8.45884544841946
2022-02-18 17:00:00,0.0,51.456355195490104,0.0,40.83459746264813,52.55939817121034,77.90044600836414,21.217567403255327,16.26304898135173,1.0707567570051402,76.829689251359,1.0707567570051424,0.0,1.374519417886485,100.0000000000002,42.04247643379966,41.594669896668755,0.44780653713090857
2022-02-18 18:00:00,0.0,0.0,0.0,0.0,0.020000016,38.10742263904787,0.0,13.9,0.0,38.10742263904787,0.0,0.0,0.0,0.0,16.544508881868246,16.544508881868246,0.0
2022-02-18 19:00:00,0.0,0.0,0.0,0.0,1.1029362859725809,38.10742263904787,0.0,13.9,0.0,38.10742263904787,0.0,0.0,0.0,0.0,16.40166970404283,16.40166970404283,0.0
2022-02-18 20:00:00,0.0,0.032641502210023335,0.0,2.5342225289185354,0.052641518210023344,40.6416451679664,0.0,13.9,0.0,40.6416451679664,0.0,0.0,0.0,0.0,17.355941909518986,17.355941909518986,0.0
2022-02-18 21:00:00,0.0,1.331216859141554,0.0,6.056492552490877,2.434368185729067,44.16391519153874,0.0,13.3,0.0,44.16391519153874,0.0,0.0,0.0,0.0,19.605006553927115,19.605006553927115,0.0
2022-02-18 22:00:00,0.0,3.1412415792334807,0.0,6.716583904527209,4.244270920483894,44.824006543575074,0.0,12.8,0.0,44.824006543575074,0.0,0.0,0.0,0.0,19.9356344555732,19.9356344555732,0.0
2022-02-18 23:00:00,0.0,6.857124485256417,0.0,11.401301821969557,6.877124501256417,49.50872446101742,0.0,12.2,0.0,49.50872446101742,0.0,0.0,0.0,0.0,22.548516927756218,22.548516927756218,0.0
2022-02-19 00:00:00,0.0,7.140504766172434,0.0,14.472237705806892,7.160504782172434,52.57966034485475,0.0,10.6,0.0,52.57966034485475,0.0,0.0,0.0,0.0,24.387759539105822,24.387759539105822,0.0
2022-02-19 01:00:00,0.0,9.783421294815604,0.0,15.580430061498904,10.88626603892593,53.68785270054676,0.0,10.6,0.0,53.68785270054676,0.0,0.0,0.0,0.0,25.856539945498408,25.856539945498408,0.0
2022-02-19 02:00:00,0.0,13.626088363587757,0.0,15.970633928523846,13.646088379587756,54.07805656757171,0.0,10.6,0.0,54.07805656757171,0.0,0.0,0.0,0.0,26.687468279756676,26.687468279756676,0.0
2022-02-19 03:00:00,0.0,23.48434782532184,0.0,16.612060798794392,24.587282497080352,54.71948343784226,0.0,10.0,0.0,54.71948343784226,0.0,0.0,0.0,0.0,29.595176802820774,29.595176802820774,0.0
2022-02-19 04:00:00,0.0,23.117579359095988,0.0,15.970633928523846,23.13757937509599,54.07805656757171,0.0,9.4,0.0,54.07805656757171,0.0,0.0,0.0,0.0,29.02804686478501,29.02804686478501,0.0
2022-02-19 05:00:00,0.0,38.21156252439613,0.0,16.612060798794392,38.231562540396126,54.71948343784226,0.0,9.4,0.0,54.71948343784226,0.0,0.0,0.0,0.0,31.787813567346216,31.787813567346216,0.0
2022-02-19 06:00:00,0.0,43.71138234885225,0.0,15.970633928523846,44.814392884934925,42.20538040277171,0.0,9.4,0.0,42.20538040277171,0.0,0.0,0.0,0.0,27.324421725346077,27.324421725346077,0.0
2022-02-19 07:00:00,0.0,48.679249108651845,0.0,16.612060798794392,48.69924912465184,36.91046919064225,30.186625257421902,12.643332039294433,2.195466826379371,34.71500236426288,2.1954668263793735,0.0,5.948087018454863,100.00000000000011,25.28409396372833,24.30172135493075,0.9823726087975828
2022-02-19 08:00:00,0.0,25.98278556884016,0.0,15.970633928523846,27.08574225835655,36.26904232037171,47.792043511523445,16.493501359735106,5.428151749969472,30.840890570402237,5.428151749969473,0.0,14.966349819831255,100.00000000000003,19.765603673190842,17.537293098310872,2.22831057487997
2022-02-19 09:00:00,0.0,7.388229694977511,0.0,10.685160477927948,7.408229710977511,30.98356886977581,90.61446364280717,20.631701988837726,19.22386790226546,11.759700967510348,19.22386790226546,0.0,62.045363408791076,100.0,13.600094825027497,5.989461641860113,7.610633183167384
2022-02-19 10:00:00,0.0,2.4201786077426948,0.0,5.633496819677945,2.440178623742695,25.93190521152582,152.69318307900437,24.171661971218885,44.1104154880436,0.0,25.93190521152582,18.17851027651778,100.0,58.78862151855002,10.658989356058035,0.43935517172176713,10.219634184336268
2022-02-19 11:00:00,0.0,1.1287485780728992,0.0,6.168931085839707,2.2318321849008167,26.467339477687574,180.90908704906587,26.75340897028331,51.76380063448132,0.0,26.467339477687574,25.296461156793747,100.0,51.130981792818616,10.830635746824548,0.40184230912870306,10.428793437695845
2022-02-19 12:00:00,0.0,0.1246021471059657,0.0,4.621550019538475,0.14460216310596571,24.919958411386343,174.53831109611622,25.454322221753632,50.18253510326011,0.0,24.919958411386343,25.262576691873765,100.0,49.6586279670981,9.870042250807183,0.02603567934929163,9.844006571457891
2022-02-19 13:00:00,0.0,0.07792171830096528,0.0,2.146249222803991,1.1811082759823242,22.44465761465186,246.87413872650592,26.614816835203307,70.67494357043212,0.0,22.44465761465186,48.23028595578026,100.0,31.757588306079533,9.071677617997558,0.21265903420639612,8.859018583791162
2022-02-19 14:00:00,0.0,0.0,0.0,0.0,1.1030417446897172,20.298408391847865,260.7928905223927,26.44977782882477,74.70545790101562,0.0,20.298408391847865,54.407049509167756,100.0,27.171252224627494,8.024147018185714,0.19860312291856627,7.825543895267147
2022-02-19 15:00:00,0.0,0.0,0.0,0.0,0.020000016,20.298408391847865,205.1492896546901,24.71091530170907,59.146191383200275,0.0,20.298408391847865,38.84778299135241,100.0,34.319045600649396,7.882631212542792,0.0036010111631256747,7.879030201379667
2022-02-19 16:00:00,0.0,0.0,0.0,0.0,0.020000016,20.298408391847865,128.88560847794278,21.827675264935714,37.55474392086312,0.0,20.298408391847865,17.256335529015253,100.0,54.05018453759529,8.349393113513333,0.0036010111631256747,8.345792102350208
2022-02-19 17:00:00,0.0,0.3424257920003727,0.0,2.6374138750341696,1.4454337559004349,34.80849843168203,27.01589191654705,15.844246622392095,1.7385599452740694,33.06993848640796,1.7385599452740692,0.0,4.994642181093526,99.99999999999999,15.990385430096318,15.204721498027238,0.7856639320690793
2022-02-19 18:00:00,0.0,0.9922483438084914,0.0,4.2099260558270455,1.0122483598084915,42.31734869487491,0.0,15.0,0.0,42.31734869487491,0.0,0.0,0.0,0.0,19.299964356255348,19.299964356255348,0.0
2022-02-19 19:00:00,0.0,4.93488516878148,0.0,9.781949621937274,4.95488518478148,47.88937226098513,0.0,15.0,0.0,47.88937226098513,0.0,0.0,0.0,0.0,21.985003141767805,21.985003141767805,0.0
2022-02-19 20:00:00,0.0,7.258860158333445,0.0,11.9558986925419,8.361801253547284,50.06332133158977,0.0,15.6,0.0,50.06332133158977,0.0,0.0,0.0,0.0,24.115893908049024,24.115893908049024,0.0
2022-02-19 21:00:00,0.0,13.459948245491924,0.0,16.458616898454412,13.479948261491923,54.56603953750228,0.0,14.4,0.0,54.56603953750228,0.0,0.0,0.0,0.0,26.65057219862662,26.65057219862662,0.0
2022-02-19 22:00:00,0.0,15.879942323632292,0.0,15.202820140081636,16.9828872590073,53.3102427791295,0.0,13.9,0.0,53.3102427791295,0.0,0.0,0.0,0.0,26.183759201455175,26.183759201455175,0.0
2022-02-19 23:00:00,0.0,24.47846670668981,0.0,17.3798745872366,24.498466722689813,55.487297226284475,0.0,13.3,0.0,55.487297226284475,0.0,0.0,0.0,0.0,28.96991426746582,28.96991426746582,0.0
2022-02-20 00:00:00,0.0,23.341120366177613,0.0,19.246472327531446,24.44410520483917,57.353894966579304,0.0,12.8,0.0,57.353894966579304,0.0,0.0,0.0,0.0,29.29763676139278,29.29763676139278,0.0
2022-02-20 01:00:00,0.0,27.7324034837547,0.0,22.09746880592804,27.752403499754703,60.20489144497591,0.0,12.2,0.0,60.20489144497591,0.0,0.0,0.0,0.0,30.66819745498157,30.66819745498157,0.0
2022-02-20 02:00:00,0.0,25.9802912293841,0.0,21.13351001500802,26.0002912453841,59.24093265405588,0.0,11.7,0.0,59.24093265405588,0.0,0.0,0.0,0.0,30.218055840387382,30.218055840387382,0.0
2022-02-20 03:00:00,0.0,34.83881636535065,0.0,21.962680399679716,35.941620784081685,60.07010303872758,0.0,11.1,0.0,60.07010303872758,0.0,0.0,0.0,0.0,32.25008807472718,32.25008807472718,0.0
2022-02-20 04:00:00,0.0,36.26654690775479,0.0,21.942240452497984,36.286546923754784,60.049663091545845,0.0,10.6,0.0,60.049663091545845,0.0,0.0,0.0,0.0,32.25117726099178,32.25117726099178,0.0
2022-02-20 05:00:00,0.0,49.306563575843306,0.0,22.77141083716968,50.40964484585789,60.87883347621754,0.0,10.0,0.0,60.87883347621754,0.0,0.0,0.0,0.0,34.32973073837198,34.32973073837198,0.0
2022-02-20 06:00:00,0.0,34.485462068818826,0.0,21.341445576334923,34.505462084818824,47.57619205058279,0.0,10.0,0.0,47.57619205058279,0.0,0.0,0.0,0.0,26.037484084151522,26.037484084151522,0.0
2022-02-20 07:00:00,0.0,21.04353936639594,0.0,17.750571927338253,22.146511363866406,38.048980319186114,40.008748028906254,14.050273375903322,3.8374287136335905,34.21155160555252,3.8374287136335923,0.0,10.085496855479665,100.00000000000004,19.270812711996875,17.7294135334481,1.541399178548776
2022-02-20 08:00:00,0.0,7.556813563466816,0.0,15.014263765598765,7.576813579466816,35.31267215744663,65.72997260156251,18.15406164379883,10.206410459901887,25.10626169754474,10.206410459901889,0.0,28.90296835763417,100.00000000000003,14.270460406126753,10.540170479189511,3.7302899269372425
2022-02-20 09:00:00,0.0,2.5658195191120496,0.0,4.743860925768418,2.5858195351120496,25.04226931761628,117.35109783177872,23.067221807243083,31.95593264624214,0.0,25.04226931761628,6.913663328625859,100.0,78.36500844722217,9.506337947171874,0.46557787812604423,9.04076006904583
2022-02-20 10:00:00,0.0,0.32717723295326284,0.0,3.051098273988542,1.4301181073249696,23.349506665836408,180.41606474564247,26.238002023301327,51.72181907582453,0.0,23.349506665836408,28.37231240998812,100.0,45.144403431762285,8.497184017232264,0.2574933574585829,8.239690659773682
2022-02-20 11:00:00,0.0,0.0,0.0,2.1329347965446988,0.020000016,22.431343188392564,206.77680296862218,28.661775092769442,58.74487874645531,0.0,22.431343188392564,36.31353555806275,100.0,38.184338221561276,7.851991522633858,0.0036010111631256747,7.848390511470733
2022-02-20 12:00:00,0.0,0.0,0.0,2.9620813291039054,1.1030266200011223,23.26048972095177,200.35684132809342,26.86115129150292,57.30541403624534,0.0,23.26048972095177,34.04492431529357,100.0,40.59038768350866,8.349657510176646,0.1986003997121214,8.151057110464524
2022-02-20 13:00:00,0.0,0.0,0.0,3.9662922368365097,0.020000016,24.264700628684373,266.53385264793747,27.229182895248044,76.12862043980917,0.0,24.264700628684373,51.863919811124795,100.0,31.8732961250351,8.686238837125254,0.0036010111631256747,8.682637825962129
2022-02-20 14:00:00,0.0,0.0,0.0,1.4493463394906763,1.103087022550316,21.747754731338542,272.2582310684448,27.408069720888896,77.71174528296947,0.0,21.747754731338542,55.96399055163093,100.0,27.98515803775747,8.272682696772865,0.19861127521611738,8.074071421556747
2022-02-20 15:00:00,0.0,0.0,0.0,0.0,0.020000016,20.298408391847865,205.860400465348,25.333137514542123,59.214716675533275,0.0,20.298408391847865,38.91630828368541,100.0,34.27933042907709,7.81889421019239,0.0036010111631256747,7.815293199029265
2022-02-20 16:00:00,0.0,0.0,0.0,0.0,1.1028708142240757,20.298408391847865,120.75768955320378,22.07367779853762,33.96167230813504,0.0,20.298408391847865,13.663263916287178,100.0,59.768577376520014,8.341380365249172,0.1985723468174425,8.14280801843173
2022-02-20 17:00:00,0.0,0.0,0.0,0.0,0.020000016,32.17108455664786,23.63268746227687,17.43852148319615,1.3227942379386863,30.848290318709175,1.3227942379386874,0.0,4.111748970133318,100.00000000000009,14.060112986499275,13.482144500116725,0.5779684863825505
2022-02-20 18:00:00,0.0,0.0,0.0,0.0,0.020000016,38.10742263904787,0.0,15.0,0.0,38.10742263904787,0.0,0.0,0.0,0.0,16.986936058707588,16.986936058707588,0.0
2022-02-20 19:00:00,0.0,0.0,0.0,0.2778079358539544,1.1028371886356128,38.38523057490182,0.0,15.0,0.0,38.38523057490182,0.0,0.0,0.0,0.0,17.247558378511833,17.247558378511833,0.0
2022-02-20 20:00:00,0.0,0.04455937156017993,0.0,1.3890396792697723,0.06455938756017993,39.49646231831764,0.0,15.0,0.0,39.49646231831764,0.0,0.0,0.0,0.0,17.787006810824135,17.787006810824135,0.0
2022-02-20 21:00:00,0.0,0.20007241432494965,0.0,1.4195157797916789,1.3030844126018182,39.52693841883955,0.0,14.4,0.0,39.52693841883955,0.0,0.0,0.0,0.0,17.888735028815404,17.888735028815404,0.0
2022-02-20 22:00:00,0.0,0.5358864478142651,0.0,4.482353085607256,0.5558864638142651,42.58977572465512,0.0,13.9,0.0,42.58977572465512,0.0,0.0,0.0,0.0,19.119403733370444,19.119403733370444,0.0
2022-02-20 23:00:00,0.0,1.2747652078991218,0.0,4.779191135923168,1.2947652238991219,42.88661377497103,0.0,13.3,0.0,42.88661377497103,0.0,0.0,0.0,0.0,19.35433419938568,19.35433419938568,0.0
2022-02-21 00:00:00,0.0,2.653920988372374,0.0,7.724823125350301,3.7569523812764403,51.19308207651417,0.0,12.8,0.0,51.19308207651417,0.0,0.0,0.0,0.0,23.292776597235555,23.292776597235555,0.0
2022-02-21 01:00:00,0.0,5.333790879226283,0.0,10.639281162822233,5.353790895226283,54.107540113986126,0.0,12.2,0.0,54.107540113986126,0.0,0.0,0.0,0.0,25.179781845790195,25.179781845790195,0.0
2022-02-21 02:00:00,0.0,7.730509169015171,0.0,13.805234326270883,8.833527982888672,57.27349327743477,0.0,11.7,0.0,57.27349327743477,0.0,0.0,0.0,0.0,27.387034478513353,27.387034478513353,0.0
2022-02-21 03:00:00,0.0,11.220899487864475,0.0,14.876835911566975,11.240899503864476,58.34509486273087,0.0,11.7,0.0,58.34509486273087,0.0,0.0,0.0,0.0,28.5420659512921,28.5420659512921,0.0
2022-02-21 04:00:00,0.0,11.941107390063692,0.0,16.013762615087412,13.044153020186009,59.48202156625129,0.0,10.6,0.0,59.48202156625129,0.0,0.0,0.0,0.0,29.165479756005073,29.165479756005073,0.0
2022-02-21 05:00:00,0.0,12.035352136663368,0.0,15.475086892788873,12.055352152663367,63.15080519858285,0.0,10.0,0.0,63.15080519858285,0.0,0.0,0.0,0.0,30.189320397907917,30.189320397907917,0.0
2022-02-21 06:00:00,0.0,152.63133655063095,0.0,40.83459746264813,153.73435333368624,76.63763960364213,0.0,10.0,0.0,76.63763960364213,0.0,0.0,0.0,0.0,61.197405662231255,61.197405662231255,0.0
2022-02-21 07:00:00,0.0,104.344035064356,0.0,40.83459746264813,105.44755825407202,98.76960946899328,28.647251228320332,14.195226600885011,1.9664024156786042,96.80320705331468,1.9664024156786013,0.0,1.9908982390943983,99.99999999999986,61.492365662237646,60.64610471862619,0.8462609436114548
2022-02-21 08:00:00,0.0,17.883291582713934,0.0,40.83459746264813,18.98749518437005,186.98067465638707,45.223259902734334,18.613226871960446,4.8233598103932,182.15731484599388,4.823359810393185,0.0,2.579603383749169,99.9999999999997,82.22825602851779,80.19528221883421,2.0329738096835825
2022-02-21 09:00:00,0.0,2.2618710693445103,0.0,40.83459746264813,4.4507078116963825,178.6320965489585,102.76938703061894,23.811543344706845,24.440806866352695,154.1912896826058,24.440806866352688,0.0,13.682203444135297,99.99999999999997,72.1461179857763,62.384581927389384,9.761536058386916
2022-02-21 10:00:00,0.0,0.0,0.0,40.83459746264813,2.188964726999823,176.70550160109036,166.03379596314088,27.988556123848152,47.28898111325262,129.41652048783774,47.28898111325262,0.0,26.761465084435613,100.0,68.67931451679888,50.405197100299105,18.274117416499777
2022-02-21 11:00:00,0.0,0.0,0.022507664219205657,40.83459746264813,2.189672738832006,178.6546042131777,188.49388265503507,26.49043383296985,53.98687103413607,124.66773317904162,53.98687103413607,0.0,30.218572463834636,100.0,68.5563426288588,47.95873172320486,20.597610905653937
2022-02-21 12:00:00,0.0,0.0,1.9404297938468822,40.83459746264813,3.2756240240365675,180.0281774003598,191.63709935738203,25.388659354918186,55.11211707373859,124.9160603266212,55.11211707373859,0.0,30.61305061772427,100.0,67.82130031218033,47.239680190992644,20.581620121187683
2022-02-21 13:00:00,0.0,0.0,5.665588707638574,40.83459746264813,2.1900308603699035,185.9031810464872,272.72357158208496,27.922611611940155,77.69503606942345,108.20814497706374,77.69503606942345,0.0,41.79327950821612,100.0,68.76764692042384,40.19218960445059,28.575457315973253
2022-02-21 14:00:00,0.0,0.0,3.691573291384327,40.83459746264813,2.188413544360487,180.39707489247465,257.343639137783,27.441988723055715,73.44531278159099,106.95176211088366,73.44531278159099,0.0,40.71313951479974,100.0,67.57299346950217,40.22232621620159,27.35066725330058
2022-02-21 15:00:00,0.0,0.0,0.0635632323980231,40.83459746264813,2.188321218507085,176.7690648334884,197.70438685991624,25.57826208937238,56.81703874699254,119.95202608649585,56.81703874699254,0.0,32.141958096860805,100.0,69.31980190148471,47.165702153257385,22.154099748227324
2022-02-21 16:00:00,0.0,0.0,0.0,40.83459746264813,2.189347268946671,179.59539402289255,127.468678310526,21.78339619720394,37.14789265386416,142.44750136902837,37.147892653864176,0.0,20.68421234072909,100.00000000000004,73.57392808492551,58.43727626525548,15.136651819670035
2022-02-21 17:00:00,0.0,0.0,0.0,40.83459746264813,1.1039035898387923,174.41498298470464,28.538507665884595,16.991828364558895,1.9320852295315702,172.48289775517307,1.932085229531566,0.0,1.1077518665360309,99.99999999999977,73.35799498634384,72.54757217639069,0.8104228099531525
2022-02-21 18:00:00,0.0,0.0,0.0,40.83459746264813,1.1035951347404578,136.74485312545113,0.0,15.6,0.0,136.74485312545113,0.0,0.0,0.0,0.0,60.20576293380246,60.20576293380246,0.0
2022-02-21 19:00:00,0.0,0.22157419423705285,0.0,40.83459746264811,1.3249654874601018,134.17605986162698,0.0,15.0,0.0,134.17605986162698,0.0,0.0,0.0,0.0,58.800372791612936,58.800372791612936,0.0
2022-02-21 20:00:00,0.0,4.046770122416767,0.0,40.83459746264811,5.150227760803826,111.9853861309906,0.0,15.0,0.0,111.9853861309906,0.0,0.0,0.0,0.0,50.16503521519815,50.16503521519815,0.0
2022-02-21 21:00:00,0.0,6.2649497768301625,0.0,40.83459746264811,7.3679410136534065,110.70098949907849,0.0,15.0,0.0,110.70098949907849,0.0,0.0,0.0,0.0,50.5686149796703,50.5686149796703,0.0
2022-02-21 22:00:00,0.0,0.0,0.0,0.0,0.020000016,47.675718305793986,0.0,14.4,0.0,47.675718305793986,0.0,0.0,0.0,0.0,21.156363709077805,21.156363709077805,0.0
2022-02-21 23:00:00,0.0,0.0,0.0,0.0,0.020000016,43.46825895116388,0.0,14.4,0.0,43.46825895116388,0.0,0.0,0.0,0.0,18.930550323678904,18.930550323678904,0.0
2022-02-22 00:00:00,0.0,0.0,0.0,0.0,1.1029387138849316,43.46825895116388,0.0,15.0,0.0,43.46825895116388,0.0,0.0,0.0,0.0,19.325705217165385,19.325705217165385,0.0
2022-02-22 01:00:00,0.0,0.0,0.0,0.0,0.020000016,43.46825895116388,0.0,14.4,0.0,43.46825895116388,0.0,0.0,0.0,0.0,20.21916686028616,20.21916686028616,0.0
2022-02-22 02:00:00,0.0,0.0,0.0,0.0,1.1028773040663742,43.46825895116388,0.0,13.9,0.0,43.46825895116388,0.0,0.0,0.0,0.0,20.366324279592988,20.366324279592988,0.0
2022-02-22 03:00:00,0.0,0.0,0.0,0.0,0.020000016,43.46825895116388,0.0,12.8,0.0,43.46825895116388,0.0,0.0,0.0,0.0,20.502579908647746,20.502579908647746,0.0
2022-02-22 04:00:00,0.0,0.035270280016299956,0.0,0.7800786252870879,1.1382642627020776,44.24833757645097,0.0,12.8,0.0,44.24833757645097,0.0,0.0,0.0,0.0,20.804094785526,20.804094785526,0.0
2022-02-22 05:00:00,0.0,0.4455080109382427,0.0,5.769834658512441,0.4655080269382427,53.445552964306415,0.0,12.8,0.0,53.445552964306415,0.0,0.0,0.0,0.0,23.863077565668558,23.863077565668558,0.0
2022-02-22 06:00:00,0.0,73.89525888301647,0.0,40.83459746264813,74.99830374254148,76.63763960364213,0.0,13.3,0.0,76.63763960364213,0.0,0.0,0.0,0.0,47.34052628463865,47.34052628463865,0.0
2022-02-22 07:00:00,0.0,37.43794440314882,0.0,40.83459746264813,38.541574357055744,98.76960946899328,47.30447545312495,18.178264857910154,5.285823491993212,93.48378597700007,5.285823491993213,0.0,5.351669932088362,100.00000000000003,48.31796661460871,46.10352372087307,2.2144428937356366
2022-02-22 08:00:00,0.0,1.3277249033821288,0.0,40.83459746264813,2.4320134847822246,186.98067465638707,79.22221807500004,21.87569431484375,14.627432013927567,172.3532426424595,14.627432013927574,0.0,7.822964614288772,100.00000000000004,72.18891422433931,66.57585660047481,5.613057623864506
2022-02-22 09:00:00,0.0,0.0,0.0,40.83459746264813,2.1888424426585513,178.6320965489585,145.43285240865438,26.24477663777045,41.69175441569186,136.94034213326663,41.69175441569186,0.0,23.339453111252723,100.0,65.40636036674594,50.23285480592697,15.173505560818974
2022-02-22 10:00:00,0.0,0.0,0.5123113799050771,40.83459746264813,2.1889353570857297,177.21781298099543,205.77962298724663,30.330613218351456,58.09564113042321,119.12217185057222,58.09564113042322,0.0,32.78205511804465,100.00000000000003,64.48848513835294,43.47703461071278,21.011450527640164
2022-02-22 11:00:00,0.0,0.0,3.3806194740724584,40.83459746264813,2.1896631073987733,182.01271602303095,233.78743581319742,32.90585736916242,65.36124355994046,116.65147246309049,65.36124355994046,0.0,35.9102621993015,100.0,64.07321857707917,41.205933905198414,22.86728467188076
2022-02-22 12:00:00,0.0,0.0,6.506242130206177,40.83459746264813,3.2755209196803476,184.5939897367191,226.78589166837023,31.48705911463657,63.74665433421578,120.84733540250332,63.746654334215776,0.0,34.533439807620894,99.99999999999999,67.72382405543259,44.54012207389333,23.183701981539258
2022-02-22 13:00:00,0.0,0.0,8.863632973710807,40.83459746264813,2.1899866725826227,189.10122531255942,296.78560897671224,32.07455028052226,83.23689529086334,105.86433002169608,83.23689529086334,0.0,44.01711049374943,100.0,68.41023672772829,38.47159022951056,29.93864649821773
2022-02-22 14:00:00,0.0,0.0,9.282365556623596,40.83459746264813,2.1883882988758,185.98786715771394,288.080972866768,31.2025304020865,81.06327308005444,104.92459407765949,81.06327308005444,0.0,43.585247962069715,100.0,67.09484901823005,38.02312739353012,29.071721624699933
2022-02-22 15:00:00,0.0,0.0,11.330441545085222,40.83459746264813,2.188244461946192,188.03594314617558,211.50482027154783,27.70952563348587,60.30271660684636,127.73322653932922,60.30271660684636,0.0,32.069781765057634,100.0,67.28872127552805,45.835728329059414,21.452992946468633
2022-02-22 16:00:00,0.0,0.0,4.286419157840206,40.83459746264813,2.189293073319687,183.88181318073273,116.56598859122953,23.642687143475925,31.463118846289998,152.41869433444273,31.46311884629,0.0,17.11051153023258,100.00000000000003,70.11848904634263,58.1883036422064,11.930185404136232
2022-02-22 17:00:00,0.0,0.0,0.022558672893566892,40.83459746264813,1.1039288436266967,174.43754165759822,23.22001833522285,18.525625572975716,1.2720041875783823,173.16553747001984,1.272004187578375,0.0,0.7292032297010811,99.99999999999942,70.7229887499082,70.20872381689121,0.5142649330169888
2022-02-22 18:00:00,0.0,0.0,0.0,40.83459746264813,1.1037031794689196,136.74485312545113,0.0,16.7,0.0,136.74485312545113,0.0,0.0,0.0,0.0,56.394019606428614,56.394019606428614,0.0
2022-02-22 19:00:00,0.0,0.0,0.0,40.83459746264813,1.1034275759326804,134.17605986162698,0.0,16.7,0.0,134.17605986162698,0.0,0.0,0.0,0.0,55.17664223999599,55.17664223999599,0.0
2022-02-22 20:00:00,0.0,1.660459125405811,0.0,40.83459746264813,2.7638512190591995,111.9853861309906,0.0,15.6,0.0,111.9853861309906,0.0,0.0,0.0,0.0,46.6720068930072,46.6720068930072,0.0
2022-02-22 21:00:00,0.0,2.3943405705610847,0.0,40.83459746264813,3.497423639191604,110.70098949907849,0.0,15.6,0.0,110.70098949907849,0.0,0.0,0.0,0.0,48.43980942438488,48.43980942438488,0.0
2022-02-22 22:00:00,0.0,0.0,0.0,0.0,0.020000016,47.675718305793986,0.0,15.6,0.0,47.675718305793986,0.0,0.0,0.0,0.0,20.484374459557635,20.484374459557635,0.0
2022-02-22 23:00:00,0.0,0.0,0.0,0.0,0.020000016,43.46825895116388,0.0,15.0,0.0,43.46825895116388,0.0,0.0,0.0,0.0,18.453486181689883,18.453486181689883,0.0
2022-02-23 00:00:00,0.0,0.0,0.0,0.0,1.10288136176607,43.46825895116388,0.0,15.0,0.0,43.46825895116388,0.0,0.0,0.0,0.0,18.7212687501767,18.7212687501767,0.0
2022-02-23 01:00:00,0.0,0.0,0.0,0.0,0.020000016,43.46825895116388,0.0,14.4,0.0,43.46825895116388,0.0,0.0,0.0,0.0,18.298956521118495,18.298956521118495,0.0
2022-02-23 02:00:00,0.0,0.0,0.0,0.0,1.1029970401590807,43.46825895116388,0.0,14.4,0.0,43.46825895116388,0.0,0.0,0.0,0.0,18.514380665511727,18.514380665511727,0.0
2022-02-23 03:00:00,0.0,0.0,0.0,0.0,0.020000016,43.46825895116388,0.0,13.3,0.0,43.46825895116388,0.0,0.0,0.0,0.0,18.315474459519933,18.315474459519933,0.0
2022-02-23 04:00:00,0.0,0.0,0.0,0.0,1.1029499947612285,43.46825895116388,0.0,11.7,0.0,43.46825895116388,0.0,0.0,0.0,0.0,18.566316764415003,18.566316764415003,0.0
2022-02-23 05:00:00,0.0,0.14635982144405946,0.0,3.7331648739605563,0.16635983744405947,51.40888317975454,0.0,11.1,0.0,51.40888317975454,0.0,0.0,0.0,0.0,21.45820384460935,21.45820384460935,0.0
2022-02-23 06:00:00,0.0,61.64048755357333,0.0,40.83459746264813,62.74357048795703,76.63763960364213,0.0,12.2,0.0,76.63763960364213,0.0,0.0,0.0,0.0,43.816272274285566,43.816272274285566,0.0
2022-02-23 07:00:00,0.0,29.00600092416398,0.0,40.83459746264813,30.109597873834886,98.76960946899328,47.413709384765646,14.781678418273927,5.375356442586903,93.39425302640637,5.375356442586906,0.0,5.442318210516353,100.00000000000004,45.30737695791233,43.136646765702466,2.1707301922098665
2022-02-23 08:00:00,0.0,0.9581414200645596,0.0,40.83459746264813,2.0624441791651718,186.98067465638707,89.94376891757805,17.210742778674316,19.176270313509725,167.80440434287735,19.17627031350972,0.0,10.25574987829614,99.99999999999997,66.33251652708338,59.567703648586566,6.764812878496819
2022-02-23 09:00:00,0.0,0.0,0.0,40.83459746264813,2.1888332733093527,178.6320965489585,142.90086594578173,21.16565206080568,41.73932534887308,136.8927712000854,41.73932534887308,0.0,23.36608378631071,100.0,58.59958267680276,44.99924090512596,13.600341771676803
2022-02-23 10:00:00,0.0,0.0,2.616325814091586,40.83459746264813,2.188950518842579,179.32182741518193,198.0801334545747,22.89000417045546,57.49244409598341,121.82938331919851,57.492444095983416,0.0,32.061040713616954,100.00000000000003,56.46357383443895,38.48712387672733,17.976449957711615
2022-02-23 11:00:00,0.0,0.0,7.055143351425791,40.83459746264813,2.189647375728249,185.6872399003843,248.60932010983976,24.469041253432493,71.74014476944456,113.94709513093974,71.74014476944456,0.0,38.63493517806125,100.0,57.94243630669487,35.708730639748616,22.233705666946257
2022-02-23 12:00:00,0.0,0.0,9.233947388100667,40.83459746264813,3.2757562740961657,187.32169499461358,221.2831231946574,23.015097599833044,64.19757806880071,123.12411692581287,64.19757806880071,0.0,34.27129893878374,100.0,57.87933186237159,38.245465573699924,19.63386628867167
2022-02-23 13:00:00,0.0,0.0,13.338922114853215,40.83459746264813,2.1901178090493763,193.5765144537018,289.6026701160402,25.150083441126256,83.35925315264616,110.21726130105564,83.35925315264616,0.0,43.06268939075427,100.0,59.352898508218296,33.96375397925109,25.389144528967208
2022-02-23 14:00:00,0.0,0.0,19.79382991300918,40.83459746264813,2.188407119170716,196.49933151409954,281.23954041228313,24.388735637883848,81.18017675507213,115.31915475902741,81.18017675507213,0.0,41.31320759696689,100.0,61.74799238336586,36.40069989424591,25.34729248911995
2022-02-23 15:00:00,0.0,0.0,21.339076199042086,40.83459746264813,2.188196032974718,198.04457780013243,153.91403441727866,19.80981357553996,45.17848851423969,152.86608928589274,45.17848851423969,0.0,22.81228247502643,100.0,68.26584285978737,52.78272306107229,15.48311979871508
2022-02-23 16:00:00,0.0,0.0,14.676591082740448,40.83459746264813,2.1891349432020437,194.271985105633,75.14810236245894,16.248378198826842,13.432551513004796,180.8394335926282,13.432551513004796,0.0,6.914301877185746,100.0,70.87408812955181,66.00089276614881,4.873195363402999
2022-02-23 17:00:00,0.0,0.0,0.7420908814088848,40.83459746264813,1.1039175541588457,175.15707386611356,13.565583348925722,13.72392447965393,0.4416833640973286,174.71539050201625,0.44168336409731523,0.0,0.25216416005837644,99.99999999999697,71.34756421719152,71.16815243469519,0.17941178249633083
2022-02-23 18:00:00,0.0,0.0,0.0,40.83459746264813,1.103704601259965,136.74485312545113,0.0,12.8,0.0,136.74485312545113,0.0,0.0,0.0,0.0,56.72836102831441,56.72836102831441,0.0
2022-02-23 19:00:00,0.0,0.0,0.0,40.83459746264813,1.1031764729965174,134.17605986162698,0.0,12.8,0.0,134.17605986162698,0.0,0.0,0.0,0.0,55.73611119843134,55.73611119843134,0.0
2022-02-23 20:00:00,0.0,0.7917480898963063,0.0,40.83459746264813,1.8951996121109305,111.9853861309906,0.0,12.8,0.0,111.9853861309906,0.0,0.0,0.0,0.0,47.09345040388958,47.09345040388958,0.0
2022-02-23 21:00:00,0.0,2.269951092988365,0.0,40.83459746264813,2.289951108988365,110.70098949907849,0.0,12.8,0.0,110.70098949907849,0.0,0.0,0.0,0.0,47.259304886646156,47.259304886646156,0.0
2022-02-23 22:00:00,0.0,0.0,0.0,0.0,1.103016498084443,47.675718305793986,0.0,12.8,0.0,47.675718305793986,0.0,0.0,0.0,0.0,20.74659478846251,20.74659478846251,0.0
2022-02-23 23:00:00,0.0,0.0,0.0,0.0,0.020000016,43.46825895116388,0.0,12.8,0.0,43.46825895116388,0.0,0.0,0.0,0.0,18.816011461342587,18.816011461342587,0.0
2022-02-24 00:00:00,0.0,0.0,0.0,0.0,1.1029532410441318,43.46825895116388,0.0,12.8,0.0,43.46825895116388,0.0,0.0,0.0,0.0,19.34657259708297,19.34657259708297,0.0
2022-02-24 01:00:00,0.0,0.0,0.0,0.0,0.020000016,43.46825895116388,0.0,12.8,0.0,43.46825895116388,0.0,0.0,0.0,0.0,19.245912542369595,19.245912542369595,0.0
2022-02-24 02:00:00,0.0,0.0,0.0,0.0,1.1029041788888547,43.46825895116388,0.0,12.8,0.0,43.46825895116388,0.0,0.0,0.0,0.0,19.872747038025437,19.872747038025437,0.0
2022-02-24 03:00:00,0.0,0.0,0.0,0.0,0.020000016,43.46825895116388,0.0,12.8,0.0,43.46825895116388,0.0,0.0,0.0,0.0,19.840775666116276,19.840775666116276,0.0
2022-02-24 04:00:00,0.0,0.0,0.0,0.0,0.13045457856090534,43.46825895116388,0.0,12.8,0.0,43.46825895116388,0.0,0.0,0.0,0.0,20.055183514652825,20.055183514652825,0.0
2022-02-24 05:00:00,0.0,0.0,0.0,0.0,0.9924174964822209,47.675718305793986,0.0,12.8,0.0,47.675718305793986,0.0,0.0,0.0,0.0,22.183889722439815,22.183889722439815,0.0
2022-02-24 06:00:00,0.0,48.66492284519008,0.0,40.83459746264813,49.76785538196571,76.63763960364213,0.0,12.8,0.0,76.63763960364213,0.0,0.0,0.0,0.0,44.47996979828578,44.47996979828578,0.0
2022-02-24 07:00:00,0.0,21.62204414913168,0.0,40.83459746264813,22.725665790442104,98.76960946899328,37.53635134218752,13.97301097944336,3.3787325098809995,95.39087695911228,3.3787325098810044,0.0,3.420821979600607,100.00000000000016,47.69163424452754,46.20016035269077,1.491473891836769
2022-02-24 08:00:00,0.0,0.24468444805787423,0.0,40.83459746264813,1.348975550296631,186.98067465638707,120.13126567411763,16.55410205231618,34.28928797307182,152.69138668331524,34.28928797307182,0.0,18.338412799122146,100.0,72.19865663448064,59.00310994380341,13.195546690677233
2022-02-24 09:00:00,0.0,0.0,0.0,40.83459746264813,2.1888351602949867,178.6320965489585,154.22369595935152,18.119490498729736,45.547172668574795,133.08492388038368,45.5471726685748,0.0,25.497754070244305,100.00000000000003,65.65644399072191,49.01601219212145,16.64043179860046
2022-02-24 10:00:00,0.0,0.0,2.521370106754415,40.83459746264813,2.1889314511931746,179.22687170784477,254.38954888398314,22.949673402624473,73.81998749353436,105.40688421431041,73.81998749353436,0.0,41.18801315344459,100.0,65.11921432847129,38.46023314499375,26.658981183477536
2022-02-24 11:00:00,0.0,0.0,7.8135126294453805,40.83459746264813,2.1896435213258574,186.44560917840388,245.32532350128037,23.26641635941501,71.10688428887605,115.33872488952784,71.10688428887605,0.0,38.138138303292585,100.0,66.70735603926394,41.4167705042394,25.29058553502454
2022-02-24 12:00:00,0.0,0.0,11.95835321590898,40.83459746264813,3.2756003477498266,190.04610082242195,273.11155184800367,24.134735995250114,78.90794269915878,111.13815812326317,78.90794269915878,0.0,41.520421812226466,100.0,64.43481053987925,37.926081729810356,26.508728810068895
2022-02-24 13:00:00,0.0,0.0,14.842718968983435,40.83459746264813,2.189959568909037,195.08031130783206,339.37795993061593,25.605561247831748,97.52185659147203,97.55845471636003,97.52185659147203,0.0,49.9906197287049,100.0,65.4126200830666,32.9095604996949,32.5030595833717
2022-02-24 14:00:00,0.0,0.0,20.714436390569666,40.83459746264813,2.188318420503555,197.41993799166002,285.5039922985191,23.92199975932872,82.55311308761404,114.86682490404598,82.55311308761404,0.0,41.81599585503947,100.0,65.39748352065317,38.215632739859934,27.181850780793233
2022-02-24 15:00:00,0.0,0.0,11.684353448462568,40.83459746264813,1.1041175525425682,188.38985504955295,204.55950799178757,20.792484624743363,59.83028666190719,128.55956838764575,59.830286661907195,0.0,31.75876251200989,100.00000000000003,64.14396532203774,43.835771120386575,20.30819420165117
2022-02-24 16:00:00,0.0,0.0,4.524816819382379,40.83459746264813,2.1892228508297684,184.12021084227493,125.00770995977075,18.306490936242838,36.89385086779062,147.2263599744843,36.89385086779063,0.0,20.0379147400583,100.00000000000004,66.11311793787141,52.94441127837656,13.168706659494845
2022-02-24 17:00:00,0.0,0.0,0.6284904282018197,40.83459746264813,2.1878251014453607,175.04347341290648,29.930130615849418,13.735316581745295,2.149976658563468,172.893496754343,2.1499766585634745,0.0,1.2282529686165096,100.00000000000031,72.70175203029899,71.81362892229629,0.8881231080027021
2022-02-24 18:00:00,0.0,0.0,0.0,40.83459746264813,1.1036152964485373,136.74485312545113,0.0,12.8,0.0,136.74485312545113,0.0,0.0,0.0,0.0,57.911187928481276,57.911187928481276,0.0
2022-02-24 19:00:00,0.0,0.0,0.0,40.83459746264813,1.103300062284046,134.17605986162698,0.0,12.2,0.0,134.17605986162698,0.0,0.0,0.0,0.0,55.64824813152436,55.64824813152436,0.0
2022-02-24 20:00:00,0.0,0.0,0.0,40.83459746264813,1.1034483819397056,111.9853861309906,0.0,12.2,0.0,111.9853861309906,0.0,0.0,0.0,0.0,47.19110392027141,47.19110392027141,0.0
2022-02-24 21:00:00,0.0,0.0,0.0,40.83459746264813,0.020000016,110.70098949907849,0.0,11.7,0.0,110.70098949907849,0.0,0.0,0.0,0.0,48.29580067024113,48.29580067024113,0.0
2022-02-24 22:00:00,0.0,0.0,0.0,0.0,1.1030392955261663,47.675718305793986,0.0,11.7,0.0,47.675718305793986,0.0,0.0,0.0,0.0,21.521806072803546,21.521806072803546,0.0
2022-02-24 23:00:00,0.0,0.0,0.0,0.0,0.020000016,43.46825895116388,0.0,11.7,0.0,43.46825895116388,0.0,0.0,0.0,0.0,19.887069361899268,19.887069361899268,0.0
2022-02-25 00:00:00,0.0,0.0,0.0,0.0,1.1029718785141478,38.10742263904787,0.0,11.7,0.0,38.10742263904787,0.0,0.0,0.0,0.0,18.40746030310097,18.40746030310097,0.0
2022-02-25 01:00:00,0.0,0.0,0.0,0.0,0.020000016,38.10742263904787,0.0,11.7,0.0,38.10742263904787,0.0,0.0,0.0,0.0,18.13797075952003,18.13797075952003,0.0
2022-02-25 02:00:00,0.0,0.0,0.0,0.0,0.020000016,38.10742263904787,0.0,11.7,0.0,38.10742263904787,0.0,0.0,0.0,0.0,18.156262322386777,18.156262322386777,0.0
2022-02-25 03:00:00,0.0,0.0,0.0,0.0,1.1029281162869748,38.10742263904787,0.0,11.7,0.0,38.10742263904787,0.0,0.0,0.0,0.0,18.096876929185598,18.096876929185598,0.0
2022-02-25 04:00:00,0.0,0.0,0.0,0.0,0.020000016,38.10742263904787,0.0,11.7,0.0,38.10742263904787,0.0,0.0,0.0,0.0,16.129519049329012,16.129519049329012,0.0
2022-02-25 05:00:00,0.0,0.0,0.0,0.0,1.1030886236345743,38.10742263904787,0.0,11.7,0.0,38.10742263904787,0.0,0.0,0.0,0.0,16.309667706828662,16.309667706828662,0.0
2022-02-25 06:00:00,0.0,22.484498695616423,0.0,40.83459746264813,22.504498711616424,76.63763960364213,0.0,12.2,0.0,76.63763960364213,0.0,0.0,0.0,0.0,36.980455732797346,36.980455732797346,0.0
2022-02-25 07:00:00,0.0,18.858982930237776,0.0,40.83459746264813,19.962178758748806,75.83888804889047,63.08644275527346,14.171451336102296,9.537077216811857,66.30181083207862,9.537077216811852,0.0,12.575444421948353,99.99999999999994,34.79090434552074,30.867779946999093,3.9231243985216437
2022-02-25 08:00:00,0.0,0.20761432149428763,0.0,40.83459746264813,1.3109887640459181,114.21720088209123,97.37457924704171,16.342955601470052,22.54584063034348,91.67136025174776,22.545840630343477,0.0,19.739444195991123,99.99999999999999,42.781951398446814,34.38362576364387,8.398325634802944
2022-02-25 09:00:00,0.0,0.0,0.0,40.83459746264813,1.1037086922116532,116.46489498793738,234.93940350446843,21.24185635951464,68.60340483771844,47.86149015021894,68.60340483771844,0.0,58.904792594218115,100.0,41.126816603757035,17.018208075686022,24.108608528071013
2022-02-25 10:00:00,0.0,0.0,0.5273281085086526,40.83459746264813,1.1035468465690625,116.02892562251199,217.7640476696531,21.80512648967666,63.45741411159414,52.57151151091785,63.45741411159414,0.0,54.69102964725039,100.0,39.19949683621606,17.86955623088593,21.329940605330133
2022-02-25 11:00:00,0.0,0.0,3.7474513395555884,40.83459746264813,1.1037393941017775,121.49674295940507,329.06343326519834,25.88323228953745,94.46056338291972,27.036179576485353,94.46056338291972,0.0,77.74740382504017,100.0,40.733687088530424,9.218809327086923,31.5148777614435
2022-02-25 12:00:00,0.0,0.0,1.3154631991721855,40.83459746264813,1.1035546405089305,117.78035818710958,309.4364536113091,25.769889175353413,88.8638388594501,28.916519327659486,88.8638388594501,0.0,75.44877620280133,100.0,39.16338246727375,9.765002976596165,29.398379490677584
2022-02-25 13:00:00,0.0,0.0,0.0,40.83459746264813,1.1034821492579547,113.89610172411322,305.52243187898256,25.647575996218208,87.7796324940026,26.116469230110624,87.7796324940026,0.0,77.06991825464607,100.0,38.06173299459903,8.88071086645528,29.181022128143752
2022-02-25 14:00:00,0.0,0.0,0.0,40.83459746264813,1.1033086707390207,74.79713598363837,310.2874067963731,25.29648146238666,89.26474385638154,0.0,74.79713598363837,14.467607872743173,100.0,83.79247253986392,25.290472405815528,0.19865118306428173,25.091821222751246
2022-02-25 15:00:00,0.0,0.0,0.0,40.83459746264811,1.1032543787666371,73.51273935172627,126.1070243364375,18.94084451051367,37.13305017337628,36.379689178349985,37.13305017337628,0.0,50.512401661038496,100.0,25.49143450912711,12.715437266475265,12.775997242651846
2022-02-25 16:00:00,0.0,0.0,0.0,40.83459746264813,1.103346518246873,73.83383850970428,65.83461123762476,16.457331601175774,10.301623499579067,63.53221501012521,10.301623499579065,0.0,13.952442006960103,99.99999999999997,27.561847718412697,23.7440145413512,3.817833177061498
2022-02-25 17:00:00,0.0,0.0,0.0,40.83459746264813,0.020000016,74.93227696716414,18.344686589834904,14.473271455932341,0.8055588132021844,74.12671815396196,0.8055588132021825,0.0,1.075049158795994,99.99999999999977,30.806386765440127,30.475241676303042,0.3311450891370846
2022-02-25 18:00:00,0.0,0.0,0.0,0.0,1.1030745918140246,38.10742263904787,0.0,13.3,0.0,38.10742263904787,0.0,0.0,0.0,0.0,16.37406672465355,16.37406672465355,0.0
2022-02-25 19:00:00,0.0,0.0,0.0,0.0,0.020000016,38.10742263904787,0.0,13.3,0.0,38.10742263904787,0.0,0.0,0.0,0.0,16.24879528218923,16.24879528218923,0.0
2022-02-25 20:00:00,0.0,0.0,0.0,0.0,1.1030661455114785,38.10742263904787,0.0,13.3,0.0,38.10742263904787,0.0,0.0,0.0,0.0,16.467237852245752,16.467237852245752,0.0
2022-02-25 21:00:00,0.0,0.0,0.0,0.0,0.020000016,38.10742263904787,0.0,13.3,0.0,38.10742263904787,0.0,0.0,0.0,0.0,16.275279940923372,16.275279940923372,0.0
2022-02-25 22:00:00,0.0,0.0,0.0,0.0,1.1029452946317033,38.10742263904787,0.0,12.8,0.0,38.10742263904787,0.0,0.0,0.0,0.0,16.719106156638908,16.719106156638908,0.0
2022-02-25 23:00:00,0.0,0.0,0.0,0.0,0.020000016,38.10742263904787,0.0,12.8,0.0,38.10742263904787,0.0,0.0,0.0,0.0,16.515547240662567,16.515547240662567,0.0
2022-02-26 00:00:00,0.0,0.0,0.0,0.0,1.1028868954801783,38.10742263904787,0.0,12.8,0.0,38.10742263904787,0.0,0.0,0.0,0.0,16.650502281097207,16.650502281097207,0.0
2022-02-26 01:00:00,0.0,0.0,0.0,0.0,0.020000016,38.10742263904787,0.0,12.8,0.0,38.10742263904787,0.0,0.0,0.0,0.0,16.110274800896295,16.110274800896295,0.0
2022-02-26 02:00:00,0.0,0.0,0.0,0.0,1.1029200706700986,38.10742263904787,0.0,12.8,0.0,38.10742263904787,0.0,0.0,0.0,0.0,16.534852226594378,16.534852226594378,0.0
2022-02-26 03:00:00,0.0,0.0,0.0,0.0,0.020000016,38.10742263904787,0.0,12.8,0.0,38.10742263904787,0.0,0.0,0.0,0.0,16.256797840943435,16.256797840943435,0.0
2022-02-26 04:00:00,0.0,0.0,0.0,0.0,0.020000016,38.10742263904787,0.0,12.8,0.0,38.10742263904787,0.0,0.0,0.0,0.0,16.43456896755459,16.43456896755459,0.0
2022-02-26 05:00:00,0.0,0.0,0.0,0.0,1.1029573822094212,38.10742263904787,0.0,12.8,0.0,38.10742263904787,0.0,0.0,0.0,0.0,16.225426672723415,16.225426672723415,0.0
2022-02-26 06:00:00,0.0,0.0,0.0,0.0,0.020000016,26.234746474247864,0.0,12.8,0.0,26.234746474247864,0.0,0.0,0.0,0.0,11.037935378231778,11.037935378231778,0.0
2022-02-26 07:00:00,0.0,0.0,0.0,0.0,1.1028800349943815,20.298408391847865,39.77915067070305,14.043098458459472,3.793608333020676,16.50480005882719,3.793608333020675,0.0,18.689191092165842,99.99999999999997,8.227406462332459,6.72688262228946,1.500523840042999
2022-02-26 08:00:00,0.0,0.0,0.0,0.0,0.020000016,20.298408391847865,97.543994988306,15.848249843384563,22.66448756985279,0.0,20.298408391847865,2.3660791780049237,100.0,89.56041176438436,7.140724385820754,0.0036010111631256747,7.137123374657628
2022-02-26 09:00:00,0.0,0.0,0.0,0.0,0.020000016,20.298408391847865,229.02020114380102,21.556881285743785,66.7980901392925,0.0,20.298408391847865,46.49968174744463,100.0,30.38770771667284,6.861824254516764,0.0036010111631256747,6.858223243353638
2022-02-26 10:00:00,0.0,0.0,0.0,2.0515736595714955,1.1029944642914666,22.349982051419364,198.04927970112217,21.78903999066007,57.71583776851719,0.0,22.349982051419364,35.36585571709783,100.0,38.72417505409723,7.511508737287698,0.19859461006328172,7.312914127224416
2022-02-26 11:00:00,0.0,0.0,0.07912515228280141,3.9384658579786667,0.020000016,24.31599940210933,178.2316756606752,22.2697398643961,51.84926362506834,0.0,24.31599940210933,27.53326422295901,100.0,46.897482629537116,7.839310238495846,0.0036010111631256747,7.835709227332721
2022-02-26 12:00:00,0.0,0.0,0.2581500315304096,4.226731574798879,1.1030482388721605,24.783289998177153,223.57179366241132,23.086618551950355,64.84451694189825,0.0,24.783289998177153,40.061226943721095,100.0,38.21956144786056,8.668913231325801,0.19860429219880454,8.470308939126996
2022-02-26 13:00:00,0.0,0.0,0.3918505267021363,5.870363703399379,0.020000016,26.560622621949374,217.624063952475,22.400751998514842,63.27849655632909,0.0,26.560622621949374,36.71787393437971,100.0,41.974168267897625,9.046828998371339,0.0036010111631256747,9.043227987208214
2022-02-26 14:00:00,0.0,0.0,0.13342238438564225,8.90055822618807,1.1030398172904243,29.332389002421575,183.38172865751972,20.73067902054749,53.648212569039714,0.0,29.332389002421575,24.31582356661814,100.0,54.6754264453337,10.347902694617416,0.19860277588952543,10.14929991872789
2022-02-26 15:00:00,0.0,0.0,0.018187016964440802,8.769599185145065,0.020000016,29.08619459395738,68.89987906671253,16.553121220834768,11.279369115638262,17.80682547831912,11.27936911563826,0.0,38.77911591082298,99.99999999999999,10.528585955959574,6.447089844620291,4.081496111339283
2022-02-26 16:00:00,0.0,0.0,0.0,4.242919949452894,1.1029748680923739,24.54132834130076,32.599216858190836,14.918725526818465,2.53981150535319,22.00151683594757,2.539811505353189,0.0,10.349119941804144,99.99999999999997,9.626878603920446,8.651133819793857,0.9757447841265883
2022-02-26 17:00:00,0.0,0.0,0.0,0.0,0.020000016,32.17108455664786,10.513302191455079,13.628540693482972,0.2653746883603378,31.905709868287524,0.26537468836033895,0.0,0.82488573828793,100.00000000000044,13.199053908340595,13.090206499289275,0.10884740905131984
2022-02-26 18:00:00,0.0,0.0,0.0,0.0,0.020000016,38.10742263904787,0.0,12.8,0.0,38.10742263904787,0.0,0.0,0.0,0.0,16.01271979894033,16.01271979894033,0.0
2022-02-26 19:00:00,0.0,0.0,0.0,0.0,1.1028656012108127,38.10742263904787,0.0,12.8,0.0,38.10742263904787,0.0,0.0,0.0,0.0,15.934078901441087,15.934078901441087,0.0
2022-02-26 20:00:00,0.0,0.0,0.0,0.0,0.020000016,38.10742263904787,0.0,12.8,0.0,38.10742263904787,0.0,0.0,0.0,0.0,15.668228698283338,15.668228698283338,0.0
2022-02-26 21:00:00,0.0,0.0,0.0,0.0,1.1029787601149454,38.10742263904787,0.0,12.8,0.0,38.10742263904787,0.0,0.0,0.0,0.0,15.896182390222783,15.896182390222783,0.0
2022-02-26 22:00:00,0.0,0.0,0.0,0.0,0.020000016,38.10742263904787,0.0,12.8,0.0,38.10742263904787,0.0,0.0,0.0,0.0,15.716244050808537,15.716244050808537,0.0
2022-02-26 23:00:00,0.0,0.0,0.0,0.0,1.1029077305275272,38.10742263904787,0.0,12.8,0.0,38.10742263904787,0.0,0.0,0.0,0.0,16.173972712354818,16.173972712354818,0.0
2022-02-27 00:00:00,0.0,0.0,0.0,0.0,0.020000016,43.46825895116388,0.0,12.8,0.0,43.46825895116388,0.0,0.0,0.0,0.0,18.819923604648192,18.819923604648192,0.0
2022-02-27 01:00:00,0.0,0.0,0.0,0.0,0.020000016,43.46825895116388,0.0,12.2,0.0,43.46825895116388,0.0,0.0,0.0,0.0,18.60410369895566,18.60410369895566,0.0
2022-02-27 02:00:00,0.0,0.0,0.0,0.0,1.1029168236379077,43.46825895116388,0.0,12.2,0.0,43.46825895116388,0.0,0.0,0.0,0.0,18.67454675672891,18.67454675672891,0.0
2022-02-27 03:00:00,0.0,0.0,0.0,0.0,0.020000016,43.46825895116388,0.0,12.2,0.0,43.46825895116388,0.0,0.0,0.0,0.0,18.62670719361027,18.62670719361027,0.0
2022-02-27 04:00:00,0.0,0.0,0.0,0.0,1.1028650981447425,43.46825895116388,0.0,12.2,0.0,43.46825895116388,0.0,0.0,0.0,0.0,18.422204200320937,18.422204200320937,0.0
2022-02-27 05:00:00,0.0,0.0,0.0,0.0,0.020000016,47.675718305793986,0.0,12.2,0.0,47.675718305793986,0.0,0.0,0.0,0.0,20.22907098803011,20.22907098803011,0.0
2022-02-27 06:00:00,0.0,42.890523153068976,0.0,40.83459746264813,43.993569416079964,73.66947056244213,12.178071965038997,12.580564748907468,0.3573972977655948,73.31207326467653,0.35739729776560125,0.0,0.48513623762596725,100.0000000000018,39.016575568858116,38.865719956457745,0.15085561240037038
2022-02-27 07:00:00,0.0,13.686790406324809,0.0,40.83459746264813,14.790370192255805,98.76960946899328,63.18585250312476,14.174557890722648,9.567051654312356,89.20255781468093,9.567051654312351,0.0,9.686230112427177,99.99999999999994,45.14135207042118,41.026802330192794,4.114549740228384
2022-02-27 08:00:00,0.0,0.0,0.0,40.83459746264813,1.1042594677773834,186.98067465638707,146.43447451875022,17.876077328710945,43.28474965874358,143.6959249976435,43.28474965874358,0.0,23.149317296179206,100.0,77.12080212135585,59.31388895924533,17.80691316211052
2022-02-27 09:00:00,0.0,0.0,0.19497205645232057,40.83459746264813,2.1887986033294453,178.82706860541083,215.90130319860975,20.646915724956557,63.18106516797011,115.64600343744073,63.181065167970104,0.0,35.330817454365196,99.99999999999999,70.23589987413212,45.560218967455555,24.67568090667656
2022-02-27 10:00:00,0.0,0.0,6.1436839938985,40.83459746264813,2.188898820052085,182.84918559498885,246.06076661718654,22.08939895678708,71.62866722765452,111.22051836733434,71.62866722765452,0.0,39.17363208076414,100.0,68.85467571762807,42.03618642092194,26.818489296706126
2022-02-27 11:00:00,0.0,0.0,16.311684226397418,40.83459746264813,2.1896113695121624,194.94378077535592,279.1212240465793,23.1225382514556,80.94532893281004,113.99845184254588,80.94532893281004,0.0,41.52239615486254,100.0,73.6424166223659,43.228018729151856,30.414397893214044
2022-02-27 12:00:00,0.0,0.0,24.84183142475249,40.83459746264813,3.2756898628540947,202.9295790312654,268.95674829374906,22.80489838417966,78.08866031433053,124.84091871693488,78.08866031433053,0.0,38.48066934702475,100.0,75.2861380619408,46.54248308683887,28.743654975101933
2022-02-27 13:00:00,0.0,0.0,40.232011145189546,40.83459746264813,2.19006526047733,220.46960348403817,259.71747324347933,22.51617103885873,75.48604422796187,144.98355925607632,75.48604422796186,0.0,34.23875356741728,99.99999999999997,82.69782983371618,54.51813466297575,28.179695170740438
2022-02-27 14:00:00,0.0,0.0,49.912085599566616,40.83459746264813,2.188367219172725,226.617587200657,232.92026814374864,22.878758379492144,67.60752905140423,159.01005814925276,67.60752905140424,0.0,29.833310771039855,100.00000000000003,86.27754962135482,60.65564826145364,25.62190135990118
2022-02-27 15:00:00,0.0,0.0,56.84022754402103,40.83459746264813,2.188206547694322,233.54572914511144,155.85641666618798,20.970513020818377,45.555867605383995,187.98986153972743,45.55586760538401,0.0,19.50618740584132,100.00000000000003,88.74784001661644,71.5133719634856,17.23446805313084
2022-02-27 16:00:00,0.0,0.0,43.70807074588136,40.83459746264813,2.189049000878335,223.30346476877395,90.52319175770008,18.928849742428127,19.304115227930904,203.99934954084304,19.304115227930907,0.0,8.644789836969128,100.00000000000003,87.71919211160501,80.17012481057034,7.549067301034668
2022-02-27 17:00:00,0.0,0.0,12.822684299208102,40.83459746264813,1.103878777705772,187.2376672839127,24.295275210937533,15.759227350341797,1.4064581548480344,185.8312091290647,1.4064581548480248,0.0,0.7511619725081174,99.99999999999932,78.6962734631673,78.10662994632881,0.5896435168384926
2022-02-27 18:00:00,0.0,0.0,0.09534222762144463,40.83459746264813,1.1036815752134097,136.84019535307257,0.0,14.4,0.0,136.84019535307257,0.0,0.0,0.0,0.0,59.63252037236934,59.63252037236934,0.0
2022-02-27 19:00:00,0.0,0.0,0.0,40.83459746264813,1.1033606332445014,134.17605986162698,0.0,14.4,0.0,134.17605986162698,0.0,0.0,0.0,0.0,57.60253334923548,57.60253334923548,0.0
2022-02-27 20:00:00,0.0,0.0,0.0,40.83459746264813,1.103410918766601,111.9853861309906,0.0,14.4,0.0,111.9853861309906,0.0,0.0,0.0,0.0,47.84173226843264,47.84173226843264,0.0
2022-02-27 21:00:00,0.0,0.0,0.0,40.83459746264813,0.020000016,110.70098949907849,0.0,14.4,0.0,110.70098949907849,0.0,0.0,0.0,0.0,47.990819444171166,47.990819444171166,0.0
2022-02-27 22:00:00,0.0,0.0,0.0,0.0,1.102966080327065,47.675718305793986,0.0,14.4,0.0,47.675718305793986,0.0,0.0,0.0,0.0,20.719887308473172,20.719887308473172,0.0
2022-02-27 23:00:00,0.0,0.0,0.0,0.0,0.020000016,43.46825895116388,0.0,14.4,0.0,43.46825895116388,0.0,0.0,0.0,0.0,18.509994918326395,18.509994918326395,0.0
2022-02-28 00:00:00,0.0,0.0,0.0,0.0,1.1029997745651827,43.46825895116388,0.0,14.4,0.0,43.46825895116388,0.0,0.0,0.0,0.0,18.30182137157148,18.30182137157148,0.0
2022-02-28 01:00:00,0.0,0.0,0.0,0.0,0.020000016,43.46825895116388,0.0,14.4,0.0,43.46825895116388,0.0,0.0,0.0,0.0,18.052056810275882,18.052056810275882,0.0
2022-02-28 02:00:00,0.0,0.0,0.0,0.0,1.1029779908306239,43.46825895116388,0.0,13.9,0.0,43.46825895116388,0.0,0.0,0.0,0.0,18.11772937274288,18.11772937274288,0.0
2022-02-28 03:00:00,0.0,0.0,0.0,0.0,0.020000016,43.46825895116388,0.0,13.9,0.0,43.46825895116388,0.0,0.0,0.0,0.0,17.981855572069755,17.981855572069755,0.0
2022-02-28 04:00:00,0.0,0.0,0.0,0.0,0.020000016,43.46825895116388,0.0,14.4,0.0,43.46825895116388,0.0,0.0,0.0,0.0,18.242665125776735,18.242665125776735,0.0
2022-02-28 05:00:00,0.0,0.0,0.0,0.0,1.1030100744185944,47.675718305793986,0.0,14.4,0.0,47.675718305793986,0.0,0.0,0.0,0.0,19.790457101256113,19.790457101256113,0.0
2022-02-28 06:00:00,0.0,19.3198097262427,0.0,40.83459746264813,19.3398097422427,73.66947056244213,7.528880037744142,14.635277501179505,0.13560845758147994,73.53386210486065,0.13560845758148332,0.0,0.18407687274817838,100.00000000000249,34.15884498992105,34.10237627209955,0.05646871782150242
2022-02-28 07:00:00,0.0,4.319511411540737,0.0,40.83459746264813,5.422989621678975,98.76960946899328,34.51771629667959,15.478678634271237,2.84186188626481,95.92774758272847,2.841861886264809,0.0,2.8772634634714778,99.99999999999996,39.05308367352141,37.95751749774746,1.0955661757739463
2022-02-28 08:00:00,0.0,0.0,0.0,40.83459746264813,2.188376083147121,186.98067465638707,84.74313456210906,18.24822295506591,16.959286679037504,170.02138797734955,16.95928667903752,0.0,9.070074600064133,100.00000000000009,65.32118748769592,59.43224478126694,5.888942706428985
2022-02-28 09:00:00,0.0,0.0,2.003226810065552,40.83459746264813,2.188799601395977,180.63532335902403,190.27863885937424,23.146207464355445,55.1761246670088,125.45919869201524,55.17612466700879,0.0,30.54558966705686,99.99999999999999,59.19179520462729,41.231690744892596,17.960104459734694
2022-02-28 10:00:00,0.0,0.0,6.523560130519747,40.83459746264813,2.1889012404720685,183.2290617316101,169.4528917388381,23.595402866838693,49.056059522541446,134.17300220906867,49.05605952254143,0.0,26.773077948954228,99.99999999999997,59.59084169374585,43.742055263500774,15.848786430245077
2022-02-28 11:00:00,0.0,0.0,11.857265191006192,40.83459746264813,2.1894413788601153,190.48936173996466,161.98557883683316,22.262049338651035,47.12444938680272,143.36491235316194,47.12444938680272,0.0,24.738625273537266,100.0,62.708042286132304,47.29245678047447,15.415585505657837
2022-02-28 12:00:00,0.0,0.0,24.36076680175461,40.83459746264813,2.190219960170709,202.44851440826753,119.73429309283391,20.94169665915106,33.52681925470796,168.92169515355957,33.52681925470796,0.0,16.560664499170464,100.0,66.12533366891007,55.23984599329149,10.885487675618585
2022-02-28 13:00:00,0.0,0.0,39.943382830987815,40.83459746264813,3.274999745646724,220.18097516983642,139.51778550691515,21.5599307970911,40.69255783809099,179.48841733174544,40.69255783809098,0.0,18.48141412158921,99.99999999999997,70.43547400380884,57.52698080640962,12.908493197399217
2022-02-28 14:00:00,0.0,0.0,46.657475320839296,40.83459746264813,2.1883004299851074,223.36297692192963,105.51297408379118,19.997280440118473,26.125194232433074,197.23778268949656,26.125194232433074,0.0,11.696295685369746,100.0,68.50296013654832,60.53673528522367,7.966224851324654
2022-02-28 15:00:00,0.0,0.0,48.90959317946156,40.83459746264813,1.1041052645230527,225.6150947805519,71.21859981328123,18.32558124416504,11.974685111162234,213.64040966938967,11.974685111162245,0.0,5.307572670529696,100.00000000000009,70.2308481054622,66.51384597353189,3.7170021319303146
2022-02-28 16:00:00,0.0,0.0,40.372746041823646,40.83459746264813,2.1889580992460465,219.9681400647162,40.8686761799807,17.3771461306244,3.956791267655698,216.01134879706052,3.9567912676556887,0.0,1.7988019840016707,99.99999999999977,73.2882649075977,71.97704363336562,1.3112212742320821
2022-02-28 17:00:00,0.0,0.0,10.81776283240528,40.83459746264813,2.1877868608851476,185.23274581710993,11.265127053662134,15.952035220426941,0.3021730140694299,184.9305728030405,0.30217301406943875,0.0,0.1631315309485236,100.00000000000293,70.90368278931179,70.78865912064119,0.11502366867060232
2022-02-28 18:00:00,0.0,0.0,0.0,40.83459746264813,1.1036835145970751,136.74485312545113,0.0,15.6,0.0,136.74485312545113,0.0,0.0,0.0,0.0,55.91677652835248,55.91677652835248,0.0
2022-02-28 19:00:00,0.0,0.0,0.0,40.83459746264813,0.020000016,134.17605986162698,0.0,16.1,0.0,134.17605986162698,0.0,0.0,0.0,0.0,55.45454127017771,55.45454127017771,0.0
2022-02-28 20:00:00,0.0,0.0,0.0,40.83459746264813,1.1034569509524186,111.9853861309906,0.0,16.1,0.0,111.9853861309906,0.0,0.0,0.0,0.0,46.91618134017412,46.91618134017412,0.0
2022-02-28 21:00:00,0.0,0.0,0.0,40.83459746264813,1.1029670664198987,110.70098949907849,0.0,15.2,0.0,110.70098949907849,0.0,0.0,0.0,0.0,46.60333746518386,46.60333746518386,0.0
2022-02-28 22:00:00,0.0,0.0,0.0,0.0,0.020000016,47.675718305793986,0.0,14.4,0.0,47.675718305793986,0.0,0.0,0.0,0.0,19.979965359882335,19.979965359882335,0.0
2022-02-28 23:00:00,0.0,0.0,0.0,0.0,1.1029189408983655,43.46825895116388,0.0,13.5,0.0,43.46825895116388,0.0,0.0,0.0,0.0,18.958177527598874,18.958177527598874,0.0
2022-03-01 00:00:00,0.0,0.0,0.0,0.0,0.020000016,43.46825895116388,0.0,12.6,0.0,43.46825895116388,0.0,0.0,0.0,0.0,19.070952800091163,19.070952800091163,0.0
2022-03-01 01:00:00,0.0,0.0,0.0,0.0,1.1028757321481362,43.46825895116388,0.0,11.7,0.0,43.46825895116388,0.0,0.0,0.0,0.0,19.09965893073154,19.09965893073154,0.0
2022-03-01 02:00:00,0.0,0.0,0.0,0.0,0.020000016,43.46825895116388,0.0,10.9,0.0,43.46825895116388,0.0,0.0,0.0,0.0,18.81601146134259,18.81601146134259,0.0
2022-03-01 03:00:00,0.0,0.0,0.0,0.0,1.102998525868629,43.46825895116388,0.0,10.0,0.0,43.46825895116388,0.0,0.0,0.0,0.0,19.251167922236572,19.251167922236572,0.0
2022-03-01 04:00:00,0.0,0.0,0.0,0.0,0.020000016,43.46825895116388,0.0,8.9,0.0,43.46825895116388,0.0,0.0,0.0,0.0,18.667350015729607,18.667350015729607,0.0
2022-03-01 05:00:00,0.0,0.0,0.0,0.0,1.1030230263930891,47.675718305793986,0.0,8.3,0.0,47.675718305793986,0.0,0.0,0.0,0.0,20.140637584220542,20.140637584220542,0.0
2022-03-01 06:00:00,0.0,7.1205322357614405,0.0,40.83459746264813,7.1405322517614405,73.66947056244213,15.378832263867192,8.78058850824585,0.5776169168662455,73.09185364557588,0.5776169168662477,0.0,0.7840655192121416,100.00000000000038,33.04014438017302,32.791168384326994,0.24897599584602403
2022-03-01 07:00:00,0.0,1.6492667238953032,0.0,40.83459746264813,2.7527797702761947,98.76960946899328,41.13275831542965,10.685398697357178,4.104607891605972,94.66500157738732,4.104607891605966,0.0,4.155739719609324,99.99999999999984,39.74618809253883,38.11503743945408,1.6311506530847524
2022-03-01 08:00:00,0.0,0.0,0.0,40.83459746264813,2.188392370670158,186.98067465638707,85.21703904076759,14.863032470023986,17.359063760337563,169.6216108960495,17.359063760337563,0.0,9.283881231169039,100.0,67.11807470371907,60.92349280084262,6.1945819028764575
2022-03-01 09:00:00,0.0,0.0,0.0,40.83459746264813,2.1885783668969316,178.6320965489585,172.0688636184757,20.977151988077367,50.293448379758814,128.33864816919967,50.293448379758814,0.0,28.154765773559998,100.0,58.07971737984017,41.83845409456465,16.241263285275515
2022-03-01 10:00:00,0.0,0.0,0.0,40.83459746264813,1.1043834678731101,176.70550160109036,217.25471569342716,22.889209865419602,63.05802001993761,113.64748158115276,63.0580200199376,0.0,35.68537450649952,99.99999999999999,55.75063676657615,35.92677172280827,19.82386504376788
2022-03-01 11:00:00,0.0,0.0,0.0,40.83459746264813,3.274032176420804,178.6320965489585,237.06371334840205,24.108241042137564,68.4996212163639,110.13247533259458,68.4996212163639,0.0,38.34675992709401,100.0,56.58886679632651,35.11492054120859,21.473946255117923
2022-03-01 12:00:00,0.0,0.0,0.7868687211485501,40.83459746264813,2.1902384485709763,178.87461632766147,233.3407732016723,23.39189916255226,67.60199362320537,111.2726227044561,67.60199362320537,0.0,37.79294961526147,100.0,57.2755869587926,35.778490996581404,21.497095962211198
2022-03-01 13:00:00,0.0,0.0,5.740696345226182,40.83459746264813,3.274969398390191,185.97828868407478,350.8180704374939,27.063064701171683,100.26436522757146,85.71392345650332,100.26436522757146,0.0,53.91186570056714,100.0,61.79697418521308,28.798968945167037,32.99800524004604
2022-03-01 14:00:00,0.0,0.0,5.284905788824808,40.83459746264813,1.1041394927686667,181.99040738991516,333.7771626922931,26.030536334134162,95.76128896293777,86.2291184269774,95.76128896293777,0.0,52.61886620088103,100.0,60.419426578237704,28.732016060401595,31.68741051783611
2022-03-01 15:00:00,0.0,0.0,3.290474461064164,40.83459746264813,2.1882271618572635,179.9959760621545,232.3117121156394,22.85974100361373,67.43559711553303,112.56037894662148,67.43559711553303,0.0,37.465058158992846,100.0,62.52680218356729,39.248708415256445,23.278093768310846
2022-03-01 16:00:00,0.0,0.0,0.515133233211882,40.83459746264813,2.189210416300823,180.1105272561044,148.22193663104673,19.63193551972021,43.53577828127659,136.5747489748278,43.535778281276606,0.0,24.17170109072626,100.00000000000003,66.88196937863285,50.8107368260996,16.071232552533246
2022-03-01 17:00:00,0.0,0.0,0.0,40.83459746264813,1.103805210157239,171.44681394350465,35.42344187099898,15.006982558468719,2.9980020413484065,168.44881190215625,2.9980020413484,0.0,1.7486484422721933,99.99999999999977,72.15839733355993,70.90007591676519,1.2583214167947432
2022-03-01 18:00:00,0.0,0.0,0.0,40.83459746264813,1.1035825315468475,136.74485312545113,0.0,13.3,0.0,136.74485312545113,0.0,0.0,0.0,0.0,60.88811748168824,60.88811748168824,0.0
2022-03-01 19:00:00,0.0,0.0,0.0,40.83459746264813,1.1033108838073376,134.17605986162698,0.0,12.8,0.0,134.17605986162698,0.0,0.0,0.0,0.0,59.13280235455057,59.13280235455057,0.0
2022-03-01 20:00:00,0.0,0.0,0.0,40.83459746264813,1.1034568791544692,111.9853861309906,0.0,13.3,0.0,111.9853861309906,0.0,0.0,0.0,0.0,49.814923047247554,49.814923047247554,0.0
2022-03-01 21:00:00,0.0,0.34355490773185693,0.0,40.83459746264813,1.4466400143503269,110.70098949907849,0.0,13.3,0.0,110.70098949907849,0.0,0.0,0.0,0.0,49.26281464037507,49.26281464037507,0.0
2022-03-01 22:00:00,0.0,0.0,0.0,0.0,0.020000016,47.675718305793986,0.0,13.9,0.0,47.675718305793986,0.0,0.0,0.0,0.0,21.803561585078956,21.803561585078956,0.0
2022-03-01 23:00:00,0.0,0.0,0.0,0.0,0.020000016,43.46825895116388,0.0,12.8,0.0,43.46825895116388,0.0,0.0,0.0,0.0,20.441724346116118,20.441724346116118,0.0
2022-03-02 00:00:00,0.0,0.0,0.0,0.0,1.1029166820205274,43.46825895116388,0.0,12.8,0.0,43.46825895116388,0.0,0.0,0.0,0.0,20.622359414832296,20.622359414832296,0.0
2022-03-02 01:00:00,0.0,0.0,0.0,0.0,0.020000016,43.46825895116388,0.0,12.8,0.0,43.46825895116388,0.0,0.0,0.0,0.0,20.75969466034388,20.75969466034388,0.0
2022-03-02 02:00:00,0.0,0.0,0.0,0.0,1.1028795422098727,43.46825895116388,0.0,12.8,0.0,43.46825895116388,0.0,0.0,0.0,0.0,21.434339805001752,21.434339805001752,0.0
2022-03-02 03:00:00,0.0,0.0,0.0,0.0,0.020000016,43.46825895116388,0.0,12.2,0.0,43.46825895116388,0.0,0.0,0.0,0.0,20.68645064401117,20.68645064401117,0.0
2022-03-02 04:00:00,0.0,0.0,0.0,0.0,1.102699034718749,43.46825895116388,0.0,11.7,0.0,43.46825895116388,0.0,0.0,0.0,0.0,20.870089303367113,20.870089303367113,0.0
2022-03-02 05:00:00,0.0,0.0,0.0,0.0,0.020000016,47.675718305793986,0.0,12.2,0.0,47.675718305793986,0.0,0.0,0.0,0.0,22.304871763064376,22.304871763064376,0.0
2022-03-02 06:00:00,0.0,23.03740865516129,0.0,40.83459746264813,24.140396833396633,73.66947056244213,10.567627179785138,12.530238349368284,0.2691698843495677,73.40030067809256,0.2691698843495658,0.0,0.36537507639805533,99.9999999999993,37.901090551204824,37.7784903981307,0.12260015307412431
2022-03-02 07:00:00,0.0,11.710750579589671,0.0,40.83459746264813,12.814230551575545,98.76960946899328,43.54600379765624,14.160812618676758,4.544187767764937,94.22542170122834,4.544187767764939,0.0,4.600795520196417,100.00000000000004,45.928311691322,43.921393884627456,2.0069178066945454
2022-03-02 08:00:00,0.0,0.0,0.0,40.83459746264813,1.1042012501015077,186.98067465638707,140.77709342302248,18.299284169469452,41.5489911630862,145.43168349330085,41.548991163086214,0.0,22.22100826165082,100.00000000000004,78.94478812051226,61.446638237134316,17.49814988337794
2022-03-02 09:00:00,0.0,0.0,0.0,40.83459746264813,2.1887340347870006,178.6320965489585,261.0103487327775,23.156573397899297,75.68369751968771,102.94839902927077,75.68369751968771,0.0,42.36847631631796,100.0,69.43985358793925,40.18621240414196,29.253641183797292
2022-03-02 10:00:00,0.0,0.0,0.0,40.83459746264813,2.1887950409566,176.70550160109036,244.52404271396819,24.341376334811507,70.59453845833511,106.11096314275525,70.59453845833511,0.0,39.950390802036864,100.0,66.28492441806176,39.96127994502547,26.323644473036296
2022-03-02 11:00:00,0.0,0.0,0.0,40.83459746264813,2.189350665293391,178.6320965489585,304.92008607039935,26.22875268969998,87.41773497011324,91.21436157884524,87.41773497011324,0.0,48.93730559007031,100.0,64.54008620417937,33.14881466508655,31.391271539092827
2022-03-02 12:00:00,0.0,0.0,0.0,40.83459746264813,3.2753963122798178,178.08774760651295,304.08920222840067,25.60278756963752,87.38236449247475,90.7053831140382,87.38236449247475,0.0,49.06702772475238,100.0,61.86438778139275,31.798737630466967,30.065650150925784
2022-03-02 13:00:00,0.0,0.0,0.0,40.83459746264813,2.190000102089731,180.23759233884863,362.8440487255314,28.538876522672858,103.13079139280273,77.1068009460459,103.13079139280273,0.0,57.219356991251715,100.0,62.45011346756081,26.942181991018835,35.50793147654198
2022-03-02 14:00:00,0.0,0.0,0.0,40.83459746264813,2.188279519587027,176.70550160109036,316.8286245124947,26.00089451601546,90.90872927745608,85.79677232363429,90.90872927745608,0.0,51.44646230805024,100.0,61.51643363752025,30.0711041804482,31.445329457072052
2022-03-02 15:00:00,0.0,0.0,0.0,40.83459746264813,1.1041118228972098,176.70550160109036,244.17581902287995,23.730494344465,70.65295331924142,106.05254828184894,70.65295331924142,0.0,39.983448550877185,100.0,62.2586514807539,37.444981010269714,24.813670470484183
2022-03-02 16:00:00,0.0,0.0,0.0,40.83459746264813,2.1890251307704873,179.59539402289255,141.51865218646827,19.42245788082713,41.59847787447661,137.99691614841595,41.5984778744766,0.0,23.162330025665444,99.99999999999997,66.41699363200121,51.12456119578613,15.29243243621508
2022-03-02 17:00:00,0.0,0.0,0.0,40.83459746264813,2.1876972789433795,171.44681394350465,32.0203824442917,14.900636951384115,2.4505761469398735,168.99623779656477,2.4505761469398806,0.0,1.4293506485033878,100.00000000000028,74.10831069011364,73.0546732228561,1.0536374672575448
2022-03-02 18:00:00,0.0,0.0,0.0,40.83459746264813,1.1036068579345222,136.74485312545113,0.0,13.9,0.0,136.74485312545113,0.0,0.0,0.0,0.0,61.12332300904018,61.12332300904018,0.0
2022-03-02 19:00:00,0.0,0.0,0.0,40.83459746264813,1.103360172456053,134.17605986162698,0.0,13.9,0.0,134.17605986162698,0.0,0.0,0.0,0.0,59.31797419160122,59.31797419160122,0.0
2022-03-02 20:00:00,0.0,0.07496873246887256,0.0,40.83459746264813,0.09496874846887256,111.9853861309906,0.0,13.9,0.0,111.9853861309906,0.0,0.0,0.0,0.0,48.4871739146359,48.4871739146359,0.0
2022-03-02 21:00:00,0.0,0.5724178609843834,0.0,40.83459746264811,1.6754800781479071,110.70098949907849,0.0,13.3,0.0,110.70098949907849,0.0,0.0,0.0,0.0,48.110107216880586,48.110107216880586,0.0
2022-03-02 22:00:00,0.0,0.0,0.0,0.0,0.020000016,47.675718305793986,0.0,13.3,0.0,47.675718305793986,0.0,0.0,0.0,0.0,21.079844181197007,21.079844181197007,0.0
2022-03-02 23:00:00,0.0,0.0,0.0,0.0,1.1029265153309349,43.46825895116388,0.0,12.8,0.0,43.46825895116388,0.0,0.0,0.0,0.0,19.67018897299866,19.67018897299866,0.0
2022-03-03 00:00:00,0.0,0.0,0.0,0.0,0.020000016,43.46825895116388,0.0,12.2,0.0,43.46825895116388,0.0,0.0,0.0,0.0,21.242627017291312,21.242627017291312,0.0
2022-03-03 01:00:00,0.0,0.0,0.0,0.0,1.102894188087137,43.46825895116388,0.0,12.2,0.0,43.46825895116388,0.0,0.0,0.0,0.0,21.922925672609093,21.922925672609093,0.0
2022-03-03 02:00:00,0.0,0.0,0.0,0.0,0.020000016,43.46825895116388,0.0,11.7,0.0,43.46825895116388,0.0,0.0,0.0,0.0,21.318913811750605,21.318913811750605,0.0
2022-03-03 03:00:00,0.0,0.0,0.0,0.0,1.1028517571039256,43.46825895116388,0.0,11.7,0.0,43.46825895116388,0.0,0.0,0.0,0.0,21.80012020135596,21.80012020135596,0.0
2022-03-03 04:00:00,0.0,0.0,0.0,0.0,0.020000016,43.46825895116388,0.0,11.1,0.0,43.46825895116388,0.0,0.0,0.0,0.0,21.222196935584265,21.222196935584265,0.0
2022-03-03 05:00:00,0.0,0.0,0.0,0.0,1.1030751147461075,47.675718305793986,0.0,11.1,0.0,47.675718305793986,0.0,0.0,0.0,0.0,22.049821102305597,22.049821102305597,0.0
2022-03-03 06:00:00,0.0,46.42653591986555,0.0,40.83459746264813,46.446535935865555,73.66947056244213,14.847587807958988,12.163987118998717,0.5320415028839436,73.13742905955819,0.532041502883942,0.0,0.7222007960990903,99.99999999999972,40.78391532932921,40.54976918432502,0.23414614500418907
2022-03-03 07:00:00,0.0,19.662221455728186,0.0,40.83459746264813,20.765771175944476,98.76960946899328,64.20378908496099,16.40636840890503,9.799362360596444,88.97024710839683,9.799362360596447,0.0,9.92143475435403,100.00000000000004,45.16137836681966,41.05167278322092,4.109705583598739
2022-03-03 08:00:00,0.0,0.41645634956198435,0.0,40.83459746264813,2.6050060444693384,186.98067465638707,140.42175083445466,20.48817971357671,41.11658332977991,145.86409132660717,41.1165833297799,0.0,21.989750227043263,99.99999999999997,63.542288495547034,49.672637023829026,13.869651471718008
2022-03-03 09:00:00,0.0,0.0,0.0,40.83459746264813,2.1887940762983145,178.6320965489585,161.14166957410242,22.835677174190703,46.780442257133075,131.8516542918254,46.780442257133075,0.0,26.188150484093853,100.0,56.935617640011145,42.128438154572095,14.80717948543905
2022-03-03 10:00:00,0.0,0.0,0.0,40.83459746264813,1.1044221427818957,176.70550160109036,295.21779775697684,28.125556179905523,84.03947552213175,92.66602607895861,84.03947552213175,0.0,47.55905999568108,100.0,55.41667033198343,29.155594823450087,26.261075508533345
2022-03-03 11:00:00,0.0,0.0,1.2732243771691287,40.83459746264813,3.274282861763763,179.90532092612764,275.3112551587449,29.20347672371078,78.05646048477716,101.84886044135048,78.05646048477716,0.0,43.38752188259542,100.0,57.79223182686487,32.97339965112513,24.818832175739743
2022-03-03 12:00:00,0.0,0.0,3.0937055412264853,40.83459746264813,2.190221744629197,181.18145314773938,311.8149564643869,30.844217389512092,87.86084924682262,93.32060390091675,87.86084924682262,0.0,48.493290963495554,100.0,57.056132082284535,29.578969393079454,27.47716268920508
2022-03-03 13:00:00,0.0,0.0,3.475909235822392,40.83459746264813,3.274924470368923,183.71350157467097,373.70627441337723,34.97832107541804,103.65382598273162,80.05967559193935,103.65382598273162,0.0,56.42145247588195,100.0,57.279045255492484,25.294065902871075,31.98497935262141
2022-03-03 14:00:00,0.0,0.0,2.4611190774182385,40.83459746264813,1.104128422318214,179.16662067850862,346.8764644621761,30.239889514443,97.9635932268737,81.20302745163492,97.9635932268737,0.0,54.67736839366788,100.0,58.580242127767626,26.65880527479083,31.921436852976797
2022-03-03 15:00:00,0.0,0.0,0.49658997557322476,40.83459746264813,2.1882058287647546,177.20209157666358,228.88795348052489,24.952748546266406,65.9312553738637,111.27083620279987,65.9312553738637,0.0,37.20681555575185,100.0,60.82255862465597,38.339011573337835,22.483547051318133
2022-03-03 16:00:00,0.0,0.0,0.0,40.83459746264813,2.1891647352105013,179.59539402289255,137.56942492782574,21.499044528994553,40.133213372721336,139.4621806501712,40.13321337272134,0.0,22.346460270359533,100.00000000000003,65.35291605825283,50.836933447406366,14.515982610846464
2022-03-03 17:00:00,0.0,0.0,0.0,40.83459746264813,1.103899203905012,171.44681394350465,27.047026611177778,16.445219581599304,1.7388216754198753,169.70799226808478,1.7388216754198709,0.0,1.0142047177341245,99.99999999999974,71.31318146443165,70.59193562168424,0.7212458427474076
2022-03-03 18:00:00,0.0,0.0,0.0,40.83459746264813,1.1036926300332104,136.74485312545113,0.0,15.0,0.0,136.74485312545113,0.0,0.0,0.0,0.0,59.2225849938983,59.2225849938983,0.0
2022-03-03 19:00:00,0.0,0.0,0.0,40.83459746264813,1.103344806117017,134.17605986162698,0.0,14.4,0.0,134.17605986162698,0.0,0.0,0.0,0.0,58.74436876897707,58.74436876897707,0.0
2022-03-03 20:00:00,0.0,0.9473732830415802,0.0,40.83459746264813,2.050783514379421,111.9853861309906,0.0,14.4,0.0,111.9853861309906,0.0,0.0,0.0,0.0,48.43561185616998,48.43561185616998,0.0
2022-03-03 21:00:00,0.0,2.2333621861834927,0.0,40.83459746264813,2.2533622021834927,110.70098949907849,0.0,14.4,0.0,110.70098949907849,0.0,0.0,0.0,0.0,48.84349025792566,48.84349025792566,0.0
2022-03-03 22:00:00,0.0,0.0,0.0,0.0,1.1030398702678137,47.675718305793986,0.0,14.4,0.0,47.675718305793986,0.0,0.0,0.0,0.0,21.177110732935123,21.177110732935123,0.0
2022-03-03 23:00:00,0.0,0.0,0.0,0.0,0.020000016,43.46825895116388,0.0,14.4,0.0,43.46825895116388,0.0,0.0,0.0,0.0,19.063563196069467,19.063563196069467,0.0
2022-03-04 00:00:00,0.0,0.0,0.0,0.0,1.1028716127930478,38.10742263904787,0.0,15.0,0.0,38.10742263904787,0.0,0.0,0.0,0.0,17.339481730757043,17.339481730757043,0.0
2022-03-04 01:00:00,0.0,0.0,0.0,0.0,0.020000016,38.10742263904787,0.0,13.3,0.0,38.10742263904787,0.0,0.0,0.0,0.0,17.556642027161356,17.556642027161356,0.0
2022-03-04 02:00:00,0.0,0.0,0.0,0.0,1.1028200911161865,38.10742263904787,0.0,13.3,0.0,38.10742263904787,0.0,0.0,0.0,0.0,17.653287079690344,17.653287079690344,0.0
2022-03-04 03:00:00,0.0,0.0,0.0,0.0,0.020000016,38.10742263904787,0.0,17.2,0.0,38.10742263904787,0.0,0.0,0.0,0.0,17.596845358045552,17.596845358045552,0.0
2022-03-04 04:00:00,0.0,0.1489364229650096,0.0,4.461449211635469,1.251937375077163,42.56887185068334,0.0,15.0,0.0,42.56887185068334,0.0,0.0,0.0,0.0,19.199422248475713,19.199422248475713,0.0
2022-03-04 05:00:00,0.0,0.559088068808859,0.0,5.633496819677945,0.579088084808859,43.74091945872582,0.0,11.7,0.0,43.74091945872582,0.0,0.0,0.0,0.0,18.960756723538857,18.960756723538857,0.0
2022-03-04 06:00:00,0.0,63.420067898151466,0.0,40.83459746264813,64.52306035319742,73.66947056244213,12.838748324853473,16.50121088515167,0.39171855126771776,73.27775201117441,0.39171855126771504,0.0,0.5317244012710733,99.9999999999993,44.4776710809991,44.30294502120614,0.17472605979295963
2022-03-04 07:00:00,0.0,40.44655506645787,0.0,40.83459746264813,40.46655508245787,75.83888804889047,50.031682613085884,18.263490081658933,5.91105248881578,69.92783556007468,5.911052488815784,0.0,7.794223571692075,100.00000000000007,38.43267212768161,36.00503242578741,2.4276397018942006
2022-03-04 08:00:00,0.0,6.896998662971373,0.0,40.83459746264813,8.000397347469054,114.21720088209123,113.46811564583963,22.945878613932486,29.88948459245918,84.32771628963205,29.889484592459183,0.0,26.168987124202697,100.00000000000003,43.05665416890274,32.1661215627943,10.890532606108437
2022-03-04 09:00:00,0.0,1.0780722842571846,0.0,40.83459746264813,2.181728532129125,116.46489498793738,189.6239723528205,27.62574913602564,54.08113648924581,62.38375849869158,54.08113648924581,0.0,46.43556884230836,100.0,41.26734067066495,22.28702500839924,18.98031566226571
2022-03-04 10:00:00,0.0,0.0,0.0,40.83459746264813,1.10360329997946,115.50159751400331,249.86526525734547,33.40828953929205,69.72243526707585,45.779162246927456,69.72243526707585,0.0,60.36490989540017,100.0,39.778791667279684,15.886307549958133,23.89248411732155
2022-03-04 11:00:00,0.0,0.0,0.3627650460762409,40.83459746264813,1.1036758277775591,118.11205666592573,230.23012185595806,34.39469130799869,64.00144524521991,54.11061142070582,64.00144524521991,0.0,54.187055116858154,100.0,41.086158506167955,18.930458198403954,22.155700307764
2022-03-04 12:00:00,0.0,0.0,1.6267880611411538,40.83459746264813,1.1035730902810525,118.09168304907857,280.1564550836443,35.954889221363885,77.41464429378424,40.67703875529433,77.41464429378424,0.0,65.55469639772255,100.0,39.63541634615211,13.782795884242866,25.852620461909247
2022-03-04 13:00:00,0.0,0.0,1.934720063064296,40.83459746264813,1.1035182217593524,115.83082178717748,369.81467676522027,35.956708648913136,102.18886721159294,13.641954575584549,102.18886721159294,0.0,88.22251766403791,100.0,38.40432717109489,4.698351210023078,33.705975961071815
2022-03-04 14:00:00,0.0,0.0,0.5947640868222756,40.83459746264813,1.1033891983260602,75.39190007046065,376.89310870728247,36.177909647102574,104.05597345315883,0.0,75.39190007046065,28.664073382698177,100.0,72.45321682988107,25.36448192560944,0.19866568208967594,25.165816243519764
2022-03-04 15:00:00,0.0,0.0,0.0,40.83459746264813,1.103194351076235,73.51273935172627,185.91567176190028,29.709864742559382,52.61063396891732,20.902105382808948,52.61063396891732,0.0,71.56668957362406,100.0,25.984694182166677,7.53046210488955,18.454232077277126
2022-03-04 16:00:00,0.0,0.0,0.0,40.83459746264813,1.1033232781246212,73.83383850970428,110.20544091975529,23.443920028742355,28.143741019822844,45.69009748988144,28.14374101982284,0.0,38.1176728555482,99.99999999999999,27.910708420977414,17.347518104007307,10.563190316970108
2022-03-04 17:00:00,0.0,0.06662979269487276,0.0,40.83459746264813,0.08662980869487276,71.96410792596414,28.319039428083563,19.78496998212761,1.8833874200791003,70.08072050588504,1.883387420079103,0.0,2.617120498480591,100.00000000000013,30.241242702914498,29.450201152607075,0.7910415503074226
2022-03-04 18:00:00,0.0,0.0,0.0,0.0,1.1030108166538768,38.10742263904787,0.0,18.9,0.0,38.10742263904787,0.0,0.0,0.0,0.0,17.140967122520394,17.140967122520394,0.0
2022-03-04 19:00:00,0.0,0.0,0.0,0.0,0.020000016,38.10742263904787,0.0,18.9,0.0,38.10742263904787,0.0,0.0,0.0,0.0,16.94692326493659,16.94692326493659,0.0
2022-03-04 20:00:00,0.0,0.0,0.0,0.0,1.1030546909971148,38.10742263904787,0.0,18.9,0.0,38.10742263904787,0.0,0.0,0.0,0.0,17.21052106843032,17.21052106843032,0.0
2022-03-04 21:00:00,0.0,0.0,0.0,0.0,0.020000016,38.10742263904787,0.0,18.9,0.0,38.10742263904787,0.0,0.0,0.0,0.0,17.00732352981948,17.00732352981948,0.0
2022-03-04 22:00:00,0.0,0.0,0.0,0.0,1.1029531252109452,38.10742263904787,0.0,17.2,0.0,38.10742263904787,0.0,0.0,0.0,0.0,17.22231608248657,17.22231608248657,0.0
2022-03-04 23:00:00,0.0,0.0,0.0,0.0,0.020000016,38.10742263904787,0.0,17.8,0.0,38.10742263904787,0.0,0.0,0.0,0.0,17.06162660708012,17.06162660708012,0.0
2022-03-05 00:00:00,0.0,0.0,0.0,0.0,1.1029254759026843,38.10742263904787,0.0,17.2,0.0,38.10742263904787,0.0,0.0,0.0,0.0,17.840032425196135,17.840032425196135,0.0
2022-03-05 01:00:00,0.0,0.0,0.0,0.0,0.020000016,38.10742263904787,0.0,16.1,0.0,38.10742263904787,0.0,0.0,0.0,0.0,18.119869733766482,18.119869733766482,0.0
2022-03-05 02:00:00,0.0,0.0,0.0,0.0,1.1029592404263602,38.10742263904787,0.0,15.6,0.0,38.10742263904787,0.0,0.0,0.0,0.0,18.589992582049064,18.589992582049064,0.0
2022-03-05 03:00:00,0.0,0.0,0.0,0.0,0.020000016,38.10742263904787,0.0,15.6,0.0,38.10742263904787,0.0,0.0,0.0,0.0,18.257818603719837,18.257818603719837,0.0
2022-03-05 04:00:00,0.0,0.0,0.0,0.0,0.020000016,38.10742263904787,0.0,16.1,0.0,38.10742263904787,0.0,0.0,0.0,0.0,17.970488637021415,17.970488637021415,0.0
2022-03-05 05:00:00,0.0,0.0,0.0,0.5556158717079088,1.10301774375806,38.663038510755776,0.0,16.7,0.0,38.663038510755776,0.0,0.0,0.0,0.0,17.875340008658423,17.875340008658423,0.0
2022-03-05 06:00:00,0.0,0.05407398514395735,0.0,2.0360838525434004,0.07407400114395735,25.302661285591267,3.7509661164550767,17.31721769113922,0.03333818320972742,25.269323102381538,0.03333818320972881,0.0,0.13175761566516883,100.00000000000415,11.799443194716034,11.783914102286026,0.015529092430007552
2022-03-05 07:00:00,0.0,0.0,0.0,0.0,1.102918728665334,20.298408391847865,40.52159790292965,17.96629993446655,3.881623530917552,16.416784860930314,3.881623530917551,0.0,19.122797492223416,99.99999999999997,9.071116773951095,7.374439720469378,1.696677053481717
2022-03-05 08:00:00,0.0,0.0,0.0,1.0760530958831958,0.020000016,21.374461487731057,85.94562607077148,19.385800814711608,17.372367623416814,4.002093864314244,17.372367623416814,0.0,81.27628213411859,100.0,8.583523596953249,1.6100815092375063,6.973442087715743
2022-03-05 09:00:00,0.0,0.0,0.0,1.518428565472878,0.020000016,21.816836957320746,105.92313563309975,20.010097988534365,26.32747648323655,0.0,21.816836957320746,4.510639525915803,100.0,82.86717859652119,8.191350837060813,0.0036010111631256747,8.187749825897688
2022-03-05 10:00:00,0.0,0.0,0.0,1.4493463394906763,1.1028362621115309,21.747754731338542,197.24576511382477,23.963930159807024,57.02454678259688,0.0,21.747754731338542,35.27679205125834,100.0,38.13753191980767,8.077995142406538,0.1985661256952702,7.879429016711267
2022-03-05 11:00:00,0.0,0.0,0.0,3.494050396771424,0.020000016,23.79245878861929,186.5278105472988,23.62899407960309,53.99251610625826,0.0,23.79245878861929,30.20005731763897,100.0,44.06621603222805,8.561034663665824,0.0036010111631256747,8.557433652502699
2022-03-05 12:00:00,0.0,0.0,0.0,4.536220795987525,1.1030982205900228,24.83462918783539,157.36368322607305,21.017615100814783,45.988533913646556,0.0,24.83462918783539,21.153904725811167,100.0,54.00178495463194,9.077489918662714,0.1986132914278039,8.87887662723491
2022-03-05 13:00:00,0.0,0.0,0.0,3.62897663679002,0.020000016,23.927385028637882,150.70062201249758,21.409394437890548,43.978382217060435,0.0,23.927385028637882,20.050997188422553,100.0,54.407151473970735,8.534670869273677,0.0036010111631256747,8.531069858110552
2022-03-05 14:00:00,0.0,0.0,0.0,6.809263241310688,1.1030699641883674,27.107671633158553,117.19745353798609,20.862420423062066,32.130470161080616,0.0,27.107671633158553,5.022798527922063,100.0,84.36749134780437,9.972008134469968,0.1986082038509844,9.773399930618984
2022-03-05 15:00:00,0.0,0.0,0.0,5.9170577816508345,0.020000016,26.215466173498704,92.93265660937476,20.70414551904296,20.214725921479843,6.000740252018861,20.214725921479843,0.0,77.10992353786548,100.0,9.486914822095414,2.1743387936296887,7.312576028465726
2022-03-05 16:00:00,0.0,0.0,0.0,5.037248536395432,1.1028704439548058,25.3356569282433,51.76960133554722,18.81780004173585,6.316177335580064,19.019479592663235,6.316177335580065,0.0,24.929992356105092,100.00000000000003,10.067190688554996,7.606944873686527,2.460245814868469
2022-03-05 17:00:00,0.0,0.0,0.0,2.867159799391441,0.020000016,32.07007531483931,12.763881861328102,16.498871308166503,0.3871666716534674,31.68290864318584,0.38716667165346763,0.0,1.2072521434781907,100.00000000000007,13.892188527760586,13.724518257267619,0.1676702704929678
2022-03-05 18:00:00,0.0,0.0,0.0,0.0,0.020000016,38.10742263904787,0.0,15.6,0.0,38.10742263904787,0.0,0.0,0.0,0.0,17.08182354107882,17.08182354107882,0.0
2022-03-05 19:00:00,0.0,0.0,0.0,0.0,1.1028777019165843,38.10742263904787,0.0,15.0,0.0,38.10742263904787,0.0,0.0,0.0,0.0,17.24211836226349,17.24211836226349,0.0
2022-03-05 20:00:00,0.0,0.0,0.0,0.0,0.020000016,38.10742263904787,0.0,15.0,0.0,38.10742263904787,0.0,0.0,0.0,0.0,17.087539654474675,17.087539654474675,0.0
2022-03-05 21:00:00,0.0,0.0,0.0,0.0,1.1029955123799038,38.10742263904787,0.0,15.0,0.0,38.10742263904787,0.0,0.0,0.0,0.0,17.273959271989803,17.273959271989803,0.0
2022-03-05 22:00:00,0.0,0.0,0.0,0.0,0.020000016,38.10742263904787,0.0,15.6,0.0,38.10742263904787,0.0,0.0,0.0,0.0,17.49357424269373,17.49357424269373,0.0
2022-03-05 23:00:00,0.0,0.0,0.0,0.0,0.020000016,38.10742263904787,0.0,15.0,0.0,38.10742263904787,0.0,0.0,0.0,0.0,17.588461725064963,17.588461725064963,0.0
2022-03-06 00:00:00,0.0,0.23418556375898328,0.0,2.1083690974801144,1.3370223615160577,45.57662804864399,0.0,15.0,0.0,45.57662804864399,0.0,0.0,0.0,0.0,22.084014071606614,22.084014071606614,0.0
2022-03-06 01:00:00,0.0,0.8134380218688674,0.0,3.120314501148351,0.8334380378688674,46.588573452312225,0.0,15.0,0.0,46.588573452312225,0.0,0.0,0.0,0.0,21.94000255323923,21.94000255323923,0.0
2022-03-06 02:00:00,0.0,2.503516905520652,0.0,6.156646069239437,3.606549971955807,49.62490502040332,0.0,15.6,0.0,49.62490502040332,0.0,0.0,0.0,0.0,23.700873571533165,23.700873571533165,0.0
2022-03-06 03:00:00,0.0,4.769873254511483,0.0,8.699014137969899,4.789873270511483,52.16727308913377,0.0,15.0,0.0,52.16727308913377,0.0,0.0,0.0,0.0,24.757116431665356,24.757116431665356,0.0
2022-03-06 04:00:00,0.0,7.140507520253289,0.0,9.27026484657578,8.243486509142047,52.73852379773966,0.0,14.4,0.0,52.73852379773966,0.0,0.0,0.0,0.0,25.724978238123352,25.724978238123352,0.0
2022-03-06 05:00:00,0.0,6.941034354345594,0.0,11.22687111324868,6.961034370345594,58.902589419042656,0.0,17.2,0.0,58.902589419042656,0.0,0.0,0.0,0.0,27.765392618567198,27.765392618567198,0.0
2022-03-06 06:00:00,0.0,95.65870081662723,0.0,40.83459746264813,96.7617505028052,70.70130152124213,12.045600060205112,15.37642500188141,0.34620586954230326,70.35509565169983,0.3462058695423025,0.0,0.4896739693515901,99.99999999999977,49.54442258177569,49.387127407007846,0.15729517476784594
2022-03-06 07:00:00,0.0,58.9286785196936,0.0,40.83459746264813,60.03221493904075,98.76960946899328,42.00944649257813,15.712795202893068,4.205805910047621,94.56380355894566,4.205805910047616,0.0,4.2581983797029626,99.99999999999987,54.131151265361986,52.2864006770969,1.8447505882650859
2022-03-06 08:00:00,0.0,5.301400088164057,0.0,40.83459746264813,6.405639537491278,186.98067465638707,131.33831125049213,19.70432222657788,38.56658548047489,148.41408917591218,38.566585480474885,0.0,20.625974075314684,99.99999999999997,74.27026106903642,59.18918348275152,15.081077586284906
2022-03-06 09:00:00,0.0,0.6024090208937175,0.0,40.83459746264813,2.7911573192252996,178.6320965489585,173.937339437933,21.53554185743541,50.73608286028988,127.8960136886686,50.73608286028988,0.0,28.40255689793375,100.0,68.81771487489023,49.41446102621527,19.403253848674957
2022-03-06 10:00:00,0.0,0.0,0.0,40.83459746264813,2.188827297602857,176.70550160109036,229.2583560897007,26.064323627803144,65.76639473498334,110.93910686610702,65.76639473498334,0.0,37.2180798781522,100.0,64.28285689274392,40.50468804433702,23.7781688484069
2022-03-06 11:00:00,0.0,0.0,0.0,40.83459746264813,2.1895305492504775,178.6320965489585,263.5093730179581,27.63466790681119,75.15089630538941,103.48120024356908,75.15089630538941,0.0,42.07020896986028,100.0,61.61769749281936,35.86085504759173,25.756842445227633
2022-03-06 12:00:00,0.0,0.0,0.0,40.83459746264813,3.275143670895535,178.08774760651295,181.49658636529676,22.871768323915525,52.682622758453064,125.40512484805988,52.682622758453064,0.0,29.582396019099505,100.0,60.20100273056207,42.56654841462507,17.634454315937
2022-03-06 13:00:00,0.0,0.0,0.3581826283341338,40.83459746264813,2.1898113495265568,180.59577496718273,230.88176569862927,23.315055178082165,66.90849146792903,113.68728349925371,66.90849146792903,0.0,37.048757912574324,100.0,58.42782574714741,36.927116556385755,21.500709190761654
2022-03-06 14:00:00,0.0,0.0,0.19745499808701591,40.83459746264813,2.188235716270645,176.90295659917737,197.1967051256597,22.262397035176868,57.36791127706546,119.53504532211191,57.36791127706546,0.0,32.42902910155897,100.0,59.06474281779802,40.03838820320288,19.026354614595142
2022-03-06 15:00:00,0.0,0.0,0.0,40.83459746264813,1.1040698667388433,176.70550160109036,132.77937730616674,19.74935554081771,38.98337279691688,137.72212880417348,38.98337279691688,0.0,22.061210569957908,100.0,61.87342593303983,48.26725424259592,13.606171690443915
2022-03-06 16:00:00,0.0,0.0,0.0,40.83459746264813,2.189153567432017,179.59539402289255,57.59075093222204,17.39971096663194,7.856556115603145,171.7388379072894,7.856556115603155,0.0,4.374586641460136,100.00000000000013,69.05706904921183,66.05335051509444,3.0037185341173966
2022-03-06 17:00:00,0.0,0.0,0.0,40.83459746264813,1.1038660583962117,171.44681394350465,11.75437195697911,15.367324123655598,0.329678425553833,171.11713551795083,0.32967842555382276,0.0,0.19229195222167195,99.9999999999969,70.04275460524771,69.9084502082456,0.1343043970021114
2022-03-06 18:00:00,0.0,0.0,0.0,40.83459746264813,1.1036685905934591,136.74485312545113,0.0,14.4,0.0,136.74485312545113,0.0,0.0,0.0,0.0,59.95006328421462,59.95006328421462,0.0
2022-03-06 19:00:00,0.0,0.30869690742113903,0.0,40.83459746264813,1.4120959410374898,134.17605986162698,0.0,14.4,0.0,134.17605986162698,0.0,0.0,0.0,0.0,58.24111624935458,58.24111624935458,0.0
2022-03-06 20:00:00,0.0,4.196745509125087,0.0,40.83459746264813,5.300128033837592,111.9853861309906,0.0,14.4,0.0,111.9853861309906,0.0,0.0,0.0,0.0,49.37901091812299,49.37901091812299,0.0
2022-03-06 21:00:00,0.0,9.29628524477329,0.0,40.83459746264811,10.399368990851931,110.70098949907849,0.0,14.4,0.0,110.70098949907849,0.0,0.0,0.0,0.0,49.81258120581842,49.81258120581842,0.0
2022-03-06 22:00:00,0.0,0.0,0.0,0.0,0.020000016,47.675718305793986,0.0,14.4,0.0,47.675718305793986,0.0,0.0,0.0,0.0,20.425018190266922,20.425018190266922,0.0
2022-03-06 23:00:00,0.0,0.0,0.0,0.0,1.1029613406629137,43.46825895116388,0.0,13.9,0.0,43.46825895116388,0.0,0.0,0.0,0.0,18.67172933520587,18.67172933520587,0.0
2022-03-07 00:00:00,0.0,0.0,0.0,0.0,0.020000016,43.46825895116388,0.0,13.9,0.0,43.46825895116388,0.0,0.0,0.0,0.0,18.720598632944785,18.720598632944785,0.0
2022-03-07 01:00:00,0.0,0.0,0.0,0.0,1.1029460009053382,43.46825895116388,0.0,14.4,0.0,43.46825895116388,0.0,0.0,0.0,0.0,18.91906096670829,18.91906096670829,0.0
2022-03-07 02:00:00,0.0,0.0,0.0,0.0,0.020000016,43.46825895116388,0.0,13.9,0.0,43.46825895116388,0.0,0.0,0.0,0.0,18.94685092078559,18.94685092078559,0.0
2022-03-07 03:00:00,0.0,0.17736060395593783,0.0,4.052676294653612,0.19736061995593782,47.52093524581749,0.0,13.3,0.0,47.52093524581749,0.0,0.0,0.0,0.0,20.806460447947618,20.806460447947618,0.0
2022-03-07 04:00:00,0.0,0.8093030233526771,0.0,5.970812419724437,1.9123499359647027,49.43907137088832,0.0,13.3,0.0,49.43907137088832,0.0,0.0,0.0,0.0,22.252996680557363,22.252996680557363,0.0
2022-03-07 05:00:00,0.0,2.4922524580944065,0.0,5.8316154857932165,2.5122524740944066,53.5073337915872,0.0,14.4,0.0,53.5073337915872,0.0,0.0,0.0,0.0,23.966665006375436,23.966665006375436,0.0
2022-03-07 06:00:00,0.0,76.98441890515393,0.0,40.83459746264813,78.08752358675423,70.70130152124213,9.771885468017576,15.305371420875549,0.22790010189743126,70.4734014193447,0.2279001018974327,0.0,0.32234215918777726,100.00000000000064,45.184878434288336,45.084548832929514,0.10032960135882263
2022-03-07 07:00:00,0.0,61.41140282966958,0.0,40.83459746264811,62.514913475059274,98.76960946899328,42.83168685869368,16.33849021433418,4.362270122585294,94.40733934640798,4.362270122585301,0.0,4.416611694667829,100.00000000000016,52.39436609953775,50.57743697077975,1.816929128757998
2022-03-07 08:00:00,0.0,4.249206463444965,0.0,40.83459746264813,6.437636048816977,186.98067465638707,121.6812477403356,18.802538991885488,34.89602475259095,152.0846499037961,34.89602475259096,0.0,18.662904504285866,100.00000000000004,72.4940962246755,59.18091382131454,13.313182403360962
2022-03-07 09:00:00,0.0,0.0,0.0,40.83459746264813,1.1043720860735373,178.6320965489585,195.56802910185715,21.111500909433037,57.13394506101831,121.49815148794018,57.13394506101831,0.0,31.98414291989198,100.0,62.185966474889725,42.35991619926576,19.826050275623963
2022-03-07 10:00:00,0.0,0.0,0.0,40.83459746264813,2.1888193597793513,176.70550160109036,214.980809753249,22.318150304789032,62.52884086002247,114.17666074106789,62.52884086002247,0.0,35.38590496247267,100.0,58.2200897036021,37.75783917636405,20.462250527238048
2022-03-07 11:00:00,0.0,0.0,0.0,40.83459746264813,2.189484037783036,178.6320965489585,242.9445114438166,21.99201598261927,70.74673122576674,107.88536532319175,70.74673122576674,0.0,39.604714154142435,100.0,59.44373650340957,36.057343295763985,23.386393207645582
2022-03-07 12:00:00,0.0,0.0,0.0,40.83459746264813,3.2752074979137165,178.08774760651295,284.8215500562173,23.900673439256792,82.36225845155464,95.72548915495831,82.36225845155464,0.0,46.24813304592691,100.0,60.935626181519986,33.02676309391844,27.908863087601546
2022-03-07 13:00:00,0.0,0.0,0.0,40.83459746264813,2.18980198084651,180.23759233884863,391.8946435696149,28.946707611550465,111.21750067697779,69.02009166187084,111.21750067697779,0.0,61.70605101508884,100.0,61.522755383165546,23.80278394106515,37.719971442100395
2022-03-07 14:00:00,0.0,0.0,0.0,40.83459746264813,2.1882556799034196,176.70550160109036,366.1624336092007,28.142576050287524,104.22860210496351,72.47689949612685,104.22860210496351,0.0,58.98435598245141,100.0,61.69666895680846,25.53768231455452,36.158986642253936
2022-03-07 15:00:00,0.0,0.0,0.0,40.83459746264813,1.1040502504634893,176.70550160109036,223.95466085047318,21.398583151577288,65.35840636203582,111.34709523905454,65.35840636203582,0.0,36.98719381673883,100.0,67.1180416886417,42.366486407306915,24.75155528133478
2022-03-07 16:00:00,0.0,0.0,0.0,40.83459746264813,2.189144284861693,179.59539402289255,69.33697868547641,17.766780583921136,11.373194725190018,168.22219929770253,11.373194725190018,0.0,6.332676173053918,100.0,72.26823302301052,67.71668049398947,4.551552529021052
2022-03-07 17:00:00,0.0,0.0,0.0,40.83459746264813,2.1876352027220487,171.44681394350465,16.019233046294445,15.500601032696702,0.612023738242505,170.83479020526215,0.6120237382424989,0.0,0.3569758598396431,99.999999999999,72.00207540396833,71.74645144921658,0.2556239547517549
2022-03-07 18:00:00,0.0,0.0,0.0,40.83459746264813,1.103549433706832,136.74485312545113,0.0,15.0,0.0,136.74485312545113,0.0,0.0,0.0,0.0,58.9333438469801,58.9333438469801,0.0
2022-03-07 19:00:00,0.0,0.0,0.0,40.83459746264813,1.1033690394756757,134.17605986162698,0.0,15.0,0.0,134.17605986162698,0.0,0.0,0.0,0.0,57.71457187276533,57.71457187276533,0.0
2022-03-07 20:00:00,0.0,0.21329210007940988,0.0,40.83459746264813,0.23329211607940986,111.9853861309906,0.0,15.0,0.0,111.9853861309906,0.0,0.0,0.0,0.0,47.17777321850533,47.17777321850533,0.0
2022-03-07 21:00:00,0.0,0.31391808644931,0.0,40.83459746264813,1.4170315865782663,110.70098949907849,0.0,15.0,0.0,110.70098949907849,0.0,0.0,0.0,0.0,47.66117536211669,47.66117536211669,0.0
2022-03-07 22:00:00,0.0,0.0,0.0,0.0,0.020000016,47.675718305793986,0.0,15.0,0.0,47.675718305793986,0.0,0.0,0.0,0.0,20.466257686601438,20.466257686601438,0.0
2022-03-07 23:00:00,0.0,0.0,0.0,0.0,1.1028910124953086,43.46825895116388,0.0,15.0,0.0,43.46825895116388,0.0,0.0,0.0,0.0,18.432206565769256,18.432206565769256,0.0
2022-03-08 00:00:00,0.0,0.0,0.0,0.0,0.020000016,43.46825895116388,0.0,13.9,0.0,43.46825895116388,0.0,0.0,0.0,0.0,17.81472011640253,17.81472011640253,0.0
2022-03-08 01:00:00,0.0,0.0,0.0,0.0,1.1028740537079247,43.46825895116388,0.0,13.9,0.0,43.46825895116388,0.0,0.0,0.0,0.0,18.319403380354295,18.319403380354295,0.0
2022-03-08 02:00:00,0.0,0.0,0.0,0.0,0.020000016,43.46825895116388,0.0,13.3,0.0,43.46825895116388,0.0,0.0,0.0,0.0,18.821879676300995,18.821879676300995,0.0
2022-03-08 03:00:00,0.0,0.0,0.0,0.0,1.1028557497383351,43.46825895116388,0.0,12.2,0.0,43.46825895116388,0.0,0.0,0.0,0.0,19.041407865895824,19.041407865895824,0.0
2022-03-08 04:00:00,0.0,0.0,0.0,0.0,0.020000016,43.46825895116388,0.0,12.8,0.0,43.46825895116388,0.0,0.0,0.0,0.0,18.93141968885793,18.93141968885793,0.0
2022-03-08 05:00:00,0.0,0.0,0.0,0.0,1.1030550464515845,47.675718305793986,0.0,13.9,0.0,47.675718305793986,0.0,0.0,0.0,0.0,20.92324026543494,20.92324026543494,0.0
2022-03-08 06:00:00,0.0,11.016199503820008,0.0,40.83459746264813,11.036199519820007,70.70130152124213,16.354792787695313,14.411087274615479,0.6404170992125672,70.06088442202956,0.64041709921257,0.0,0.9058066618761712,100.00000000000044,32.74390598808823,32.46530853950328,0.2785974485849465
2022-03-08 07:00:00,0.0,2.710404040087567,0.0,40.83459746264813,3.8139124872502577,98.76960946899328,54.06167783320356,16.08942743228761,6.955828298951743,91.81378117004154,6.955828298951744,0.0,7.042478284917573,100.00000000000003,41.90967457875779,39.0065553007658,2.9031192779919905
2022-03-08 08:00:00,0.0,0.0,0.0,40.83459746264813,2.188303808218605,186.98067465638707,135.40101712655044,19.831281785204702,39.741252776521506,147.23942187986557,39.74125277652149,0.0,21.254203328527765,99.99999999999997,70.7249159721347,55.776641152773905,14.94827481936079
2022-03-08 09:00:00,0.0,0.0,0.0,40.83459746264813,1.1042451322316569,178.6320965489585,209.7787347119748,22.655585459749215,60.940346538465555,117.69175001049294,60.94034653846555,0.0,34.115003807148035,99.99999999999999,62.02606789038661,40.9336998482256,21.092368042161006
2022-03-08 10:00:00,0.0,0.0,0.0,40.83459746264813,2.1887334088407737,176.70550160109036,255.28353630627652,24.077610509571144,73.7725761949996,102.93292540609076,73.7725761949996,0.0,41.74888474131379,100.0,59.02320073287697,34.54619767713805,24.47700305573892
2022-03-08 11:00:00,0.0,0.0,0.011788544823532749,40.83459746264813,2.189201782753906,178.64388509378202,286.04965335765417,25.639051667426692,82.18750794573816,96.45637714804386,82.18750794573816,0.0,46.00633707814431,100.0,60.68469146786872,32.947229411261546,27.73746205660717
2022-03-08 12:00:00,0.0,0.0,2.4832238155022632,40.83459746264813,3.275182784012072,180.5709714220152,332.7250240233503,27.097657000729697,95.08107888354134,85.48989253847385,95.08107888354134,0.0,52.65579408183273,100.0,62.12557651261825,29.72337104529062,32.40220546732763
2022-03-08 13:00:00,0.0,0.0,5.944332323759473,40.83459746264813,2.1899306480453085,186.18192466260805,413.3401043614789,29.616878261296215,117.00842194793945,69.1735027146686,117.00842194793945,0.0,62.84628443925357,100.0,64.09178889526055,24.060282536321772,40.03150635893878
2022-03-08 14:00:00,0.0,0.0,13.13940386565594,40.83459746264813,2.1882627080009076,189.84490546674633,378.49279963653663,27.92789998864177,107.82504002898331,82.01986543776302,107.82504002898331,0.0,56.79638321812654,100.0,63.852504932612014,27.810367927323913,36.0421370052881
2022-03-08 15:00:00,0.0,0.0,14.974233839845448,40.83459746264813,1.1040723774577912,191.67973544093581,281.64014869488244,24.90125464671508,81.14199785914067,110.53773758179514,81.14199785914067,0.0,42.33206899648699,100.0,66.81708074127252,38.61617938532817,28.200901355944353
2022-03-08 16:00:00,0.0,0.0,9.545202619052613,40.83459746264813,2.1890662346427976,189.14059664194517,159.71905502335144,19.99122046947973,46.85156521835356,142.2890314235916,46.85156521835356,0.0,24.77076103711699,100.0,71.70676713697048,54.04208724486855,17.664679892101937
2022-03-08 17:00:00,0.0,0.0,2.0086123558496745,40.83459746264813,2.1878305753536913,173.45542629935434,26.540564052140905,14.729392626629403,1.684614936546671,171.77081136280768,1.6846149365466658,0.0,0.971209129911744,99.9999999999997,72.12727862433745,71.4305976942539,0.696680930083545
2022-03-08 18:00:00,0.0,0.0,0.0,40.83459746264813,1.1036803705854463,136.74485312545113,0.0,13.9,0.0,136.74485312545113,0.0,0.0,0.0,0.0,58.86636244418785,58.86636244418785,0.0
2022-03-08 19:00:00,0.0,0.0,0.0,40.83459746264813,1.1032979627783264,134.17605986162698,0.0,13.9,0.0,134.17605986162698,0.0,0.0,0.0,0.0,57.43949815266021,57.43949815266021,0.0
2022-03-08 20:00:00,0.0,0.0,0.0,40.83459746264813,1.1034369982834884,111.9853861309906,0.0,13.3,0.0,111.9853861309906,0.0,0.0,0.0,0.0,48.84456609686347,48.84456609686347,0.0
2022-03-08 21:00:00,0.0,0.39341264799605025,0.0,40.83459746264813,0.41341266399605026,110.70098949907849,0.0,13.9,0.0,110.70098949907849,0.0,0.0,0.0,0.0,46.957411184108,46.957411184108,0.0
2022-03-08 22:00:00,0.0,0.0,0.0,0.0,1.1029810179303594,47.675718305793986,0.0,13.9,0.0,47.675718305793986,0.0,0.0,0.0,0.0,20.145397592410013,20.145397592410013,0.0
2022-03-08 23:00:00,0.0,0.0,0.0,0.0,0.020000016,43.46825895116388,0.0,13.3,0.0,43.46825895116388,0.0,0.0,0.0,0.0,17.7725559052199,17.7725559052199,0.0
2022-03-09 00:00:00,0.0,0.0,0.0,0.0,0.020000016,43.46825895116388,0.0,13.9,0.0,43.46825895116388,0.0,0.0,0.0,0.0,18.324602793899682,18.324602793899682,0.0
2022-03-09 01:00:00,0.0,0.0,0.0,0.0,1.102969278985672,43.46825895116388,0.0,13.9,0.0,43.46825895116388,0.0,0.0,0.0,0.0,19.0164340579869,19.0164340579869,0.0
2022-03-09 02:00:00,0.0,0.0,0.0,0.0,0.020000016,43.46825895116388,0.0,13.9,0.0,43.46825895116388,0.0,0.0,0.0,0.0,19.405223711425613,19.405223711425613,0.0
2022-03-09 03:00:00,0.0,0.0,0.0,0.0,1.1029608658486454,43.46825895116388,0.0,13.9,0.0,43.46825895116388,0.0,0.0,0.0,0.0,19.960128445027863,19.960128445027863,0.0
2022-03-09 04:00:00,0.0,0.0,0.0,0.0,0.020000016,43.46825895116388,0.0,13.9,0.0,43.46825895116388,0.0,0.0,0.0,0.0,19.43130466679631,19.43130466679631,0.0
2022-03-09 05:00:00,0.0,0.0,0.0,0.0,1.103037811734992,47.675718305793986,0.0,13.9,0.0,47.675718305793986,0.0,0.0,0.0,0.0,20.938731770766466,20.938731770766466,0.0
2022-03-09 06:00:00,0.0,34.0849508593792,0.0,40.83459746264813,34.1049508753792,70.70130152124213,16.581092517773435,14.41815914118042,0.6582459211684243,70.0430556000737,0.6582459211684295,0.0,0.9310237676044198,100.0000000000008,36.998547083969974,36.71125236044641,0.28729472352356566
2022-03-09 07:00:00,0.0,11.56998088511075,0.0,40.83459746264813,12.673441009825066,98.76960946899328,69.42867486523528,16.0696460895386,11.473035469267163,87.29657399972612,11.47303546926716,0.0,11.61595710558002,99.99999999999997,42.228239155732744,37.58808469054233,4.640154465190413
2022-03-09 08:00:00,0.0,0.0,0.0,40.83459746264813,2.188453157734878,186.98067465638707,111.14355834370605,17.873236198240814,29.211550282387503,157.76912437399957,29.211550282387492,0.0,15.6227644038986,99.99999999999997,64.97902673038618,54.88906514734672,10.089961583039461
2022-03-09 09:00:00,0.0,0.0,0.0,40.83459746264813,2.1887148001653207,178.6320965489585,181.05431289797158,21.257947278061614,52.8656018688709,125.76649468008759,52.8656018688709,0.0,29.594682529173465,100.0,56.397920755698195,39.82376158577914,16.574159169919056
2022-03-09 10:00:00,0.0,0.0,0.8130240900134684,40.83459746264813,1.1044074245755764,177.51852569110383,371.2545649904238,29.901705155950744,104.98215670660905,72.53636898449479,104.98215670660905,0.0,59.13870470583235,100.0,54.46803750317491,22.373942376397466,32.09409512677745
2022-03-09 11:00:00,0.0,0.0,4.462137847928746,40.83459746264813,2.1894885616811814,183.09423439688723,247.15272340559173,25.52352260642474,71.04210631637913,112.0521280805081,71.04210631637913,0.0,38.80084293773202,100.0,55.55959567484298,34.15496425224953,21.404631422593454
2022-03-09 12:00:00,0.0,0.0,10.425457763393972,40.83459746264813,3.2750545590748663,188.51320536990687,326.6836762917367,26.308864884116772,93.62926441754516,94.88394095236171,93.62926441754516,0.0,49.667217866155696,100.0,60.19566533552461,30.591028219341016,29.604637116183593
2022-03-09 13:00:00,0.0,0.0,18.66326473001618,40.83459746264813,2.1897711810879494,198.90085706886478,399.97881258975644,29.199337893429888,113.404067051884,85.49679001698078,113.404067051884,0.0,57.01537375106458,100.0,64.42144960272698,27.916113398390262,36.505336204336714
2022-03-09 14:00:00,0.0,0.0,23.75483462777552,40.83459746264813,2.188283780000868,200.46033622886586,384.6135363336096,28.7191730104253,109.24441703528765,91.2159191935782,109.24441703528765,0.0,54.49677431976525,100.0,68.03132344777401,31.171164695897602,36.86015875187641
2022-03-09 15:00:00,0.0,0.0,22.18357295008443,40.83459746264813,1.104075538405085,198.88907455117476,277.16666918355895,24.76145841198622,79.89445369727473,118.99462085390003,79.89445369727473,0.0,40.170358214783505,100.0,74.88163675187126,44.88126938854459,30.000367363326667
2022-03-09 16:00:00,0.0,0.0,19.91834582487837,40.83459746264813,2.18908961356388,199.51373984777092,153.50729745266608,19.797103045395815,45.061177898661775,154.45256194910914,45.06117789866178,0.0,22.585501095334827,100.00000000000003,81.7997426241466,63.41388081793461,18.38586180621199
2022-03-09 17:00:00,0.0,0.0,5.432663076165776,40.83459746264813,2.187847187589238,176.87947701967042,34.43318156672282,16.07603692396009,2.8219216266904508,174.05755539297996,2.821921626690454,0.0,1.5953923395966585,100.00000000000011,78.04578199855338,76.80693018522,1.2388518133333832
2022-03-09 18:00:00,0.0,0.0,0.0,40.83459746264813,1.1035578950692484,136.74485312545113,0.0,14.4,0.0,136.74485312545113,0.0,0.0,0.0,0.0,60.626246652145,60.626246652145,0.0
2022-03-09 19:00:00,0.0,0.0,0.0,40.83459746264813,1.103363473187097,134.17605986162698,0.0,14.4,0.0,134.17605986162698,0.0,0.0,0.0,0.0,58.87988995045101,58.87988995045101,0.0
2022-03-09 20:00:00,0.0,0.0,0.0,40.83459746264813,1.1034197991182497,111.9853861309906,0.0,13.9,0.0,111.9853861309906,0.0,0.0,0.0,0.0,49.74716521236243,49.74716521236243,0.0
2022-03-09 21:00:00,0.0,0.0,0.0,40.83459746264813,0.020000016,110.70098949907849,0.0,13.9,0.0,110.70098949907849,0.0,0.0,0.0,0.0,49.17365951696881,49.17365951696881,0.0
2022-03-09 22:00:00,0.0,0.0,0.0,0.0,1.1029029156862602,47.675718305793986,0.0,13.3,0.0,47.675718305793986,0.0,0.0,0.0,0.0,21.326311072503135,21.326311072503135,0.0
2022-03-09 23:00:00,0.0,0.0,0.0,0.0,0.020000016,43.46825895116388,0.0,12.8,0.0,43.46825895116388,0.0,0.0,0.0,0.0,19.486509355664293,19.486509355664293,0.0
2022-03-10 00:00:00,0.0,0.0,0.0,0.0,0.020000016,43.46825895116388,0.0,12.8,0.0,43.46825895116388,0.0,0.0,0.0,0.0,19.518675867288156,19.518675867288156,0.0
2022-03-10 01:00:00,0.0,0.0,0.0,0.0,1.102896699201136,43.46825895116388,0.0,12.2,0.0,43.46825895116388,0.0,0.0,0.0,0.0,20.53541929901506,20.53541929901506,0.0
2022-03-10 02:00:00,0.0,0.0,0.0,0.0,0.020000016,43.46825895116388,0.0,11.1,0.0,43.46825895116388,0.0,0.0,0.0,0.0,20.495407645920803,20.495407645920803,0.0
2022-03-10 03:00:00,0.0,0.0,0.0,0.0,1.1028929825344238,43.46825895116388,0.0,10.6,0.0,43.46825895116388,0.0,0.0,0.0,0.0,21.07811984283296,21.07811984283296,0.0
2022-03-10 04:00:00,0.0,0.0,0.0,0.0,0.020000016,43.46825895116388,0.0,12.2,0.0,43.46825895116388,0.0,0.0,0.0,0.0,20.361960090940734,20.361960090940734,0.0
2022-03-10 05:00:00,0.0,0.0,0.0,0.0,1.1029810346884519,47.675718305793986,0.0,12.8,0.0,47.675718305793986,0.0,0.0,0.0,0.0,22.070543100615275,22.070543100615275,0.0
2022-03-10 06:00:00,0.0,0.0,0.0,40.83459746264813,0.020000016,70.70130152124213,17.931917788769546,13.36037243089905,0.7727659918480877,69.92853552939404,0.7727659918480896,0.0,1.093001083743717,100.00000000000024,32.4858999690674,32.13086808943263,0.35503187963476535
2022-03-10 07:00:00,0.0,0.0,0.0,40.83459746264813,1.1035149448446744,98.76960946899328,94.22399825472874,16.844499945460274,21.072530280941145,77.69707918805213,21.07253028094115,0.0,21.33503452553029,100.00000000000004,44.42771944301762,34.99144038321217,9.43627905980545
2022-03-10 08:00:00,0.0,0.0,0.6255947589152678,40.83459746264813,2.1882705883481415,187.60626941530234,112.73106457025393,18.522845767820435,29.981613635074417,157.62465578022793,29.98161363507441,0.0,15.981136306646757,99.99999999999997,78.03672968584686,65.62853906683497,12.40819061901189
2022-03-10 09:00:00,0.0,0.0,1.4192059536979156,40.83459746264813,2.1884963960758235,180.05130250265637,168.27192721229466,20.858497725384208,49.20493015259089,130.84637235006548,49.20493015259089,0.0,27.32828336627276,100.0,69.55444574321257,50.65409399765012,18.900351745562446
2022-03-10 10:00:00,0.0,0.0,10.180334176792048,40.83459746264813,1.1043271396471077,186.8858357778824,309.89741200194953,25.784294125060924,88.9914598097507,97.8943759681317,88.9914598097507,0.0,47.618086967018115,100.0,66.62927374441902,34.996369440445044,31.63290430397398
2022-03-10 11:00:00,0.0,0.0,17.895881241154466,40.83459746264813,2.1892497822553336,196.52797779011297,334.3172379061912,27.647413684568477,95.34022749875442,101.18775029135855,95.34022749875442,0.0,48.51229253504833,100.0,68.02436568692096,35.21540989891209,32.808955788008866
2022-03-10 12:00:00,0.0,0.0,21.885915692086165,40.83459746264813,3.275251339010319,199.9736632985991,378.53298311686723,29.629155722402103,107.15026091175007,92.82340238684903,107.15026091175007,0.0,53.58218634608606,100.0,69.0116991258548,32.349701603594966,36.66199752225984
2022-03-10 13:00:00,0.0,0.0,27.79152367544093,40.83459746264813,2.1897448154845427,208.02911601428954,304.8557347450691,26.226741710783408,87.39993932248635,120.6291766918032,87.39993932248635,0.0,42.01332053753612,100.0,72.60221077497623,42.265254836444605,30.336955938531624
2022-03-10 14:00:00,0.0,0.0,29.307306260727685,40.83459746264813,2.1882663055420144,206.01280786181803,296.4181144785133,25.96306607745354,85.06421989187454,120.94858796994349,85.06421989187454,0.0,41.29074341287116,100.0,74.22383827198787,43.73894846823732,30.484889803750555
2022-03-10 15:00:00,0.0,0.0,31.307702817910748,40.83459746264813,1.1040681564824166,208.01320441900106,246.9021518556226,23.315692245488208,71.55095930750421,136.46224511149683,71.55095930750423,0.0,34.39731602969738,100.00000000000003,79.35613273839357,52.1281306835159,27.22800205487767
2022-03-10 16:00:00,0.0,0.0,27.29719876576032,40.83459746264813,2.189058894762845,206.89259278865285,166.65373743302837,20.207929294782137,48.8472821157253,158.04531067292754,48.84728211572531,0.0,23.609971462644054,100.00000000000003,83.62082426161764,63.971028084924825,19.649796176692817
2022-03-10 17:00:00,0.0,0.0,15.162598387352995,40.83459746264813,2.1876040884541537,186.60941233085762,56.610823977954375,15.669088249311075,7.63874749263328,178.97066483822434,7.638747492633286,0.0,4.093441695797114,100.00000000000007,81.0744584432942,77.77184596485421,3.302612478439997
2022-03-10 18:00:00,0.0,0.0,3.0586422844405563,40.83459746264813,1.1035682942758032,139.8034954098917,0.0,13.3,0.0,139.8034954098917,0.0,0.0,0.0,0.0,62.94949684311948,62.94949684311948,0.0
2022-03-10 19:00:00,0.0,0.0,1.2659180711395044,40.83459746264813,1.1032927597407283,135.44197793276646,0.0,13.3,0.0,135.44197793276646,0.0,0.0,0.0,0.0,59.554063517648366,59.554063517648366,0.0
2022-03-10 20:00:00,0.0,0.0,0.0,40.83459746264813,1.1034341138412769,111.9853861309906,0.0,13.9,0.0,111.9853861309906,0.0,0.0,0.0,0.0,48.89607885513871,48.89607885513871,0.0
2022-03-10 21:00:00,0.0,0.0,0.0,40.83459746264813,0.020000016,110.70098949907849,0.0,13.9,0.0,110.70098949907849,0.0,0.0,0.0,0.0,49.0801171808421,49.0801171808421,0.0
2022-03-10 22:00:00,0.0,0.0,0.0,0.0,1.1029909465327563,47.675718305793986,0.0,13.3,0.0,47.675718305793986,0.0,0.0,0.0,0.0,21.81786357822624,21.81786357822624,0.0
2022-03-10 23:00:00,0.0,0.0,0.0,0.0,0.020000016,43.46825895116388,0.0,13.3,0.0,43.46825895116388,0.0,0.0,0.0,0.0,20.144401454890158,20.144401454890158,0.0
2022-03-11 00:00:00,0.0,0.0,0.0,0.0,0.020000016,38.10742263904787,0.0,12.8,0.0,38.10742263904787,0.0,0.0,0.0,0.0,18.278777686171317,18.278777686171317,0.0
2022-03-11 01:00:00,0.0,0.0,0.0,0.0,1.102988695429573,38.10742263904787,0.0,13.9,0.0,38.10742263904787,0.0,0.0,0.0,0.0,18.701843170880196,18.701843170880196,0.0
2022-03-11 02:00:00,0.0,0.0,0.0,0.0,0.020000016,38.10742263904787,0.0,13.3,0.0,38.10742263904787,0.0,0.0,0.0,0.0,18.83533659381461,18.83533659381461,0.0
2022-03-11 03:00:00,0.0,0.0,0.0,0.0,1.102986809485216,38.10742263904787,0.0,13.3,0.0,38.10742263904787,0.0,0.0,0.0,0.0,19.089585856667448,19.089585856667448,0.0
2022-03-11 04:00:00,0.0,0.0,0.0,0.0,0.020000016,38.10742263904787,0.0,12.8,0.0,38.10742263904787,0.0,0.0,0.0,0.0,18.272680498549065,18.272680498549065,0.0
2022-03-11 05:00:00,0.0,0.0,0.0,0.0,1.103059433736812,38.10742263904787,0.0,12.2,0.0,38.10742263904787,0.0,0.0,0.0,0.0,17.523764936455546,17.523764936455546,0.0
2022-03-11 06:00:00,0.0,0.0,0.0,40.83459746264813,0.020000016,70.70130152124213,15.045737472949222,13.270179296029664,0.544202342282844,70.15709917895929,0.5442023422828441,0.0,0.7697204019919479,100.00000000000003,32.418026719607006,32.16852627174059,0.24950044786641712
2022-03-11 07:00:00,0.0,0.3381052098395465,0.0,40.83459746264813,1.441238569087596,75.83888804889047,80.28439015371805,16.908887192303688,15.295208800467933,60.543679248422535,15.295208800467933,0.0,20.16802882263739,100.0,33.070052932235825,26.452810272845387,6.617242659390438
2022-03-11 08:00:00,0.0,0.0,0.0,40.83459746264813,1.1032696850630088,114.21720088209123,177.7853673174189,21.65579272866934,51.83573945888437,62.381461423206865,51.83573945888437,0.0,45.38347907194422,100.0,45.54687051589827,24.96626769984011,20.58060281605816
2022-03-11 09:00:00,0.0,0.0,0.0,40.83459746264813,1.103583988798349,116.46489498793738,260.98489724602354,25.355778038938233,75.06470657513239,41.400188412804994,75.06470657513239,0.0,64.45264608095604,100.0,42.89822520362236,15.377251831981573,27.520973371640785
2022-03-11 10:00:00,0.0,0.0,0.0,40.83459746264813,1.1035087487183441,115.50159751400331,324.0410317687542,27.92628224277357,92.31337738227829,23.188220131725018,92.31337738227829,0.0,79.92389661198088,100.0,41.77637477229066,8.545866749105029,33.23050802318563
2022-03-11 11:00:00,0.0,0.0,0.0,40.83459746264813,1.103641543121845,117.74929161984949,348.028806695899,28.075900209246843,99.09156952579436,18.65772209405513,99.09156952579436,0.0,84.15470544460591,100.0,43.20251865581799,7.012791091455002,36.18972756436299
2022-03-11 12:00:00,0.0,0.0,0.08228386122345994,40.83459746264813,1.1035470998060977,116.54717884916089,398.89761921412423,29.66555060044138,112.89935065386805,3.6478281952928313,112.89935065386805,0.0,96.8700845174348,100.0,43.847943534904275,1.5648787280176173,42.28306480688666
2022-03-11 13:00:00,0.0,0.0,0.0,40.83459746264813,1.1035097878524736,113.89610172411322,438.2893428931097,30.396541965409675,123.7069237291275,0.0,113.89610172411322,9.810822005014273,100.0,92.06930242118351,44.78901121927417,0.19868739428384471,44.59032382499033
2022-03-11 14:00:00,0.0,0.0,0.0,40.83459746264813,1.103350976711534,74.79713598363837,378.5483377935579,28.529635556048685,107.5981329804524,0.0,74.79713598363837,32.800996996814035,100.0,69.51527309235648,30.520669756679307,0.1986588002721523,30.322010956407155
2022-03-11 15:00:00,0.0,0.0,0.0,40.83459746264813,0.020000016,73.51273935172627,264.5150531308604,24.966095410339385,76.18989189481965,0.0,73.51273935172627,2.677152543093385,100.0,96.48621034035696,30.53454435502532,0.0036010111631256747,30.530943343862194
2022-03-11 16:00:00,0.0,0.0,0.0,40.83459746264813,1.1032976886390151,73.83383850970428,105.19266475323883,19.387270773538717,26.024359620493087,47.80947888921119,26.024359620493087,0.0,35.24719850109459,100.0,31.333271397697278,20.35918931112965,10.974082086567627
2022-03-11 17:00:00,0.0,0.0,0.0,40.83459746264813,1.103004726074281,71.96410792596414,31.65569337426626,15.98924041794582,2.385773977460798,69.57833394850334,2.3857739774608007,0.0,3.31522761306964,100.00000000000011,32.19959597021926,31.13868999792199,1.0609059722972667
2022-03-11 18:00:00,0.0,0.0,0.0,0.0,0.020000016,38.10742263904787,0.0,15.0,0.0,38.10742263904787,0.0,0.0,0.0,0.0,17.249686737803827,17.249686737803827,0.0
2022-03-11 19:00:00,0.0,0.0,0.0,0.0,1.1029712471713071,38.10742263904787,0.0,15.6,0.0,38.10742263904787,0.0,0.0,0.0,0.0,17.41914418328372,17.41914418328372,0.0
2022-03-11 20:00:00,0.0,0.0,0.0,0.0,0.020000016,38.10742263904787,0.0,15.0,0.0,38.10742263904787,0.0,0.0,0.0,0.0,17.182427136845906,17.182427136845906,0.0
2022-03-11 21:00:00,0.0,0.0,0.0,0.0,1.103110157765382,38.10742263904787,0.0,14.4,0.0,38.10742263904787,0.0,0.0,0.0,0.0,17.434031089022934,17.434031089022934,0.0
2022-03-11 22:00:00,0.0,0.0,0.0,0.0,0.020000016,38.10742263904787,0.0,13.9,0.0,38.10742263904787,0.0,0.0,0.0,0.0,17.49643229939166,17.49643229939166,0.0
2022-03-11 23:00:00,0.0,0.0,0.0,0.0,1.1029156463635643,38.10742263904787,0.0,13.3,0.0,38.10742263904787,0.0,0.0,0.0,0.0,17.541458999006604,17.541458999006604,0.0
2022-03-12 00:00:00,0.0,0.0,0.0,0.0,0.020000016,38.10742263904787,0.0,13.3,0.0,38.10742263904787,0.0,0.0,0.0,0.0,16.9505434700873,16.9505434700873,0.0
2022-03-12 01:00:00,0.0,0.0,0.0,0.0,0.020000016,38.10742263904787,0.0,13.3,0.0,38.10742263904787,0.0,0.0,0.0,0.0,16.682267214708403,16.682267214708403,0.0
2022-03-12 02:00:00,0.0,0.0,0.0,0.0,1.1029077399300555,38.10742263904787,0.0,13.3,0.0,38.10742263904787,0.0,0.0,0.0,0.0,16.6760380073172,16.6760380073172,0.0
2022-03-12 03:00:00,0.0,0.0,0.0,0.0,0.020000016,38.10742263904787,0.0,13.3,0.0,38.10742263904787,0.0,0.0,0.0,0.0,16.166483249288888,16.166483249288888,0.0
2022-03-12 04:00:00,0.0,0.0,0.0,0.0,1.102934256941078,38.10742263904787,0.0,13.9,0.0,38.10742263904787,0.0,0.0,0.0,0.0,16.349271632586177,16.349271632586177,0.0
2022-03-12 05:00:00,0.0,0.0,0.0,0.0,0.020000016,38.10742263904787,0.0,13.9,0.0,38.10742263904787,0.0,0.0,0.0,0.0,16.137140533856822,16.137140533856822,0.0
2022-03-12 06:00:00,0.0,0.0,0.0,0.0,1.1030000686578658,20.298408391847865,13.519897459277352,14.322496795602417,0.43778067741333154,19.860627714434532,0.4377806774133326,0.0,2.1567241576888936,100.00000000000024,8.973902043053481,8.784642889497537,0.1892591535559447
2022-03-12 07:00:00,0.0,0.0,0.0,0.0,0.020000016,20.298408391847865,59.58136515851348,16.261917661203547,8.443496023797742,11.854912368050122,8.443496023797742,0.0,41.59683784463009,100.0,8.548114531669526,4.993867097931985,3.554247433737541
2022-03-12 08:00:00,0.0,0.0,0.0,2.7496040233547765,0.020000016,23.048012415202646,157.5387395181518,19.923085609942245,46.2234352563825,0.0,23.048012415202646,23.175422841179856,100.0,49.862179838786844,8.674609001948587,0.0036010111631256747,8.671007990785462
2022-03-12 09:00:00,0.0,0.0,0.0,3.227536519935892,1.1029208928949865,23.52594491178376,189.80405957778234,20.3313768618057,55.60782249242134,0.0,23.52594491178376,32.08187758063758,100.0,42.30689830552177,8.377611371533622,0.19858136350287836,8.179030008030743
2022-03-12 10:00:00,0.0,0.0,0.0,4.637939971398268,0.020000016,24.93634836324614,250.08829209025052,22.81525912782033,72.60764863961327,0.0,24.93634836324614,47.671300276367134,100.0,34.343969031440814,8.315259965858512,0.0036010111631256747,8.311658954695387
2022-03-12 11:00:00,0.0,0.0,0.0,4.226731574798879,1.103027300630783,24.525139966646744,268.3791137671857,24.486847305224554,77.43993862733416,0.0,24.525139966646744,52.91479866068741,100.0,31.669885593104084,8.247260956513903,0.19860052225977365,8.04866043425413
2022-03-12 12:00:00,0.0,0.0,0.0,3.9384658579786667,0.020000016,24.23687424982654,218.3188992234513,24.022465600732854,63.103257184105516,0.0,24.23687424982654,38.866382934278974,100.0,38.40827768860613,7.93390626570637,0.0036010111631256747,7.930305254543245
2022-03-12 13:00:00,0.0,0.0,0.0,5.758233404056287,1.1030729383093618,26.05664179590415,268.84000562850065,24.001250175890647,77.71203938572998,0.0,26.05664179590415,51.65539758982583,100.0,33.52973619257359,9.142681318995779,0.19860873934270107,8.944072579653078
2022-03-12 14:00:00,0.0,0.0,0.0,8.612292509367855,0.020000016,28.910700901215723,195.71314345884005,21.716035733088752,57.050262387840895,0.0,28.910700901215723,28.139561486625173,100.0,50.675842127901326,9.981695766704213,0.0036010111631256747,9.978094755541088
2022-03-12 15:00:00,0.0,0.0,0.0,8.536986226040542,0.020000016,28.835394617888404,161.0886582034436,20.634020568857615,47.14298045169922,0.0,28.835394617888404,18.30758583381082,100.0,61.165828595483,10.114732133925694,0.0036010111631256747,10.111131122762568
2022-03-12 16:00:00,0.0,0.0,0.0,5.630120693812971,1.1029779645833642,25.928529085660838,140.9692632696868,18.805289477177713,41.52969770411531,0.0,25.928529085660838,15.60116861845447,100.0,62.43370532189426,9.732900712017779,0.19859163928400506,9.534309072733773
2022-03-12 17:00:00,0.0,0.0,0.0,1.8907636883561194,0.020000016,28.125510162603984,15.216631610089431,14.875519737815296,0.5534662342475724,27.57204392835641,0.5534662342475727,0.0,1.9678442490386114,100.00000000000007,11.08575515298316,10.86767562003376,0.21807953294939963
2022-03-12 18:00:00,0.0,0.0,0.0,0.0,1.1028264455380987,38.10742263904787,0.0,14.4,0.0,38.10742263904787,0.0,0.0,0.0,0.0,16.212827648050634,16.212827648050634,0.0
2022-03-12 19:00:00,0.0,0.0,0.0,0.0,0.020000016,38.10742263904787,0.0,14.4,0.0,38.10742263904787,0.0,0.0,0.0,0.0,15.948127717567145,15.948127717567145,0.0
2022-03-12 20:00:00,0.0,0.0,0.0,0.0,1.10305625114005,38.10742263904787,0.0,13.9,0.0,38.10742263904787,0.0,0.0,0.0,0.0,16.037765417618008,16.037765417618008,0.0
2022-03-12 21:00:00,0.0,0.0,0.0,0.0,0.020000016,38.10742263904787,0.0,13.3,0.0,38.10742263904787,0.0,0.0,0.0,0.0,15.83342437542361,15.83342437542361,0.0
2022-03-12 22:00:00,0.0,0.0,0.0,0.0,0.020000016,38.10742263904787,0.0,12.8,0.0,38.10742263904787,0.0,0.0,0.0,0.0,16.01367248450631,16.01367248450631,0.0
2022-03-12 23:00:00,0.0,0.0,0.0,0.0,1.1029897786648106,43.46825895116388,0.0,12.8,0.0,43.46825895116388,0.0,0.0,0.0,0.0,18.475257925020628,18.475257925020628,0.0
2022-03-13 00:00:00,0.0,0.0,0.0,0.0,0.020000016,43.46825895116388,0.0,13.9,0.0,43.46825895116388,0.0,0.0,0.0,0.0,18.171811863686337,18.171811863686337,0.0
2022-03-13 01:00:00,0.0,0.0,0.0,0.0,1.1029901027989206,43.46825895116388,0.0,13.3,0.0,43.46825895116388,0.0,0.0,0.0,0.0,18.532201402607132,18.532201402607132,0.0
2022-03-13 02:00:00,0.0,0.0,0.0,0.0,0.020000016,43.46825895116388,0.0,13.3,0.0,43.46825895116388,0.0,0.0,0.0,0.0,18.511950989979198,18.511950989979198,0.0
2022-03-13 03:00:00,0.0,0.0,0.0,0.0,0.020000016,43.46825895116388,0.0,12.8,0.0,43.46825895116388,0.0,0.0,0.0,0.0,18.489564836619348,18.489564836619348,0.0
2022-03-13 04:00:00,0.0,0.0,0.0,0.0,1.1030769656739912,47.675718305793986,0.0,12.8,0.0,47.675718305793986,0.0,0.0,0.0,0.0,19.726345303933062,19.726345303933062,0.0
2022-03-13 05:00:00,0.0,15.31134390017322,0.0,40.83459746264813,15.331343916173221,85.54214672724213,0.0,13.3,0.0,85.54214672724213,0.0,0.0,0.0,0.0,36.51449049816355,36.51449049816355,0.0
2022-03-13 06:00:00,0.0,10.436517270176322,0.0,40.83459746264813,11.539929139968823,98.76960946899328,16.53904775917972,13.816845242474367,0.6563141072968768,98.1132953616964,0.656314107296879,0.0,0.6644899284560962,100.00000000000033,42.67207851227637,42.402333414177356,0.2697450980990155
2022-03-13 07:00:00,0.0,0.0,0.0,40.83459746264813,2.188142785381963,186.98067465638707,75.18789854768413,16.74962182961513,13.422626015295965,173.5580486410911,13.422626015295975,0.0,7.1786167420577724,100.00000000000009,72.60965218044267,67.42556556081506,5.184086619627607
2022-03-13 08:00:00,0.0,0.0,0.0,40.83459746264813,2.188428742552588,178.6320965489585,123.68319178736103,19.965099743355033,35.90210685600412,142.72998969295438,35.90210685600411,0.0,20.09835161183604,99.99999999999997,64.6158388526414,51.7083133957708,12.907525456870601
2022-03-13 09:00:00,0.0,0.0,0.10271624442432502,40.83459746264813,2.188774929120438,176.8082178455147,235.66181292428854,24.064431653884018,68.10554319401133,108.70267465150336,68.10554319401133,0.0,38.51944441491867,100.0,61.54055985099833,37.98727932049742,23.553280530500906
2022-03-13 10:00:00,0.0,0.0,3.521046356133011,40.83459746264813,2.1894328455931222,182.15314290509147,330.74552750985004,27.535797734682813,94.36098919680319,87.79215370828828,94.36098919680319,0.0,51.80310791890578,100.0,62.03847491246917,30.10482894848703,31.93364596398214
2022-03-13 11:00:00,0.0,0.0,8.027651416956475,40.83459746264813,2.1901721869175006,186.1153990234694,338.7520159438555,28.386000498245487,96.33832194620608,89.77707707726331,96.33832194620608,0.0,51.76268189074334,100.0,64.38360732449387,31.26104716455902,33.12256015993485
2022-03-13 12:00:00,0.0,0.0,13.95224620675805,40.83459746264813,2.189703128059191,194.18983854560665,368.4976133346563,29.81555041670801,104.2363853693259,89.95345317628075,104.2363853693259,0.0,53.677569408373216,100.0,65.89254759804572,30.734657176825788,35.15789042121993
2022-03-13 13:00:00,0.0,0.0,22.277538523472174,40.83459746264813,2.1882530673859164,198.9830401245625,405.2560972810787,30.96425304003371,114.13814763264062,84.84489249192188,114.13814763264062,0.0,57.36074167988923,100.0,67.4512803929509,28.986724640751014,38.46455575219989
2022-03-13 14:00:00,0.0,0.0,32.16035695802697,40.83459746264813,2.1880786012847566,208.8658585591173,387.7570682766334,28.817408383644793,110.09670568375203,98.76915287536526,110.09670568375203,0.0,52.71168128829936,100.0,71.15354002093733,33.85497806939583,37.2985619515415
2022-03-13 15:00:00,0.0,0.0,37.7731928178772,40.83459746264813,2.188905532249899,217.36858684076975,305.5858052161491,26.249556413004658,87.6018160559273,129.76677078484244,87.60181605592732,0.0,40.30104686658279,100.00000000000003,74.582012036297,44.683512216409014,29.898499819887988
2022-03-13 16:00:00,0.0,0.0,33.50241969628779,40.83459746264813,1.1037631175199547,196.04472651619247,179.7937439753689,21.21855449923028,52.505078653149425,143.53964786304306,52.50507865314941,0.0,26.78219383208592,99.99999999999997,69.23686367270516,50.74693769960531,18.489925973099844
2022-03-13 17:00:00,0.0,0.0,8.5111828554505,40.83459746264813,1.103574851615687,133.38335981610166,58.37103003225927,16.224094688508103,8.105036737322942,125.27832307877871,8.105036737322948,0.0,6.076497659451318,100.00000000000007,52.16152150939917,49.00400182245658,3.1575196869425923
2022-03-13 18:00:00,0.0,0.0,0.4113208016899832,40.83459746264813,1.1033153255076629,134.58738066331696,0.0,13.9,0.0,134.58738066331696,0.0,0.0,0.0,0.0,56.88887592735718,56.88887592735718,0.0
2022-03-13 19:00:00,0.0,0.0,0.0,40.83459746264813,1.1033752919841147,111.9853861309906,0.0,13.9,0.0,111.9853861309906,0.0,0.0,0.0,0.0,47.429619632853644,47.429619632853644,0.0
2022-03-13 20:00:00,0.0,0.0,0.0,40.83459746264813,0.020000016,110.70098949907849,0.0,13.9,0.0,110.70098949907849,0.0,0.0,0.0,0.0,47.4821483974229,47.4821483974229,0.0
2022-03-13 21:00:00,0.0,0.0,0.0,0.0,1.102953809966417,47.675718305793986,0.0,13.3,0.0,47.675718305793986,0.0,0.0,0.0,0.0,20.693425075529937,20.693425075529937,0.0
2022-03-13 22:00:00,0.0,0.0,0.0,0.0,0.020000016,43.46825895116388,0.0,13.3,0.0,43.46825895116388,0.0,0.0,0.0,0.0,18.627359217494536,18.627359217494536,0.0
2022-03-13 23:00:00,0.0,0.0,0.0,0.0,0.020000016,43.46825895116388,0.0,12.8,0.0,43.46825895116388,0.0,0.0,0.0,0.0,18.51064694221066,18.51064694221066,0.0
2022-03-14 00:00:00,0.0,0.0,0.0,0.0,1.1029599723823953,43.46825895116388,0.0,11.7,0.0,43.46825895116388,0.0,0.0,0.0,0.0,19.327013092535193,19.327013092535193,0.0
2022-03-14 01:00:00,0.0,0.0,0.0,0.0,0.020000016,43.46825895116388,0.0,11.1,0.0,43.46825895116388,0.0,0.0,0.0,0.0,19.018138865465502,19.018138865465502,0.0
2022-03-14 02:00:00,0.0,0.0,0.0,0.0,1.1029696471417618,43.46825895116388,0.0,11.1,0.0,43.46825895116388,0.0,0.0,0.0,0.0,19.9031866068773,19.9031866068773,0.0
2022-03-14 03:00:00,0.0,0.0,0.0,0.0,0.020000016,43.46825895116388,0.0,11.1,0.0,43.46825895116388,0.0,0.0,0.0,0.0,19.864683208539414,19.864683208539414,0.0
2022-03-14 04:00:00,0.0,0.0,0.0,0.0,1.1030827024819916,47.675718305793986,0.0,10.6,0.0,47.675718305793986,0.0,0.0,0.0,0.0,21.43313705219514,21.43313705219514,0.0
2022-03-14 05:00:00,0.0,0.4831538218229366,0.0,40.83459746264813,0.5031538378229367,85.54214672724213,0.0,11.7,0.0,85.54214672724213,0.0,0.0,0.0,0.0,37.78858940882602,37.78858940882602,0.0
2022-03-14 06:00:00,0.0,0.0,0.0,40.83459746264813,1.1035001161996993,98.76960946899328,22.219967910937505,12.394373997216796,1.1906030661437297,97.57900640284956,1.1906030661437228,0.0,1.2054346195602692,99.99999999999942,44.96502344862528,44.425394514926296,0.5396289336989852
2022-03-14 07:00:00,0.0,0.0,0.0,40.83459746264813,2.188230185011282,186.98067465638707,89.95429470817628,16.111071709630508,19.256614985053826,167.72405967133324,19.25661498505383,0.0,10.29871938393717,100.00000000000003,78.46496774364688,70.42465700586243,8.040310737784452
2022-03-14 08:00:00,0.0,0.0,0.0,40.83459746264813,2.188440077476056,178.6320965489585,108.9632197329297,17.30510061665405,28.134191179481878,150.4979053694766,28.13419117948189,0.0,15.74979621412607,100.00000000000004,63.79591957033935,53.81025109500584,9.985668475333512
2022-03-14 09:00:00,0.0,0.0,0.0,40.83459746264813,1.104292482189137,176.70550160109036,249.96650300050933,23.911453218765917,72.28030287164033,104.42519872945003,72.28030287164033,0.0,40.904387365828526,100.0,57.40458387955226,34.00492002940179,23.399663850150475
2022-03-14 10:00:00,0.0,0.0,0.0,40.83459746264813,2.1891436959535446,178.6320965489585,198.7038597954365,22.309495618607393,57.79639587897783,120.83570066998065,57.79639587897783,0.0,32.354989386320796,100.0,55.85495640505365,37.91062039452801,17.94433601052564
2022-03-14 11:00:00,0.0,0.0,0.0,40.83459746264813,3.2750305399143724,178.08774760651295,318.2812510043462,25.546289093885818,91.4797206064402,86.60802700007275,91.4797206064402,0.0,51.367778994299904,100.0,56.5519644128246,27.805377009456837,28.746587403367766
2022-03-14 12:00:00,0.0,0.0,0.0,40.83459746264813,2.1897630533711046,180.23759233884863,418.1716781636328,28.667864942613527,118.79902897396153,61.4385633648871,118.79902897396153,0.0,65.91245890070371,100.0,57.1997497220102,19.75785976028675,37.441889961723454
2022-03-14 13:00:00,0.0,0.0,0.0,40.83459746264813,2.188188582859003,176.70550160109036,329.0379286137915,25.882435269180988,94.45352150110907,82.2519800999813,94.45352150110907,0.0,53.45250750275805,100.0,54.57189105140188,25.61244135916183,28.959449692240046
2022-03-14 14:00:00,0.0,0.0,0.0,40.83459746264813,1.1041463001890681,176.70550160109036,185.90866605108724,21.40964581409648,54.2529603340677,122.45254126702267,54.252960334067694,0.0,30.70247380103808,99.99999999999999,54.6779916697178,37.95153273392306,16.72645893579474
2022-03-14 15:00:00,0.0,0.0,0.0,40.83459746264813,2.188865342062035,179.59539402289255,149.73401480917113,19.079187962786598,44.068100702700136,135.52729332019243,44.06810070270012,0.0,24.5374336811126,99.99999999999997,58.54978862680528,44.27987659776044,14.26991202904484
2022-03-14 16:00:00,0.0,0.0,0.0,40.83459746264813,1.1037539412235557,162.54230681990464,90.37380405445485,16.724181376701715,19.3939552881041,143.14835153180053,19.39395528810411,0.0,11.931635318546594,100.00000000000004,55.36965384654555,48.78686057288082,6.582793273664734
2022-03-14 17:00:00,0.0,0.0,0.0,40.83459746264813,2.187321282798002,124.87217696065115,35.308965801180136,14.40340518128688,2.985071240260511,121.88710572039064,2.9850712402605097,0.0,2.3905014815279024,99.99999999999996,48.194273082424864,47.05160273700935,1.1426703454155174
2022-03-14 18:00:00,0.0,1.385432228587009,0.0,40.83459746264811,1.405432244587009,134.17605986162698,0.0,13.3,0.0,134.17605986162698,0.0,0.0,0.0,0.0,57.38253142553335,57.38253142553335,0.0
2022-03-14 19:00:00,0.0,6.284894730140234,0.0,40.83459746264811,7.388312395441368,111.9853861309906,0.0,13.3,0.0,111.9853861309906,0.0,0.0,0.0,0.0,48.367490443017225,48.367490443017225,0.0
2022-03-14 20:00:00,0.0,4.518904057446301,0.0,40.83459746264811,5.621942927235176,110.70098949907849,0.0,13.3,0.0,110.70098949907849,0.0,0.0,0.0,0.0,47.56255274149494,47.56255274149494,0.0
2022-03-14 21:00:00,0.0,0.0,0.0,0.0,0.020000016,47.675718305793986,0.0,13.9,0.0,47.675718305793986,0.0,0.0,0.0,0.0,20.21953584436895,20.21953584436895,0.0
2022-03-14 22:00:00,0.0,0.0,0.0,0.0,1.1029337707167066,43.46825895116388,0.0,12.2,0.0,43.46825895116388,0.0,0.0,0.0,0.0,18.638905835717512,18.638905835717512,0.0
2022-03-14 23:00:00,0.0,0.0,0.0,0.0,0.020000016,43.46825895116388,0.0,11.7,0.0,43.46825895116388,0.0,0.0,0.0,0.0,18.244838538724295,18.244838538724295,0.0
2022-03-15 00:00:00,0.0,0.0,0.0,0.0,1.1029465873868267,43.46825895116388,0.0,11.7,0.0,43.46825895116388,0.0,0.0,0.0,0.0,19.363741361374927,19.363741361374927,0.0
2022-03-15 01:00:00,0.0,0.0,0.0,0.0,0.020000016,43.46825895116388,0.0,11.1,0.0,43.46825895116388,0.0,0.0,0.0,0.0,18.687780097436654,18.687780097436654,0.0
2022-03-15 02:00:00,0.0,0.0,0.0,0.0,0.020000016,43.46825895116388,0.0,10.6,0.0,43.46825895116388,0.0,0.0,0.0,0.0,18.582152228185326,18.582152228185326,0.0
2022-03-15 03:00:00,0.0,0.0,0.0,0.0,1.1029612600831626,43.46825895116388,0.0,10.0,0.0,43.46825895116388,0.0,0.0,0.0,0.0,18.644344317558218,18.644344317558218,0.0
2022-03-15 04:00:00,0.0,0.0,0.0,0.0,0.020000016,47.675718305793986,0.0,9.4,0.0,47.675718305793986,0.0,0.0,0.0,0.0,20.11798656437761,20.11798656437761,0.0
2022-03-15 05:00:00,0.0,37.912152332330365,0.0,40.83459746264813,39.015201643912334,85.54214672724213,0.0,10.0,0.0,85.54214672724213,0.0,0.0,0.0,0.0,42.36686884389753,42.36686884389753,0.0
2022-03-15 06:00:00,0.0,26.404382267873135,0.0,40.83459746264813,27.507814480525912,98.76960946899328,23.707163845019533,10.74084887015686,1.3632345423900167,97.40637492660326,1.3632345423900176,0.0,1.3802165967032374,100.00000000000007,45.50759503661213,44.947850933506786,0.559744103105345
2022-03-15 07:00:00,0.0,0.8552599785405329,0.0,40.83459746264813,1.959440842117687,186.98067465638707,87.80649266661501,13.84395289583172,18.497037060816016,168.48363759557105,18.497037060816012,0.0,9.892485998784565,99.99999999999997,70.90995571664666,63.93009878174774,6.979856934898926
2022-03-15 08:00:00,0.0,0.0,0.0,40.83459746264813,2.188511840624403,178.6320965489585,180.21924506819047,18.431851408380954,53.16450052512857,125.46759602382991,53.164500525128574,0.0,29.762008929093852,100.00000000000003,57.19458336335717,40.289601308879405,16.904982054477763
2022-03-15 09:00:00,0.0,0.0,0.0,40.83459746264813,2.188560395732385,176.70550160109036,269.7952856714829,22.33110267723384,78.46833385707552,98.23716774401484,78.46833385707552,0.0,44.40627662754748,100.0,53.94553699328783,30.16531607623181,23.78022091705602
2022-03-15 10:00:00,0.0,0.0,0.0,40.83459746264813,2.1891306705207123,178.6320965489585,316.28394624582444,24.283873320182014,91.3311342499254,87.30096229903309,91.3311342499254,0.0,51.12806489672133,100.0,54.85997328204138,27.012653793567875,27.847319488473506
2022-03-15 11:00:00,0.0,0.0,0.02019829695356778,40.83459746264813,2.189982707953793,178.1079459034665,361.71794174880387,26.303685679650123,103.67226596047716,74.43567994298932,103.67226596047716,0.0,58.20754679674255,100.0,53.85964103450594,22.738781877160104,31.120859157345837
2022-03-15 12:00:00,0.0,0.0,0.6603029112440275,40.83459746264813,3.274695871414848,180.89789525009263,418.38929473145646,28.674665460358014,118.85782008304038,62.04007516705225,118.85782008304038,0.0,65.70436870960748,100.0,55.78427165698406,19.51896788234719,36.26530377463687
2022-03-15 13:00:00,0.0,0.0,0.6198818758479896,40.83459746264813,1.104061413563988,177.32538347693836,336.79987965377006,24.424996239180317,97.20473071228267,80.12065276465569,97.20473071228267,0.0,54.817155224099324,100.0,54.56674928875095,24.763778852365075,29.802970436385873
2022-03-15 14:00:00,0.0,0.0,0.09613927964887128,40.83459746264813,2.1880683082895707,176.80164088073923,308.8132329204712,23.550413528764725,89.41522850306409,87.38641237767514,89.41522850306409,0.0,50.5737548914372,100.0,56.86794273514726,28.306930446698527,28.561012288448733
2022-03-15 15:00:00,0.0,0.0,0.0,40.83459746264813,2.188950870360405,179.59539402289255,189.00866402645303,19.806520750826657,55.48050159904335,124.1148924238492,55.48050159904335,0.0,30.891940130698114,100.0,60.56935423199824,41.98005736622277,18.589296865775466
2022-03-15 16:00:00,0.0,0.0,0.0,40.83459746264813,1.1037501372624605,162.54230681990464,127.33784919941381,17.879307787481682,37.63951592678793,124.9027908931167,37.63951592678794,0.0,23.156750179811443,100.00000000000003,58.59855608661818,45.07505440928255,13.52350167733563
2022-03-15 17:00:00,0.0,0.0,0.0,40.83459746264813,1.10355252849261,124.87217696065115,29.188704200887084,15.312147006277721,2.033325481048385,122.83885147960277,2.0333254810483794,0.0,1.6283254849389763,99.99999999999972,48.4873902813224,47.70109315117358,0.7862971301488173
2022-03-15 18:00:00,0.0,0.0,0.0,40.83459746264813,1.1033364710719036,134.17605986162698,0.0,13.9,0.0,134.17605986162698,0.0,0.0,0.0,0.0,57.30331638533487,57.30331638533487,0.0
2022-03-15 19:00:00,0.0,0.11068988378150335,0.0,40.83459746264813,1.2141017432108,111.9853861309906,0.0,13.3,0.0,111.9853861309906,0.0,0.0,0.0,0.0,47.810148919592386,47.810148919592386,0.0
2022-03-15 20:00:00,0.0,0.0,0.0,40.83459746264813,0.020000016,110.70098949907849,0.0,12.8,0.0,110.70098949907849,0.0,0.0,0.0,0.0,46.69893889671692,46.69893889671692,0.0
2022-03-15 21:00:00,0.0,0.0,0.0,0.0,1.1029757525398078,47.675718305793986,0.0,12.2,0.0,47.675718305793986,0.0,0.0,0.0,0.0,20.620961934474558,20.620961934474558,0.0
2022-03-15 22:00:00,0.0,0.0,0.0,0.0,0.020000016,43.46825895116388,0.0,12.8,0.0,43.46825895116388,0.0,0.0,0.0,0.0,18.670610135150945,18.670610135150945,0.0
2022-03-15 23:00:00,0.0,0.0,0.0,0.0,1.102940788206942,43.46825895116388,0.0,11.7,0.0,43.46825895116388,0.0,0.0,0.0,0.0,19.01838499986319,19.01838499986319,0.0
2022-03-16 00:00:00,0.0,0.0,0.0,0.0,0.020000016,43.46825895116388,0.0,11.7,0.0,43.46825895116388,0.0,0.0,0.0,0.0,19.113334352568547,19.113334352568547,0.0
2022-03-16 01:00:00,0.0,0.0,0.0,0.0,1.1029584409648183,43.46825895116388,0.0,11.1,0.0,43.46825895116388,0.0,0.0,0.0,0.0,19.397866078893216,19.397866078893216,0.0
2022-03-16 02:00:00,0.0,0.0,0.0,0.0,0.020000016,43.46825895116388,0.0,10.6,0.0,43.46825895116388,0.0,0.0,0.0,0.0,19.46999141726285,19.46999141726285,0.0
2022-03-16 03:00:00,0.0,0.0,0.0,0.0,0.020000016,43.46825895116388,0.0,10.6,0.0,43.46825895116388,0.0,0.0,0.0,0.0,19.717108469400216,19.717108469400216,0.0
2022-03-16 04:00:00,0.0,0.0,0.0,0.0,1.103033669863677,47.675718305793986,0.0,9.4,0.0,47.675718305793986,0.0,0.0,0.0,0.0,21.647907334819507,21.647907334819507,0.0
2022-03-16 05:00:00,0.0,30.86200201608084,0.0,40.83459746264813,30.88200203208084,85.54214672724213,0.0,8.9,0.0,85.54214672724213,0.0,0.0,0.0,0.0,42.84984985594523,42.84984985594523,0.0
2022-03-16 06:00:00,0.0,21.93154240525647,0.0,40.83459746264813,23.035121250881087,98.76960946899328,23.759238889160162,11.342476215286254,1.3663348808557172,97.40327458813756,1.3663348808557174,0.0,1.3833555566347062,100.00000000000003,46.72656791446798,46.13754777900548,0.5890201354624978
2022-03-16 07:00:00,0.0,0.569710979192539,0.0,40.83459746264813,2.7580625126948304,186.98067465638707,92.72139477514861,15.097543586723393,20.533830250512715,166.44684440587434,20.53383025051272,0.0,10.981792791285828,100.00000000000004,74.35582659358784,66.24475830633281,8.111068287255023
2022-03-16 08:00:00,0.0,0.0,0.0,40.83459746264813,2.188445042802001,178.6320965489585,185.27322891409477,20.78978840356546,54.189900015137816,124.44219653382066,54.18990001513782,0.0,30.336037622603705,100.00000000000003,62.356145766163735,43.55929514791288,18.796850618250858
2022-03-16 09:00:00,0.0,0.0,0.0,40.83459746264813,1.1042432326755132,176.70550160109036,264.400312909948,24.36250977843588,76.32689978360585,100.37860181748451,76.32689978360585,0.0,43.19441052600192,100.0,55.70820219678649,31.73125153326346,23.976950663523027
2022-03-16 10:00:00,0.0,0.0,0.0,40.83459746264813,2.1892497536959405,178.6320965489585,317.4296534201041,27.119676669378254,90.70275311054422,87.92934343841426,90.70275311054422,0.0,50.7762909705787,100.0,54.31963263095578,26.938285521944696,27.381347109011084
2022-03-16 11:00:00,0.0,0.0,0.0,40.83459746264813,3.2749545478886146,178.08774760651295,333.4568164860949,27.120525515190465,95.2820734585176,82.80567414799535,95.2820734585176,0.0,53.502879753998855,100.0,54.58586199685299,25.696337324230452,28.88952467262254
2022-03-16 12:00:00,0.0,0.0,0.0,40.83459746264813,2.1896574149111196,180.23759233884863,434.71669464926293,30.284896707789464,122.75026363707346,57.48732870177517,122.75026363707346,0.0,68.10469560994892,100.0,55.35590013213531,17.924434738646134,37.43146539348918
2022-03-16 13:00:00,0.0,0.0,0.0,40.83459746264813,2.18818987222765,176.70550160109036,482.98336782368676,31.79323024449021,135.60295798158052,41.102543619509845,135.60295798158052,0.0,76.73952239908289,100.0,54.03559008619391,12.871278146515426,41.164311939678484
2022-03-16 14:00:00,0.0,0.0,0.0,40.83459746264813,1.1040289703494337,176.70550160109036,426.3512251753843,30.02347578673076,120.50688800650511,56.198613594585254,120.50688800650511,0.0,68.19645507050897,100.0,56.218842518393096,18.015146348130813,38.20369617026228
2022-03-16 15:00:00,0.0,0.0,0.0,40.83459746264813,2.1889123777277297,179.59539402289255,312.4321127517973,25.86350352349367,89.69296426560186,89.90242975729069,89.69296426560186,0.0,49.94168405798254,100.0,59.08678732372481,29.7746781369048,29.312109186820013
2022-03-16 16:00:00,0.0,0.0,0.0,40.83459746264813,2.187569574410661,162.54230681990464,176.1636639117117,19.90511449724099,51.691547114497574,110.85075970540706,51.69154711449758,0.0,31.80190322496858,100.00000000000003,55.177131898360756,37.755012858890495,17.42211903947026
2022-03-16 17:00:00,0.0,0.1485632444869391,0.0,40.83459746264813,1.252107283204776,124.87217696065115,52.42025223242248,15.538132882263202,6.552767745140679,118.31940921551046,6.5527677451406845,0.0,5.247580289407101,100.00000000000009,48.02338997097186,45.51515429732564,2.508235673646226
2022-03-16 18:00:00,0.0,1.4158388222973337,0.0,40.83459746264813,1.4358388382973337,134.17605986162698,0.0,12.8,0.0,134.17605986162698,0.0,0.0,0.0,0.0,57.06061655926037,57.06061655926037,0.0
2022-03-16 19:00:00,0.0,8.809154224955167,0.0,40.83459746264813,9.91253336377553,111.9853861309906,0.0,14.4,0.0,111.9853861309906,0.0,0.0,0.0,0.0,50.83323500859856,50.83323500859856,0.0
2022-03-16 20:00:00,0.0,14.253941145294563,0.0,40.83459746264811,15.357022358067043,110.70098949907849,0.0,14.4,0.0,110.70098949907849,0.0,0.0,0.0,0.0,51.07550355750326,51.07550355750326,0.0
2022-03-16 21:00:00,0.0,0.0,0.0,0.0,0.020000016,47.675718305793986,0.0,13.9,0.0,47.675718305793986,0.0,0.0,0.0,0.0,20.86125101276494,20.86125101276494,0.0
2022-03-16 22:00:00,0.0,0.0,0.0,0.0,1.1029631475412744,43.46825895116388,0.0,12.8,0.0,43.46825895116388,0.0,0.0,0.0,0.0,19.365917755985155,19.365917755985155,0.0
2022-03-16 23:00:00,0.0,0.0,0.0,0.0,0.020000016,43.46825895116388,0.0,12.2,0.0,43.46825895116388,0.0,0.0,0.0,0.0,18.995970053400406,18.995970053400406,0.0
2022-03-17 00:00:00,0.0,0.0,0.0,0.0,1.1029802613007145,43.46825895116388,0.0,11.7,0.0,43.46825895116388,0.0,0.0,0.0,0.0,19.881889071074948,19.881889071074948,0.0
2022-03-17 01:00:00,0.0,0.0,0.0,0.0,0.020000016,43.46825895116388,0.0,12.2,0.0,43.46825895116388,0.0,0.0,0.0,0.0,19.86555257371844,19.86555257371844,0.0
2022-03-17 02:00:00,0.0,0.0,0.0,0.0,0.020000016,43.46825895116388,0.0,11.7,0.0,43.46825895116388,0.0,0.0,0.0,0.0,19.98682901619219,19.98682901619219,0.0
2022-03-17 03:00:00,0.0,0.0,0.0,0.0,1.1029882725782139,43.46825895116388,0.0,11.7,0.0,43.46825895116388,0.0,0.0,0.0,0.0,20.27158345500596,20.27158345500596,0.0
2022-03-17 04:00:00,0.0,0.0,0.0,0.0,0.020000016,47.675718305793986,0.0,10.6,0.0,47.675718305793986,0.0,0.0,0.0,0.0,21.86816218338331,21.86816218338331,0.0
2022-03-17 05:00:00,0.0,52.80645531867185,0.0,40.83459746264813,53.90949039710826,85.54214672724213,0.0,8.9,0.0,85.54214672724213,0.0,0.0,0.0,0.0,48.01733190404197,48.01733190404197,0.0
2022-03-17 06:00:00,0.0,48.549156897496346,0.0,40.83459746264811,49.6526429364006,98.76960946899328,24.029566014682157,11.350923937958818,1.3975618594572587,97.37204760953603,1.3975618594572552,0.0,1.4149715352433294,99.99999999999974,52.622814102502105,52.004714418919946,0.6180996835821588
2022-03-17 07:00:00,0.0,4.8584268247314615,0.0,40.83459746264813,5.96253631435711,186.98067465638707,95.7916878423835,15.793490245074485,21.861783084338207,165.11889157204885,21.861783084338214,0.0,11.69200139239707,100.00000000000003,74.42233618678893,65.84639591846472,8.575940268324203
2022-03-17 08:00:00,0.0,0.0794355216660925,0.0,40.83459746264813,2.267921597936447,178.6320965489585,191.38866227456705,20.380895696080223,56.0619722278116,122.57012432114689,56.061972227811594,0.0,31.384042011983237,99.99999999999999,57.55185474842004,39.61791014260425,17.93394460581579
2022-03-17 09:00:00,0.0,0.0,0.0,40.83459746264813,2.1885422661987906,176.70550160109036,264.9034141777789,24.378231693055593,76.46769671124275,100.23780488984761,76.46769671124275,0.0,43.27408938509864,100.0,53.64955201387597,30.60371757904163,23.04583443483434
2022-03-17 10:00:00,0.0,0.0,0.0,40.83459746264813,2.1891011500137614,178.6320965489585,316.15596833904357,27.079874010595113,90.35221806323274,88.27987848572575,90.35221806323274,0.0,50.58005801240177,100.0,52.94145924992606,26.3629990233552,26.57846022657086
2022-03-17 11:00:00,0.0,0.0,0.0,40.83459746264813,2.1899298282871182,178.08774760651295,329.5747289713434,29.199210280354478,93.44278099819867,84.64496660831428,93.44278099819867,0.0,52.470078516946394,100.0,48.84217907008179,23.421537713426833,25.420641356654958
2022-03-17 12:00:00,0.0,0.0,0.0,40.83459746264813,3.274592502656462,180.23759233884863,440.8371631714476,31.57616134910774,123.87191120949993,56.3656811293487,123.87191120949993,0.0,68.72701171940834,100.0,53.65694604849149,17.18533923107843,36.47160681741306
2022-03-17 13:00:00,0.0,0.0,0.0,40.83459746264813,1.1040397087783085,176.70550160109036,487.9060827266746,32.44706508520858,136.6451279477557,40.060373653334665,136.6451279477557,0.0,77.32930028190617,100.0,51.45663118370227,11.819295694257042,39.63733548944523
2022-03-17 14:00:00,0.0,0.0,0.0,40.83459746264813,2.1880258099377206,176.70550160109036,431.2315938152572,30.67598730672679,121.5864671385784,55.11903446251196,121.5864671385784,0.0,68.80740329922368,100.0,52.22256210028348,16.56064335620275,35.66191874408074
2022-03-17 15:00:00,0.0,0.0,0.0,40.83459746264813,2.1889943774677585,179.59539402289255,319.7809988380868,26.693156213690212,91.51997006961693,88.07542395327562,91.51997006961693,0.0,50.95897395784611,100.0,55.37815720123922,27.358860764575653,28.019296436663566
2022-03-17 16:00:00,0.0,0.0,0.0,40.83459746264813,1.1037496876003356,162.54230681990464,182.82073383460215,21.31314793233132,53.37062090975236,109.17168591015228,53.37062090975236,0.0,32.8349104635795,100.0,55.714242771137116,37.485774052515744,18.22846871862137
2022-03-17 17:00:00,0.0,0.0,0.0,40.83459746264813,1.1035666068255208,124.87217696065115,58.21601539277442,15.7192504810242,8.07663084428966,116.79554611636149,8.076630844289653,0.0,6.467918667610564,99.99999999999991,49.694906767341564,46.49353221643626,3.2013745509053066
2022-03-17 18:00:00,0.0,0.0,0.0,40.83459746264813,1.1033019848858985,134.17605986162698,0.0,13.3,0.0,134.17605986162698,0.0,0.0,0.0,0.0,59.23947071988607,59.23947071988607,0.0
2022-03-17 19:00:00,0.0,1.0627658713832113,0.0,40.83459746264811,2.166144657370916,111.9853861309906,0.0,12.8,0.0,111.9853861309906,0.0,0.0,0.0,0.0,49.811965776854116,49.811965776854116,0.0
2022-03-17 20:00:00,0.0,6.778441682707589,0.0,40.83459746264813,6.798441698707589,110.70098949907849,0.0,12.8,0.0,110.70098949907849,0.0,0.0,0.0,0.0,49.6441215451449,49.6441215451449,0.0
2022-03-17 21:00:00,0.0,0.0,0.0,0.0,1.103014812079534,47.675718305793986,0.0,12.8,0.0,47.675718305793986,0.0,0.0,0.0,0.0,21.510836249338507,21.510836249338507,0.0
2022-03-17 22:00:00,0.0,0.0,0.0,0.0,0.020000016,43.46825895116388,0.0,13.3,0.0,43.46825895116388,0.0,0.0,0.0,0.0,19.481727847179663,19.481727847179663,0.0
2022-03-17 23:00:00,0.0,0.0,0.0,0.0,1.1028370283224136,38.10742263904787,0.0,13.9,0.0,38.10742263904787,0.0,0.0,0.0,0.0,17.469421815007937,17.469421815007937,0.0
2022-03-18 00:00:00,0.0,0.0,0.0,0.0,0.020000016,38.10742263904787,0.0,13.9,0.0,38.10742263904787,0.0,0.0,0.0,0.0,18.049561538997438,18.049561538997438,0.0
2022-03-18 01:00:00,0.0,0.0,0.0,0.0,0.020000016,38.10742263904787,0.0,12.8,0.0,38.10742263904787,0.0,0.0,0.0,0.0,18.417298167464253,18.417298167464253,0.0
2022-03-18 02:00:00,0.0,0.0,0.0,0.5022706894331334,1.1028808288475644,38.609693328480994,0.0,12.8,0.0,38.609693328480994,0.0,0.0,0.0,0.0,18.955742314330543,18.955742314330543,0.0
2022-03-18 03:00:00,0.0,0.035415567385785586,0.0,5.214218786804532,0.05541558338578558,43.3216414258524,0.0,11.1,0.0,43.3216414258524,0.0,0.0,0.0,0.0,20.51281083635025,20.51281083635025,0.0
2022-03-18 04:00:00,0.0,0.3756220537772896,0.0,5.58283911360989,1.4786914553580326,43.690261752657754,0.0,11.1,0.0,43.690261752657754,0.0,0.0,0.0,0.0,20.175891289573077,20.175891289573077,0.0
2022-03-18 05:00:00,0.0,72.2076444492511,0.0,40.83459746264813,72.2276444652511,85.54214672724213,0.0,10.6,0.0,85.54214672724213,0.0,0.0,0.0,0.0,50.2548005104331,50.2548005104331,0.0
2022-03-18 06:00:00,0.0,80.01723286373637,0.0,40.83459746264813,81.12047059377423,75.83888804889047,22.559972497360448,11.804999140542513,1.2298756108009647,74.60901243808951,1.2298756108009599,0.0,1.621695204718858,99.9999999999996,48.08523064731294,47.5422959095468,0.5429347377661387
2022-03-18 07:00:00,0.0,32.07691865829051,0.0,40.83459746264813,33.18017217228929,114.21720088209123,99.68674778304728,15.915210868220228,23.66549513948134,90.5517057426099,23.665495139481337,0.0,20.719729564999334,99.99999999999999,51.67754558702369,42.207916034435925,9.469629552587762
2022-03-18 08:00:00,0.0,14.370633390487663,0.0,40.83459746264813,15.474164140565758,116.46489498793738,193.95032965431008,19.96094780169719,56.89913335022381,59.56576163771357,56.89913335022381,0.0,48.85517937067391,100.0,43.321736362158695,23.5179929996133,19.803743362545397
2022-03-18 09:00:00,0.0,3.576547071168956,0.0,40.83459746264813,4.680001361380841,115.50159751400331,203.16147237606495,20.74879601175203,59.43084237045266,56.07075514355065,59.43084237045266,0.0,51.45456309662498,100.0,38.81494138188357,19.276457644173554,19.538483737710017
2022-03-18 10:00:00,0.0,0.3290748665088201,0.0,40.83459746264813,1.4327110270599022,117.74929161984949,206.206556874328,21.44395490232275,60.168871351397044,57.58042026845244,60.168871351397044,0.0,51.09913658389612,100.0,37.58507440368101,18.51124134093139,19.07383306274962
2022-03-18 11:00:00,0.0,0.0,0.0,40.83459746264813,1.1035151986210365,116.46489498793738,295.21610241670015,24.225503200521878,85.26588046406262,31.199014523874766,85.26588046406262,0.0,73.21165787587226,100.0,36.78962907580513,10.00079475160594,26.788834324199193
2022-03-18 12:00:00,0.0,0.0,0.0,40.83459746264813,1.1034828996971249,113.89610172411322,327.0902347195752,26.321569834986725,93.74135792997195,20.154743794141268,93.74135792997195,0.0,82.30427250007078,100.0,35.50761304855268,6.446854676682074,29.060758371870605
2022-03-18 13:00:00,0.0,0.0,0.0,40.83459746264813,1.1033292534734813,74.79713598363837,452.6625558295643,30.845704869673888,127.5470981320079,0.0,74.79713598363837,52.749962148369534,100.0,58.64275791380631,23.93627396476162,0.198654888994145,23.737619075767476
2022-03-18 14:00:00,0.0,0.0,0.0,40.83459746264813,0.020000016,73.51273935172627,310.63605817391766,25.30737681793493,89.36143879059576,0.0,73.51273935172627,15.848699438869488,100.0,82.26449836376473,24.13489283076079,0.0036010111631256747,24.131291819597664
2022-03-18 15:00:00,0.0,0.22660822551840187,0.0,40.83459746264813,1.3298965940573966,73.83383850970428,325.6860424864264,25.77768882770083,93.52768251429538,0.0,73.83383850970428,19.6938440045911,100.0,78.94329948613775,25.426754932499396,0.23944843249142897,25.187306500007967
2022-03-18 16:00:00,0.0,4.170156942427477,0.0,40.83459746264813,5.2731955189066255,63.05960080236413,189.3180241463984,20.916188254574948,55.34744805438578,7.712152747978351,55.34744805438578,0.0,87.77005777098225,100.0,23.487888257670495,3.705880111312205,19.78200814635829
2022-03-18 17:00:00,0.0,0.0,0.0,0.0,0.020000016,26.234746474247864,59.6418300337836,15.763807188555738,8.475746811778622,17.758999662469243,8.47574681177862,0.0,32.30733264412694,99.99999999999997,10.450145883476255,7.075145881760067,3.375000001716188
2022-03-18 18:00:00,0.0,0.0,0.0,0.0,1.1030347127083704,38.10742263904787,0.0,13.3,0.0,38.10742263904787,0.0,0.0,0.0,0.0,17.002450943721964,17.002450943721964,0.0
2022-03-18 19:00:00,0.0,0.0,0.0,0.0,0.020000016,38.10742263904787,0.0,13.3,0.0,38.10742263904787,0.0,0.0,0.0,0.0,16.92710740516429,16.92710740516429,0.0
2022-03-18 20:00:00,0.0,0.0,0.0,0.0,1.1030319530408206,38.10742263904787,0.0,12.8,0.0,38.10742263904787,0.0,0.0,0.0,0.0,16.883936362435236,16.883936362435236,0.0
2022-03-18 21:00:00,0.0,0.0,0.0,0.0,0.020000016,38.10742263904787,0.0,12.8,0.0,38.10742263904787,0.0,0.0,0.0,0.0,16.72285161981899,16.72285161981899,0.0
2022-03-18 22:00:00,0.0,0.0,0.0,0.0,1.1028987925654317,38.10742263904787,0.0,12.2,0.0,38.10742263904787,0.0,0.0,0.0,0.0,16.944884263058977,16.944884263058977,0.0
2022-03-18 23:00:00,0.0,0.10805161203663378,0.0,2.9814105332213736,0.12805162803663378,41.08883317226924,0.0,11.7,0.0,41.08883317226924,0.0,0.0,0.0,0.0,18.110565555254997,18.110565555254997,0.0
2022-03-19 00:00:00,0.0,0.4089451718678043,0.0,5.8316154857932165,0.4289451878678043,43.93903812484108,0.0,11.7,0.0,43.93903812484108,0.0,0.0,0.0,0.0,19.719080276465725,19.719080276465725,0.0
2022-03-19 01:00:00,0.0,1.4772598971821058,0.0,5.970812419724437,2.5801798138956635,44.0782350587723,0.0,11.7,0.0,44.0782350587723,0.0,0.0,0.0,0.0,20.667601091998524,20.667601091998524,0.0
2022-03-19 02:00:00,0.0,3.29797933381883,0.0,7.564069413250964,3.31797934981883,45.67149205229883,0.0,11.7,0.0,45.67149205229883,0.0,0.0,0.0,0.0,21.786235578706577,21.786235578706577,0.0
2022-03-19 03:00:00,0.0,5.443580197709629,0.0,10.661296753348015,6.546479575033954,48.76871939239588,0.0,11.1,0.0,48.76871939239588,0.0,0.0,0.0,0.0,23.44698132024837,23.44698132024837,0.0
2022-03-19 04:00:00,0.0,9.267614494782821,0.0,14.5455524136562,9.287614510782822,52.65297505270406,0.0,10.0,0.0,52.65297505270406,0.0,0.0,0.0,0.0,25.276041025192477,25.276041025192477,0.0
2022-03-19 05:00:00,0.0,9.073955500335988,0.0,15.75015335652824,9.093955516335988,50.889406954376106,0.0,11.1,0.0,50.889406954376106,0.0,0.0,0.0,0.0,23.257480554200264,23.257480554200264,0.0
2022-03-19 06:00:00,0.0,4.546605964341466,0.0,7.072406103376491,5.64953845266665,27.37081449522436,26.0805152644673,12.515016102014602,1.6395596334613207,25.731254861763038,1.639559633461321,0.0,5.990174803703376,100.00000000000003,12.760923405287594,12.057453948954679,0.7034694563329147
2022-03-19 07:00:00,0.0,1.7546933505497249,0.0,4.393027828843938,1.7746933665497249,24.691436220691806,103.92233300712107,16.547572906472535,25.661043380242358,0.0,24.691436220691806,0.9696071595505522,100.0,96.2214819359329,9.776107433738867,0.3195342755761118,9.456573158162755
2022-03-19 08:00:00,0.0,0.11825167318730656,0.0,2.9409329037279517,1.2212021294925244,23.239341295575816,197.62366522705375,21.17573953834543,57.72095809722706,0.0,23.239341295575816,34.48161680165124,100.0,40.261530753579514,8.108820942037056,0.21987794913441203,7.888942992902644
2022-03-19 09:00:00,0.0,0.0,0.0,0.0,0.020000016,20.298408391847865,273.5494875288329,23.54842148527603,79.20537932057246,0.0,20.298408391847865,58.9069709287246,100.0,25.62756288268371,6.723389109284361,0.0036010111631256747,6.719788098121236
2022-03-19 10:00:00,0.0,0.0,0.0,0.0,0.020000016,20.298408391847865,313.5371000962078,25.898034378006493,89.99864693163083,0.0,20.298408391847865,69.70023853978296,100.0,22.55412618288354,6.596016596625515,0.0036010111631256747,6.59241558546239
2022-03-19 11:00:00,0.0,0.0,0.0,0.0,1.1029310348610848,20.298408391847865,335.7015481433947,26.090673379481082,96.29188629061119,0.0,20.298408391847865,75.99347789876333,100.0,21.08008179483242,6.776789889156171,0.19858318956807433,6.578206699588097
2022-03-19 12:00:00,0.0,0.0,0.0,1.633679198975132,0.020000016,21.932087590823,436.0059863554548,29.225187073607962,123.60666844294997,0.0,21.932087590823,101.67458085212697,100.0,17.74345014479995,7.347012238760436,0.0036010111631256747,7.3434112275973105
2022-03-19 13:00:00,0.0,0.0,0.0,1.4493463394906763,1.1029259367320328,21.747754731338542,484.38479047018,30.137024702193123,136.85129076220872,0.0,21.747754731338542,115.10353603087017,100.0,15.891523280644243,7.566830313398982,0.1985822716478273,7.368248041751155
2022-03-19 14:00:00,0.0,0.0,0.0,0.0,0.020000016,20.298408391847865,375.8724615180736,27.3460144224398,107.31162047613466,0.0,20.298408391847865,87.0132120842868,100.0,18.915387077173143,7.223440400017534,0.0036010111631256747,7.219839388854409
2022-03-19 15:00:00,0.0,0.0,0.0,0.0,1.1027925738766422,20.298408391847865,311.3540326598112,24.729813520619103,89.75960356738612,0.0,20.298408391847865,69.46119517553825,100.0,22.614191223125264,7.892771452582379,0.19855825961048654,7.694213192971893
2022-03-19 16:00:00,0.0,0.0,0.0,0.0,0.020000016,20.298408391847865,155.80315020895657,18.168848444029894,46.005441251692005,0.0,20.298408391847865,25.70703285984414,100.0,44.12175568710869,7.74429755935235,0.0036010111631256747,7.7406965481892245
2022-03-19 17:00:00,0.0,0.0,0.0,0.0,0.020000016,26.234746474247864,53.59063991613271,13.874707497379147,6.889367144301905,19.34537932994596,6.889367144301904,0.0,26.260467777207356,99.99999999999999,10.777424345742496,7.948167940592033,2.8292564051504625
2022-03-19 18:00:00,0.0,0.0,0.0,0.0,1.102902594311246,38.10742263904787,0.0,12.2,0.0,38.10742263904787,0.0,0.0,0.0,0.0,16.506649587215836,16.506649587215836,0.0
2022-03-19 19:00:00,0.0,0.0,0.0,0.0,0.020000016,38.10742263904787,0.0,12.2,0.0,38.10742263904787,0.0,0.0,0.0,0.0,16.273184032678223,16.273184032678223,0.0
2022-03-19 20:00:00,0.0,0.0,0.0,0.0,1.1029751082811228,38.10742263904787,0.0,13.3,0.0,38.10742263904787,0.0,0.0,0.0,0.0,16.40967925276976,16.40967925276976,0.0
2022-03-19 21:00:00,0.0,0.022267438798896314,0.0,0.5556158717079088,0.04226745479889631,38.663038510755776,0.0,12.8,0.0,38.663038510755776,0.0,0.0,0.0,0.0,16.58806102288523,16.58806102288523,0.0
2022-03-19 22:00:00,0.0,0.45138486741786243,0.0,2.6578884465845594,0.4713848834178624,40.765311085632426,0.0,13.3,0.0,40.765311085632426,0.0,0.0,0.0,0.0,17.518769808904377,17.518769808904377,0.0
2022-03-19 23:00:00,0.0,1.679061924024407,0.0,5.381861352397896,2.7819743910333443,48.85012030356178,0.0,12.8,0.0,48.85012030356178,0.0,0.0,0.0,0.0,21.811027871789804,21.811027871789804,0.0
2022-03-20 00:00:00,0.0,3.026140434902603,0.0,6.912348436279292,3.046140450902603,50.38060738744318,0.0,12.2,0.0,50.38060738744318,0.0,0.0,0.0,0.0,22.86228176457589,22.86228176457589,0.0
2022-03-20 01:00:00,0.0,6.628939764355234,0.0,11.28674882853363,7.731846227916462,54.755007779697515,0.0,11.7,0.0,54.755007779697515,0.0,0.0,0.0,0.0,25.96534828162877,25.96534828162877,0.0
2022-03-20 02:00:00,0.0,10.687999265678597,0.0,14.704840646960806,10.707999281678598,58.173099598124686,0.0,10.0,0.0,58.173099598124686,0.0,0.0,0.0,0.0,28.10354760019174,28.10354760019174,0.0
2022-03-20 03:00:00,0.0,16.920903148411718,0.0,16.67913710218387,18.023938480989756,60.147396053347755,0.0,8.3,0.0,60.147396053347755,0.0,0.0,0.0,0.0,30.499506424175856,30.499506424175856,0.0
2022-03-20 04:00:00,0.0,16.917757834710617,0.0,15.90355762513437,16.937757850710618,63.579275930928354,0.0,7.8,0.0,63.579275930928354,0.0,0.0,0.0,0.0,31.066176150559404,31.066176150559404,0.0
2022-03-20 05:00:00,0.0,142.70017066453838,0.0,40.83459746264813,143.80315198706836,82.57397768604213,0.0,8.3,0.0,82.57397768604213,0.0,0.0,0.0,0.0,61.3614691814903,61.3614691814903,0.0
2022-03-20 06:00:00,0.0,118.63956236773163,0.0,40.83459746264813,119.74312306178703,98.76960946899328,26.903465764977412,10.240733305155544,1.7586949920087427,97.01091447698454,1.758694992008742,0.0,1.7806033672339756,99.99999999999997,64.69199350187424,63.92398019233897,0.768013309535263
2022-03-20 07:00:00,0.0,29.329588034271175,0.0,40.83459746264813,30.43372864111301,186.98067465638707,104.43563919149707,15.463613724734284,26.015950595500367,160.9647240608867,26.015950595500357,0.0,13.913710945427738,99.99999999999996,84.14611488636008,73.20068415182116,10.945430734538917
2022-03-20 08:00:00,0.0,6.642119575962386,0.0,40.83459746264813,8.83071122557652,178.6320965489585,204.4627717729799,20.289461617905623,59.91158931532421,118.72050723363428,59.91158931532421,0.0,33.539095421692025,100.0,70.63485117120688,47.47782366904776,23.157027502159117
2022-03-20 09:00:00,0.0,1.0812391082663069,0.0,40.83459746264813,3.2699142623944915,176.70550160109036,289.9782543204371,24.06182044751366,83.80363550263283,92.90186609845753,83.80363550263283,0.0,47.42559498335151,100.0,65.48737899010024,34.70881777904828,30.778561211051958
2022-03-20 10:00:00,0.0,0.0,0.0,40.83459746264813,2.189325895801468,178.6320965489585,317.0653472933188,26.008292102916215,90.97415357642411,87.65794297253437,90.97415357642411,0.0,50.92822361377281,100.0,64.67941477973027,31.94009126141464,32.73932351831563
2022-03-20 11:00:00,0.0,0.0,0.0,40.83459746264813,2.190147821571911,178.08774760651295,363.5049397429408,28.0595293669669,103.50431130288122,74.58343630363173,103.50431130288122,0.0,58.11983850319409,100.0,60.74827468609641,25.670663585549967,35.07761110054644
2022-03-20 12:00:00,0.0,0.0,0.0,40.83459746264813,2.1896487206667725,180.23759233884863,459.37678754112227,30.455524610660074,129.62997056797488,50.60762177087375,129.62997056797488,0.0,71.92171671061224,100.0,63.01960099298087,17.978371419432314,45.041229573548556
2022-03-20 13:00:00,0.0,0.0,0.0,40.83459746264813,2.1881596130989025,176.70550160109036,496.2219691559933,31.606936536124792,139.41834999587383,37.287151605216536,139.41834999587383,0.0,78.89870362418503,100.0,62.520982824909616,13.503582241610317,49.0174005832993
2022-03-20 14:00:00,0.0,0.0,0.0,40.83459746264813,1.104008888168764,176.70550160109036,408.7075154191008,28.8721098568469,116.0213880795035,60.684113521586866,116.0213880795035,0.0,65.65805084066923,100.0,63.053807704518334,21.784419857698538,41.2693878468198
2022-03-20 15:00:00,0.0,0.0,0.0,40.83459746264813,2.1888451241587825,179.59539402289255,257.0941204602161,24.134191264381755,74.28030321631309,105.31509080657946,74.28030321631309,0.0,41.35980414221802,100.0,65.59710824802171,38.629272763823174,26.967835484198538
2022-03-20 16:00:00,0.0,0.0,0.0,40.83459746264813,2.187457007392311,162.54230681990464,147.05579231826118,21.79549350994566,42.85422285394517,119.68808396595946,42.854222853945174,0.0,26.36496533879469,100.00000000000003,61.189551559890766,45.16078658582965,16.02876497406112
2022-03-20 17:00:00,0.0,0.0,0.0,40.83459746264813,1.1035814472122683,124.87217696065115,32.326884866327404,14.310215152072733,2.5029748808616574,122.36920207978949,2.5029748808616574,0.0,2.004429602961417,100.0,51.9307457678398,50.89381333419644,1.036932433643365
2022-03-20 18:00:00,0.0,0.22031626429976905,0.0,40.83459746264813,0.24031628029976906,134.17605986162698,0.0,12.2,0.0,134.17605986162698,0.0,0.0,0.0,0.0,57.308940514429864,57.308940514429864,0.0
2022-03-20 19:00:00,0.0,3.456982271025673,0.0,40.83459746264813,4.560455220524571,111.9853861309906,0.0,12.2,0.0,111.9853861309906,0.0,0.0,0.0,0.0,48.708862595277566,48.708862595277566,0.0
2022-03-20 20:00:00,0.0,6.1083522867066,0.0,40.83459746264813,7.211421400541835,110.70098949907849,0.0,11.7,0.0,110.70098949907849,0.0,0.0,0.0,0.0,48.80132101348177,48.80132101348177,0.0
2022-03-20 21:00:00,0.0,0.0,0.0,0.0,0.020000016,47.675718305793986,0.0,11.1,0.0,47.675718305793986,0.0,0.0,0.0,0.0,21.010237632470545,21.010237632470545,0.0
2022-03-20 22:00:00,0.0,0.0,0.0,0.0,1.1028174799157386,43.46825895116388,0.0,11.1,0.0,43.46825895116388,0.0,0.0,0.0,0.0,19.484559875405534,19.484559875405534,0.0
2022-03-20 23:00:00,0.0,0.0,0.0,0.0,0.020000016,43.46825895116388,0.0,10.6,0.0,43.46825895116388,0.0,0.0,0.0,0.0,19.05095740097363,19.05095740097363,0.0
2022-03-21 00:00:00,0.0,0.0,0.0,0.0,0.020000016,43.46825895116388,0.0,10.6,0.0,43.46825895116388,0.0,0.0,0.0,0.0,20.027471838311524,20.027471838311524,0.0
2022-03-21 01:00:00,0.0,0.0,0.0,0.0,1.102883112024651,43.46825895116388,0.0,10.6,0.0,43.46825895116388,0.0,0.0,0.0,0.0,20.608443527676265,20.608443527676265,0.0
2022-03-21 02:00:00,0.0,0.020584235440602422,0.0,0.5556158717079088,0.040584251440602424,44.02387482287179,0.0,10.0,0.0,44.02387482287179,0.0,0.0,0.0,0.0,20.555891023602104,20.555891023602104,0.0
2022-03-21 03:00:00,0.0,1.011577757008024,0.0,5.829342322704977,2.1144467497588604,49.29760127386885,0.0,10.0,0.0,49.29760127386885,0.0,0.0,0.0,0.0,23.345501590339275,23.345501590339275,0.0
2022-03-21 04:00:00,0.0,2.748053690334789,0.0,5.860647049463844,2.768053706334789,53.53636535525782,0.0,10.0,0.0,53.53636535525782,0.0,0.0,0.0,0.0,25.06007059563273,25.06007059563273,0.0
2022-03-21 05:00:00,0.0,91.12692532975832,0.0,40.83459746264813,92.22994960718218,82.57397768604213,0.0,10.0,0.0,82.57397768604213,0.0,0.0,0.0,0.0,53.023229129653316,53.023229129653316,0.0
2022-03-21 06:00:00,0.0,71.41051184491648,0.0,40.83459746264813,72.51398370527535,98.76960946899328,23.37500586727143,11.330468933352233,1.3225555735442496,97.44705389544903,1.3225555735442498,0.0,1.339030882732648,100.00000000000003,56.25059225635974,55.672205640159504,0.578386616200234
2022-03-21 07:00:00,0.0,10.438368062681715,0.0,40.83459746264813,11.542424463961247,186.98067465638707,34.59085235061116,11.680964135956598,2.892654576932496,184.08802007945457,2.8926545769325003,0.0,1.5470339821205101,100.00000000000016,77.04718490474343,75.88738951539524,1.15979538934819
2022-03-21 08:00:00,0.0,1.998705290546443,0.0,40.83459746264813,4.187289650042559,178.6320965489585,196.606000096107,18.343937503003342,58.01699544325246,120.61510110570603,58.016995443252455,0.0,32.47848318644767,99.99999999999999,67.60341272703035,45.89171252230197,21.711700204728373
2022-03-21 09:00:00,0.0,0.10528996152501958,0.0,40.83459746264813,2.293961827470299,176.70550160109036,129.2176409183908,16.23805127869971,38.421151139451986,138.28435046163838,38.42115113945198,0.0,21.743041835894317,99.99999999999997,61.408233819666584,48.14602086935055,13.262212950316034
2022-03-21 10:00:00,0.0,0.0,0.0,40.83459746264813,2.1893128796261103,178.6320965489585,118.20316462111873,14.29384889440996,33.466653218576184,145.1654433303823,33.4666532185762,0.0,18.734960774198743,100.00000000000004,60.01622155575193,48.84605671098776,11.170164844764173
2022-03-21 11:00:00,0.0,0.0,0.0,40.83459746264813,2.1900959060933136,178.08774760651295,163.77706916745473,15.118033411482962,48.892405078576346,129.1953425279366,48.89240507857636,0.0,27.454109412740017,100.00000000000003,59.75631658452471,43.459011199682855,16.297305384841856
2022-03-21 12:00:00,0.0,0.0,0.0,40.83459746264813,2.1895510315257045,180.23759233884863,288.0560266843429,21.201750833885715,84.12601776998126,96.11157456886737,84.12601776998126,0.0,46.67506743644436,100.0,59.450879075701344,31.88614809318929,27.564730982512053
2022-03-21 13:00:00,0.0,0.0,0.0,40.83459746264813,2.1881801811361536,176.70550160109036,229.95778090897826,19.38618065340557,67.60346809957494,109.10203350151542,67.60346809957494,0.0,38.2577041954181,100.0,58.05033733768566,35.992339748815844,22.057997588869817
2022-03-21 14:00:00,0.0,0.0,0.0,40.83459746264813,1.1040118025751262,176.70550160109036,346.2583234725749,23.020572608517966,100.4527521646885,76.25274943640186,100.4527521646885,0.0,56.84755214439156,100.0,60.99783971812971,26.435061280825337,34.562778437304374
2022-03-21 15:00:00,0.0,0.0,0.0,40.83459746264813,2.188886079484399,179.59539402289255,165.43242061481362,14.569763144212926,49.48322922379492,130.11216479909763,49.48322922379492,0.0,27.55261597493276,100.0,65.18853610064298,47.33597666128225,17.852559439360725
2022-03-21 16:00:00,0.0,0.0,0.0,40.83459746264813,2.1875292615395474,162.54230681990464,105.0834929649709,14.98385915515534,26.38488721521728,136.15741960468736,26.384887215217276,0.0,16.23262751183388,99.99999999999999,62.624000426965544,52.52241443218354,10.101585994782006
2022-03-21 17:00:00,0.0,0.0,0.0,40.83459746264813,1.1036004349972544,124.87217696065115,44.02290698910473,12.475715843409523,4.672105871448247,120.2000710892029,4.672105871448252,0.0,3.741510707321531,100.00000000000011,52.858549461416,50.88827569436755,1.9702737670484467
2022-03-21 18:00:00,0.0,0.09305545941051671,0.0,40.83459746264813,0.1130554754105167,134.17605986162698,0.0,10.6,0.0,134.17605986162698,0.0,0.0,0.0,0.0,58.1165769643523,58.1165769643523,0.0
2022-03-21 19:00:00,0.0,1.5112944967342412,0.0,40.83459746264813,2.6147603285839636,111.9853861309906,0.0,10.0,0.0,111.9853861309906,0.0,0.0,0.0,0.0,49.37928621882435,49.37928621882435,0.0
2022-03-21 20:00:00,0.0,4.846270781231325,0.0,40.83459746264813,5.949208604881539,110.70098949907849,0.0,10.0,0.0,110.70098949907849,0.0,0.0,0.0,0.0,49.05560838124167,49.05560838124167,0.0
2022-03-21 21:00:00,0.0,0.0,0.0,0.0,0.020000016,47.675718305793986,0.0,10.0,0.0,47.675718305793986,0.0,0.0,0.0,0.0,20.757317946858304,20.757317946858304,0.0
2022-03-21 22:00:00,0.0,0.0,0.0,0.0,1.102860590657198,43.46825895116388,0.0,8.9,0.0,43.46825895116388,0.0,0.0,0.0,0.0,19.13138803353418,19.13138803353418,0.0
2022-03-21 23:00:00,0.0,0.0,0.0,0.0,0.020000016,43.46825895116388,0.0,8.3,0.0,43.46825895116388,0.0,0.0,0.0,0.0,18.935114490868777,18.935114490868777,0.0
2022-03-22 00:00:00,0.0,0.0,0.0,0.0,1.1029135712353764,43.46825895116388,0.0,7.8,0.0,43.46825895116388,0.0,0.0,0.0,0.0,18.966435529989553,18.966435529989553,0.0
2022-03-22 01:00:00,0.0,0.0,0.0,0.0,0.020000016,43.46825895116388,0.0,8.3,0.0,43.46825895116388,0.0,0.0,0.0,0.0,19.30611608101696,19.30611608101696,0.0
2022-03-22 02:00:00,0.0,0.0,0.0,0.0,0.020000016,43.46825895116388,0.0,7.8,0.0,43.46825895116388,0.0,0.0,0.0,0.0,18.996187394695163,18.996187394695163,0.0
2022-03-22 03:00:00,0.0,0.2698530526296498,0.0,4.446211161374516,1.3728132473221308,47.9144701125384,0.0,6.7,0.0,47.9144701125384,0.0,0.0,0.0,0.0,21.213589425528767,21.213589425528767,0.0
2022-03-22 04:00:00,0.0,1.0321557330187292,0.0,5.2455235135634,1.0521557490187292,52.921241819357384,0.0,7.2,0.0,52.921241819357384,0.0,0.0,0.0,0.0,23.208329026282087,23.208329026282087,0.0
2022-03-22 05:00:00,0.0,81.71622819787304,0.0,40.83459746264813,82.81912031771375,82.57397768604213,0.0,7.8,0.0,82.57397768604213,0.0,0.0,0.0,0.0,50.293327738727015,50.293327738727015,0.0
2022-03-22 06:00:00,0.0,64.57851768179594,0.0,40.83459746264813,65.68203188102643,98.76960946899328,33.829041208213035,9.957157537756657,2.7834620781309622,95.98614739086231,2.7834620781309667,0.0,2.818136158576974,100.00000000000016,54.99777949100562,53.78114213396496,1.2166373570406606
2022-03-22 07:00:00,0.0,8.215583161540229,0.0,40.83459746264813,9.319749238447237,186.98067465638707,119.62279368996911,14.838212302811534,34.20894962094732,152.77172503543974,34.20894962094732,0.0,18.295446673199166,100.0,76.03462960044472,62.430756604682585,13.603872995762131
2022-03-22 08:00:00,0.0,0.7410016426184626,0.0,40.83459746264813,2.92954455093697,178.6320965489585,217.26949540815866,18.98967173150496,63.965140148635754,114.66695640032273,63.965140148635754,0.0,35.80831294285601,100.0,61.80631327020479,39.86339176791604,21.942921502288748
2022-03-22 09:00:00,0.0,0.0,0.0,40.83459746264813,2.1886399721893404,176.70550160109036,300.38625619809284,23.287070506190403,87.05953611816965,89.64596548292072,87.05953611816965,0.0,49.26815256420542,100.0,56.33195912018458,28.772392366616803,27.559566753567776
2022-03-22 10:00:00,0.0,0.0,0.0,40.83459746264813,2.189295373476882,178.6320965489585,351.206006664347,25.975187708260847,100.78237067774721,77.84972587121128,100.78237067774721,0.0,56.41895976411235,100.0,54.27230333923077,23.874828607262042,30.397474731968725
2022-03-22 11:00:00,0.0,0.0,0.0,40.83459746264813,2.190001889946038,178.08774760651295,366.4200161478792,25.850625504621227,105.19683182399937,72.89091578251357,105.19683182399937,0.0,59.07022422251814,100.0,53.33890767187778,22.064415554761876,31.2744921171159
2022-03-22 12:00:00,0.0,0.0,0.43662636979419894,40.83459746264813,2.1895413918859212,180.67421870864283,499.0262787864954,31.19457121207798,140.4255282192354,40.24869048940744,140.4255282192354,0.0,77.72305823316557,100.0,53.953293228323155,12.32554964301302,41.627743585310135
2022-03-22 13:00:00,0.0,0.0,0.884025073872501,40.83459746264813,2.188168692420179,177.58952667496288,530.6380611224915,32.18243941007786,148.76246619317538,28.8270604817875,148.76246619317538,0.0,83.76758977766248,100.0,53.03418022858493,8.938753811934857,44.09542641665007
2022-03-22 14:00:00,0.0,0.0,0.20902273243426883,40.83459746264813,1.104005734984172,176.9145243335246,462.9955398224779,30.068610619452436,130.84202494536063,46.072499388163976,130.84202494536063,0.0,73.9577631843801,100.0,53.83837589507328,14.167728141764663,39.670647753308614
2022-03-22 15:00:00,0.0,0.0,0.0,40.83459746264813,2.1888654106934293,179.59539402289255,336.964208348639,25.530131510894968,96.8553381808939,82.74005584199865,96.8553381808939,0.0,53.92974508497027,100.0,55.694221874198384,25.871010418228447,29.823211455969936
2022-03-22 16:00:00,0.0,0.0,0.0,40.83459746264813,2.1875184041756235,162.54230681990464,189.90033473609896,19.834385460503093,55.73659878078365,106.80570803912099,55.73659878078365,0.0,34.29051787885555,100.0,53.14534384988993,35.05658808157441,18.088755768315522
2022-03-22 17:00:00,0.0,0.0,0.0,40.83459746264813,1.103619995924482,124.87217696065115,57.00555054806305,15.081423454626972,7.761923021317741,117.1102539393334,7.761923021317742,0.0,6.215894693470127,100.00000000000003,46.11420670572428,43.260147610785744,2.8540590949385347
2022-03-22 18:00:00,0.0,0.0,0.0,40.83459746264813,0.020000016,134.17605986162698,0.0,12.8,0.0,134.17605986162698,0.0,0.0,0.0,0.0,54.37979103068608,54.37979103068608,0.0
2022-03-22 19:00:00,0.0,0.07862222603769387,0.0,40.83459746264813,1.1820187150272998,111.9853861309906,0.0,12.8,0.0,111.9853861309906,0.0,0.0,0.0,0.0,45.9554936320592,45.9554936320592,0.0
2022-03-22 20:00:00,0.0,1.5095362294635108,0.0,40.83459746264813,2.612543680957387,110.70098949907849,0.0,12.2,0.0,110.70098949907849,0.0,0.0,0.0,0.0,45.799123741840056,45.799123741840056,0.0
2022-03-22 21:00:00,0.0,0.0,0.0,0.0,0.020000016,47.675718305793986,0.0,13.3,0.0,47.675718305793986,0.0,0.0,0.0,0.0,19.74325541849407,19.74325541849407,0.0
2022-03-22 22:00:00,0.0,0.0,0.0,0.0,1.1029378266159375,43.46825895116388,0.0,12.2,0.0,43.46825895116388,0.0,0.0,0.0,0.0,17.90885715689905,17.90885715689905,0.0
2022-03-22 23:00:00,0.0,0.0,0.0,0.0,0.020000016,43.46825895116388,0.0,10.6,0.0,43.46825895116388,0.0,0.0,0.0,0.0,18.14464420184186,18.14464420184186,0.0
2022-03-23 00:00:00,0.0,0.0,0.0,0.0,1.1029801352635185,43.46825895116388,0.0,10.6,0.0,43.46825895116388,0.0,0.0,0.0,0.0,18.532634290537768,18.532634290537768,0.0
2022-03-23 01:00:00,0.0,0.0,0.0,0.0,0.020000016,43.46825895116388,0.0,10.0,0.0,43.46825895116388,0.0,0.0,0.0,0.0,19.00031687929552,19.00031687929552,0.0
2022-03-23 02:00:00,0.0,0.0,0.0,0.0,0.020000016,43.46825895116388,0.0,9.4,0.0,43.46825895116388,0.0,0.0,0.0,0.0,18.837528249523412,18.837528249523412,0.0
2022-03-23 03:00:00,0.0,0.0,0.0,0.0,1.1028581091104308,43.46825895116388,0.0,9.4,0.0,43.46825895116388,0.0,0.0,0.0,0.0,19.530860886491848,19.530860886491848,0.0
2022-03-23 04:00:00,0.0,0.0,0.0,0.0,0.020000016,47.675718305793986,0.0,10.0,0.0,47.675718305793986,0.0,0.0,0.0,0.0,21.09676906119556,21.09676906119556,0.0
2022-03-23 05:00:00,0.0,64.99702657358476,0.0,40.83459746264813,66.10001188551121,82.57397768604213,0.0,8.9,0.0,82.57397768604213,0.0,0.0,0.0,0.0,46.719477944152196,46.719477944152196,0.0
2022-03-23 06:00:00,0.0,47.76647076196013,0.0,40.83459746264813,48.87002927434894,98.76960946899328,42.70552207720386,10.73454756491262,4.42373464822742,94.34587482076586,4.423734648227423,0.0,4.478841894799802,100.00000000000009,50.40922393385008,48.54557088257159,1.8636530512784901
2022-03-23 07:00:00,0.0,2.9375292256224212,0.0,40.83459746264813,4.04157652379646,186.98067465638707,113.08919536896667,16.33403735528021,30.411046014359652,156.56962864202742,30.41104601435964,0.0,16.2642722678404,99.99999999999997,70.52944318276671,59.17669559514612,11.352747587620591
2022-03-23 08:00:00,0.0,0.0,0.0,40.83459746264813,2.188560151001235,178.6320965489585,218.1249573779995,20.716404918062487,63.81564066958659,114.81645587937189,63.8156406695866,0.0,35.72462166791866,100.00000000000003,60.429619330162154,38.98213973572414,21.447479594438015
2022-03-23 09:00:00,0.0,0.0,0.0,40.83459746264813,2.188653502016905,176.70550160109036,278.289383521247,23.696543235038966,80.53387625826637,96.17162534282399,80.53387625826637,0.0,45.57519461961644,100.0,56.5033658927887,30.93144416450138,25.57192172828732
2022-03-23 10:00:00,0.0,0.0,0.0,40.83459746264813,2.1892691931145714,178.6320965489585,339.50411130789587,25.60950347837175,97.55668058165864,81.07541596729985,97.55668058165864,0.0,54.61318680482533,100.0,55.4209030062555,25.36905533647846,30.05184766977704
2022-03-23 11:00:00,0.0,0.0,0.9646554209290146,40.83459746264813,2.190100074807668,179.05240302744193,345.0273493952993,26.382104668603105,98.8597304429293,80.19267258451262,98.8597304429293,0.0,55.21273592054381,100.0,52.8450441062682,23.885568968968705,28.959475137299492
2022-03-23 12:00:00,0.0,0.0,3.4541664357625312,40.83459746264813,2.1898433662040313,183.69175877461112,433.2322292778252,29.138507164932037,122.86033083173544,60.83142794287568,122.86033083173544,0.0,66.88396455634378,100.0,54.42262075451661,18.286325948632417,36.13629480588419
2022-03-23 13:00:00,0.0,0.0,4.020400167528841,40.83459746264813,2.1881290434811045,180.7259017686192,232.74719916730677,21.17334997397834,67.9802615561036,112.7456402125156,67.9802615561036,0.0,37.615118193261395,100.0,52.91292059437866,33.15785658617495,19.75506400820371
2022-03-23 14:00:00,0.0,0.0,3.9190514872306803,40.83459746264813,1.1039911176759933,180.62455308832102,148.93945906964674,17.954358095926462,44.012777246615244,136.61177584170576,44.01277724661526,0.0,24.366995789932325,100.00000000000003,52.62956620563027,39.85375729036903,12.775808915261237
2022-03-23 15:00:00,0.0,0.0,3.8095614099816273,40.83459746264813,2.188783049704786,183.40495543287417,142.537126940969,17.75428521690528,42.15122651574383,141.25372891713033,42.15122651574384,0.0,22.982599579306953,100.00000000000004,54.37750587662152,41.97071386397747,12.406792012644047
2022-03-23 16:00:00,0.0,0.0,1.9872129578082294,40.83459746264813,1.1037126341303256,164.52951977771286,79.95337649048753,15.298543015327736,15.257100028259906,149.27241974945295,15.257100028259913,0.0,9.273168759547207,100.00000000000004,50.6171499575225,45.94176422486253,4.675385732659969
2022-03-23 17:00:00,0.0,0.0,0.0,40.83459746264813,1.1037223956079256,124.87217696065115,22.067299747292378,13.489603117102888,1.1697519565856902,123.70242500406546,1.169751956585685,0.0,0.9367594808203665,99.99999999999957,43.92022099363105,43.5106557410717,0.4095652525593465
2022-03-23 18:00:00,0.0,0.0,0.0,40.83459746264813,1.1033306393331896,134.17605986162698,0.0,12.8,0.0,134.17605986162698,0.0,0.0,0.0,0.0,53.54504389860372,53.54504389860372,0.0
2022-03-23 19:00:00,0.0,0.0,0.0,40.83459746264813,1.1034611764434048,111.9853861309906,0.0,12.8,0.0,111.9853861309906,0.0,0.0,0.0,0.0,45.35118632979492,45.35118632979492,0.0
2022-03-23 20:00:00,0.0,0.03305357074133679,0.0,40.83459746264811,1.1361062123489778,110.70098949907849,0.0,12.2,0.0,110.70098949907849,0.0,0.0,0.0,0.0,45.274803753720455,45.274803753720455,0.0
2022-03-23 21:00:00,0.0,0.0,0.0,0.0,0.020000016,47.675718305793986,0.0,12.2,0.0,47.675718305793986,0.0,0.0,0.0,0.0,20.071264360437933,20.071264360437933,0.0
2022-03-23 22:00:00,0.0,0.0,0.0,0.0,1.1028829962455946,43.46825895116388,0.0,12.8,0.0,43.46825895116388,0.0,0.0,0.0,0.0,18.397865197868757,18.397865197868757,0.0
2022-03-23 23:00:00,0.0,0.0,0.0,0.0,0.020000016,43.46825895116388,0.0,12.8,0.0,43.46825895116388,0.0,0.0,0.0,0.0,18.685172001899584,18.685172001899584,0.0
2022-03-24 00:00:00,0.0,0.0,0.0,0.0,0.020000016,43.46825895116388,0.0,12.8,0.0,43.46825895116388,0.0,0.0,0.0,0.0,19.93271103379799,19.93271103379799,0.0
2022-03-24 01:00:00,0.0,0.0,0.0,0.0,1.1029400491215915,43.46825895116388,0.0,11.7,0.0,43.46825895116388,0.0,0.0,0.0,0.0,20.460879040084947,20.460879040084947,0.0
2022-03-24 02:00:00,0.0,0.0,0.0,0.0,0.020000016,43.46825895116388,0.0,11.1,0.0,43.46825895116388,0.0,0.0,0.0,0.0,19.55366781574384,19.55366781574384,0.0
2022-03-24 03:00:00,0.0,0.0,0.0,0.0,1.1029826210050457,43.46825895116388,0.0,12.2,0.0,43.46825895116388,0.0,0.0,0.0,0.0,19.47785202898962,19.47785202898962,0.0
2022-03-24 04:00:00,0.0,0.0,0.0,0.0,0.020000016,47.675718305793986,0.0,12.2,0.0,47.675718305793986,0.0,0.0,0.0,0.0,20.797603928826703,20.797603928826703,0.0
2022-03-24 05:00:00,0.0,52.948723233917526,0.0,40.83459746264813,54.051775430924415,82.57397768604213,0.0,12.2,0.0,82.57397768604213,0.0,0.0,0.0,0.0,44.94736881380679,44.94736881380679,0.0
2022-03-24 06:00:00,0.0,34.870180390831266,0.0,40.83459746264813,35.973699237303684,98.76960946899328,38.70611585850368,12.30956612057824,3.613844911754482,95.1557645572388,3.6138449117544837,0.0,3.6588632183353695,100.00000000000004,48.13661917483858,46.61235359873422,1.5242655761043622
2022-03-24 07:00:00,0.0,1.05952082325538,0.0,40.83459746264813,2.1636832411424685,186.98067465638707,125.38600510733939,16.118312659604356,37.29786350283952,149.68281115354756,37.297863502839505,0.0,19.94744300253569,99.99999999999997,68.06255273859634,54.56352349033115,13.499029248265188
2022-03-24 08:00:00,0.0,0.0,0.0,40.83459746264813,2.1885461697451127,178.6320965489585,221.48263071551744,21.32133220985992,64.65520698864927,113.97688956030922,64.65520698864927,0.0,36.19461912933935,100.0,56.30768118496399,36.06995484544688,20.23772633951711
2022-03-24 09:00:00,0.0,0.0,0.0,40.83459746264813,2.1886415320377672,176.70550160109036,298.6491976570481,26.032787426782754,85.68229405032575,91.02320755076461,85.68229405032575,0.0,48.48875291033782,100.0,52.60877448230097,27.29051341337021,25.318261068930763
2022-03-24 10:00:00,0.0,0.0,0.6899150141002691,40.83459746264813,2.189263970309428,179.32201156305877,344.9521542317989,27.479754819743714,98.43470962380314,80.88730193925562,98.43470962380314,0.0,54.8927088012218,100.0,51.77979690791565,23.572838691666743,28.20695821624891
2022-03-24 11:00:00,0.0,0.0,4.882674333517167,40.83459746264813,2.190058472453982,182.97042194003012,336.6259250177126,26.619560156803523,96.3673162718,86.60310566823013,96.3673162718,0.0,52.668248370430646,100.0,54.07692787999862,25.803239122433865,28.273688757564756
2022-03-24 12:00:00,0.0,0.0,10.458314208138912,40.83459746264813,2.189766810532908,190.69590654698752,507.7702491610604,32.56782028628314,142.14303572811366,48.552870818873856,142.14303572811366,0.0,74.53911219278825,100.0,57.17302111588661,14.850642943019412,42.322378172867204
2022-03-24 13:00:00,0.0,0.0,15.62626605588664,40.83459746264813,2.188064823262223,192.33176765697698,466.4313547938279,30.675979837307125,131.51110216960132,60.82066548737566,131.51110216960132,0.0,68.37721286072247,100.0,57.35686160450778,18.40721847493696,38.949643129570816
2022-03-24 14:00:00,0.0,0.0,23.058413709149264,40.83459746264813,1.103991970860528,199.76391531023958,434.2283629350388,30.269636341719963,122.61943536650062,77.14447994373896,122.61943536650062,0.0,61.38217464153565,100.0,60.28875875643074,23.404219501010523,36.884539255420215
2022-03-24 15:00:00,0.0,0.0,13.648436386571996,40.83459746264813,2.1888935765237303,193.24383040946455,121.84524802650493,18.80766400082828,34.98950426321091,158.25432614625365,34.989504263210904,0.0,18.106401735606052,99.99999999999997,59.87746085239818,49.10716659761791,10.770294254780268
2022-03-24 16:00:00,0.0,0.0,4.773515961720113,40.83459746264813,1.1037069485214834,167.31582278162475,160.62175241209525,21.719429762877976,46.82056230477101,120.49526047685373,46.820562304771016,0.0,27.983344029500255,100.00000000000003,54.41490552818771,39.243404621761236,15.171500906426473
2022-03-24 17:00:00,0.0,0.0,0.0,40.83459746264813,1.1035180242200948,121.90400791945115,48.69808467871473,18.721815146209835,5.590867457565091,116.31314046188605,5.590867457565096,0.0,4.586286827631867,100.00000000000009,45.5835510256569,43.50207107120542,2.0814799544514813
2022-03-24 18:00:00,0.0,0.0,0.0,40.83459746264813,1.1032997961411826,134.17605986162698,0.0,15.0,0.0,134.17605986162698,0.0,0.0,0.0,0.0,54.7794580960012,54.7794580960012,0.0
2022-03-24 19:00:00,0.0,0.0,0.0,40.83459746264813,1.103395564748,111.9853861309906,0.0,13.9,0.0,111.9853861309906,0.0,0.0,0.0,0.0,48.34734352231665,48.34734352231665,0.0
2022-03-24 20:00:00,0.0,0.0,0.0,40.83459746264813,0.9792162323275344,110.70098949907849,0.0,12.2,0.0,110.70098949907849,0.0,0.0,0.0,0.0,47.88456022761,47.88456022761,0.0
2022-03-24 21:00:00,0.0,0.0,0.0,0.0,0.1437722781016627,47.675718305793986,0.0,12.8,0.0,47.675718305793986,0.0,0.0,0.0,0.0,20.726444767994817,20.726444767994817,0.0
2022-03-24 22:00:00,0.0,0.0,0.0,0.0,0.020000016,43.46825895116388,0.0,13.9,0.0,43.46825895116388,0.0,0.0,0.0,0.0,19.239174962232166,19.239174962232166,0.0
2022-03-24 23:00:00,0.0,0.0,0.0,0.0,1.1028887924001234,38.10742263904787,0.0,14.4,0.0,38.10742263904787,0.0,0.0,0.0,0.0,17.453426017643164,17.453426017643164,0.0
2022-03-25 00:00:00,0.0,0.0,0.0,0.0,0.020000016,38.10742263904787,0.0,13.9,0.0,38.10742263904787,0.0,0.0,0.0,0.0,17.51167526844728,17.51167526844728,0.0
2022-03-25 01:00:00,0.0,0.0,0.0,0.0,1.1029501241322124,38.10742263904787,0.0,13.3,0.0,38.10742263904787,0.0,0.0,0.0,0.0,17.843275994044387,17.843275994044387,0.0
2022-03-25 02:00:00,0.0,0.0,0.0,0.0,0.020000016,38.10742263904787,0.0,10.6,0.0,38.10742263904787,0.0,0.0,0.0,0.0,17.43641310873516,17.43641310873516,0.0
2022-03-25 03:00:00,0.0,0.0,0.0,0.0,0.020000016,38.10742263904787,0.0,8.9,0.0,38.10742263904787,0.0,0.0,0.0,0.0,17.713835145547428,17.713835145547428,0.0
2022-03-25 04:00:00,0.0,0.0,0.0,0.0,1.103068379437494,38.10742263904787,0.0,10.0,0.0,38.10742263904787,0.0,0.0,0.0,0.0,17.497091351285324,17.497091351285324,0.0
2022-03-25 05:00:00,0.0,21.7389810816859,0.0,40.83459746264813,21.7589810976859,82.57397768604213,0.0,9.4,0.0,82.57397768604213,0.0,0.0,0.0,0.0,39.65779544934071,39.65779544934071,0.0
2022-03-25 06:00:00,0.0,20.61998760469407,0.0,40.83459746264813,21.723115560429473,75.83888804889047,39.20532348011383,12.325166358753556,3.7074599239415753,72.1314281249489,3.7074599239415704,0.0,4.888600056413685,99.99999999999987,36.965256114212686,35.34937824366237,1.6158778705503138
2022-03-25 07:00:00,0.0,0.4757326074819453,0.0,40.83459746264813,1.5789757791498558,114.21720088209123,131.44917486098174,19.707786714405678,38.59865453330687,75.61854634878436,38.59865453330687,0.0,33.79408200797449,100.0,45.102553783043184,29.95663473744623,15.145919045596955
2022-03-25 08:00:00,0.0,0.0,0.0,40.83459746264813,1.103559136316454,116.46489498793738,238.3021177438853,26.346941179496415,68.28897475651641,48.175920231420974,68.28897475651641,0.0,58.63481417605648,100.0,39.43280777855663,16.42795940745516,23.00484837110147
2022-03-25 09:00:00,0.0,0.0,0.0,40.83459746264813,1.1035165365706792,115.50159751400331,326.562318622469,31.305072456952157,91.85587834295711,23.645719171046196,91.85587834295711,0.0,79.52779902617415,100.0,35.68828696953358,7.464190510484862,28.224096459048717
2022-03-25 10:00:00,0.0,0.0,0.0,40.83459746264813,1.1036295404761602,117.74929161984949,383.7277789348415,32.5914930917138,107.40943636939473,10.339855250454761,107.40943636939473,0.0,91.21875375366443,100.0,34.46728529591812,3.2079170293331796,31.259368266584936
2022-03-25 11:00:00,0.0,0.0,1.6144041015286246,40.83459746264813,1.1034811230662867,118.07929908946606,405.24655397339325,32.66395481166854,113.40147635931407,4.677822730151988,113.40147635931407,0.0,96.03840574408584,100.0,39.27053190538609,1.7465503854708633,37.52398151991523
2022-03-25 12:00:00,0.0,0.0,3.4793154783935583,40.83459746264813,1.1034574408168134,117.37541720250674,523.4610779343451,36.35815868544829,144.4212081145898,0.0,117.37541720250674,27.045790912083064,100.0,81.27297834911906,40.31348742939311,0.19867796917839636,40.114809460214715
2022-03-25 13:00:00,0.0,0.0,2.9921849050913325,40.83459746264813,1.1033188630168134,77.78932088872969,526.4719813868351,37.0522494183386,144.8625157489449,0.0,77.78932088872969,67.07319486021521,100.0,53.69872287979802,25.533467991834048,0.19865301818811906,25.33481497364593
2022-03-25 14:00:00,0.0,0.0,0.4658428241129782,40.83459746264813,0.020000016,73.97858217583926,443.62322936005035,32.76322591750157,124.09361975764446,0.0,73.97858217583926,50.1150375818052,100.0,59.61513760362527,21.73443963240503,0.0036010111631256747,21.730838621241904
2022-03-25 15:00:00,0.0,0.0,0.12068368160513299,40.83459746264813,1.1032916610700887,73.95452219130942,314.8774322890109,28.73991975903159,89.42983253725102,0.0,73.95452219130942,15.475310345941594,100.0,82.69558389310913,22.27998935634751,0.19864812046634653,22.081341235881165
2022-03-25 16:00:00,0.0,0.0,0.0,40.83459746264813,1.1029757927853694,63.05960080236413,165.52482439385446,24.07265076230795,47.83471830052452,15.224882501839609,47.83471830052452,0.0,75.8563607949944,100.0,19.5774371708254,4.8773498898912075,14.700087280934195
2022-03-25 17:00:00,0.0,0.0,0.0,0.0,0.020000016,23.266577433047868,43.33878101949858,18.05433690685933,4.4386997714566325,18.827877661591234,4.438699771456633,0.0,19.077579348442974,100.00000000000003,8.499042762179059,6.87831812112824,1.6207246410508187
2022-03-25 18:00:00,0.0,0.0,0.0,0.0,1.103003714886643,38.10742263904787,0.0,17.8,0.0,38.10742263904787,0.0,0.0,0.0,0.0,15.978308379126911,15.978308379126911,0.0
2022-03-25 19:00:00,0.0,0.0,0.0,0.0,0.020000016,38.10742263904787,0.0,17.8,0.0,38.10742263904787,0.0,0.0,0.0,0.0,15.820467851726333,15.820467851726333,0.0
2022-03-25 20:00:00,0.0,0.0,0.0,0.0,1.1029996122600063,38.10742263904787,0.0,17.2,0.0,38.10742263904787,0.0,0.0,0.0,0.0,15.815207871552163,15.815207871552163,0.0
2022-03-25 21:00:00,0.0,0.0,0.0,0.0,0.020000016,38.10742263904787,0.0,16.7,0.0,38.10742263904787,0.0,0.0,0.0,0.0,15.596396206608732,15.596396206608732,0.0
2022-03-25 22:00:00,0.0,0.0,0.0,0.0,1.1029649417626741,38.10742263904787,0.0,15.6,0.0,38.10742263904787,0.0,0.0,0.0,0.0,16.07814284532419,16.07814284532419,0.0
2022-03-25 23:00:00,0.0,0.0,0.0,0.0,0.020000016,38.10742263904787,0.0,13.9,0.0,38.10742263904787,0.0,0.0,0.0,0.0,16.079407788558665,16.079407788558665,0.0
2022-03-26 00:00:00,0.0,0.0,0.0,0.0,0.020000016,38.10742263904787,0.0,12.8,0.0,38.10742263904787,0.0,0.0,0.0,0.0,16.539173842698776,16.539173842698776,0.0
2022-03-26 01:00:00,0.0,0.0,0.0,0.0,1.1028908696003645,38.10742263904787,0.0,11.7,0.0,38.10742263904787,0.0,0.0,0.0,0.0,16.938785648903583,16.938785648903583,0.0
2022-03-26 02:00:00,0.0,0.0,0.0,0.0,0.020000016,38.10742263904787,0.0,11.1,0.0,38.10742263904787,0.0,0.0,0.0,0.0,16.836221202170158,16.836221202170158,0.0
2022-03-26 03:00:00,0.0,0.0,0.0,0.0,0.020000016,38.10742263904787,0.0,10.6,0.0,38.10742263904787,0.0,0.0,0.0,0.0,16.783061347588685,16.783061347588685,0.0
2022-03-26 04:00:00,0.0,0.0,0.0,0.0,1.102907746693941,38.10742263904787,0.0,10.0,0.0,38.10742263904787,0.0,0.0,0.0,0.0,16.55466586742967,16.55466586742967,0.0
2022-03-26 05:00:00,0.0,0.0,0.0,0.0,0.020000016,32.17108455664786,0.0,11.7,0.0,32.17108455664786,0.0,0.0,0.0,0.0,13.23749835438579,13.23749835438579,0.0
2022-03-26 06:00:00,0.0,0.0,0.0,0.0,1.102870983953456,20.298408391847865,40.81686228324299,14.075526946351344,3.9936557724941437,16.30475261935372,3.9936557724941437,0.0,19.6747237290686,100.0,8.42105164874702,6.803301568425093,1.6177500803219278
2022-03-26 07:00:00,0.0,0.0,0.0,0.0,0.020000016,20.298408391847865,135.13687114255697,20.323027223204907,39.592911620797764,0.0,20.298408391847865,19.2945032289499,100.0,51.26778395652345,7.44398260719496,0.0036010111631256747,7.440381596031835
2022-03-26 08:00:00,0.0,0.0,0.0,0.0,0.020000016,20.298408391847865,243.13501754601208,26.997969298312874,69.50524182754343,0.0,20.298408391847865,49.206833435695565,100.0,29.204140375789677,6.491581285449458,0.0036010111631256747,6.487980274286333
2022-03-26 09:00:00,0.0,0.0,0.0,0.0,1.1029201358554022,20.298408391847865,333.70814076081115,32.62837939877535,93.39529744164459,0.0,20.298408391847865,73.09688904979672,100.0,21.7338655669797,6.322611039018088,0.1985812271975877,6.1240298118205
2022-03-26 10:00:00,0.0,0.0,0.0,0.0,0.020000016,20.298408391847865,390.8753688613164,34.41485527691614,108.650660905007,0.0,20.298408391847865,88.35225251315913,100.0,18.682268679060048,5.920587057386777,0.0036010111631256747,5.916986046223652
2022-03-26 11:00:00,0.0,0.0,0.0,0.30948922118864614,1.1029983695733747,20.607897613036513,394.7950327964955,32.33734477489048,110.61419555336826,0.0,20.607897613036513,90.00629794033175,100.0,18.630427595609806,6.111104177879146,0.1985953132109065,5.91250886466824
2022-03-26 12:00:00,0.0,0.0,0.0,3.8438084602621903,0.020000016,24.142216852110053,506.2852800821802,34.72141500256813,140.56548065507812,0.0,24.142216852110053,116.42326380296807,100.0,17.175067975152892,7.058318908602466,0.0036010111631256747,7.054717897439341
2022-03-26 13:00:00,0.0,0.0,0.0,3.879479124182386,1.1030690654273723,24.17788751603025,505.2009484484475,35.18752963901399,140.0134967410563,0.0,24.17788751603025,115.83560922502603,100.0,17.26825490312931,7.342327576952573,0.19860804202869503,7.143719534923878
2022-03-26 14:00:00,0.0,0.0,0.0,0.6189784423772923,0.020000016,20.91738683422516,441.51173223642866,32.6972416323884,123.5340198824151,0.0,20.91738683422516,102.61663304818994,100.0,16.932491028896504,6.340523352591637,0.0036010111631256747,6.336922341428512
2022-03-26 15:00:00,0.0,0.0,0.0,2.0058747915717525,0.020000016,22.304283183419617,313.4711022429402,27.595971945091883,89.4125324594786,0.0,22.304283183419617,67.10824927605898,100.0,24.945365677376188,6.9041001424494866,0.0036010111631256747,6.900499131286361
2022-03-26 16:00:00,0.0,0.0,0.0,5.037248536395432,1.1029515173891882,25.3356569282433,143.5270031945284,21.685218849829013,41.8427474204242,0.0,25.3356569282433,16.507090492180904,100.0,60.54969735538089,8.791808316092661,0.19858687745574147,8.59322143863692
2022-03-26 17:00:00,0.0,0.0,0.0,3.6185549905122283,0.020000016,26.88513242356009,36.0028249838015,17.225088280743797,3.072364450397585,23.812767973162504,3.072364450397586,0.0,11.427745275694456,100.00000000000004,9.98282446414016,8.842424227441583,1.1404002366985768
2022-03-26 18:00:00,0.0,0.0,0.0,0.0,1.1028224816009833,38.10742263904787,0.0,14.4,0.0,38.10742263904787,0.0,0.0,0.0,0.0,15.597773132947882,15.597773132947882,0.0
2022-03-26 19:00:00,0.0,0.0,0.0,0.0,0.020000016,38.10742263904787,0.0,13.9,0.0,38.10742263904787,0.0,0.0,0.0,0.0,15.395951163527341,15.395951163527341,0.0
2022-03-26 20:00:00,0.0,0.0,0.0,0.0,0.020000016,38.10742263904787,0.0,13.3,0.0,38.10742263904787,0.0,0.0,0.0,0.0,15.113956235998385,15.113956235998385,0.0
2022-03-26 21:00:00,0.0,0.0,0.0,0.0,1.102799265708703,38.10742263904787,0.0,13.3,0.0,38.10742263904787,0.0,0.0,0.0,0.0,14.58449258494458,14.58449258494458,0.0
2022-03-26 22:00:00,0.0,0.0,0.0,0.0,0.020000016,38.10742263904787,0.0,12.8,0.0,38.10742263904787,0.0,0.0,0.0,0.0,14.703348757062646,14.703348757062646,0.0
2022-03-26 23:00:00,0.0,0.0,0.0,0.0,1.1029247794339598,43.46825895116388,0.0,12.2,0.0,43.46825895116388,0.0,0.0,0.0,0.0,16.978634066193624,16.978634066193624,0.0
2022-03-27 00:00:00,0.0,0.0,0.0,0.0,0.020000016,43.46825895116388,0.0,12.2,0.0,43.46825895116388,0.0,0.0,0.0,0.0,17.175084685936152,17.175084685936152,0.0
2022-03-27 01:00:00,0.0,0.0,0.0,0.0,1.102980422123739,43.46825895116388,0.0,11.7,0.0,43.46825895116388,0.0,0.0,0.0,0.0,17.741729370570642,17.741729370570642,0.0
2022-03-27 02:00:00,0.0,0.0,0.0,0.0,0.020000016,43.46825895116388,0.0,11.7,0.0,43.46825895116388,0.0,0.0,0.0,0.0,18.07140018550915,18.07140018550915,0.0
2022-03-27 03:00:00,0.0,0.0,0.0,0.0,0.020000016,43.46825895116388,0.0,10.6,0.0,43.46825895116388,0.0,0.0,0.0,0.0,18.01228335333557,18.01228335333557,0.0
2022-03-27 04:00:00,0.0,0.0,0.0,0.0,1.1030794695510893,47.675718305793986,0.0,10.6,0.0,47.675718305793986,0.0,0.0,0.0,0.0,19.757096593064404,19.757096593064404,0.0
2022-03-27 05:00:00,0.0,40.89009926785455,0.0,40.83459746264813,40.91009928385455,79.60580864484213,0.0,11.1,0.0,79.60580864484213,0.0,0.0,0.0,0.0,39.218154501600196,39.218154501600196,0.0
2022-03-27 06:00:00,0.0,22.898623741560193,0.0,40.83459746264813,24.002193366401578,98.76960946899328,41.13084903358532,12.98533903229954,4.071057563202948,94.69855190579034,4.071057563202942,0.0,4.121771448818948,99.99999999999984,44.82307091416715,43.15369304980015,1.669377864367
2022-03-27 07:00:00,0.0,0.09472354683817996,0.0,40.83459746264813,2.2829497292217025,186.98067465638707,67.91856761921346,15.422455238100422,11.004825377367233,175.97584927901983,11.00482537736724,0.0,5.885541592782635,100.00000000000007,72.52855735574748,68.28405123182382,4.244506123923657
2022-03-27 08:00:00,0.0,0.0,0.0,40.83459746264813,1.1042218325031041,178.6320965489585,206.55308958557137,20.854784049549107,60.399664152008235,118.23243239695026,60.39966415200823,0.0,33.81232450320272,99.99999999999999,65.14587326148838,43.18576336910123,21.960109892387145
2022-03-27 09:00:00,0.0,0.0,0.0,40.83459746264813,2.188557649358585,176.70550160109036,251.5382828928847,24.560571340402646,72.56080957699992,104.14469202409045,72.56080957699992,0.0,41.063129851386684,100.0,61.843388892862826,36.610367362461105,25.23302153040172
2022-03-27 10:00:00,0.0,0.0,0.8160311702334254,40.83459746264813,2.1891998330383675,179.44812771919192,386.81541300575094,29.287981656429718,109.63537362512555,69.81275409406636,109.63537362512555,0.0,61.095858183980425,100.0,61.0027714736782,23.973424031792046,37.02934744188616
2022-03-27 11:00:00,0.0,0.0,4.11700878722428,40.83459746264813,2.189885864202869,182.2047563937372,381.05882133670815,29.708088166772132,107.83319177798323,74.37156461575397,107.83319177798323,0.0,59.18242416512992,100.0,61.151376899990034,25.193859935662637,35.9575169643274
2022-03-27 12:00:00,0.0,0.0,8.786665942636438,40.83459746264813,3.2743387701542996,189.02425828148503,527.0861814335851,33.67144316979953,146.93039116485107,42.09386711663396,146.93039116485107,0.0,77.73097088208118,100.0,63.11688044845464,14.51377635503355,48.60310409342109
2022-03-27 13:00:00,0.0,0.0,16.775394954446476,40.83459746264813,1.104015163562967,193.48089655553684,543.2868921407575,34.17771537939867,151.15340218138024,42.3274943741566,151.15340218138024,0.0,78.1231660966555,100.0,61.665724414118294,13.645800075115613,48.019924339002685
2022-03-27 14:00:00,0.0,0.0,23.40088968921426,40.83459746264813,2.187947431967384,200.10639129030463,422.63630540125683,29.30738454378928,119.77937688095926,80.32701440934537,119.77937688095926,0.0,59.857846672767764,100.0,65.94479250006765,26.707464221403015,39.237328278664634
2022-03-27 15:00:00,0.0,0.0,32.38293794526636,40.83459746264813,2.188702100784013,211.97833196815893,324.7749832991301,25.749218228097817,93.27590557929044,118.70242638886849,93.27590557929044,0.0,44.00256607043277,100.0,71.05281411456902,39.96115650782414,31.091657606744874
2022-03-27 16:00:00,0.0,0.0,29.09407670369967,40.83459746264813,1.1037083257864821,191.6363835236043,187.75875923813382,20.867461226191683,54.901343388391666,136.73504013521264,54.901343388391666,0.0,28.64870562620972,100.0,68.42127567552421,48.87639742925678,19.544878246267437
2022-03-27 17:00:00,0.0,0.0,6.794842142035505,40.83459746264813,1.103517949464539,128.6988500614867,56.7250886416812,15.072659020052537,7.6859754642189095,121.01287459726778,7.685975464218913,0.0,5.972062268269599,100.00000000000004,48.99614485309878,46.08193039608554,2.9142144570132373
2022-03-27 18:00:00,0.0,0.0,0.04639864692679774,40.83459746264813,1.103336829273752,134.22245850855376,0.0,12.8,0.0,134.22245850855376,0.0,0.0,0.0,0.0,54.123871183416675,54.123871183416675,0.0
2022-03-27 19:00:00,0.0,0.0,0.0,40.83459746264813,0.020000016,111.9853861309906,0.0,12.8,0.0,111.9853861309906,0.0,0.0,0.0,0.0,45.581093239545645,45.581093239545645,0.0
2022-03-27 20:00:00,0.0,0.0,0.0,40.83459746264813,1.1029572534256729,110.70098949907849,0.0,12.2,0.0,110.70098949907849,0.0,0.0,0.0,0.0,45.49853982314939,45.49853982314939,0.0
2022-03-27 21:00:00,0.0,0.0,0.0,0.0,0.020000016,47.675718305793986,0.0,12.8,0.0,47.675718305793986,0.0,0.0,0.0,0.0,19.767570034830026,19.767570034830026,0.0
2022-03-27 22:00:00,0.0,0.0,0.0,0.0,1.1028674489895272,43.46825895116388,0.0,12.8,0.0,43.46825895116388,0.0,0.0,0.0,0.0,18.23616047528053,18.23616047528053,0.0
2022-03-27 23:00:00,0.0,0.0,0.0,0.0,0.020000016,43.46825895116388,0.0,13.3,0.0,43.46825895116388,0.0,0.0,0.0,0.0,18.382415578304727,18.382415578304727,0.0
2022-03-28 00:00:00,0.0,0.0,0.0,0.0,1.1029454702244792,43.46825895116388,0.0,13.3,0.0,43.46825895116388,0.0,0.0,0.0,0.0,18.186620707831867,18.186620707831867,0.0
2022-03-28 01:00:00,0.0,0.0,0.0,0.0,0.020000016,43.46825895116388,0.0,13.3,0.0,43.46825895116388,0.0,0.0,0.0,0.0,18.04336315848565,18.04336315848565,0.0
2022-03-28 02:00:00,0.0,0.0,0.0,0.0,0.020000016,43.46825895116388,0.0,12.2,0.0,43.46825895116388,0.0,0.0,0.0,0.0,18.455007570753175,18.455007570753175,0.0
2022-03-28 03:00:00,0.0,0.0,0.0,0.0,1.1028417909363248,43.46825895116388,0.0,11.7,0.0,43.46825895116388,0.0,0.0,0.0,0.0,18.696919400419766,18.696919400419766,0.0
2022-03-28 04:00:00,0.0,0.0,0.0,0.0,0.020000016,47.675718305793986,0.0,11.1,0.0,47.675718305793986,0.0,0.0,0.0,0.0,19.728237567227744,19.728237567227744,0.0
2022-03-28 05:00:00,0.0,8.703007221714659,0.0,40.83459746264813,9.806026168478082,79.60580864484213,0.0,11.1,0.0,79.60580864484213,0.0,0.0,0.0,0.0,33.96772078547788,33.96772078547788,0.0
2022-03-28 06:00:00,0.0,3.2797572153173165,0.0,40.83459746264813,4.383164479607549,98.76960946899328,49.282033017618055,13.240063531800564,5.839249809991448,92.93035965900184,5.839249809991443,0.0,5.911990379818762,99.99999999999993,42.03834258222734,39.599696684080605,2.4386458981467314
2022-03-28 07:00:00,0.0,0.0,0.0,40.83459746264813,1.1041336919882367,186.98067465638707,143.12107891307812,19.47253371603369,42.06186362433045,144.91881103205662,42.06186362433044,0.0,22.495299956333564,99.99999999999997,68.97777109408727,53.50573517851357,15.472035915573706
2022-03-28 08:00:00,0.0,0.0,0.0,40.83459746264813,2.1883971781152094,178.6320965489585,243.03144333849346,25.89473260432792,69.76134292620549,108.870753622753,69.76134292620549,0.0,39.05308411754865,100.0,58.09576164541439,35.5614526533915,22.534308992022893
2022-03-28 09:00:00,0.0,0.0,0.0,40.83459746264813,2.188401082780802,176.70550160109036,320.7967504109932,29.424898450343534,90.87685233092597,85.82864927016439,90.87685233092597,0.0,51.42842271887997,100.0,55.468709732726325,27.144666782484972,28.324042950241353
2022-03-28 10:00:00,0.0,0.0,1.7400025913965596,40.83459746264813,2.1889236734223494,180.37209914035506,364.8365238049285,33.60114136890402,101.72905484806697,78.6430442922881,101.72905484806697,0.0,56.39955144554111,100.0,53.62553051216949,23.603251845407968,30.022278666761522
2022-03-28 11:00:00,0.0,0.0,7.287651743372419,40.83459746264813,2.189681962849578,185.37539934988536,394.86123774575145,35.139413679554735,109.45373484508077,75.92166450480458,109.45373484508077,0.0,59.04436900955405,100.0,54.96135569682556,22.742554307827575,32.21880138899798
2022-03-28 12:00:00,0.0,0.0,16.95156393244805,40.83459746264813,2.189548645994108,197.18915627129667,544.4826965993312,36.4150842687291,150.18797603534696,47.001180235949704,150.18797603534696,0.0,76.16441942107376,100.0,58.89729396878791,14.338774298740999,44.55851967004691
2022-03-28 13:00:00,0.0,0.0,23.41697456890096,40.83459746264813,2.1880078246136265,200.1224761699913,556.4722218412666,36.789756932539575,153.27294755643564,46.84952861355566,153.27294755643564,0.0,76.58957179114655,100.0,57.13667860814996,13.677667057998198,43.45901155015176
2022-03-28 14:00:00,0.0,0.0,19.143469912587065,40.83459746264813,1.103962606662538,195.8489715136774,480.3212173876617,32.21003804336443,134.64219475042017,61.20677676325724,134.64219475042017,0.0,68.7479713116682,100.0,57.27503469272913,18.036259876614174,39.238774816114955
2022-03-28 15:00:00,0.0,0.0,9.059034903662337,40.83459746264813,2.188775215115212,188.65442892655486,353.8835444767037,27.75886076489699,100.87809909113253,87.77632983542233,100.87809909113253,0.0,53.47242556940205,100.0,56.69234456415072,26.588302233374957,30.104042330775766
2022-03-28 16:00:00,0.0,0.0,0.5007740411680723,40.83459746264813,1.1037622273748944,163.04308086107272,205.29472466556345,22.51546014579886,59.66840375687007,103.37467710420265,59.66840375687008,0.0,36.59671017116813,100.00000000000003,52.15893228573965,33.143208692462736,19.015723593276917
2022-03-28 17:00:00,0.0,0.0,0.0,40.83459746264813,1.1034739082996483,121.90400791945115,71.5382852954097,17.23557141548155,12.129984638943215,109.77402328050793,12.129984638943213,0.0,9.950439567957584,99.99999999999999,43.605041034034464,39.28591740364595,4.3191236303885105
2022-03-28 18:00:00,0.0,0.0,0.0,40.83459746264813,1.1032909391314352,134.17605986162698,0.0,14.4,0.0,134.17605986162698,0.0,0.0,0.0,0.0,53.48532840392753,53.48532840392753,0.0
2022-03-28 19:00:00,0.0,0.0,0.0,40.83459746264813,1.1033855333513791,111.9853861309906,0.0,14.4,0.0,111.9853861309906,0.0,0.0,0.0,0.0,46.89377140417928,46.89377140417928,0.0
2022-03-28 20:00:00,0.0,0.0,0.0,40.83459746264811,0.020000016,110.70098949907849,0.0,13.9,0.0,110.70098949907849,0.0,0.0,0.0,0.0,47.057610102693936,47.057610102693936,0.0
2022-03-28 21:00:00,0.0,0.0,0.0,0.0,1.1029581594685276,47.675718305793986,0.0,15.0,0.0,47.675718305793986,0.0,0.0,0.0,0.0,20.450518073891573,20.450518073891573,0.0
2022-03-28 22:00:00,0.0,0.0,0.0,0.0,0.020000016,43.46825895116388,0.0,13.9,0.0,43.46825895116388,0.0,0.0,0.0,0.0,17.554997269169323,17.554997269169323,0.0
2022-03-28 23:00:00,0.0,0.0,0.0,0.0,1.102955317203684,43.46825895116388,0.0,13.3,0.0,43.46825895116388,0.0,0.0,0.0,0.0,17.715426553753936,17.715426553753936,0.0
2022-03-29 00:00:00,0.0,0.0,0.0,0.0,0.020000016,43.46825895116388,0.0,11.7,0.0,43.46825895116388,0.0,0.0,0.0,0.0,17.83580222199384,17.83580222199384,0.0
2022-03-29 01:00:00,0.0,0.0,0.0,0.0,0.020000016,43.46825895116388,0.0,11.1,0.0,43.46825895116388,0.0,0.0,0.0,0.0,17.555866634348348,17.555866634348348,0.0
2022-03-29 02:00:00,0.0,0.0,0.0,0.0,1.1028631454958528,43.46825895116388,0.0,11.7,0.0,43.46825895116388,0.0,0.0,0.0,0.0,18.08163003986333,18.08163003986333,0.0
2022-03-29 03:00:00,0.0,0.0,0.0,0.0,0.020000016,43.46825895116388,0.0,11.7,0.0,43.46825895116388,0.0,0.0,0.0,0.0,17.71213502527778,17.71213502527778,0.0
2022-03-29 04:00:00,0.0,0.0,0.0,0.0,1.1030798040143872,47.675718305793986,0.0,11.1,0.0,47.675718305793986,0.0,0.0,0.0,0.0,19.47390288654824,19.47390288654824,0.0
2022-03-29 05:00:00,0.0,42.38077129023326,0.0,40.83459746264813,42.40077130623326,79.60580864484213,0.0,11.1,0.0,79.60580864484213,0.0,0.0,0.0,0.0,39.27997354310719,39.27997354310719,0.0
2022-03-29 06:00:00,0.0,30.295546221263407,0.0,40.83459746264813,31.398999487032448,98.76960946899328,53.74567340616513,14.97955229394266,6.902079103304295,91.86753036568899,6.902079103304288,0.0,6.988059526013471,99.9999999999999,44.83580078486375,42.09771149418742,2.738089290676328
2022-03-29 07:00:00,0.0,1.1276328906325401,0.0,40.83459746264811,3.31571904002629,186.98067465638707,149.47665684554963,22.471145526423427,43.45207899300819,143.52859566337887,43.4520789930082,0.0,23.238807471873628,100.00000000000003,65.42974081323125,50.363384203590556,15.066356609640692
2022-03-29 08:00:00,0.0,0.0,0.0,40.83459746264813,1.1041119504660382,178.6320965489585,247.3552432578595,27.129851351808107,70.6769201176445,107.95517643131399,70.6769201176445,0.0,39.565633210979954,100.0,54.40559867217597,32.958333877876164,21.447264794299805
2022-03-29 09:00:00,0.0,0.0,0.0,40.83459746264813,2.188370465943677,176.70550160109036,321.55818152595714,31.148693172686162,90.50189181784935,86.203609783241,90.50189181784935,0.0,51.21622756384565,100.0,51.45307169626734,25.302550055499765,26.150521640767572
2022-03-29 10:00:00,0.0,0.0,0.0,40.83459746264813,2.1889464156530125,178.6320965489585,368.06381087898,34.301994089968126,102.35405362260343,76.27804292635506,102.35405362260343,0.0,57.29880329459762,100.0,50.67816272666503,21.86600840217027,28.81215432449476
2022-03-29 11:00:00,0.0,0.0,0.0,40.83459746264813,2.1898387591788526,178.08774760651295,403.6553420536236,34.81422943917573,112.03129363131349,66.05645397519946,112.03129363131349,0.0,62.90791766250422,100.0,49.272244583520866,18.524135733470562,30.748108850050304
2022-03-29 12:00:00,0.0,0.0,0.0,40.83459746264813,2.189526027697393,180.23759233884863,559.3790994163384,39.68059685676057,152.35045313368633,27.8871392051623,152.35045313368633,0.0,84.52756783793795,100.0,52.02418458142946,8.382635529019339,43.64154905241012
2022-03-29 13:00:00,0.0,0.0,0.0,40.83459746264813,2.1880839219647155,176.70550160109036,556.6285829876753,37.39464321836485,152.95723085662655,23.74827074446381,152.95723085662655,0.0,86.56053686541401,100.0,51.59085039515412,7.274551899063705,44.31629849609042
2022-03-29 14:00:00,0.0,0.0,0.0,40.83459746264813,1.103961740947988,176.70550160109036,471.8587359138816,35.345585497308804,130.69342448703355,46.01207711405681,130.69342448703355,0.0,73.96115191821912,100.0,52.20673199985876,13.741043304835053,38.46568869502371
2022-03-29 15:00:00,0.0,0.0,0.0,40.83459746264813,2.18873576198553,179.59539402289255,335.76391245155963,29.39262226411124,95.12837035588117,84.46702366701138,95.12837035588117,0.0,52.968157047365814,100.0,54.38315215452774,25.786137099994516,28.597015054533227
2022-03-29 16:00:00,0.0,0.0,0.0,40.83459746264813,1.1036758711778374,162.54230681990464,189.66806109052337,24.227126909078855,54.780607195439714,107.76169962446492,54.780607195439714,0.0,33.702368489291906,100.0,55.68090830756161,36.98209584747022,18.69881246009139
2022-03-29 17:00:00,0.0,0.0,0.0,40.83459746264813,1.103685425460109,121.90400791945115,60.746689291607275,19.098334040362726,8.687783127627126,113.21622479182402,8.687783127627128,0.0,7.1267411760306,100.00000000000003,45.42083931574703,42.19797584780684,3.2228634679401935
2022-03-29 18:00:00,0.0,0.0,0.0,40.83459746264813,1.1032511777955385,134.17605986162698,0.0,17.2,0.0,134.17605986162698,0.0,0.0,0.0,0.0,54.28903584345368,54.28903584345368,0.0
2022-03-29 19:00:00,0.0,0.22064681765804361,0.0,40.83459746264813,1.324012212263057,111.9853861309906,0.0,17.2,0.0,111.9853861309906,0.0,0.0,0.0,0.0,46.53202771980275,46.53202771980275,0.0
2022-03-29 20:00:00,0.0,1.3939357209496321,0.0,40.83459746264813,2.496905921820745,110.70098949907849,0.0,15.6,0.0,110.70098949907849,0.0,0.0,0.0,0.0,43.01686693236556,43.01686693236556,0.0
2022-03-29 21:00:00,0.0,0.0,0.0,0.0,0.020000016,47.675718305793986,0.0,16.7,0.0,47.675718305793986,0.0,0.0,0.0,0.0,18.642423082813284,18.642423082813284,0.0
2022-03-29 22:00:00,0.0,0.0,0.0,0.0,0.020000016,43.46825895116388,0.0,16.7,0.0,43.46825895116388,0.0,0.0,0.0,0.0,16.876892429531168,16.876892429531168,0.0
2022-03-29 23:00:00,0.0,0.0,0.0,0.0,1.1028534835258657,43.46825895116388,0.0,15.6,0.0,43.46825895116388,0.0,0.0,0.0,0.0,17.514584862203694,17.514584862203694,0.0
2022-03-30 00:00:00,0.0,0.0,0.0,0.0,0.020000016,43.46825895116388,0.0,14.4,0.0,43.46825895116388,0.0,0.0,0.0,0.0,17.320051329538284,17.320051329538284,0.0
2022-03-30 01:00:00,0.0,0.0,0.0,0.0,1.1029466730732471,43.46825895116388,0.0,13.9,0.0,43.46825895116388,0.0,0.0,0.0,0.0,17.729552181533798,17.729552181533798,0.0
2022-03-30 02:00:00,0.0,0.0,0.0,0.0,0.020000016,43.46825895116388,0.0,13.9,0.0,43.46825895116388,0.0,0.0,0.0,0.0,17.366997049205537,17.366997049205537,0.0
2022-03-30 03:00:00,0.0,0.0,0.0,0.0,1.1028610759887572,43.46825895116388,0.0,15.0,0.0,43.46825895116388,0.0,0.0,0.0,0.0,17.497416266944075,17.497416266944075,0.0
2022-03-30 04:00:00,0.0,0.0,0.0,0.0,0.020000016,47.675718305793986,0.0,14.4,0.0,47.675718305793986,0.0,0.0,0.0,0.0,18.91679684166313,18.91679684166313,0.0
2022-03-30 05:00:00,0.0,43.86043665328971,0.0,40.83459746264813,44.963453873239956,79.60580864484213,0.0,12.8,0.0,79.60580864484213,0.0,0.0,0.0,0.0,39.4985878841777,39.4985878841777,0.0
2022-03-30 06:00:00,0.0,29.624576580554457,0.0,40.83459746264813,29.644576596554458,98.76960946899328,50.88400166136753,17.190125051917736,6.137856019583877,92.6317534494094,6.137856019583879,0.0,6.214316379888831,100.00000000000003,44.26212753618461,41.8432291681467,2.418898368037908
2022-03-30 07:00:00,0.0,1.1609585103261166,0.0,40.83459746264811,3.3489199923552793,186.98067465638707,134.63155801394188,22.007236187935685,39.20324074463519,147.77743391175187,39.203240744635195,0.0,20.966466623718567,100.00000000000003,64.08104367056161,50.7719354701654,13.30910820039621
2022-03-30 08:00:00,0.0,0.0,0.0,40.83459746264813,2.1882488710026275,178.6320965489585,278.1692859245377,29.292790185141804,78.84029753768624,99.79179901127225,78.84029753768624,0.0,44.135571972127714,100.0,52.72248147846468,29.627004717774877,23.095476760689802
2022-03-30 09:00:00,0.0,0.0,0.0,40.83459746264813,1.1041936721113736,176.70550160109036,353.52797418801686,33.247749193375526,98.70896936200917,77.99653223908119,98.70896936200917,0.0,55.86072220028721,100.0,48.73274359768335,21.62133807271391,27.11140552496944
2022-03-30 10:00:00,0.0,0.0,0.0,40.83459746264813,2.189152052630539,178.6320965489585,407.1422107484657,36.02319408588956,112.47453578672734,66.15756076223114,112.47453578672734,0.0,62.964348490362674,100.0,49.60462085142875,18.619573360222166,30.985047491206583
2022-03-30 11:00:00,0.0,0.0,0.0,40.83459746264813,3.274633551553502,178.08774760651295,422.7118310468459,38.809744720213935,115.52052207803116,62.567225528481785,115.52052207803116,0.0,64.86719251078135,100.0,48.97069751929658,17.587237286357848,31.38346023293873
2022-03-30 12:00:00,0.0,0.0,0.0,40.83459746264813,2.1894914993205354,180.23759233884863,573.1751722846647,42.911724133895774,154.13440800646904,26.103184332379584,154.13440800646904,0.0,85.51734741146268,100.0,49.87664745186352,7.560587077767511,42.31606037409601
2022-03-30 13:00:00,0.0,0.0,0.10777146136685722,40.83459746264813,1.1039953982454644,176.8132730624572,482.6360814719028,38.38237754599696,132.11667472650214,44.69659833595506,132.11667472650214,0.0,74.7210163797112,100.0,49.0001222602397,12.535259452351477,36.464862807888224
2022-03-30 14:00:00,0.0,0.0,0.014256218237548437,40.83459746264813,2.1879099507460746,176.7197578193279,487.40993783118745,35.83156055722461,134.74832252465797,41.97143529466993,134.74832252465797,0.0,76.24972113328717,100.0,51.2848063507012,12.480658171662819,38.804148179038386
2022-03-30 15:00:00,0.0,0.0,0.0,40.83459746264813,2.188655840075572,179.59539402289255,303.27067603312474,29.47720862603515,85.89507653148952,93.70031749140303,85.89507653148952,0.0,47.826993002137186,100.0,52.63298064980166,27.648679739087303,24.984300910714357
2022-03-30 16:00:00,0.0,0.0,0.0,40.83459746264813,1.1036949426865512,162.54230681990464,183.43796930813863,24.632436540879333,52.90198334147826,109.64032347842638,52.90198334147826,0.0,32.546593177180114,100.0,49.86514800337845,33.700417973556355,16.164730029822096
2022-03-30 17:00:00,0.0,0.0,0.0,40.83459746264813,1.103560908706487,121.90400791945115,47.241704739663845,18.176303273114495,5.2718420634791405,116.632165855972,5.271842063479141,0.0,4.324584690408657,100.00000000000003,42.033104516372426,40.22394011623797,1.8091644001344562
2022-03-30 18:00:00,0.0,0.0,0.0,40.83459746264813,0.020000016,134.17605986162698,0.0,16.7,0.0,134.17605986162698,0.0,0.0,0.0,0.0,52.74083045947631,52.74083045947631,0.0
2022-03-30 19:00:00,0.0,0.20579145298363527,0.0,40.83459746264813,1.3090808220916215,111.9853861309906,0.0,15.6,0.0,111.9853861309906,0.0,0.0,0.0,0.0,43.85736800373362,43.85736800373362,0.0
2022-03-30 20:00:00,0.0,0.5083543350833297,0.0,40.83459746264813,1.611407003922078,110.70098949907849,0.0,15.6,0.0,110.70098949907849,0.0,0.0,0.0,0.0,43.39931382909666,43.39931382909666,0.0
2022-03-30 21:00:00,0.0,0.0,0.0,0.0,0.020000016,47.675718305793986,0.0,15.6,0.0,47.675718305793986,0.0,0.0,0.0,0.0,19.051719124468526,19.051719124468526,0.0
2022-03-30 22:00:00,0.0,0.0,0.0,0.0,1.1028191187921292,43.46825895116388,0.0,15.0,0.0,43.46825895116388,0.0,0.0,0.0,0.0,17.733006676048756,17.733006676048756,0.0
2022-03-30 23:00:00,0.0,0.0,0.0,0.0,0.020000016,43.46825895116388,0.0,15.6,0.0,43.46825895116388,0.0,0.0,0.0,0.0,17.816676188055332,17.816676188055332,0.0
2022-03-31 00:00:00,0.0,0.0,0.0,0.0,1.1029319434915317,43.46825895116388,0.0,15.0,0.0,43.46825895116388,0.0,0.0,0.0,0.0,18.60565228862722,18.60565228862722,0.0
2022-03-31 01:00:00,0.0,0.0,0.0,0.0,0.020000016,43.46825895116388,0.0,13.9,0.0,43.46825895116388,0.0,0.0,0.0,0.0,18.247229292966612,18.247229292966612,0.0
2022-03-31 02:00:00,0.0,0.0,0.0,0.0,0.020000016,43.46825895116388,0.0,14.4,0.0,43.46825895116388,0.0,0.0,0.0,0.0,18.215280122637502,18.215280122637502,0.0
2022-03-31 03:00:00,0.0,0.0,0.0,0.0,1.1028482332168514,43.46825895116388,0.0,14.4,0.0,43.46825895116388,0.0,0.0,0.0,0.0,18.449586166922924,18.449586166922924,0.0
2022-03-31 04:00:00,0.0,0.0,0.0,0.0,0.020000016,47.675718305793986,0.0,13.3,0.0,47.675718305793986,0.0,0.0,0.0,0.0,19.770430577928373,19.770430577928373,0.0
2022-03-31 05:00:00,0.0,27.329195099855323,0.0,40.83459746264813,28.432205945821092,79.60580864484213,0.0,12.8,0.0,79.60580864484213,0.0,0.0,0.0,0.0,38.191861685318024,38.191861685318024,0.0
2022-03-31 06:00:00,0.0,14.330368375431641,0.0,40.83459746264813,15.433857009048314,98.76960946899328,62.71846373929843,19.759951991853075,9.238743105952604,89.53086636304067,9.238743105952608,0.0,9.353831766291355,100.00000000000004,42.554381775143824,38.83384753894565,3.7205342361981764
2022-03-31 07:00:00,0.0,0.0,0.0,40.83459746264813,1.104026738502184,186.98067465638707,160.5940008585085,25.01856252682839,46.24789566120355,140.7327789951835,46.24789566120356,0.0,24.734051123835634,100.00000000000003,62.30628136532792,46.94458034250255,15.361701022825372
2022-03-31 08:00:00,0.0,0.0,0.0,40.83459746264813,2.1883813018123255,178.6320965489585,239.55407543413446,29.6860648573167,67.79536746542051,110.83672908353797,67.79536746542051,0.0,37.95251176870084,100.0,51.80612266739065,32.293937957167984,19.51218471022267
2022-03-31 09:00:00,0.0,0.0,0.07288670776129011,40.83459746264813,1.1042321946335956,176.77838830885165,322.0534417337003,35.064170054178135,89.2975678555327,87.48082045331894,89.2975678555327,0.0,50.51384884192962,100.0,48.89154063165559,24.29497205368838,24.596568577967208
2022-03-31 10:00:00,0.0,0.0,2.779346348155411,40.83459746264813,2.188984554824873,181.41144289711391,352.4544716663197,36.61420223957249,97.14487820079592,84.266564696318,97.14487820079592,0.0,53.549476620331426,100.0,49.494041652908,23.201294643471588,26.292747009436415
2022-03-31 11:00:00,0.0,0.0,8.652112847442591,40.83459746264813,3.274464771382683,186.73986045395546,423.1808289341904,38.22440090419345,115.91264766759849,70.82721278635697,115.91264766759849,0.0,62.071722333850154,100.0,50.74789525602798,19.613758092511027,31.134137163516954
2022-03-31 12:00:00,0.0,0.0,16.9126385919022,40.83459746264813,2.189443996917234,197.15023093075084,563.9622104803796,40.423819077511865,153.15204712512045,43.99818380563039,153.15204712512045,0.0,77.6829154102869,100.0,53.24328695278036,12.188583440184944,41.05470351259542
2022-03-31 13:00:00,0.0,0.0,29.41935008788605,40.83459746264813,1.1039851953189084,206.1248516889764,562.519706372239,41.97874082413247,151.82826164676925,54.29659004220716,151.82826164676925,0.0,73.65839703592086,100.0,55.75457364306641,14.833061422720931,40.92151222034548
2022-03-31 14:00:00,0.0,0.0,37.12354971985977,40.83459746264813,2.1878897414359226,213.82905132095013,476.15629057266943,38.77988408039592,130.14120676785737,83.68784455309276,130.14120676785737,0.0,60.86226635898966,100.0,58.863346247186186,23.277534668583268,35.585811578602915
2022-03-31 15:00:00,0.0,0.0,36.71741670349616,40.83459746264813,2.188735758419091,216.31281072638876,359.0405972726912,34.0200186647716,99.95269005621869,116.36012067017008,99.95269005621869,0.0,46.20747597914926,100.0,61.46892332423598,33.247781050312916,28.221142273923064
2022-03-31 16:00:00,0.0,0.0,21.05126960598317,40.83459746264813,1.103676355562421,183.59357642588782,220.44280115075554,26.88883753596111,63.04383152426174,120.54974490162607,63.04383152426175,0.0,34.33880027371817,100.00000000000003,55.77341093686737,36.68972791531572,19.08368302155165
2022-03-31 17:00:00,0.0,0.0,3.027109152302213,40.83459746264813,1.1035202722644368,124.93111707175339,56.482158779686436,18.9650674618652,7.514426419247807,117.41669065250558,7.514426419247812,0.0,6.01485570238834,100.00000000000007,46.04153803590112,43.28415683349023,2.7573812024108904
2022-03-31 18:00:00,0.0,0.0,0.020831571097321616,40.83459746264813,1.1032227919025763,134.1968914327243,0.0,15.6,0.0,134.1968914327243,0.0,0.0,0.0,0.0,54.31621612861894,54.31621612861894,0.0
2022-03-31 19:00:00,0.0,0.0,0.0,40.83459746264813,0.020000016,111.9853861309906,0.0,15.6,0.0,111.9853861309906,0.0,0.0,0.0,0.0,45.54973733142897,45.54973733142897,0.0
2022-03-31 20:00:00,0.0,0.0,0.0,40.83459746264813,1.1030312037082672,110.70098949907849,0.0,15.0,0.0,110.70098949907849,0.0,0.0,0.0,0.0,44.72309270648735,44.72309270648735,0.0
2022-03-31 21:00:00,0.0,0.0,0.0,0.0,0.020000016,47.675718305793986,0.0,14.5,0.0,47.675718305793986,0.0,0.0,0.0,0.0,19.50392331259898,19.50392331259898,0.0
2022-03-31 22:00:00,0.0,0.0,0.0,0.0,1.102893122167295,43.46825895116388,0.0,14.1,0.0,43.46825895116388,0.0,0.0,0.0,0.0,18.015563683569663,18.015563683569663,0.0
2022-03-31 23:00:00,0.0,0.0,0.0,0.0,0.020000016,38.10742263904787,0.0,13.6,0.0,38.10742263904787,0.0,0.0,0.0,0.0,15.888870675363426,15.888870675363426,0.0
2022-04-01 00:00:00,0.0,0.0,0.0,0.0,1.1029756716736314,38.10742263904787,0.0,13.1,0.0,38.10742263904787,0.0,0.0,0.0,0.0,16.354995202721785,16.354995202721785,0.0
2022-04-01 01:00:00,0.0,0.0,0.0,0.0,0.020000016,38.10742263904787,0.0,12.6,0.0,38.10742263904787,0.0,0.0,0.0,0.0,16.08645766174689,16.08645766174689,0.0
2022-04-01 02:00:00,0.0,0.0,0.0,0.0,0.020000016,38.10742263904787,0.0,12.2,0.0,38.10742263904787,0.0,0.0,0.0,0.0,16.26975436464071,16.26975436464071,0.0
2022-04-01 03:00:00,0.0,0.0,0.0,0.0,1.1029184626945447,38.10742263904787,0.0,11.7,0.0,38.10742263904787,0.0,0.0,0.0,0.0,16.405096162991754,16.405096162991754,0.0
2022-04-01 04:00:00,0.0,0.0,0.0,0.0,0.020000016,38.10742263904787,0.0,11.7,0.0,38.10742263904787,0.0,0.0,0.0,0.0,15.601350171551806,15.601350171551806,0.0
2022-04-01 05:00:00,0.0,0.0,0.009413825052787582,40.83459746264813,1.103038882654942,79.61522246989493,0.0,12.2,0.0,79.61522246989493,0.0,0.0,0.0,0.0,33.721786256894326,33.721786256894326,0.0
2022-04-01 06:00:00,0.0,0.0,0.0,40.83459746264813,1.1031765466732986,75.83888804889047,27.178356856907723,13.649323651778367,1.773354438241605,74.06553361064886,1.7733544382416113,0.0,2.3383180896565845,100.00000000000036,32.24207437248874,31.492796655242888,0.7492777172458496
2022-04-01 07:00:00,0.0,0.0,4.454451735768524,40.83459746264813,0.020000016,118.67165261785975,82.83361725891507,15.888550539341097,16.34163247966473,102.33002013819501,16.34163247966474,0.0,13.770460020715486,100.00000000000004,44.21116504436824,38.12358011304353,6.087584931324706
2022-04-01 08:00:00,0.0,0.0,19.919810916232382,40.83459746264813,1.1034843882199712,136.38470590416978,178.0441810076567,20.56388065648927,52.11836190101284,84.26634400315695,52.11836190101283,0.0,38.214227581818164,99.99999999999999,45.36929741653053,28.107695954915073,17.261601461615456
2022-04-01 09:00:00,0.0,0.0,34.93124774308629,40.83459746264813,1.103421224817156,150.4328452570896,192.6006013440706,22.118768792002207,56.060303252594636,94.37254200449497,56.060303252594636,0.0,37.265999427709836,100.0,48.78471964538118,30.678643202374424,18.106076443006756
2022-04-01 10:00:00,0.0,0.0,43.7508576040835,40.83459746264813,1.1035792514975475,161.50014922393297,312.9386335449062,24.77933229827832,90.19991194743457,71.3002372764984,90.19991194743457,0.0,55.85128706126774,100.0,52.23243297970087,23.170923349356922,29.061509630343945
2022-04-01 11:00:00,0.0,0.0,46.9272911803637,40.83459746264813,1.1034605241924884,163.39218616830112,364.51046678033157,26.990952086885365,104.2056841376386,59.186502030662524,104.2056841376386,0.0,63.776418310666436,100.0,52.057724492298554,18.983882403853443,33.07384208844511
2022-04-01 12:00:00,0.0,0.0,50.44451227879162,40.83459746264813,1.103445098322734,164.34061400290483,552.3003750534344,33.95938672041983,153.78962868387902,10.550985319025813,153.78962868387902,0.0,93.57980656027041,100.0,52.465564624391085,3.554311117770196,48.91125350662089
2022-04-01 13:00:00,0.0,0.0,45.519392459077714,40.83459746264813,1.103304518369302,120.31652844271608,467.3209738126575,31.303780431645546,131.44930134209042,0.0,120.31652844271608,11.132772899374345,100.0,91.53074775924304,38.64880501250938,0.1986504354283943,38.45015457708099
2022-04-01 14:00:00,0.0,0.0,46.780961190355555,40.83459746264813,1.1031261155350702,120.29370054208185,264.74917752371215,23.873411797616004,76.56559249929745,43.7281080427844,76.56559249929745,0.0,63.648879495990585,100.0,39.83960292205916,14.608560397803169,25.23104252425599
2022-04-01 15:00:00,0.0,0.0,44.76348941730645,40.83459746264813,0.020000016,118.59732792701074,327.76386983446633,24.642620932327073,94.52081457661653,24.076513350394208,94.52081457661653,0.0,79.69894113869766,100.0,41.589161062129804,8.445910034912101,33.1432510272177
2022-04-01 16:00:00,0.0,0.0,36.71745417457303,40.83459746264813,1.103028673972058,99.77705497693714,174.68945600395338,19.359045500123543,51.36062184396903,48.41643313296811,51.36062184396903,0.0,51.47538364991904,100.0,36.66412105195165,17.893354586636296,18.770766465315358
2022-04-01 17:00:00,0.0,0.0,0.09809539015007043,4.924474259632938,0.020000016,28.289147082830873,47.371650009980186,15.380364062811882,5.354370994608093,22.93477608822278,5.354370994608093,0.0,18.927297379911977,100.0,11.50059327709642,9.324523361177745,2.176069915918676
2022-04-01 18:00:00,0.0,0.0,0.0,1.0850443685019953,1.1029304450468673,39.19246700754986,0.0,13.9,0.0,39.19246700754986,0.0,0.0,0.0,0.0,16.99118345976163,16.99118345976163,0.0
2022-04-01 19:00:00,0.0,0.0,0.0,0.0,0.020000016,38.10742263904787,0.0,13.3,0.0,38.10742263904787,0.0,0.0,0.0,0.0,15.946603420661583,15.946603420661583,0.0
2022-04-01 20:00:00,0.0,0.0,0.0,0.0,1.1030183598862835,38.10742263904787,0.0,13.3,0.0,38.10742263904787,0.0,0.0,0.0,0.0,15.939441444873333,15.939441444873333,0.0
2022-04-01 21:00:00,0.0,0.0,0.0,0.0,0.020000016,38.10742263904787,0.0,13.9,0.0,38.10742263904787,0.0,0.0,0.0,0.0,15.899159679475968,15.899159679475968,0.0
2022-04-01 22:00:00,0.0,0.0,0.0,0.0,1.1029159952958782,38.10742263904787,0.0,13.9,0.0,38.10742263904787,0.0,0.0,0.0,0.0,16.449681403223288,16.449681403223288,0.0
2022-04-01 23:00:00,0.0,0.0,0.0,0.0,0.020000016,38.10742263904787,0.0,13.3,0.0,38.10742263904787,0.0,0.0,0.0,0.0,16.008527982450037,16.008527982450037,0.0
2022-04-02 00:00:00,0.0,0.0,0.0,0.0,0.020000016,38.10742263904787,0.0,13.3,0.0,38.10742263904787,0.0,0.0,0.0,0.0,16.237553592510714,16.237553592510714,0.0
2022-04-02 01:00:00,0.0,0.0,0.0,0.0,1.1028394417855225,38.10742263904787,0.0,13.3,0.0,38.10742263904787,0.0,0.0,0.0,0.0,16.350397783757327,16.350397783757327,0.0
2022-04-02 02:00:00,0.0,0.0,0.0,0.0,0.020000016,38.10742263904787,0.0,12.2,0.0,38.10742263904787,0.0,0.0,0.0,0.0,16.0780740287663,16.0780740287663,0.0
2022-04-02 03:00:00,0.0,0.0,0.0,0.0,1.1028507146491215,38.10742263904787,0.0,11.1,0.0,38.10742263904787,0.0,0.0,0.0,0.0,16.17262868682993,16.17262868682993,0.0
2022-04-02 04:00:00,0.0,0.0,0.0,0.0,0.020000016,38.10742263904787,0.0,10.6,0.0,38.10742263904787,0.0,0.0,0.0,0.0,15.664608493132627,15.664608493132627,0.0
2022-04-02 05:00:00,0.0,0.0,0.0,0.0,0.020000016,29.202915515447863,0.0,11.1,0.0,29.202915515447863,0.0,0.0,0.0,0.0,11.653812126895897,11.653812126895897,0.0
2022-04-02 06:00:00,0.0,0.0,0.0,0.0,1.1029651831709073,20.298408391847865,61.518627539434505,13.022457110607329,9.106008689546922,11.192399702300943,9.106008689546922,0.0,44.8607029367092,100.0,8.141356541715469,4.578175341495758,3.563181200219711
2022-04-02 07:00:00,0.0,0.0,0.0,1.2344725024565741,0.020000016,21.532880894304437,149.4264877606901,16.869577742521564,44.32942638601677,0.0,21.532880894304437,22.796545491712333,100.0,48.574688755947335,7.624518217275351,0.0036010111631256747,7.6209172061122255
2022-04-02 08:00:00,0.0,0.0,0.0,3.6205424535670248,1.1028966387700982,23.918950845414887,251.23733993379554,21.151166872931114,73.3867577687701,0.0,23.918950845414887,49.46780692335521,100.0,32.59300665765841,7.8413993601730665,0.1985769965376482,7.6428223636354184
2022-04-02 09:00:00,0.0,0.0,0.0,2.4275074780118,0.020000016,22.725915869859666,340.3465130236687,23.93582853198965,98.405742269588,0.0,22.725915869859666,75.67982639972834,100.0,23.09409526895367,6.72808588747525,0.0036010111631256747,6.7244848763121245
2022-04-02 10:00:00,0.0,0.0,0.0,1.2600056606289165,0.020000016,21.558414052476785,331.5766746131093,24.261771081659667,95.75491931295592,0.0,21.558414052476785,74.19650526047914,100.0,22.514158235586198,6.190111299732126,0.0036010111631256747,6.186510288569001
2022-04-02 11:00:00,0.0,0.0,0.0,3.133614988904501,1.1030399854353445,23.432023380752366,432.93761464349745,27.929300457609294,123.33463445909923,0.0,23.432023380752366,99.90261107834687,100.0,18.99873744590616,6.990609103308969,0.19860280616408796,6.792006297144881
2022-04-02 12:00:00,0.0,0.0,0.0,3.889415974752389,0.020000016,24.18782436660026,564.4573588214913,32.6392924631716,157.96879369559775,0.0,24.18782436660026,133.7809693289975,100.0,15.311773800849327,6.999082635349421,0.0036010111631256747,6.995481624186295
2022-04-02 13:00:00,0.0,0.0,0.0,4.639203343031398,1.103051246304439,24.937611734879265,571.6939766865485,32.86543677145464,159.85626400207448,0.0,24.937611734879265,134.91865226719523,100.0,15.600021613513778,7.427769099512382,0.19860483368823173,7.22916426582415
2022-04-02 14:00:00,0.0,0.0,0.0,9.081853833593641,0.020000016,29.3802622254415,491.75683079147416,30.367400962233567,138.81336286187704,0.0,29.3802622254415,109.43310063643554,100.0,21.16529822469299,8.866597815400935,0.0036010111631256747,8.86299680423781
2022-04-02 15:00:00,0.0,0.0,0.0,4.959155916385274,1.1029196485911918,25.25756430823314,347.90014617624877,24.771879568007776,100.27981145183082,0.0,25.25756430823314,75.02224714359768,100.0,25.187087951761413,8.243115371637721,0.19858113946546485,8.044534232172257
2022-04-02 16:00:00,0.0,0.0,0.0,5.425221842509977,0.020000016,25.72363023435785,103.8088815309498,17.14402754784218,25.55025220280646,0.17337803155139042,25.55025220280646,0.0,99.32599703085523,100.0,8.497672332699258,0.060851304071552544,8.436821028627705
2022-04-02 17:00:00,0.0,0.0,0.0,4.340177474007982,0.020000016,27.606754907055844,64.68793353009961,14.821497922815613,10.004244507894438,17.602510399161407,10.004244507894438,0.0,36.23839361625771,100.0,10.029684224533133,6.396392725378569,3.6332914991545637
2022-04-02 18:00:00,0.0,0.0,0.0,0.7268437700124848,1.1029705545441746,38.834266409060355,0.0,11.7,0.0,38.834266409060355,0.0,0.0,0.0,0.0,15.733461896719794,15.733461896719794,0.0
2022-04-02 19:00:00,0.0,0.0,0.0,0.0,0.020000016,38.10742263904787,0.0,12.8,0.0,38.10742263904787,0.0,0.0,0.0,0.0,15.393474181055803,15.393474181055803,0.0
2022-04-02 20:00:00,0.0,0.0,0.0,0.0,1.1030293268529476,38.10742263904787,0.0,12.8,0.0,38.10742263904787,0.0,0.0,0.0,0.0,15.635155649707423,15.635155649707423,0.0
2022-04-02 21:00:00,0.0,0.0,0.0,0.0,0.020000016,38.10742263904787,0.0,11.7,0.0,38.10742263904787,0.0,0.0,0.0,0.0,15.44358544182615,15.44358544182615,0.0
2022-04-02 22:00:00,0.0,0.0,0.0,0.0,0.020000016,38.10742263904787,0.0,11.1,0.0,38.10742263904787,0.0,0.0,0.0,0.0,15.836663506347929,15.836663506347929,0.0
2022-04-02 23:00:00,0.0,0.0,0.0,0.0,1.102902534397294,43.46825895116388,0.0,10.6,0.0,43.46825895116388,0.0,0.0,0.0,0.0,18.675630890418997,18.675630890418997,0.0
2022-04-03 00:00:00,0.0,0.0,0.0,0.0,0.020000016,43.46825895116388,0.0,11.7,0.0,43.46825895116388,0.0,0.0,0.0,0.0,17.53174175063045,17.53174175063045,0.0
2022-04-03 01:00:00,0.0,0.0,0.0,0.0,0.020000016,43.46825895116388,0.0,11.1,0.0,43.46825895116388,0.0,0.0,0.0,0.0,17.96055612518368,17.96055612518368,0.0
2022-04-03 02:00:00,0.0,0.0,0.0,0.0,1.1028257914429538,43.46825895116388,0.0,10.0,0.0,43.46825895116388,0.0,0.0,0.0,0.0,18.517609951530805,18.517609951530805,0.0
2022-04-03 03:00:00,0.0,0.0,0.0,0.0,0.020000016,43.46825895116388,0.0,10.0,0.0,43.46825895116388,0.0,0.0,0.0,0.0,18.323733428720658,18.323733428720658,0.0
2022-04-03 04:00:00,0.0,0.0,0.0,0.0,1.1029636317985008,47.675718305793986,0.0,9.4,0.0,47.675718305793986,0.0,0.0,0.0,0.0,19.988302970212178,19.988302970212178,0.0
2022-04-03 05:00:00,0.0,8.794432392531524,0.0,40.83459746264813,8.814432408531523,76.63763960364213,0.0,9.4,0.0,76.63763960364213,0.0,0.0,0.0,0.0,32.15281519667178,32.15281519667178,0.0
2022-04-03 06:00:00,0.0,3.4155083463835765,0.0,40.83459746264813,4.5189879595605875,98.76960946899328,66.92482076589904,13.191400648934344,10.770334383888015,87.99927508510527,10.770334383888013,0.0,10.904502348234091,99.99999999999999,39.44293376487451,35.230602135663986,4.212331629210524
2022-04-03 07:00:00,0.0,0.0,0.0,40.83459746264813,2.1880170814259317,186.98067465638707,154.63233605624936,17.632260501757795,45.7481410287833,141.23253362760377,45.748141028783294,0.0,24.46677503589839,99.99999999999999,66.00734192527631,49.953861756865955,16.053480168410353
2022-04-03 08:00:00,0.0,0.0,0.0,40.83459746264813,1.1041287131144284,178.6320965489585,265.675625906618,22.702363309581813,77.16505027685747,101.46704627210102,77.16505027685747,0.0,43.19775212161186,100.0,57.36732185107949,32.67180498572541,24.69551686535408
2022-04-03 09:00:00,0.0,0.0,0.0,40.83459746264813,2.1882751896226518,176.70550160109036,345.8037988886794,26.906368715271235,98.88901907804153,77.81648252304883,98.88901907804153,0.0,55.962614735834194,100.0,52.95770188785957,23.541679827809947,29.416022060049624
2022-04-03 10:00:00,0.0,0.0,1.7759585014664105,40.83459746264813,2.1887860810722604,180.40805505042488,400.81984327998094,29.225620102499406,113.63129494478673,66.77676010563815,113.63129494478673,0.0,62.98571031821515,100.0,51.5632284942603,19.333984309070438,32.22924418518986
2022-04-03 11:00:00,0.0,0.0,6.750265880557723,40.83459746264813,2.1895904792761796,184.8380134870706,443.4198233452099,29.456869479537808,125.59900190954097,59.23901157752964,125.59900190954097,0.0,67.95085033649023,100.0,51.62024373034477,16.811736341134587,34.80850738921018
2022-04-03 12:00:00,0.0,0.0,13.135866099592517,40.83459746264813,2.1894085152156335,193.3734584384411,585.1249341750502,34.38515419297032,162.66425171798238,30.709206720458724,162.66425171798238,0.0,84.11922351265453,100.0,54.00506152730697,8.908024381013544,45.09703714629343
2022-04-03 13:00:00,0.0,0.0,19.380548160810577,40.83459746264813,2.187957485025301,196.086049761901,588.4834139941677,33.99010668731774,163.84563587368137,32.24041388821962,163.84563587368137,0.0,83.55802774987421,100.0,54.09995082053396,9.224269611091373,44.87568120944259
2022-04-03 14:00:00,0.0,0.0,24.694882730968526,40.83459746264813,1.1039285842889432,201.40038433205888,507.34136755327546,31.454417736039858,142.6249074256456,58.775476906413274,142.6249074256456,0.0,70.81660141744953,100.0,57.1678825128435,16.824288073888255,40.34359443895524
2022-04-03 15:00:00,0.0,0.0,29.221245916015675,40.83459746264813,2.1886974811799442,208.81663993890822,383.0517735621139,27.570367923816057,109.26973808409362,99.5469018548146,109.26973808409362,0.0,52.32807984845545,100.0,62.59950884246205,30.048600215900986,32.55090862656107
2022-04-03 16:00:00,0.0,0.0,27.3641652189095,40.83459746264813,1.1036746147868097,189.90647203881414,224.26718353175747,21.408349485367424,65.44727830333483,124.45919373547932,65.44727830333483,0.0,34.46290039549487,100.0,62.2753446514892,40.88193831969511,21.39340633179409
2022-04-03 17:00:00,0.0,0.0,10.37381617645833,40.83459746264813,1.1034606912629108,132.2778240959095,87.53106462315499,16.035345769473594,18.238048058488808,114.0397760374207,18.2380480584888,0.0,13.787683750577195,99.99999999999996,46.9350793639893,40.49121222396404,6.443867140025262
2022-04-03 18:00:00,0.0,0.0,0.7634356318928516,40.83459746264813,1.103354652070649,134.93949549351981,0.0,12.8,0.0,134.93949549351981,0.0,0.0,0.0,0.0,52.55788250341765,52.55788250341765,0.0
2022-04-03 19:00:00,0.0,0.0,0.0,40.83459746264813,1.1034075418971843,111.9853861309906,0.0,12.8,0.0,111.9853861309906,0.0,0.0,0.0,0.0,43.89368687237783,43.89368687237783,0.0
2022-04-03 20:00:00,0.0,0.0,0.0,40.83459746264813,0.020000016,110.70098949907849,0.0,12.2,0.0,110.70098949907849,0.0,0.0,0.0,0.0,43.52458802283085,43.52458802283085,0.0
2022-04-03 21:00:00,0.0,0.0,0.0,0.0,1.102914737729607,47.675718305793986,0.0,12.8,0.0,47.675718305793986,0.0,0.0,0.0,0.0,18.85694937141834,18.85694937141834,0.0
2022-04-03 22:00:00,0.0,0.0,0.0,0.0,0.020000016,43.46825895116388,0.0,12.8,0.0,43.46825895116388,0.0,0.0,0.0,0.0,17.445239915317636,17.445239915317636,0.0
2022-04-03 23:00:00,0.0,0.0,0.0,0.0,0.020000016,43.46825895116388,0.0,12.2,0.0,43.46825895116388,0.0,0.0,0.0,0.0,17.446761304380924,17.446761304380924,0.0
2022-04-04 00:00:00,0.0,0.0,0.0,0.0,1.1028480599185055,43.46825895116388,0.0,11.7,0.0,43.46825895116388,0.0,0.0,0.0,0.0,18.152045903199763,18.152045903199763,0.0
2022-04-04 01:00:00,0.0,0.0,0.0,0.0,0.020000016,43.46825895116388,0.0,11.1,0.0,43.46825895116388,0.0,0.0,0.0,0.0,18.288089456380703,18.288089456380703,0.0
2022-04-04 02:00:00,0.0,0.0,0.0,0.0,1.1029694115311033,43.46825895116388,0.0,11.1,0.0,43.46825895116388,0.0,0.0,0.0,0.0,18.44873861994956,18.44873861994956,0.0
2022-04-04 03:00:00,0.0,0.0,0.0,0.0,0.020000016,43.46825895116388,0.0,10.6,0.0,43.46825895116388,0.0,0.0,0.0,0.0,18.107913523028127,18.107913523028127,0.0
2022-04-04 04:00:00,0.0,0.0,0.0,0.0,1.1030000982152457,47.675718305793986,0.0,10.0,0.0,47.675718305793986,0.0,0.0,0.0,0.0,19.34492571746893,19.34492571746893,0.0
2022-04-04 05:00:00,0.0,12.546492775924067,0.0,40.83459746264813,12.566492791924066,76.63763960364213,0.0,10.0,0.0,76.63763960364213,0.0,0.0,0.0,0.0,32.55861073108485,32.55861073108485,0.0
2022-04-04 06:00:00,0.0,6.496719339682246,0.0,40.83459746264813,7.600131941534488,98.76960946899328,72.60608301547539,13.968940094233606,12.641598717096823,86.12801075189645,12.641598717096826,0.0,12.799077352903174,100.00000000000003,39.174450319855715,34.33562557891256,4.838824740943153
2022-04-04 07:00:00,0.0,0.0,0.0,40.83459746264813,1.1040971232871304,186.98067465638707,172.70201830460203,19.296938072018815,50.78772300524326,136.1929516511438,50.787723005243265,0.0,27.1620171970047,100.00000000000003,65.69251405616477,47.903098319118214,17.789415737046554
2022-04-04 08:00:00,0.0,0.0,0.0,40.83459746264813,2.1883262704962596,178.6320965489585,267.5431017074543,25.060721928357946,77.03510183860392,101.59699471035456,77.03510183860392,0.0,43.12500571110442,100.0,59.63823703216849,34.08916033188631,25.54907670028218
2022-04-04 09:00:00,0.0,0.0,1.0300761254423099,40.83459746264813,2.1884250801247735,177.73557772653268,335.414298750295,29.88169683594672,94.85451427473065,82.88106345180204,94.85451427473065,0.0,53.36833260287121,100.0,55.58181240391522,26.129011449039993,29.45280095487523
2022-04-04 10:00:00,0.0,0.0,9.864797734638419,40.83459746264813,2.189039943858506,188.4968942835969,375.05891253027204,30.620591016570998,105.77062579357371,82.72626849002319,105.77062579357371,0.0,56.11266233089227,100.0,58.463433285884356,25.879205450787076,32.58422783509728
2022-04-04 11:00:00,0.0,0.0,20.126811192118115,40.83459746264813,2.1897948678867936,198.21455879863106,468.52954237614944,34.04154819925467,130.4223789160873,67.79217988254376,130.4223789160873,0.0,65.7985869991443,100.0,60.01126632265626,20.784127416064692,39.22713890659157
2022-04-04 12:00:00,0.0,0.0,43.027675363444395,40.83459746264813,2.1893356831457917,223.265267702293,595.7956931303142,38.61861541032232,162.9429745597062,60.3222931425868,162.9429745597062,0.0,72.98178361400039,100.0,67.9163057075937,18.63746191150176,49.278843796091934
2022-04-04 13:00:00,0.0,0.0,51.95924275643124,40.83459746264813,1.1039424031540266,228.6647443575216,601.4696836599915,37.09592761437473,165.47067324390545,63.19407111361616,165.47067324390545,0.0,72.36387651661288,100.0,69.29667773680393,19.294749695960576,50.00192804084335
2022-04-04 14:00:00,0.0,0.0,60.174872047671634,40.83459746264813,2.1878453790919172,236.88037364876212,519.7941449623514,35.643567030073484,143.80532029857292,93.0750533501892,143.80532029857292,0.0,60.707992850350024,100.0,72.85444436381525,28.865115911083294,43.989328452731954
2022-04-04 15:00:00,0.0,0.0,59.364232076879894,40.83459746264813,2.1887000973952278,238.95962609977252,389.6944175732744,31.077950549164825,109.70807241481326,129.25155368495928,109.70807241481324,0.0,45.91071479539684,99.99999999999999,79.5315305325038,43.19895965052802,36.332570881975776
2022-04-04 16:00:00,0.0,0.0,44.49721146348104,40.83459746264813,1.1036440128214176,207.0395182833857,233.62387926361777,26.200746226988052,66.98475192811549,140.0547663552702,66.98475192811549,0.0,32.35360692659167,100.0,72.92030716099289,49.392247970001975,23.528059190990916
2022-04-04 17:00:00,0.0,0.0,20.609890132644257,40.83459746264813,1.1035018880741343,142.5138980520954,96.0186699446297,20.20058343576968,21.619134500456312,120.8947635516391,21.619134500456312,0.0,15.169842938794305,100.0,52.73999733628177,44.76956292432603,7.970434411955736
2022-04-04 18:00:00,0.0,0.0,6.558525801853543,40.83459746264813,1.1032038455428692,140.73458566348052,0.0,20.0,0.0,140.73458566348052,0.0,0.0,0.0,0.0,55.28777852135712,55.28777852135712,0.0
2022-04-04 19:00:00,0.0,0.0,0.9700672391721069,40.83459746264813,0.020000016,112.95545337016273,0.0,18.3,0.0,112.95545337016273,0.0,0.0,0.0,0.0,44.613098210641496,44.613098210641496,0.0
2022-04-04 20:00:00,0.0,0.0,0.0,40.83459746264813,1.1030402451968062,110.70098949907849,0.0,16.1,0.0,110.70098949907849,0.0,0.0,0.0,0.0,43.753907171346675,43.753907171346675,0.0
2022-04-04 21:00:00,0.0,0.0,0.0,0.0,0.020000016,47.675718305793986,0.0,15.6,0.0,47.675718305793986,0.0,0.0,0.0,0.0,18.69009880111908,18.69009880111908,0.0
2022-04-04 22:00:00,0.0,0.0,0.0,0.0,1.1029418135593008,43.46825895116388,0.0,16.7,0.0,43.46825895116388,0.0,0.0,0.0,0.0,17.108607227458926,17.108607227458926,0.0
2022-04-04 23:00:00,0.0,0.0,0.0,0.0,0.020000016,43.46825895116388,0.0,16.1,0.0,43.46825895116388,0.0,0.0,0.0,0.0,16.5850030706741,16.5850030706741,0.0
2022-04-05 00:00:00,0.0,0.0,0.0,0.0,1.1028908542100677,43.46825895116388,0.0,15.6,0.0,43.46825895116388,0.0,0.0,0.0,0.0,16.41875678265202,16.41875678265202,0.0
2022-04-05 01:00:00,0.0,0.0,0.0,0.0,0.020000016,43.46825895116388,0.0,15.0,0.0,43.46825895116388,0.0,0.0,0.0,0.0,16.295069783469838,16.295069783469838,0.0
2022-04-05 02:00:00,0.0,0.0,0.0,0.0,0.020000016,43.46825895116388,0.0,14.4,0.0,43.46825895116388,0.0,0.0,0.0,0.0,16.333104510052106,16.333104510052106,0.0
2022-04-05 03:00:00,0.0,0.0,0.0,0.0,1.1028320691669289,43.46825895116388,0.0,13.9,0.0,43.46825895116388,0.0,0.0,0.0,0.0,16.350283690532578,16.350283690532578,0.0
2022-04-05 04:00:00,0.0,0.0,0.0,0.0,0.020000016,47.675718305793986,0.0,13.3,0.0,47.675718305793986,0.0,0.0,0.0,0.0,17.758515265423863,17.758515265423863,0.0
2022-04-05 05:00:00,0.0,4.5018036487350965,0.0,40.83459746264813,5.604842467642298,76.63763960364213,0.0,13.9,0.0,76.63763960364213,0.0,0.0,0.0,0.0,29.997341387431305,29.997341387431305,0.0
2022-04-05 06:00:00,0.0,2.242873965236313,0.0,40.83459746264813,3.3462681541557187,98.76960946899328,71.00865352923518,18.9190204227886,11.87868011227661,86.89092935671667,11.878680112276612,0.0,12.026654935803592,100.00000000000003,37.719128509251746,33.25523930985931,4.463889199392433
2022-04-05 07:00:00,0.0,0.0,0.0,40.83459746264813,1.1039921608962875,186.98067465638707,176.76719429845227,26.123974821826636,50.69723655119086,136.2834381051962,50.697236551190855,0.0,27.113623717722046,99.99999999999999,65.02310434237297,47.446879402440615,17.57622493993236
2022-04-05 08:00:00,0.0,0.0,0.08947288285395626,40.83459746264813,2.1883706579605446,178.72156943181244,276.88595995975027,31.952686248742197,77.69176862299406,101.02980080881838,77.69176862299406,0.0,43.47084063215759,100.0,56.510802629099786,32.11636419916588,24.394438429933906
2022-04-05 09:00:00,0.0,0.0,7.720110531610007,40.83459746264813,1.1042128304576386,184.42561213270034,351.9075605885168,37.697111268391154,96.58805345639682,87.83755867630352,96.58805345639682,0.0,52.37236430420441,100.0,54.91143820074359,26.25714332210163,28.65429487864196
2022-04-05 10:00:00,0.0,0.0,21.214487973853217,40.83459746264813,2.1889734028977674,199.8465845228117,399.25490650400656,40.776715828250204,108.27327198329216,91.57331253951953,108.27327198329216,0.0,54.17819485973412,100.0,60.765780286176735,28.05750755274401,32.70827273343272
2022-04-05 11:00:00,0.0,0.0,30.52038727418847,40.83459746264813,3.2742831052268078,208.60813488070136,496.14481789488315,44.4045255592151,132.63069171893866,75.9774431617627,132.63069171893866,0.0,63.57886848218426,100.0,60.75420820997202,22.502190411312927,38.2520177986591
2022-04-05 12:00:00,0.0,0.0,48.324717127920394,40.83459746264813,2.1893278564176795,228.562309466769,610.5419705485102,47.379436579640945,161.27617101259466,67.28613845417433,161.27617101259466,0.0,70.56113993109736,100.0,62.67056184759415,18.727643531792477,43.94291831580168
2022-04-05 13:00:00,0.0,0.0,56.20955560444933,40.83459746264813,1.1039523273949,232.9150572055397,604.1426800981276,46.07945875306649,160.42267511584535,72.49238208969436,160.42267511584535,0.0,68.87604306933139,100.0,62.647952211661035,19.635424559600576,43.012527652060456
2022-04-05 14:00:00,0.0,0.0,54.921394732208405,40.83459746264813,2.187817071393005,231.62689633329876,520.6056284823303,42.968925890072825,139.96602715523366,91.6608691780651,139.96602715523366,0.0,60.427363734922224,100.0,65.15911385346793,26.023213000593042,39.13590085287488
2022-04-05 15:00:00,0.0,0.0,54.134935893172695,40.83459746264813,1.1043370186818264,233.7303299160653,384.55985314967097,38.717495410927214,105.13198669613283,128.59834321993247,105.13198669613283,0.0,44.980036067157684,100.0,67.38929427850854,37.16700206297123,30.222292215537315
2022-04-05 16:00:00,0.0,0.0,52.25720154394626,40.83459746264813,1.1037231494822912,214.79950836385092,221.7445461230746,30.229517066346084,62.626741527251916,152.172766836599,62.62674152725191,0.0,29.155905432133427,99.99999999999999,64.74490407592904,45.925881380697476,18.819022695231567
2022-04-05 17:00:00,0.0,0.0,33.707006307480654,40.83459746264813,1.1034552799946586,152.6428451857318,79.4438099898854,21.882619062183917,14.709002461268403,137.9338427244634,14.709002461268398,0.0,9.636221365875924,99.99999999999997,52.29339099933394,47.27342909433995,5.019961904993984
2022-04-05 18:00:00,0.0,0.0,9.374817329946756,40.83459746264813,1.103250210971563,143.55087719157373,0.0,18.9,0.0,143.55087719157373,0.0,0.0,0.0,0.0,54.31516809542437,54.31516809542437,0.0
2022-04-05 19:00:00,0.0,0.0,0.5586610255702908,40.83459746264813,1.103422192019645,112.5440471565609,0.0,18.9,0.0,112.5440471565609,0.0,0.0,0.0,0.0,43.716641056881045,43.716641056881045,0.0
2022-04-05 20:00:00,0.0,0.0,0.0,40.83459746264813,1.1030712279645454,110.70098949907849,0.0,18.9,0.0,110.70098949907849,0.0,0.0,0.0,0.0,42.55114649889935,42.55114649889935,0.0
2022-04-05 21:00:00,0.0,0.0,0.0,0.0,0.020000016,47.675718305793986,0.0,18.9,0.0,47.675718305793986,0.0,0.0,0.0,0.0,18.213579996652673,18.213579996652673,0.0
2022-04-05 22:00:00,0.0,0.0,0.0,0.0,0.020000016,43.46825895116388,0.0,18.9,0.0,43.46825895116388,0.0,0.0,0.0,0.0,16.607823906623462,16.607823906623462,0.0
2022-04-05 23:00:00,0.0,0.0,0.0,0.0,1.102891695815428,43.46825895116388,0.0,17.2,0.0,43.46825895116388,0.0,0.0,0.0,0.0,16.737379272295446,16.737379272295446,0.0
2022-04-06 00:00:00,0.0,0.0,0.0,0.0,0.020000016,43.46825895116388,0.0,17.2,0.0,43.46825895116388,0.0,0.0,0.0,0.0,16.804735119672234,16.804735119672234,0.0
2022-04-06 01:00:00,0.0,0.0,0.0,0.0,1.1028394423466508,43.46825895116388,0.0,16.7,0.0,43.46825895116388,0.0,0.0,0.0,0.0,16.963839493172316,16.963839493172316,0.0
2022-04-06 02:00:00,0.0,0.0,0.0,0.0,0.020000016,43.46825895116388,0.0,16.1,0.0,43.46825895116388,0.0,0.0,0.0,0.0,17.18508238549492,17.18508238549492,0.0
2022-04-06 03:00:00,0.0,0.0,0.0,0.0,0.020000016,43.46825895116388,0.0,15.0,0.0,43.46825895116388,0.0,0.0,0.0,0.0,17.259195767006656,17.259195767006656,0.0
2022-04-06 04:00:00,0.0,0.0,0.0,0.0,1.1030442544225039,47.675718305793986,0.0,14.4,0.0,47.675718305793986,0.0,0.0,0.0,0.0,19.00881985375648,19.00881985375648,0.0
2022-04-06 05:00:00,0.0,3.2585619380553266,0.0,40.83459746264813,3.2785619540553266,76.63763960364213,0.0,15.0,0.0,76.63763960364213,0.0,0.0,0.0,0.0,30.62651333918991,30.62651333918991,0.0
2022-04-06 06:00:00,0.0,0.38212581729953704,0.0,40.83459746264813,1.4855187835527401,98.76960946899328,76.50348118969757,19.59073378717805,13.75470004320388,85.0149094257894,13.754700043203883,0.0,13.926044779514788,100.00000000000003,36.73172654396598,31.65369760851576,5.078028935450224
2022-04-06 07:00:00,0.0,0.0,0.14981664408745105,40.83459746264813,2.188149715626554,187.13049130047452,179.78497291579768,25.018280403618675,51.774570060733616,135.3559212397409,51.77457006073362,0.0,27.667628990296105,100.00000000000003,57.903855501364596,41.992235757449635,15.911619743914962
2022-04-06 08:00:00,0.0,0.0,0.5871505113753315,40.83459746264813,1.104170097352989,179.2192470603338,277.07767418670846,29.25867731833464,78.54097878223138,100.67826827810242,78.54097878223138,0.0,43.82396426193595,100.0,48.63997657122049,27.411135416171163,21.228841155049324
2022-04-06 09:00:00,0.0,0.0,0.6921056484290533,40.83459746264813,2.188319373269466,177.39760724951938,348.4838620228033,33.6901206882126,97.13632458037671,80.26128266914267,97.13632458037671,0.0,54.75627664117768,100.0,46.92983513110529,21.44854878555798,25.481286345547314
2022-04-06 10:00:00,0.0,0.0,3.722941531615163,40.83459746264813,2.188756940543383,182.35503808057365,385.93984439475133,34.26062013733598,107.34217571634699,75.01286236422666,107.34217571634699,0.0,58.864387212004424,100.0,48.34160853125964,20.117593559281943,28.224014971977695
2022-04-06 11:00:00,0.0,0.0,8.455539851697877,40.83459746264813,2.189523582977691,186.54328745821078,493.2458683226479,37.113933385082746,135.68769280360362,50.85559465460716,135.68769280360362,0.0,72.73791228430035,100.0,49.10813871466894,13.67465461593589,35.43348409873305
2022-04-06 12:00:00,0.0,0.0,5.365809940106221,40.83459746264813,2.189316894071856,185.6034022789548,603.203378897511,39.450105590547224,164.43442787968183,21.16897439927297,164.43442787968183,0.0,88.59451166339247,100.0,48.72160129880294,5.906164967491384,42.81543633131155
2022-04-06 13:00:00,0.0,0.0,4.592687936246277,40.83459746264813,2.187891180071912,181.29818953733664,603.1330964338194,39.94790926355686,164.0953310043624,17.202858532974233,164.0953310043624,0.0,90.51129050054222,100.0,49.72970054086032,5.075258591298201,44.65444194956212
2022-04-06 14:00:00,0.0,0.0,6.540975995700336,40.83459746264813,1.1039062523078562,183.24647759679073,520.8185544956895,35.17557982799029,144.34845713860688,38.89802045818385,144.34845713860688,0.0,78.77284138373795,100.0,50.447691632077195,10.865179457814104,39.58251217426309
2022-04-06 15:00:00,0.0,0.0,1.4857208050577073,40.83459746264813,2.1888094603141437,181.08111482795027,386.85605037422886,29.889251574194653,109.3990277166039,71.68208711134638,109.3990277166039,0.0,60.414377181489456,100.0,50.48022700558739,20.22100293431333,30.25922407127406
2022-04-06 16:00:00,0.0,0.0,0.364206484436025,40.83459746264813,1.1036471862168657,162.90651330434068,228.23738710020038,23.832418346881262,66.01633473813582,96.89017856620485,66.01633473813582,0.0,40.52406094703201,100.0,46.143236080139445,27.524649193943002,18.618586886196443
2022-04-06 17:00:00,0.0,0.0,0.0,40.83459746264813,1.1035824256553248,118.93583887825115,88.29365478431713,18.859176712009912,18.369555870674635,100.56628300757652,18.36955587067463,0.0,15.444929000314744,99.99999999999997,37.70630662139562,31.91328348201966,5.793023139375958
2022-04-06 18:00:00,0.0,0.0,0.0,40.83459746264813,1.10318886110334,134.17605986162698,0.0,15.6,0.0,134.17605986162698,0.0,0.0,0.0,0.0,47.83851054545972,47.83851054545972,0.0
2022-04-06 19:00:00,0.0,2.2595153225071485,0.0,40.83459746264813,3.3628386558422316,111.9853861309906,0.0,14.4,0.0,111.9853861309906,0.0,0.0,0.0,0.0,41.71083632583094,41.71083632583094,0.0
2022-04-06 20:00:00,0.0,1.7289160923448093,0.0,40.83459746264813,1.7489161083448093,110.70098949907849,0.0,13.9,0.0,110.70098949907849,0.0,0.0,0.0,0.0,40.94049570088086,40.94049570088086,0.0
2022-04-06 21:00:00,0.0,0.0,0.0,0.0,1.1029700322634135,47.675718305793986,0.0,13.9,0.0,47.675718305793986,0.0,0.0,0.0,0.0,17.878891966178685,17.878891966178685,0.0
2022-04-06 22:00:00,0.0,0.0,0.0,0.0,0.020000016,43.46825895116388,0.0,13.3,0.0,43.46825895116388,0.0,0.0,0.0,0.0,15.798227583658035,15.798227583658035,0.0
2022-04-06 23:00:00,0.0,0.0,0.0,0.0,0.020000016,43.46825895116388,0.0,13.3,0.0,43.46825895116388,0.0,0.0,0.0,0.0,16.157927426478917,16.157927426478917,0.0
2022-04-07 00:00:00,0.0,0.0,0.0,0.0,1.1029354872422599,43.46825895116388,0.0,12.8,0.0,43.46825895116388,0.0,0.0,0.0,0.0,16.7136969558316,16.7136969558316,0.0
2022-04-07 01:00:00,0.0,0.0,0.0,0.0,0.020000016,43.46825895116388,0.0,12.8,0.0,43.46825895116388,0.0,0.0,0.0,0.0,16.444817935556596,16.444817935556596,0.0
2022-04-07 02:00:00,0.0,0.0,0.0,0.0,1.1029020518681203,43.46825895116388,0.0,12.8,0.0,43.46825895116388,0.0,0.0,0.0,0.0,16.438971539207284,16.438971539207284,0.0
2022-04-07 03:00:00,0.0,0.0,0.0,0.0,0.020000016,43.46825895116388,0.0,12.8,0.0,43.46825895116388,0.0,0.0,0.0,0.0,16.281159940605466,16.281159940605466,0.0
2022-04-07 04:00:00,0.0,0.0,0.0,0.0,0.020000016,47.675718305793986,0.0,12.8,0.0,47.675718305793986,0.0,0.0,0.0,0.0,17.857442380908385,17.857442380908385,0.0
2022-04-07 05:00:00,0.0,28.6649631151823,0.0,40.83459746264813,29.768005019474277,76.63763960364213,0.0,12.8,0.0,76.63763960364213,0.0,0.0,0.0,0.0,33.49265275326308,33.49265275326308,0.0
2022-04-07 06:00:00,0.0,16.62308112358694,0.0,40.83459746264813,17.726559675401685,98.76960946899328,64.41945901595967,15.91310809424874,9.8827578855307,88.88685158346259,9.882757885530694,0.0,10.005869152123342,99.99999999999994,37.681528188932326,34.230518549094434,3.451009639837892
2022-04-07 07:00:00,0.0,0.0,0.0,40.83459746264813,1.1039609553061072,186.98067465638707,154.25092309861387,19.220341346831685,45.374267094815366,141.6064075615717,45.374267094815366,0.0,24.26682178690354,100.0,54.763469105397576,41.52235048178856,13.241118623609019
2022-04-07 08:00:00,0.0,0.0,0.0,40.83459746264813,2.188333794513369,178.6320965489585,214.7405429418857,21.710641966933927,62.597972016778726,116.03412453217976,62.597972016778726,0.0,35.04295881094483,100.0,46.931244198860725,30.623220529049533,16.308023669811192
2022-04-07 09:00:00,0.0,0.0,0.0,40.83459746264813,1.1042207656156926,176.70550160109036,347.7035181568692,26.465734942402165,99.59553957055165,77.10996203053871,99.59553957055165,0.0,56.36244410510029,100.0,46.17493634020423,20.261670877040252,25.91326546316398
2022-04-07 10:00:00,0.0,0.0,0.05860456670665545,40.83459746264813,2.188944847688276,178.69070111566515,407.430855838728,29.43221424496025,115.41580379116255,63.274897324502604,115.41580379116255,0.0,64.589708961103,100.0,47.877600433768954,17.20815889234333,30.669441541425623
2022-04-07 11:00:00,0.0,0.0,0.2623499283847832,40.83459746264813,3.2742498357569674,178.35009753489769,412.23425829613717,29.582320571754288,116.71055915446077,61.63953838043692,116.71055915446077,0.0,65.43902177099963,100.0,48.351686158692736,17.09659841712814,31.255087741564598
2022-04-07 12:00:00,0.0,0.0,4.3828351729563035,40.83459746264813,2.1892844795911075,184.62042751180488,499.45913981820775,32.80809811931899,139.68857771370148,44.9318497981034,139.68857771370148,0.0,75.66257948610242,100.0,51.19156910490355,12.756955389867166,38.434613715036384
2022-04-07 13:00:00,0.0,0.0,13.925496377117314,40.83459746264813,1.1039376353918904,190.6309979782077,613.226396674267,36.963324896070844,168.79171915776988,21.839278820437812,168.79171915776988,0.0,88.54368961393445,100.0,55.069037731467894,6.484873247691212,48.58416448377668
2022-04-07 14:00:00,0.0,0.0,23.56458741704867,40.83459746264813,2.1877843377586337,200.27008901813898,505.001790497479,32.98130595304622,141.1455362254076,59.12455279273138,141.1455362254076,0.0,70.47759199459071,100.0,56.18415152423789,16.86453377024498,39.319617753992915
2022-04-07 15:00:00,0.0,0.0,27.211471040724664,40.83459746264813,1.1043067923838565,206.8068650636172,378.6502040761489,27.432818877379653,108.06964151842612,98.73722354519109,108.06964151842612,0.0,52.25631242230867,100.0,60.89974789442737,29.17968706414653,31.72006083028084
2022-04-07 16:00:00,0.0,0.0,18.99515232318565,40.83459746264813,1.103628608464605,181.5374591430903,186.67836586982443,20.833698933432014,54.592148588166815,126.94531055492348,54.59214858816682,0.0,30.07211230445643,100.00000000000003,54.50654737793543,38.17503316704239,16.33151421089304
2022-04-07 17:00:00,0.0,0.0,2.9803829387832,40.83459746264813,1.1035942190377381,121.91622181703436,60.320958017096544,15.185029938034267,8.687821372782421,113.22840044425193,8.687821372782423,0.0,7.126058569810883,100.00000000000003,41.82638695447102,38.85997378584132,2.9664131686296997
2022-04-07 18:00:00,0.0,0.0,0.0,40.83459746264813,1.103309193901468,134.17605986162698,0.0,13.3,0.0,134.17605986162698,0.0,0.0,0.0,0.0,51.0735170146937,51.0735170146937,0.0
2022-04-07 19:00:00,0.0,0.0,0.0,40.83459746264813,1.1033241384949493,111.9853861309906,0.0,13.3,0.0,111.9853861309906,0.0,0.0,0.0,0.0,42.81469266018861,42.81469266018861,0.0
2022-04-07 20:00:00,0.0,0.0,0.0,40.83459746264813,1.1030678915331744,110.70098949907849,0.0,13.9,0.0,110.70098949907849,0.0,0.0,0.0,0.0,41.62181109132874,41.62181109132874,0.0
2022-04-07 21:00:00,0.0,0.0,0.0,0.0,0.020000016,47.675718305793986,0.0,13.9,0.0,47.675718305793986,0.0,0.0,0.0,0.0,17.719659555004643,17.719659555004643,0.0
2022-04-07 22:00:00,0.0,0.0,0.0,0.0,0.020000016,43.46825895116388,0.0,13.9,0.0,43.46825895116388,0.0,0.0,0.0,0.0,16.389830587983376,16.389830587983376,0.0
2022-04-07 23:00:00,0.0,0.0,0.0,0.0,1.1029420618564523,38.10742263904787,0.0,13.9,0.0,38.10742263904787,0.0,0.0,0.0,0.0,15.043712738250642,15.043712738250642,0.0
2022-04-08 00:00:00,0.0,0.0,0.0,0.0,0.020000016,38.10742263904787,0.0,13.9,0.0,38.10742263904787,0.0,0.0,0.0,0.0,15.19512504621956,15.19512504621956,0.0
2022-04-08 01:00:00,0.0,0.0,0.0,0.0,1.1029119140482,38.10742263904787,0.0,13.9,0.0,38.10742263904787,0.0,0.0,0.0,0.0,15.530720171452314,15.530720171452314,0.0
2022-04-08 02:00:00,0.0,0.0,0.0,0.0,0.020000016,38.10742263904787,0.0,13.9,0.0,38.10742263904787,0.0,0.0,0.0,0.0,15.254001014196886,15.254001014196886,0.0
2022-04-08 03:00:00,0.0,0.0,0.0,0.0,0.020000016,38.10742263904787,0.0,13.9,0.0,38.10742263904787,0.0,0.0,0.0,0.0,15.093568764886497,15.093568764886497,0.0
2022-04-08 04:00:00,0.0,0.0,0.0,0.0,1.1030629560413234,38.10742263904787,0.0,13.9,0.0,38.10742263904787,0.0,0.0,0.0,0.0,15.147577231990102,15.147577231990102,0.0
2022-04-08 05:00:00,0.0,5.84983961645484,0.0,40.83459746264813,5.86983963245484,76.63763960364213,0.0,13.9,0.0,76.63763960364213,0.0,0.0,0.0,0.0,30.3826430391494,30.3826430391494,0.0
2022-04-08 06:00:00,0.0,2.448360098223105,0.0,40.83459746264813,3.5515111457958812,75.83888804889047,64.92227520430839,16.428821100134638,10.019106488554254,65.81978156033621,10.019106488554257,0.0,13.211040860851387,100.00000000000004,28.981581099729066,25.237290718359013,3.744290381370053
2022-04-08 07:00:00,0.0,0.0,0.0,40.83459746264813,1.1032529768365964,114.21720088209123,174.37012283179337,21.049066338493542,50.95271362949706,63.26448725259417,50.95271362949706,0.0,44.61036799710807,100.0,37.4317353849026,20.821915032390997,16.609820352511605
2022-04-08 08:00:00,0.0,0.0,0.06322041194276327,40.83459746264813,1.103473835149155,116.52811539988018,276.2409028730867,25.33252821478396,79.45949625530135,37.06861914457883,79.45949625530135,0.0,68.18911983826956,100.0,34.749849777626196,11.189711840448071,23.560137937178126
2022-04-08 09:00:00,0.0,0.0,0.8439264232613256,40.83459746264813,1.103433336869657,116.34552393726462,366.05242175207223,28.63913817975226,104.00359535425552,12.341928583009093,104.00359535425552,0.0,89.39200395052237,100.0,33.184956575945996,3.697857221107467,29.48709935483853
2022-04-08 10:00:00,0.0,0.0,3.2794873571376097,40.83459746264813,1.1035452271439112,121.02877897698708,403.0690839086124,29.79590887214414,114.0240033518044,7.004775625182688,114.0240033518044,0.0,94.21230579669435,100.0,34.143030270923624,2.163288170859807,31.979742100063817
2022-04-08 11:00:00,0.0,0.0,6.058070094712802,40.83459746264813,1.1034562437386652,122.52296508265022,500.6506093066119,32.34533154083162,140.26869039575493,0.0,122.52296508265022,17.745725313104714,100.0,87.348762390925,35.55451717271894,0.19867775364398005,35.35583941907496
2022-04-08 12:00:00,0.0,0.0,19.146704052627683,40.83459746264813,0.020000016,133.04280577674092,573.5488636475658,35.12340198898643,158.99491599308703,0.0,133.04280577674092,25.952110216346114,100.0,83.6773961895269,39.88916896900117,0.0036010111631256747,39.88556795783804
2022-04-08 13:00:00,0.0,0.0,28.701424795017807,40.83459746264813,1.103287775967056,103.49856077865618,572.0423228142157,34.57632258794424,158.91076629805826,0.0,103.49856077865618,55.41220551940208,100.0,65.12998658915964,32.062749327876816,0.19864742095193663,31.86410190692488
2022-04-08 14:00:00,0.0,0.0,31.86008507732271,40.83459746264813,1.1032279931778717,105.37282442904898,487.19293992733446,31.324779372729203,137.02803979866198,0.0,105.37282442904898,31.655215369613003,100.0,76.89873151792536,32.30731685293365,0.19863665703598699,32.10868019589766
2022-04-08 15:00:00,0.0,0.0,32.441435765940945,40.83459746264813,1.1032107561203341,106.27527427564524,337.1928808680047,26.13727752712515,96.7029113925645,9.572362883080743,96.7029113925645,0.0,90.9928598647951,100.0,33.67003118661111,3.2134492435229194,30.456581943088192
2022-04-08 16:00:00,0.0,0.0,24.347557408498876,40.83459746264813,0.020000016,87.40715821086299,194.807968020859,21.087749000651844,56.91682868857062,30.49032952229237,56.91682868857062,0.0,65.11689643457254,100.0,28.943674058988805,10.098796664346517,18.84487739464229
2022-04-08 17:00:00,0.0,0.0,0.0,4.99120409510918,1.1030107104583762,25.28961248695705,63.75893296720867,15.892466655225272,9.68184617385957,15.60776631309748,9.68184617385957,0.0,38.28388504906083,100.0,9.308421745244031,5.8208271164963366,3.4875946287476944
2022-04-08 18:00:00,0.0,0.0,0.0,1.0850443685019953,0.020000016,39.19246700754986,0.0,13.3,0.0,39.19246700754986,0.0,0.0,0.0,0.0,15.62493451103235,15.62493451103235,0.0
2022-04-08 19:00:00,0.0,0.0,0.0,0.0,0.020000016,38.10742263904787,0.0,13.3,0.0,38.10742263904787,0.0,0.0,0.0,0.0,15.095855210244837,15.095855210244837,0.0
2022-04-08 20:00:00,0.0,0.0,0.0,0.0,1.1030922731693984,38.10742263904787,0.0,12.8,0.0,38.10742263904787,0.0,0.0,0.0,0.0,15.349551850538104,15.349551850538104,0.0
2022-04-08 21:00:00,0.0,0.0,0.0,0.0,0.020000016,38.10742263904787,0.0,13.9,0.0,38.10742263904787,0.0,0.0,0.0,0.0,15.224277224538428,15.224277224538428,0.0
2022-04-08 22:00:00,0.0,0.0,0.0,0.0,1.1028455373363095,38.10742263904787,0.0,13.9,0.0,38.10742263904787,0.0,0.0,0.0,0.0,15.484217164678215,15.484217164678215,0.0
2022-04-08 23:00:00,0.0,0.0,0.0,0.0,0.020000016,38.10742263904787,0.0,13.9,0.0,38.10742263904787,0.0,0.0,0.0,0.0,15.56610080561069,15.56610080561069,0.0
2022-04-09 00:00:00,0.0,0.0,0.0,0.0,1.1029376274612621,38.10742263904787,0.0,13.3,0.0,38.10742263904787,0.0,0.0,0.0,0.0,15.73059823290479,15.73059823290479,0.0
2022-04-09 01:00:00,0.0,0.0,0.0,0.0,0.020000016,38.10742263904787,0.0,12.8,0.0,38.10742263904787,0.0,0.0,0.0,0.0,15.639267057077662,15.639267057077662,0.0
2022-04-09 02:00:00,0.0,0.0,0.0,0.0,0.020000016,38.10742263904787,0.0,12.2,0.0,38.10742263904787,0.0,0.0,0.0,0.0,15.74101387552392,15.74101387552392,0.0
2022-04-09 03:00:00,0.0,0.0,0.0,0.0,1.1028218258349416,38.10742263904787,0.0,12.8,0.0,38.10742263904787,0.0,0.0,0.0,0.0,16.16843166889668,16.16843166889668,0.0
2022-04-09 04:00:00,0.0,0.0,0.0,0.0,0.020000016,38.10742263904787,0.0,12.2,0.0,38.10742263904787,0.0,0.0,0.0,0.0,16.134854088498482,16.134854088498482,0.0
2022-04-09 05:00:00,0.0,0.0,0.0,0.0,1.1029154854634278,26.234746474247864,0.0,11.7,0.0,26.234746474247864,0.0,0.0,0.0,0.0,10.986308140103311,10.986308140103311,0.0
2022-04-09 06:00:00,0.0,0.0,0.0,0.7173687305887971,0.020000016,21.015777122436663,69.47907010244676,14.971220940701462,11.534899584376982,9.480877538059682,11.534899584376982,0.0,54.88685722719339,100.0,8.272048362214608,3.7337574697373275,4.538290892477281
2022-04-09 07:00:00,0.0,0.0,0.0,4.125794404089231,0.020000016,24.4242027959371,172.11637788256988,19.77863680883031,50.52715249733045,0.0,24.4242027959371,26.10294970139335,100.0,48.33876755122412,8.415052212055903,0.0036010111631256747,8.411451200892778
2022-04-09 08:00:00,0.0,0.0,0.0,3.953154463302444,1.1029468991281728,24.25156285515031,265.41211517865054,24.39412859933283,76.6100436294432,0.0,24.25156285515031,52.358480774292886,100.0,31.655853079073065,7.79393301654046,0.19858604593593315,7.595346970604527
2022-04-09 09:00:00,0.0,0.0,0.002583724471726545,5.804608887955435,0.020000016,26.105601004275027,308.9734509292258,26.355420341538306,88.53809241536703,0.0,26.105601004275027,62.432491411092,100.0,29.485163156444997,7.724071452167422,0.0036010111631256747,7.720470441004297
2022-04-09 10:00:00,0.0,0.0,0.2006987964917212,8.2289359213276,0.020000016,28.72804310966719,420.99622358882976,30.956131987150933,118.57491072455534,0.0,28.72804310966719,89.84686761488814,100.0,24.227758582421586,8.36073239198086,0.0036010111631256747,8.357131380817735
2022-04-09 11:00:00,0.0,0.0,1.817755089727426,7.142789920700986,1.1029954057192124,29.258953402276276,525.5200558640094,34.22250174575029,146.18522886430142,0.0,29.258953402276276,116.92627546202515,100.0,20.014986212756373,8.439086415784827,0.1985947795677372,8.24049163621709
2022-04-09 12:00:00,0.0,0.0,4.252556803489641,8.890496787150896,0.020000016,33.441461982488406,599.310990039264,36.528468438727,165.2391878557707,0.0,33.441461982488406,131.79772587328227,100.0,20.238214927368105,9.025104210179022,0.0036010111631256747,9.021503199015896
2022-04-09 13:00:00,0.0,0.0,7.171939438434403,11.37201806060791,1.1030183874818011,38.84236589089018,593.2158088534237,35.73799402666949,164.05833656132526,0.0,38.84236589089018,125.21597067043508,100.0,23.675947656808553,11.260710511339678,0.1985989174436084,11.06211159389607
2022-04-09 14:00:00,0.0,0.0,10.380678941927206,12.184684334391156,0.020000016,42.863771668166216,484.89403368289163,31.852938552590366,136.1085472277883,0.0,42.863771668166216,93.2447755596221,100.0,31.492343824984285,12.339151540686338,0.0036010111631256747,12.335550529523212
2022-04-09 15:00:00,0.0,0.0,10.677978612904553,11.245282535349208,1.1029293928287751,42.22166954010163,361.83154158986355,28.007235674683237,103.04799106334782,0.0,42.22166954010163,60.82632152324619,100.0,40.97282159935194,12.78317371704217,0.19858289391947698,12.584590823122692
2022-04-09 16:00:00,0.0,0.0,9.21029571503423,9.819172254770264,0.020000016,39.32787636165235,197.29195179616235,21.765373493630072,57.50011156902441,0.0,39.32787636165235,18.17223520737206,100.0,68.39617400471005,12.065460691281901,0.0036010111631256747,12.061859680118776
2022-04-09 17:00:00,0.0,0.0,3.2437892819248244,6.92011478184489,0.020000016,30.462312455617575,70.59976277836051,16.606242586823768,11.840542263428556,18.621770192189018,11.840542263428556,0.0,38.86947939582648,100.0,10.016106180637788,6.124297546782773,3.891808633855015
2022-04-09 18:00:00,0.0,0.0,0.05389998523417549,4.757923487747561,1.1029607791406446,42.919246112029604,0.0,13.3,0.0,42.919246112029604,0.0,0.0,0.0,0.0,16.121199660139787,16.121199660139787,0.0
2022-04-09 19:00:00,0.0,0.0,0.0,0.0,0.020000016,38.10742263904787,0.0,13.3,0.0,38.10742263904787,0.0,0.0,0.0,0.0,14.77670554564281,14.77670554564281,0.0
2022-04-09 20:00:00,0.0,0.0,0.0,0.0,1.1029930150909324,38.10742263904787,0.0,13.3,0.0,38.10742263904787,0.0,0.0,0.0,0.0,14.694657921027936,14.694657921027936,0.0
2022-04-09 21:00:00,0.0,0.0,0.0,0.0,0.020000016,38.10742263904787,0.0,13.3,0.0,38.10742263904787,0.0,0.0,0.0,0.0,14.638947212802652,14.638947212802652,0.0
2022-04-09 22:00:00,0.0,0.0,0.0,0.0,0.020000016,38.10742263904787,0.0,13.3,0.0,38.10742263904787,0.0,0.0,0.0,0.0,14.04199443716197,14.04199443716197,0.0
2022-04-09 23:00:00,0.0,0.0,0.0,0.0,1.1028968719568344,43.46825895116388,0.0,13.9,0.0,43.46825895116388,0.0,0.0,0.0,0.0,16.113393347017894,16.113393347017894,0.0
2022-04-10 00:00:00,0.0,0.0,0.0,0.0,0.020000016,43.46825895116388,0.0,13.9,0.0,43.46825895116388,0.0,0.0,0.0,0.0,15.79996631401608,15.79996631401608,0.0
2022-04-10 01:00:00,0.0,0.0,0.0,0.0,0.020000016,43.46825895116388,0.0,13.9,0.0,43.46825895116388,0.0,0.0,0.0,0.0,15.66217193314089,15.66217193314089,0.0
2022-04-10 02:00:00,0.0,0.0,0.0,0.0,1.1028801025611201,43.46825895116388,0.0,13.9,0.0,43.46825895116388,0.0,0.0,0.0,0.0,15.65327880668318,15.65327880668318,0.0
2022-04-10 03:00:00,0.0,0.0,0.0,0.0,0.020000016,43.46825895116388,0.0,13.9,0.0,43.46825895116388,0.0,0.0,0.0,0.0,15.547415729509819,15.547415729509819,0.0
2022-04-10 04:00:00,0.0,0.0,0.0,0.0,1.1030242905317411,47.675718305793986,0.0,14.4,0.0,47.675718305793986,0.0,0.0,0.0,0.0,17.276519034608658,17.276519034608658,0.0
2022-04-10 05:00:00,0.0,0.27826786650737445,0.0,40.83459746264813,0.29826788250737446,73.66947056244213,0.0,14.4,0.0,73.66947056244213,0.0,0.0,0.0,0.0,27.12244517187386,27.12244517187386,0.0
2022-04-10 06:00:00,0.0,0.0,0.0,40.83459746264813,1.1034242982164613,98.76960946899328,39.49823809399516,16.23431994043735,3.7110756368293787,95.0585338321639,3.711075636829378,0.0,3.757305163785623,99.99999999999997,35.60609545233153,34.27573050266275,1.3303649496687768
2022-04-10 07:00:00,0.0,0.0,0.0,40.83459746264813,2.1878998122557234,186.98067465638707,99.23020271539747,18.10094383485617,23.26575349663063,163.71492115975644,23.265753496630623,0.0,12.442865306474008,99.99999999999997,58.64589164969168,51.397678805351376,7.248212844340301
2022-04-10 08:00:00,0.0,0.0,0.0,40.83459746264813,1.1040519002218174,178.6320965489585,166.34182716911874,20.79818209903496,48.65123462898498,129.9808619199735,48.65123462898498,0.0,27.23543840602628,100.0,52.045857864692906,37.92508026980315,14.120777594889752
2022-04-10 09:00:00,0.0,0.0,5.0250229046512755,40.83459746264813,2.188368160582164,181.7305245057416,246.99318350579068,23.818536984555962,71.44499311427305,110.28553139146857,71.44499311427305,0.0,39.313699945886526,100.0,49.94557005790903,30.465021010405763,19.480549047503267
2022-04-10 10:00:00,0.0,0.0,18.428750911212123,40.83459746264813,2.1886976220250345,197.0608474601706,263.4524883118211,24.33289025974441,76.0615976677526,120.99924979241801,76.0615976677526,0.0,38.59802626857471,100.0,53.26451598254668,32.857569636277,20.406946346269685
2022-04-10 11:00:00,0.0,0.0,31.191378573395365,40.83459746264813,2.189466470373065,209.27912617990827,263.7525415078116,24.342266922119116,76.14559093254725,133.133535247361,76.14559093254726,0.0,36.3847041616029,100.00000000000003,57.24279618019394,36.558607859276805,20.684188320917137
2022-04-10 12:00:00,0.0,0.0,49.08702865052411,40.83459746264813,2.189364835699871,229.32462098937273,322.2495409170961,26.170298153659253,92.4060001417663,136.91862084760643,92.4060001417663,0.0,40.29484481129854,100.0,62.50906288650016,37.479973688101346,25.029089198398815
2022-04-10 13:00:00,0.0,0.0,61.36313186442685,40.83459746264813,1.1039085060921048,238.06863346551722,276.07517470010515,25.827349209378283,79.26625600222806,158.80237746328916,79.26625600222806,0.0,33.295547946978616,100.0,63.87140554718791,42.671249048112,21.20015649907591
2022-04-10 14:00:00,0.0,0.0,64.81179009334726,40.83459746264813,2.187758169175246,241.5172916944376,248.0645007670489,24.452015648970278,71.58742905184543,169.92986264259218,71.58742905184542,0.0,29.640705454090742,99.99999999999997,68.0259939575389,47.979366200150636,20.046627757388265
2022-04-10 15:00:00,0.0,0.0,62.52323871876115,40.83459746264813,1.1043043171459257,242.11863274165373,222.79144669622713,23.662232709257097,64.48153138658003,177.6371013550737,64.48153138658003,0.0,26.63220531869736,100.0,70.60571825772135,51.85481133816081,18.750906919560542
2022-04-10 16:00:00,0.0,0.0,56.209135259778485,40.83459746264813,2.187340053825997,218.75144207968316,119.83082041921041,19.844713138100328,33.715181412813635,185.0362606668695,33.71518141281365,0.0,15.412552754981354,100.00000000000004,68.48896788748836,57.99376906549359,10.49519882199477
2022-04-10 17:00:00,0.0,0.0,43.13080848529518,40.83459746264813,0.020000016,162.06664736354634,63.62614803175976,16.388317125992494,9.624448950649095,152.44219841289726,9.624448950649082,0.0,5.938574720472628,99.99999999999987,55.08438211737481,51.81336877476246,3.271013342612349
2022-04-10 18:00:00,0.0,0.0,33.17917983558653,40.83459746264813,1.1032389819950672,167.35523969721353,0.0,13.9,0.0,167.35523969721353,0.0,0.0,0.0,0.0,63.792792944319736,63.792792944319736,0.0
2022-04-10 19:00:00,0.0,0.0,8.955794695807787,40.83459746264813,1.1032621304805421,120.9411808267984,0.0,14.4,0.0,120.9411808267984,0.0,0.0,0.0,0.0,46.02144210103298,46.02144210103298,0.0
2022-04-10 20:00:00,0.0,0.0,1.4216808425625975,40.83459746264813,1.1030016408098244,112.1226703416411,0.0,14.4,0.0,112.1226703416411,0.0,0.0,0.0,0.0,42.78951345817417,42.78951345817417,0.0
2022-04-10 21:00:00,0.0,0.0,0.0,0.0,0.020000016,47.675718305793986,0.0,15.0,0.0,47.675718305793986,0.0,0.0,0.0,0.0,18.31942009129153,18.31942009129153,0.0
2022-04-10 22:00:00,0.0,0.0,0.0,0.0,0.020000016,43.46825895116388,0.0,14.4,0.0,43.46825895116388,0.0,0.0,0.0,0.0,16.086204799209497,16.086204799209497,0.0
2022-04-10 23:00:00,0.0,0.0,0.0,0.0,1.1028494540405978,43.46825895116388,0.0,14.4,0.0,43.46825895116388,0.0,0.0,0.0,0.0,16.28421506708051,16.28421506708051,0.0
2022-04-11 00:00:00,0.0,0.0,0.0,0.0,0.020000016,43.46825895116388,0.0,12.8,0.0,43.46825895116388,0.0,0.0,0.0,0.0,16.131629129813465,16.131629129813465,0.0
2022-04-11 01:00:00,0.0,0.0,0.0,0.0,1.1028325805854051,43.46825895116388,0.0,13.9,0.0,43.46825895116388,0.0,0.0,0.0,0.0,16.326810922780055,16.326810922780055,0.0
2022-04-11 02:00:00,0.0,0.0,0.0,0.0,0.020000016,43.46825895116388,0.0,14.4,0.0,43.46825895116388,0.0,0.0,0.0,0.0,15.718463328482647,15.718463328482647,0.0
2022-04-11 03:00:00,0.0,0.0,0.0,0.0,0.020000016,43.46825895116388,0.0,13.9,0.0,43.46825895116388,0.0,0.0,0.0,0.0,16.09120364898888,16.09120364898888,0.0
2022-04-11 04:00:00,0.0,0.0,0.0,0.0,1.1030314551225473,47.675718305793986,0.0,13.9,0.0,47.675718305793986,0.0,0.0,0.0,0.0,17.492968085704508,17.492968085704508,0.0
2022-04-11 05:00:00,0.0,0.6972246770648843,0.0,40.83459746264813,0.7172246930648843,73.66947056244213,0.0,13.9,0.0,73.66947056244213,0.0,0.0,0.0,0.0,28.29076511490527,28.29076511490527,0.0
2022-04-11 06:00:00,0.0,0.0,0.0,40.83459746264813,1.1033503573180266,98.76960946899328,44.95546606197541,15.804858314436732,4.814789145474188,93.95482032351909,4.814789145474194,0.0,4.874767827228981,100.00000000000013,39.53760644415542,37.619924075404505,1.917682368750917
2022-04-11 07:00:00,0.0,0.0,3.035545337214256,40.83459746264813,2.1880661903468086,190.01621999360134,70.87385741124695,17.214808044101467,11.906600190204033,178.1096198033973,11.906600190204045,0.0,6.266096752479863,100.00000000000011,64.15010451813812,60.155082956318964,3.995021561819158
2022-04-11 08:00:00,0.0,0.0,14.962522531208982,40.83459746264813,1.1041450043803112,193.59461908016746,181.20500293388963,21.762656341684053,52.81214617214533,140.78247290802213,52.81214617214533,0.0,27.279759335808727,100.0,61.235313268877924,44.584699823723945,16.65061344515398
2022-04-11 09:00:00,0.0,0.0,39.76285267147461,40.83459746264813,2.1883150030006395,216.46835427256497,397.1052306178259,29.60953845680706,112.415755633827,104.05259863873796,112.415755633827,0.0,51.93172739340888,100.0,64.42751089987387,31.1738062258315,33.25370467404237
2022-04-11 10:00:00,0.0,0.0,64.55880724990278,40.83459746264813,2.188929697033423,243.19090379886129,435.8839354052845,31.421372981415143,122.55198742070215,120.63891637815914,122.55198742070215,0.0,50.393327014427584,100.0,77.39200570469804,38.59020820749243,38.801797497205605
2022-04-11 11:00:00,0.0,0.0,70.28318684003796,40.83459746264813,2.1895870372041095,248.3709344465509,459.4825685403337,32.65883026688543,128.5810278419735,119.7899066045774,128.5810278419735,0.0,51.769756444526315,100.0,77.91949767626569,37.784858550811286,40.134639125454406
2022-04-11 12:00:00,0.0,0.0,80.81988821575891,40.83459746264813,2.1892076210049454,261.0574805546075,636.7873946094994,38.799606081546855,174.03090000689335,87.02658054771413,174.03090000689335,0.0,66.66382424176116,100.0,80.74766025345593,27.18094923133415,53.56671102212178
2022-04-11 13:00:00,0.0,0.0,88.3679118768225,40.83459746264813,1.1039039270565842,265.0734134779129,489.6999853676884,32.50312454274026,137.11828304049368,127.9551304374192,137.11828304049368,0.0,51.72841789050979,100.0,78.46565978976672,37.97942994781534,40.48622984195138
2022-04-11 14:00:00,0.0,0.0,91.35586604774016,40.83459746264813,2.187742786943973,268.0613676488305,408.05007177685246,30.551564743026642,115.10449952456123,152.9568681242693,115.10449952456122,0.0,42.9396076481084,99.99999999999999,80.29763646353186,45.98728724525065,34.31034921828121
2022-04-11 15:00:00,0.0,0.0,91.12076386038024,40.83459746264813,1.1042946246119665,270.71615788327273,246.6163940564291,23.80676231426341,71.33909770514043,199.3770601781323,71.33909770514043,0.0,26.351991053264136,100.0,81.07528087209514,59.76272543268443,21.31255543941071
2022-04-11 16:00:00,0.0,0.0,80.79414672680477,40.83459746264813,1.1036911750785345,243.33645354670938,204.51278418519624,22.491024505787383,59.44645992129392,183.88999362541546,59.44645992129392,0.0,24.429738764924895,100.0,74.60735750090953,56.42952175387668,18.17783574703285
2022-04-11 17:00:00,0.0,0.0,61.83033451035689,40.83459746264813,1.1034199715040627,180.76617338860808,52.31604641197188,16.03487645037412,6.515151169552941,174.25102221905513,6.515151169552951,0.0,3.6041871371292395,100.00000000000016,60.09915809859618,57.94023245554142,2.158925643054758
2022-04-11 18:00:00,0.0,0.0,48.19534687474843,40.83459746264813,1.1033565026512675,182.3714067363754,0.0,13.9,0.0,182.3714067363754,0.0,0.0,0.0,0.0,67.82927226933734,67.82927226933734,0.0
2022-04-11 19:00:00,0.0,0.0,34.534507280140474,40.83459746264813,1.1032785133288898,146.51989341113108,0.0,13.9,0.0,146.51989341113108,0.0,0.0,0.0,0.0,56.55532495540051,56.55532495540051,0.0
2022-04-11 20:00:00,0.0,0.0,13.802046700447635,40.83459746264813,1.1030350253592884,124.50303619952612,0.0,13.9,0.0,124.50303619952612,0.0,0.0,0.0,0.0,47.199120593602444,47.199120593602444,0.0
2022-04-11 21:00:00,0.0,0.0,0.0,0.0,0.020000016,47.675718305793986,0.0,13.3,0.0,47.675718305793986,0.0,0.0,0.0,0.0,18.522041894091156,18.522041894091156,0.0
2022-04-11 22:00:00,0.0,0.0,0.0,0.0,0.020000016,43.46825895116388,0.0,13.3,0.0,43.46825895116388,0.0,0.0,0.0,0.0,16.222043108431883,16.222043108431883,0.0
2022-04-11 23:00:00,0.0,0.0,0.0,0.0,1.1029125067432988,43.46825895116388,0.0,13.3,0.0,43.46825895116388,0.0,0.0,0.0,0.0,16.12339386162644,16.12339386162644,0.0
2022-04-12 00:00:00,0.0,0.0,0.0,0.0,0.020000016,43.46825895116388,0.0,13.3,0.0,43.46825895116388,0.0,0.0,0.0,0.0,15.880382593075733,15.880382593075733,0.0
2022-04-12 01:00:00,0.0,0.0,0.0,0.0,1.1029083514072162,43.46825895116388,0.0,12.8,0.0,43.46825895116388,0.0,0.0,0.0,0.0,16.777155728081958,16.777155728081958,0.0
2022-04-12 02:00:00,0.0,0.0,0.0,0.0,0.020000016,43.46825895116388,0.0,12.2,0.0,43.46825895116388,0.0,0.0,0.0,0.0,16.74844372433048,16.74844372433048,0.0
2022-04-12 03:00:00,0.0,0.0,0.0,0.0,0.020000016,43.46825895116388,0.0,12.2,0.0,43.46825895116388,0.0,0.0,0.0,0.0,16.760397495542048,16.760397495542048,0.0
2022-04-12 04:00:00,0.0,0.0,0.0,0.0,1.1028977484051405,47.675718305793986,0.0,12.2,0.0,47.675718305793986,0.0,0.0,0.0,0.0,18.936326383462575,18.936326383462575,0.0
2022-04-12 05:00:00,0.0,0.0,0.17356379182120832,40.83459746264813,0.020000016,73.84303435426335,0.0,11.7,0.0,73.84303435426335,0.0,0.0,0.0,0.0,29.212951680335536,29.212951680335536,0.0
2022-04-12 06:00:00,0.0,0.0,0.0,40.83459746264813,1.1033711716990207,98.76960946899328,73.78781648983656,15.105869265307394,13.003685813097519,85.76592365589576,13.003685813097519,0.0,13.165675032034791,100.0,39.875896104224644,34.652120457816174,5.22377564640847
2022-04-12 07:00:00,0.0,0.0,0.8619263291828446,40.83459746264813,2.1878765117286787,187.84260098556993,130.45083520296225,18.47658860009257,38.47664958487975,149.36595140069016,38.476649584879766,0.0,20.48345230687875,100.00000000000004,70.58225514323445,56.205262642596196,14.376992500638252
2022-04-12 08:00:00,0.0,0.0,3.563778839549344,40.83459746264813,1.1040393428325608,182.19587538850783,262.751522124355,24.310985066386095,75.86535430018851,106.33052108831932,75.86535430018851,0.0,41.639446633144686,100.0,62.46604511365374,36.538301628021316,25.927743485632426
2022-04-12 09:00:00,0.0,0.0,24.6449070558398,40.83459746264813,2.1881643520382394,201.35040865693017,324.54945687774057,27.942170527429393,92.45272361612561,108.89768504080456,92.45272361612561,0.0,45.916332741916946,100.0,65.5016412889999,35.60659084410761,29.8950504448923
2022-04-12 10:00:00,0.0,0.0,55.62395600745271,40.83459746264813,2.188645841998768,234.25605255641122,354.4934232163121,29.97791947550975,100.21370580560111,134.0423467508101,100.21370580560111,0.0,42.779558825473096,100.0,75.07372486492615,43.12609652262954,31.94762834229661
2022-04-12 11:00:00,0.0,0.0,65.28665599137736,40.83459746264813,2.1893809859208795,243.37440359789036,550.9423637875485,36.61694886836089,151.85127383719873,91.52312976069163,151.85127383719873,0.0,62.39410208811089,100.0,77.12041343144357,29.24778084152829,47.87263258991528
2022-04-12 12:00:00,0.0,0.0,71.84050595210812,40.83459746264813,2.1892680891101652,252.07809829095672,596.4441866524417,38.0388808328888,163.48879220010883,88.58930609084788,163.48879220010883,0.0,64.85640494296524,100.0,79.82776856900996,28.30999781487266,51.5177707541373
2022-04-12 13:00:00,0.0,0.0,75.81440931836651,40.83459746264813,1.1039015179892575,252.5199109194569,570.2364100292192,36.1198878134131,157.47115388389065,95.04875703556624,157.47115388389065,0.0,62.359896021869446,100.0,79.66677389181028,30.110601764549887,49.556172127260396
2022-04-12 14:00:00,0.0,0.0,79.89495156004287,40.83459746264813,2.1877271371521716,256.60045316113326,497.1205215114718,33.335016297233494,138.7553884450758,117.84506471605746,138.7553884450758,0.0,54.07449080300096,100.0,82.38544397559387,38.0489347057388,44.33650926985507
2022-04-12 15:00:00,0.0,0.0,76.76467973948911,40.83459746264813,1.1042605970657133,256.3600737623817,348.44487786267996,28.088902433208748,99.20520651102454,157.1548672513572,99.20520651102453,0.0,38.697604137443456,99.99999999999999,82.82367435140922,50.84983629290603,31.97383805850319
2022-04-12 16:00:00,0.0,0.0,64.66912893272962,40.83459746264813,1.1036103600183285,227.21143575263432,183.57506576997287,22.43672080531165,53.37104144053081,173.8403943121035,53.3710414405308,0.0,23.489592970415448,99.99999999999999,76.82576220991987,58.826378484100864,17.99938372581901
2022-04-12 17:00:00,0.0,0.0,37.2646138605499,40.83459746264813,1.1034788503039012,156.20045273880103,62.240214999823294,16.945006718744477,9.191343484574928,147.0091092542261,9.19134348457493,0.0,5.884325764371969,100.00000000000003,55.63890851454807,52.37662497156789,3.262283542980178
2022-04-12 18:00:00,0.0,0.0,10.38047631962744,40.83459746264813,1.1032206091583026,144.55653618125442,0.0,13.9,0.0,144.55653618125442,0.0,0.0,0.0,0.0,57.96053605484584,57.96053605484584,0.0
2022-04-12 19:00:00,0.0,0.0,0.4540156164580438,40.83459746264813,1.103327179233099,112.43940174744866,0.0,13.3,0.0,112.43940174744866,0.0,0.0,0.0,0.0,45.300347344462914,45.300347344462914,0.0
2022-04-12 20:00:00,0.0,0.0,0.0,40.83459746264813,0.020000016,110.70098949907849,0.0,13.3,0.0,110.70098949907849,0.0,0.0,0.0,0.0,43.02975459976996,43.02975459976996,0.0
2022-04-12 21:00:00,0.0,0.0,0.0,0.0,1.1029687913558923,47.675718305793986,0.0,13.9,0.0,47.675718305793986,0.0,0.0,0.0,0.0,18.756363338170907,18.756363338170907,0.0
2022-04-12 22:00:00,0.0,0.0,0.0,0.0,0.020000016,43.46825895116388,0.0,13.9,0.0,43.46825895116388,0.0,0.0,0.0,0.0,16.928619657683054,16.928619657683054,0.0
2022-04-12 23:00:00,0.0,0.0,0.0,0.0,1.1029060992861002,43.46825895116388,0.0,13.9,0.0,43.46825895116388,0.0,0.0,0.0,0.0,17.47655960911085,17.47655960911085,0.0
2022-04-13 00:00:00,0.0,0.0,0.0,0.0,0.020000016,43.46825895116388,0.0,13.3,0.0,43.46825895116388,0.0,0.0,0.0,0.0,17.57347127922357,17.57347127922357,0.0
2022-04-13 01:00:00,0.0,0.0,0.0,0.0,0.020000016,43.46825895116388,0.0,12.8,0.0,43.46825895116388,0.0,0.0,0.0,0.0,17.91230635774789,17.91230635774789,0.0
2022-04-13 02:00:00,0.0,0.0,0.0,0.0,1.1029093640558831,43.46825895116388,0.0,11.1,0.0,43.46825895116388,0.0,0.0,0.0,0.0,17.98666021572591,17.98666021572591,0.0
2022-04-13 03:00:00,0.0,0.0,0.0,0.0,0.020000016,43.46825895116388,0.0,12.2,0.0,43.46825895116388,0.0,0.0,0.0,0.0,17.809721266623143,17.809721266623143,0.0
2022-04-13 04:00:00,0.0,0.0,0.0,0.0,1.103024311968976,47.675718305793986,0.0,13.3,0.0,47.675718305793986,0.0,0.0,0.0,0.0,19.322522489561592,19.322522489561592,0.0
2022-04-13 05:00:00,0.0,3.3142891695176027,0.0,40.83459746264813,3.3342891855176027,73.66947056244213,6.772349185400398,14.111635912043763,0.10992951423647512,73.55954104820566,0.10992951423646957,0.0,0.14921990533825472,99.99999999999496,29.687993905509437,29.64458933610831,0.043404569401126025
2022-04-13 06:00:00,0.0,0.7653022703142313,0.0,40.83459746264813,1.8686648058404662,98.76960946899328,27.86498860313325,15.270780893847915,1.8533574054616337,96.91625206353164,1.8533574054616366,0.0,1.876445007149148,100.00000000000016,38.88919553616763,38.165774540093786,0.7234209960738411
2022-04-13 07:00:00,0.0,0.0,0.0,40.83459746264813,1.1039161328850755,186.98067465638707,156.3707974590172,19.88658742059429,45.88683107019788,141.0938435861892,45.88683107019787,0.0,24.540948498834837,99.99999999999999,60.915125231297246,46.014753446182596,14.90037178511465
2022-04-13 08:00:00,0.0,0.0,0.0,40.83459746264813,2.1881262856277868,178.6320965489585,157.9926610968747,20.537270659277333,46.2532180287656,132.37887852019287,46.253218028765616,0.0,25.89300518906959,100.00000000000003,52.68137402471092,39.14259457551094,13.538779449199978
2022-04-13 09:00:00,0.0,0.0,0.0,40.83459746264813,2.1881274753926694,176.70550160109036,376.2183043869832,28.956822012093227,106.76458874154969,69.94091285954067,106.76458874154969,0.0,60.41950464143947,100.0,52.63165364139728,21.069905917620357,31.56174772377692
2022-04-13 10:00:00,0.0,0.0,0.012932010731717281,40.83459746264813,1.1043726803558507,178.6450285596902,418.9537520940033,30.892304752937605,118.02813704943048,60.616891510259705,118.02813704943048,0.0,66.0685259483692,100.0,51.328836382505344,17.54800327758785,33.78083310491749
2022-04-13 11:00:00,0.0,0.0,2.819092423335009,40.83459746264813,3.2740249540920274,180.90684002984796,551.8858435570078,35.04643261115649,153.03492086184716,27.8719191680008,153.03492086184716,0.0,84.59321982330674,100.0,52.38764052035645,8.569916804588061,43.81772371576839
2022-04-13 12:00:00,0.0,0.0,9.482125821133344,40.83459746264813,2.1890762382822317,189.71971815998194,638.4092812336403,37.750290038551256,175.18799182671995,14.531726333261986,175.18799182671995,0.0,92.34042382404972,100.0,54.80291345574453,4.561625219718646,50.24128823602588
2022-04-13 13:00:00,0.0,0.0,11.141237050879178,40.83459746264813,1.1038820226005002,187.84673865196956,621.5668140190535,37.223962938095426,170.91480330317185,16.93193534879771,170.91480330317185,0.0,90.98630326493551,100.0,55.171163248110005,5.15380063545328,50.017362612656726
2022-04-13 14:00:00,0.0,0.0,13.399467055716022,40.83459746264813,1.1038601987196819,190.1049686568064,532.4345634413768,33.838580107543024,148.32647739062548,41.77849126618091,148.32647739062548,0.0,78.02346168994511,100.0,56.01166823385739,12.46449773674365,43.54717049711374
2022-04-13 15:00:00,0.0,0.0,14.66094462152717,40.83459746264813,2.1884631839395676,194.2563386444197,392.666609741209,29.470831554412783,111.21727350101371,83.039065143406,111.21727350101371,0.0,57.252841414144804,100.0,59.52080677744109,25.669049155570036,33.85175762187105
2022-04-13 16:00:00,0.0,0.0,12.725173239870395,40.83459746264813,1.1036155013478886,175.267480059775,231.90556790856587,23.347048997142686,67.19727845100203,108.07020160877298,67.19727845100203,0.0,38.33984400761875,100.0,57.057229634234076,35.257760531944506,21.79946910228957
2022-04-13 17:00:00,0.0,0.0,2.3915418589632815,40.83459746264813,1.1034124259753313,121.32738073721444,88.36479925108868,17.761399976596522,18.47224408718598,102.85513665002846,18.472244087185985,0.0,15.225123937353771,100.00000000000003,42.59530978904976,36.14036881522348,6.454940973826275
2022-04-13 18:00:00,0.0,0.0,0.0,40.83459746264813,1.103196579615789,134.17605986162698,0.0,14.4,0.0,134.17605986162698,0.0,0.0,0.0,0.0,54.81902144948224,54.81902144948224,0.0
2022-04-13 19:00:00,0.0,0.0,0.0,40.83459746264813,1.1033853040795516,111.9853861309906,0.0,14.4,0.0,111.9853861309906,0.0,0.0,0.0,0.0,46.45758828391858,46.45758828391858,0.0
2022-04-13 20:00:00,0.0,0.0,0.0,40.83459746264813,0.020000016,110.70098949907849,0.0,13.9,0.0,110.70098949907849,0.0,0.0,0.0,0.0,44.76665312501051,44.76665312501051,0.0
2022-04-13 21:00:00,0.0,0.0,0.0,0.0,1.1028151150742782,47.675718305793986,0.0,13.3,0.0,47.675718305793986,0.0,0.0,0.0,0.0,19.66884891706566,19.66884891706566,0.0
2022-04-13 22:00:00,0.0,0.0,0.0,0.0,0.020000016,43.46825895116388,0.0,13.3,0.0,43.46825895116388,0.0,0.0,0.0,0.0,17.058155069357518,17.058155069357518,0.0
2022-04-13 23:00:00,0.0,0.0,0.0,0.0,0.020000016,43.46825895116388,0.0,13.3,0.0,43.46825895116388,0.0,0.0,0.0,0.0,17.213336753813174,17.213336753813174,0.0
2022-04-14 00:00:00,0.0,0.0,0.0,0.0,1.1028209607610526,43.46825895116388,0.0,13.3,0.0,43.46825895116388,0.0,0.0,0.0,0.0,17.901663852426537,17.901663852426537,0.0
2022-04-14 01:00:00,0.0,0.0,0.0,0.0,0.020000016,43.46825895116388,0.0,13.3,0.0,43.46825895116388,0.0,0.0,0.0,0.0,17.8547109146376,17.8547109146376,0.0
2022-04-14 02:00:00,0.0,0.0,0.0,0.0,1.1028368484067022,43.46825895116388,0.0,13.3,0.0,43.46825895116388,0.0,0.0,0.0,0.0,17.903840125951277,17.903840125951277,0.0
2022-04-14 03:00:00,0.0,0.0,0.0,0.0,0.020000016,43.46825895116388,0.0,13.3,0.0,43.46825895116388,0.0,0.0,0.0,0.0,17.760384792713573,17.760384792713573,0.0
2022-04-14 04:00:00,0.0,0.0,0.0,0.0,0.020000016,47.675718305793986,0.0,13.9,0.0,47.675718305793986,0.0,0.0,0.0,0.0,19.132767845588376,19.132767845588376,0.0
2022-04-14 05:00:00,0.0,8.750168278688568,0.0,40.83459746264813,9.85306482914221,73.66947056244213,10.602132049072269,14.23131662653351,0.2693004857294009,73.40017007671273,0.2693004857294028,0.0,0.3655523565913836,100.00000000000071,30.865017285848342,30.758674563541085,0.10634272230725728
2022-04-14 06:00:00,0.0,2.8612580122459983,0.0,40.83459746264813,3.964621531681872,98.76960946899328,61.64819598867171,15.826506124645991,9.053559626893515,89.71604984209976,9.053559626893517,0.0,9.166341423811843,100.00000000000003,36.6363387124652,33.34355907616402,3.2927796363011765
2022-04-14 07:00:00,0.0,0.0,0.0,40.83459746264813,1.1039698523400232,186.98067465638707,122.77292513066259,18.236653910333207,35.59769491088635,151.38297974550073,35.59769491088633,0.0,19.03816796912512,99.99999999999996,57.45225280887106,46.55223862715767,10.900014181713388
2022-04-14 08:00:00,0.0,0.0,0.0,40.83459746264813,2.1882054509937947,178.6320965489585,166.32446325605707,21.897639476751785,48.45129336484544,130.18080318411305,48.45129336484544,0.0,27.123509324969593,100.0,49.62409994603244,36.271165751147855,13.352934194884583
2022-04-14 09:00:00,0.0,0.0,0.0,40.83459746264813,1.1041230616984314,176.70550160109036,355.017320003486,28.294291250108937,100.99873651249871,75.70676508859165,100.99873651249871,0.0,57.15653196837166,100.0,47.85273748627583,20.615398223585174,27.237339262690654
2022-04-14 10:00:00,0.0,0.0,0.0,40.83459746264813,2.1888051520899303,178.6320965489585,367.9803755048894,28.699386734527796,104.52774503288587,74.10435151607261,104.52774503288587,0.0,58.515657069633896,100.0,46.63033398430259,19.574895098715576,27.055438885587012
2022-04-14 11:00:00,0.0,0.0,0.032813369797175175,40.83459746264813,2.189488169056628,178.12056097631012,562.1107277616392,34.26596024255122,156.3377166250102,21.78284435129993,156.3377166250102,0.0,87.77072998653028,100.0,45.874631688426774,5.9561408139797924,39.91849087444698
2022-04-14 12:00:00,0.0,0.0,0.7323302991560767,40.83459746264813,2.1890785010817133,180.96992263800468,640.9361053298187,35.629253291556836,177.33001483093727,3.6399078070674022,177.33001483093727,0.0,97.98866698177888,100.0,45.6963452246238,1.3053226119952737,44.391022612628525
2022-04-14 13:00:00,0.0,0.0,3.0663785569972744,40.83459746264813,2.1878238392200964,179.7718801580876,637.6603352817029,36.626885477553216,175.74581422704335,4.026065931044258,175.74581422704335,0.0,97.76045846129894,100.0,45.9229449571016,1.4135600459606001,44.509384911141
2022-04-14 14:00:00,0.0,0.0,8.040428687510435,40.83459746264813,1.1038499937160984,184.7459302886008,545.5088748868441,33.14715234021388,152.37066310049363,32.37526718810716,152.37066310049363,0.0,82.4757887020666,100.0,48.362012674728696,8.638980804430012,39.72303187029868
2022-04-14 15:00:00,0.0,0.0,13.424725403566098,40.83459746264813,2.188461754768229,193.02011942645868,415.52355477597433,28.585111086749198,118.08336147688888,74.9367579495698,118.08336147688888,0.0,61.17671143700595,100.0,51.661142265487506,20.297611040418435,31.36353122506907
2022-04-14 16:00:00,0.0,0.0,13.67157972153623,40.83459746264813,1.1035969708902327,176.21388654144087,241.40176933795357,22.543805291811047,70.1555355092207,106.05835103222017,70.1555355092207,0.0,39.8127167422313,100.0,51.14213769075644,30.860172375040747,20.281965315715695
2022-04-14 17:00:00,0.0,0.0,3.34182420389008,40.83459746264813,1.1034215119494069,122.27766308214126,84.6233906250263,16.54448095703207,17.015401350139555,105.2622617320017,17.015401350139555,0.0,13.915379899523666,100.0,40.07036048968015,34.5220634944334,5.548296995246751
2022-04-14 18:00:00,0.0,0.0,0.1764596128335051,40.83459746264813,1.1032758310808277,134.35251947446048,0.0,13.9,0.0,134.35251947446048,0.0,0.0,0.0,0.0,50.345723164112606,50.345723164112606,0.0
2022-04-14 19:00:00,0.0,0.0,0.0,40.83459746264813,0.020000016,111.9853861309906,0.0,13.9,0.0,111.9853861309906,0.0,0.0,0.0,0.0,43.3604230325681,43.3604230325681,0.0
2022-04-14 20:00:00,0.0,0.0,0.0,40.83459746264813,1.1029473811294248,110.70098949907849,0.0,13.3,0.0,110.70098949907849,0.0,0.0,0.0,0.0,42.80739699091576,42.80739699091576,0.0
2022-04-14 21:00:00,0.0,0.0,0.0,0.0,0.020000016,47.675718305793986,0.0,12.8,0.0,47.675718305793986,0.0,0.0,0.0,0.0,18.656010662530438,18.656010662530438,0.0
2022-04-14 22:00:00,0.0,0.0,0.0,0.0,1.102860732149953,43.46825895116388,0.0,12.8,0.0,43.46825895116388,0.0,0.0,0.0,0.0,17.54870875059813,17.54870875059813,0.0
2022-04-14 23:00:00,0.0,0.0,0.0,0.0,0.020000016,38.10742263904787,0.0,12.8,0.0,38.10742263904787,0.0,0.0,0.0,0.0,15.030310443305677,15.030310443305677,0.0
2022-04-15 00:00:00,0.0,0.0,0.0,0.0,0.020000016,38.10742263904787,0.0,12.8,0.0,38.10742263904787,0.0,0.0,0.0,0.0,15.292870585288716,15.292870585288716,0.0
2022-04-15 01:00:00,0.0,0.0,0.0,0.0,1.1028766332483628,38.10742263904787,0.0,12.8,0.0,38.10742263904787,0.0,0.0,0.0,0.0,15.507087217093487,15.507087217093487,0.0
2022-04-15 02:00:00,0.0,0.0,0.0,0.0,0.020000016,38.10742263904787,0.0,12.2,0.0,38.10742263904787,0.0,0.0,0.0,0.0,15.7457773033538,15.7457773033538,0.0
2022-04-15 03:00:00,0.0,0.0,0.0,0.0,1.1028961463725078,38.10742263904787,0.0,12.2,0.0,38.10742263904787,0.0,0.0,0.0,0.0,15.938085680487196,15.938085680487196,0.0
2022-04-15 04:00:00,0.0,0.0,0.0,0.0,0.020000016,38.10742263904787,0.0,12.2,0.0,38.10742263904787,0.0,0.0,0.0,0.0,15.371181338811958,15.371181338811958,0.0
2022-04-15 05:00:00,0.0,8.993575637004461,0.0,40.83459746264813,10.096485237834104,73.66947056244213,4.5583176275860335,12.942447425862063,0.05000887050978514,73.61946169193234,0.0500088705097852,0.0,0.06788276083428312,100.00000000000011,30.740142143649603,30.720508911131812,0.01963323251779059
2022-04-15 06:00:00,0.0,5.89225562613688,0.0,40.83459746264813,5.91225564213688,75.83888804889047,44.188771340475114,14.180899104389848,4.678993859912843,71.15989418897763,4.678993859912836,0.0,6.169649872630603,99.99999999999984,30.101318338445058,28.30984856433093,1.7914697741141268
2022-04-15 07:00:00,0.0,0.0,0.0,40.83459746264813,1.1032628435566294,114.21720088209123,107.96324560312452,16.67385142509764,27.682900527414645,86.53430035467659,27.682900527414645,0.0,24.23706789662292,100.0,39.991344633177285,30.34676050392866,9.644584129248624
2022-04-15 08:00:00,0.0,0.0,0.09151766680053065,40.83459746264813,1.1035300893113964,116.55641265473794,159.54446993203177,18.885764685375996,46.988292076296176,69.56812057844176,46.988292076296176,0.0,40.31377682795056,100.0,36.64471572257994,21.951946673242887,14.692769049337052
2022-04-15 09:00:00,0.0,0.0,4.203429657200724,40.83459746264813,1.103401098920699,119.70502717120402,235.4817534039518,22.958804793873494,68.33094077975385,51.37408639145018,68.33094077975385,0.0,57.082766191620216,100.0,35.342866751990464,15.281585848462527,20.061280903527937
2022-04-15 10:00:00,0.0,0.0,16.19489341885818,40.83459746264813,1.1035841088364688,133.94418503870764,385.3189770427927,27.641218032587275,109.8873920880224,24.05679295068525,109.8873920880224,0.0,82.03968843908137,100.0,39.172440296520556,7.198505820668678,31.973934475851877
2022-04-15 11:00:00,0.0,0.0,35.6815659342936,40.83459746264813,1.1034827414140023,152.146460922231,551.1769934208054,33.324281044400166,153.84983912253188,0.0,152.146460922231,1.7033782003008753,100.0,98.89283069126627,43.83428751705725,0.1986825245613976,43.63560499249585
2022-04-15 12:00:00,0.0,0.0,51.07947255029638,40.83459746264813,0.020000016,164.97557427440958,659.1846513040556,36.69952035325174,181.62711866864697,0.0,164.97557427440958,16.65154439423739,100.0,90.832016432185,46.768402172858636,0.0036010111631256747,46.76480116169551
2022-04-15 13:00:00,0.0,0.0,51.27069972803394,40.83459746264813,1.1032185454103618,126.06783571167233,502.5205958041866,31.30376861888083,141.35035208375555,0.0,126.06783571167233,15.282516372083222,100.0,89.18820070357678,36.28555292842774,0.19863495596153435,36.0869179724662
2022-04-15 14:00:00,0.0,0.0,53.30075582157738,40.83459746264813,1.1031876148421826,126.81349517330364,355.5888989225249,26.112153091328906,101.98819081087571,24.82530436242793,101.98819081087571,0.0,80.4237677318951,100.0,37.912962851440426,7.581674904285991,30.331287947154436
2022-04-15 15:00:00,0.0,0.0,49.95630881337709,40.83459746264813,1.1031899578441797,123.79014732308137,243.32845019141516,22.004014068481723,70.85542523368557,52.934722089395805,70.85542523368557,0.0,57.23833985653087,100.0,38.364989080674235,16.51919864975047,21.845790430923763
2022-04-15 16:00:00,0.0,0.0,41.40062344620976,40.83459746264813,0.020000016,104.46022424857387,219.364692335535,21.25514663548547,64.05240965134585,40.40781459722801,64.05240965134585,0.0,61.317511150394,100.0,34.85362102497234,13.484456117090335,21.369164907882006
2022-04-15 17:00:00,0.0,0.0,1.3841940293128636,4.634781008931291,1.1030281752169708,26.31738343009202,36.19755263181776,14.431173519744306,3.136896451200748,23.18048697889127,3.136896451200748,0.0,11.919484547289509,100.0,9.996957291504089,8.829043689275283,1.167913602228806
2022-04-15 18:00:00,0.0,0.0,0.0,1.0850443685019953,0.020000016,39.19246700754986,0.0,13.3,0.0,39.19246700754986,0.0,0.0,0.0,0.0,16.026461335524697,16.026461335524697,0.0
2022-04-15 19:00:00,0.0,0.0,0.0,0.0,0.020000016,38.10742263904787,0.0,13.3,0.0,38.10742263904787,0.0,0.0,0.0,0.0,16.073882212276004,16.073882212276004,0.0
2022-04-15 20:00:00,0.0,0.0,0.0,0.0,1.1030702831761816,38.10742263904787,0.0,13.9,0.0,38.10742263904787,0.0,0.0,0.0,0.0,16.476384378667362,16.476384378667362,0.0
2022-04-15 21:00:00,0.0,0.0,0.0,0.0,0.020000016,38.10742263904787,0.0,14.4,0.0,38.10742263904787,0.0,0.0,0.0,0.0,16.283473036790767,16.283473036790767,0.0
2022-04-15 22:00:00,0.0,0.0,0.0,0.0,1.1028113998938407,38.10742263904787,0.0,13.3,0.0,38.10742263904787,0.0,0.0,0.0,0.0,15.34130818332113,15.34130818332113,0.0
2022-04-15 23:00:00,0.0,0.0,0.0,0.0,0.020000016,38.10742263904787,0.0,13.3,0.0,38.10742263904787,0.0,0.0,0.0,0.0,15.002873099005564,15.002873099005564,0.0
2022-04-16 00:00:00,0.0,0.0,0.0,0.0,0.020000016,38.10742263904787,0.0,12.8,0.0,38.10742263904787,0.0,0.0,0.0,0.0,14.95047539287687,14.95047539287687,0.0
2022-04-16 01:00:00,0.0,0.0,0.0,0.0,1.1028140289954085,38.10742263904787,0.0,12.8,0.0,38.10742263904787,0.0,0.0,0.0,0.0,15.53889564307542,15.53889564307542,0.0
2022-04-16 02:00:00,0.0,0.0,0.0,0.0,0.020000016,38.10742263904787,0.0,12.2,0.0,38.10742263904787,0.0,0.0,0.0,0.0,16.07750241742671,16.07750241742671,0.0
2022-04-16 03:00:00,0.0,0.0,0.0,0.0,1.102914436991626,38.10742263904787,0.0,12.8,0.0,38.10742263904787,0.0,0.0,0.0,0.0,15.671146478134213,15.671146478134213,0.0
2022-04-16 04:00:00,0.0,0.0,0.0,0.0,0.020000016,38.10742263904787,0.0,12.8,0.0,38.10742263904787,0.0,0.0,0.0,0.0,14.643710640632534,14.643710640632534,0.0
2022-04-16 05:00:00,0.0,0.0,0.0,0.0,0.020000016,23.266577433047868,12.10478561499027,13.178274550468446,0.35236208122723395,22.914215351820634,0.3523620812272341,0.0,1.5144560141739571,100.00000000000004,9.194015430104198,9.054830646209034,0.1391847838951641
2022-04-16 06:00:00,0.0,0.0,0.0,0.0,1.102889193046989,20.298408391847865,82.04919066632026,15.86403720832251,16.03499733573107,4.263411056116794,16.03499733573107,0.0,78.99632831395273,100.0,8.216446970712026,1.8826230230982528,6.333823947613773
2022-04-16 07:00:00,0.0,0.0,0.0,0.0,0.020000016,20.298408391847865,148.4933199864302,18.540416249575944,43.78820504333888,0.0,20.298408391847865,23.489796651491012,100.0,46.355881388053575,7.305648954004518,0.0036010111631256747,7.3020479428413925
2022-04-16 08:00:00,0.0,0.0,0.0,0.0,0.020000016,20.298408391847865,246.46788044123974,23.30212126378874,71.42867394124971,0.0,20.298408391847865,51.13026554940185,100.0,28.417730964099043,6.815340899299431,0.0036010111631256747,6.811739888136306
2022-04-16 09:00:00,0.0,0.0,0.0,1.8823706629634969,1.1028646319863633,22.18077905481136,375.1332762044949,28.422914881390465,106.67010064091957,0.0,22.18077905481136,84.48932158610822,100.0,20.79381093815395,7.5593736669374065,0.1985712337029822,7.360802433234424
2022-04-16 10:00:00,0.0,0.0,0.0,4.309818272081037,0.020000016,24.6082266639289,386.26546102334385,28.770795656979494,109.6923764069949,0.0,24.6082266639289,85.08414974306599,100.0,22.433853171914393,7.776601567498346,0.0036010111631256747,7.773000556335221
2022-04-16 11:00:00,0.0,0.0,0.0,3.938465857978666,1.1029767427501058,24.23687424982653,576.8338725721159,34.72605851787862,160.14979830905605,0.0,24.23687424982653,135.9129240592295,100.0,15.133877473298071,7.9486955137882,0.1985914192924209,7.7501040944957795
2022-04-16 12:00:00,0.0,0.0,0.0,4.226731574798879,0.020000016,24.525139966646744,624.1975805693334,36.70617439279167,171.98260051813386,0.0,24.525139966646744,147.45746055148712,100.0,14.260244869399338,7.89738518652788,0.0036010111631256747,7.893784175364755
2022-04-16 13:00:00,0.0,0.0,0.0,8.38746491770499,1.1030468294866091,28.68587330955286,384.49835494257735,28.715573591955543,109.21317603483165,0.0,28.68587330955286,80.52730272527879,100.0,26.265945512292397,9.148739940385392,0.1986040384383524,8.95013590194704
2022-04-16 14:00:00,0.0,0.0,0.0,8.767652856377875,0.020000016,29.06606124822574,603.9558970291382,34.97362178216057,167.52052067784882,0.0,29.06606124822574,138.45445942962309,100.0,17.350746720827935,9.462278662560747,0.0036010111631256747,9.458677651397622
2022-04-16 15:00:00,0.0,0.0,0.0,5.040914959060713,0.020000016,25.339323350908582,385.1035569918145,28.134486155994203,109.62353676964582,0.0,25.339323350908582,84.28421341873724,100.0,23.114856624407786,8.314138890560614,0.0036010111631256747,8.310537879397488
2022-04-16 16:00:00,0.0,0.0,0.0,5.061799957503735,1.1029157344141407,25.3602083493516,207.17290797390967,22.07415337418468,60.31171749392818,0.0,25.3602083493516,34.951509144576576,100.0,42.0485593896488,8.506838292047343,0.19858043471626588,8.308257857331077
2022-04-16 17:00:00,0.0,0.0,0.0,4.703599359014223,0.020000016,25.00200775086209,79.92916324604393,17.497786351438872,15.128084938013048,9.873922812849043,15.128084938013048,0.0,60.50748039421522,100.0,9.08295511584994,3.5892667110351915,5.493688404814748
2022-04-16 18:00:00,0.0,0.0,0.0,1.8066668519977482,0.020000016,39.914089491045615,0.0,13.9,0.0,39.914089491045615,0.0,0.0,0.0,0.0,16.580521088136738,16.580521088136738,0.0
2022-04-16 19:00:00,0.0,0.0,0.0,0.0,1.102801359882974,38.10742263904787,0.0,15.0,0.0,38.10742263904787,0.0,0.0,0.0,0.0,16.364300136358253,16.364300136358253,0.0
2022-04-16 20:00:00,0.0,0.0,0.0,0.0,0.020000016,38.10742263904787,0.0,15.0,0.0,38.10742263904787,0.0,0.0,0.0,0.0,15.875914151666146,15.875914151666146,0.0
2022-04-16 21:00:00,0.0,0.0,0.0,0.0,1.102756121603377,38.10742263904787,0.0,15.0,0.0,38.10742263904787,0.0,0.0,0.0,0.0,15.733233072284648,15.733233072284648,0.0
2022-04-16 22:00:00,0.0,0.0,0.0,0.0,0.020000016,38.10742263904787,0.0,15.0,0.0,38.10742263904787,0.0,0.0,0.0,0.0,14.656476627216616,14.656476627216616,0.0
2022-04-16 23:00:00,0.0,0.0,0.0,0.0,0.020000016,43.46825895116388,0.0,13.9,0.0,43.46825895116388,0.0,0.0,0.0,0.0,17.23811366141534,17.23811366141534,0.0
2022-04-17 00:00:00,0.0,0.0,0.0,0.0,1.102960697313329,43.46825895116388,0.0,13.9,0.0,43.46825895116388,0.0,0.0,0.0,0.0,17.22184544205444,17.22184544205444,0.0
2022-04-17 01:00:00,0.0,0.0,0.0,0.0,0.020000016,43.46825895116388,0.0,15.0,0.0,43.46825895116388,0.0,0.0,0.0,0.0,17.508051549502067,17.508051549502067,0.0
2022-04-17 02:00:00,0.0,0.0,0.0,0.0,1.1028065187107974,43.46825895116388,0.0,15.0,0.0,43.46825895116388,0.0,0.0,0.0,0.0,17.73843793976779,17.73843793976779,0.0
2022-04-17 03:00:00,0.0,0.0,0.0,0.0,0.020000016,43.46825895116388,0.0,14.4,0.0,43.46825895116388,0.0,0.0,0.0,0.0,17.05250419569387,17.05250419569387,0.0
2022-04-17 04:00:00,0.0,0.0,0.0,0.0,1.1030388162326252,47.675718305793986,0.0,14.4,0.0,47.675718305793986,0.0,0.0,0.0,0.0,18.62741312816179,18.62741312816179,0.0
2022-04-17 05:00:00,0.0,15.108631277533123,0.0,40.83459746264813,15.128631293533124,73.66947056244213,2.9992228361938484,14.493725713631058,0.02153091528167694,73.64793964716046,0.021530915281672947,0.0,0.02922637439537912,99.99999999998145,31.941228354472745,31.932689193472036,0.008539161000708617
2022-04-17 06:00:00,0.0,7.891141969793525,0.0,40.83459746264813,8.99451816905034,98.76960946899328,38.528576256505815,16.204018008015808,3.5314856069992855,95.238123861994,3.531485606999283,0.0,3.5754779491235316,99.99999999999993,40.828038592017236,39.42614475060673,1.401893841410505
2022-04-17 07:00:00,0.0,0.0,0.0,40.83459746264813,1.1038906963502308,186.98067465638707,86.63384712043755,18.307307722513674,17.72070907089928,169.25996558548778,17.72070907089929,0.0,9.4772944334833,100.00000000000007,66.0598939146091,59.81803995502089,6.241853959588212
2022-04-17 08:00:00,0.0,0.0,0.0,40.83459746264813,2.1881392781358255,178.6320965489585,158.01897985793363,20.538093120560426,46.26078450024417,132.37131204871432,46.26078450024417,0.0,25.89724097402914,100.0,60.094608370799165,44.633791582972556,15.460816787826609
2022-04-17 09:00:00,0.0,0.0,0.0,40.83459746264813,1.104046308136371,176.70550160109036,263.3704397434874,25.43032624198398,75.72991664465995,100.97558495643041,75.72991664465995,0.0,42.85656980596956,100.0,57.62188732278148,33.012314960349556,24.609572362431926
2022-04-17 10:00:00,0.0,0.0,0.04006079042280863,40.83459746264813,2.188569051029977,178.67215733938127,379.95238914716,29.07351216084875,107.7770156081882,70.89514173119308,107.7770156081882,0.0,60.321102746562616,100.0,58.04262432951068,23.268370243528754,34.77425408598192
2022-04-17 11:00:00,0.0,0.0,1.8000810823177473,40.83459746264813,2.1893576904684764,179.88782868883067,521.3502306364937,34.59219470739043,144.81991492455273,35.06791376427793,144.81991492455273,0.0,80.5056773324346,100.0,58.09411524990268,11.642403438277764,46.45171181162492
2022-04-17 12:00:00,0.0,0.0,7.464812271539257,40.83459746264813,2.189201197094504,187.70240461038787,473.17316770907337,33.08666149090854,132.19646980142878,55.5059348089591,132.19646980142878,0.0,70.42875666714433,100.0,60.01783540660971,18.02562677418586,41.99220863242385
2022-04-17 13:00:00,0.0,0.0,10.237502703165738,40.83459746264813,2.187724603998081,186.9430043042561,464.1776775923692,32.305552424761544,130.06964231065882,56.873361993597285,130.06964231065882,0.0,69.57716486623166,100.0,60.80640199188492,18.77309638277241,42.0333056091125
2022-04-17 14:00:00,0.0,0.0,12.236839325717094,40.83459746264813,1.1038325474122572,188.94234092680742,185.5476247565892,22.998363273643413,53.83347864057588,135.10886228623153,53.83347864057589,0.0,28.492014217940664,100.00000000000003,62.91437673111143,45.04543016594508,17.868946565166354
2022-04-17 15:00:00,0.0,0.0,15.927472626566745,40.83459746264813,2.1883884921786074,195.5228666494593,143.71968236391663,21.191240073872393,41.97457131869246,153.54829533076685,41.974571318692455,0.0,21.467857973843046,99.99999999999997,68.79867276590993,54.11365911720878,14.685013648701144
2022-04-17 16:00:00,0.0,0.0,12.050729090335583,40.83459746264813,1.103584998671773,174.59303591024022,177.73744833799987,21.6542952605625,51.8220516453511,122.77098426488911,51.82205164535111,0.0,29.681625830707976,100.00000000000003,63.030369734220706,44.38090889834998,18.649460835870727
2022-04-17 17:00:00,0.0,0.0,1.02265632120512,40.83459746264813,1.1034374075242321,119.95849519945628,51.90301787343739,17.221969308544917,6.385422897432444,113.57307230202383,6.3854228974324485,0.0,5.323026840921385,100.00000000000007,44.92519929729305,42.54439436998536,2.380804927307686
2022-04-17 18:00:00,0.0,0.0,0.0,40.83459746264813,0.020000016,131.20789082042697,0.0,15.0,0.0,131.20789082042697,0.0,0.0,0.0,0.0,55.56423841852703,55.56423841852703,0.0
2022-04-17 19:00:00,0.0,0.0,0.0,40.83459746264813,1.103307421903341,111.9853861309906,0.0,15.0,0.0,111.9853861309906,0.0,0.0,0.0,0.0,49.86920904968113,49.86920904968113,0.0
2022-04-17 20:00:00,0.0,0.0,0.0,40.83459746264813,1.1028999141784703,110.70098949907849,0.0,15.0,0.0,110.70098949907849,0.0,0.0,0.0,0.0,47.60904386399412,47.60904386399412,0.0
2022-04-17 21:00:00,0.0,0.0,0.0,0.0,0.020000016,47.675718305793986,0.0,14.4,0.0,47.675718305793986,0.0,0.0,0.0,0.0,19.77758193567424,19.77758193567424,0.0
2022-04-17 22:00:00,0.0,0.0,0.0,0.0,0.020000016,43.46825895116388,0.0,14.4,0.0,43.46825895116388,0.0,0.0,0.0,0.0,17.391773956807704,17.391773956807704,0.0
2022-04-17 23:00:00,0.0,0.0,0.0,0.0,1.1029615174181029,43.46825895116388,0.0,14.4,0.0,43.46825895116388,0.0,0.0,0.0,0.0,17.92081519364936,17.92081519364936,0.0
2022-04-18 00:00:00,0.0,0.0,0.0,0.0,0.020000016,43.46825895116388,0.0,14.4,0.0,43.46825895116388,0.0,0.0,0.0,0.0,17.60759386250023,17.60759386250023,0.0
2022-04-18 01:00:00,0.0,0.0,0.0,0.0,1.1028244035861943,43.46825895116388,0.0,13.9,0.0,43.46825895116388,0.0,0.0,0.0,0.0,17.98860099021096,17.98860099021096,0.0
2022-04-18 02:00:00,0.0,0.0,0.0,0.0,0.020000016,43.46825895116388,0.0,13.3,0.0,43.46825895116388,0.0,0.0,0.0,0.0,18.28200390012754,18.28200390012754,0.0
2022-04-18 03:00:00,0.0,0.0,0.0,0.0,0.020000016,43.46825895116388,0.0,13.3,0.0,43.46825895116388,0.0,0.0,0.0,0.0,18.448704673205253,18.448704673205253,0.0
2022-04-18 04:00:00,0.0,0.0,0.0,0.0,1.1030483832001707,47.675718305793986,0.0,13.3,0.0,47.675718305793986,0.0,0.0,0.0,0.0,19.7904639987681,19.7904639987681,0.0
2022-04-18 05:00:00,0.0,1.8741971196371654,0.0,40.83459746264813,1.8941971356371654,70.70130152124213,6.756393474316387,13.511137296072388,0.10964581716751824,70.59165570407461,0.10964581716751809,0.0,0.15508316651649634,99.99999999999986,31.170707013533963,31.12289540672898,0.04781160680498431
2022-04-18 06:00:00,0.0,0.0,0.0,40.83459746264813,1.1034541261800466,98.76960946899328,31.777155175680615,14.89303609924002,2.413553752998813,96.35605571599447,2.4135537529988085,0.0,2.443619819876371,99.99999999999982,40.31148501797157,39.33128050003493,0.9802045179366417
2022-04-18 07:00:00,0.0,0.0,0.0,40.83459746264813,2.1877798602618648,186.98067465638707,77.88126742247856,16.333789606952458,14.422997790039897,172.55767686634718,14.422997790039886,0.0,7.713630200845579,99.99999999999993,64.6657128728479,59.70802372748854,4.9576891453593674
2022-04-18 08:00:00,0.0,0.0,0.0,40.83459746264813,1.103974811513935,178.6320965489585,115.97881128843817,15.824337852763692,32.04345212710634,146.58864442185214,32.04345212710635,0.0,17.938238841822056,100.00000000000003,57.29584130241301,47.053632481765376,10.242208820647633
2022-04-18 09:00:00,0.0,0.0,0.0,40.83459746264813,2.1880132472070977,176.70550160109036,319.3559699672836,23.879874061477615,92.35570461636622,84.34979698472414,92.35570461636622,0.0,52.26532495001636,100.0,56.34598271822008,27.102472408493878,29.2435103097262
2022-04-18 10:00:00,0.0,0.0,0.261325780169616,40.83459746264813,1.1043143117502308,178.89342232912813,362.88812249320273,26.340253827912584,103.99351172275678,74.89991060637135,103.99351172275678,0.0,58.131545793466636,100.0,56.52789860502902,23.782941601325984,32.744957003703036
2022-04-18 11:00:00,0.0,0.0,3.0800220561545375,40.83459746264813,2.1892369734563126,181.16776966266747,489.0310973396952,31.382221791865476,137.51510662432295,43.652663038344514,137.51510662432295,0.0,75.9048405135056,100.0,58.89143417004746,14.489181392119823,44.402252777927636
2022-04-18 12:00:00,0.0,0.0,6.417711514900845,40.83459746264813,2.1891356008385765,186.65530385374944,364.9335728304171,27.50417415095054,104.127062721639,82.52824113211044,104.127062721639,0.0,55.78575083150382,100.0,59.79627194642345,26.658354870575447,33.13791707584801
2022-04-18 13:00:00,0.0,0.0,12.058056637538996,40.83459746264813,2.1877802934552917,188.76355823862934,555.4206508184835,34.05689533807761,154.60076736493193,34.16279087369742,154.60076736493193,0.0,81.9018081707753,100.0,59.92144265617431,11.167317663806195,48.75412499236811
2022-04-18 14:00:00,0.0,0.0,23.794860278704228,40.83459746264813,1.1038242157184628,200.50036187979455,310.5740782460074,25.805439945187736,89.17877600707345,111.3215858727211,89.17877600707345,0.0,44.47811224427543,100.0,65.08266611507163,36.2235224114226,28.859143703649032
2022-04-18 15:00:00,0.0,0.0,22.22761974004807,40.83459746264813,2.1884202602061857,201.82301376294063,330.8342712187667,25.938570975586458,94.94938911553756,106.87362464740308,94.94938911553756,0.0,47.04586823139218,100.0,67.92501549425863,36.154475149254175,31.770540345004456
2022-04-18 16:00:00,0.0,0.0,16.07942722987051,40.83459746264813,1.1035550047996219,178.62173404977514,145.39551147448432,19.543609733577636,42.71928471151793,135.9024493382572,42.71928471151793,0.0,23.916062028383216,100.0,62.610915629945836,47.684370358894355,14.92654527105148
2022-04-18 17:00:00,0.0,0.0,6.328757671637433,40.83459746264813,1.10338858932662,125.2645965498886,51.173550964304454,15.999173467634515,6.2344952364061355,119.03010131348246,6.234495236406133,0.0,4.977060884016935,99.99999999999996,48.277723020217316,45.884799058579915,2.3929239616374005
2022-04-18 18:00:00,0.0,0.0,0.5261049408501681,40.83459746264813,1.1033112287269051,131.73399576127716,0.0,13.3,0.0,131.73399576127716,0.0,0.0,0.0,0.0,58.952672423139475,58.952672423139475,0.0
2022-04-18 19:00:00,0.0,0.0,0.0,40.83459746264813,0.020000016,111.9853861309906,0.0,13.3,0.0,111.9853861309906,0.0,0.0,0.0,0.0,50.73634049008581,50.73634049008581,0.0
2022-04-18 20:00:00,0.0,0.0,0.0,40.83459746264813,1.102975374952902,110.70098949907849,0.0,11.7,0.0,110.70098949907849,0.0,0.0,0.0,0.0,48.9800892056839,48.9800892056839,0.0
2022-04-18 21:00:00,0.0,0.0,0.0,0.0,0.020000016,47.675718305793986,0.0,12.8,0.0,47.675718305793986,0.0,0.0,0.0,0.0,20.614052413349395,20.614052413349395,0.0
2022-04-18 22:00:00,0.0,0.0,0.0,0.0,1.1029262171465282,43.46825895116388,0.0,13.3,0.0,43.46825895116388,0.0,0.0,0.0,0.0,18.410696116200462,18.410696116200462,0.0
2022-04-18 23:00:00,0.0,0.0,0.0,0.0,0.020000016,43.46825895116388,0.0,12.2,0.0,43.46825895116388,0.0,0.0,0.0,0.0,17.77516400075697,17.77516400075697,0.0
2022-04-19 00:00:00,0.0,0.0,0.0,0.0,0.020000016,43.46825895116388,0.0,12.2,0.0,43.46825895116388,0.0,0.0,0.0,0.0,17.181170242189314,17.181170242189314,0.0
2022-04-19 01:00:00,0.0,0.0,0.0,0.0,1.1029574123810728,43.46825895116388,0.0,12.2,0.0,43.46825895116388,0.0,0.0,0.0,0.0,18.402008081125125,18.402008081125125,0.0
2022-04-19 02:00:00,0.0,0.0,0.0,0.0,0.020000016,43.46825895116388,0.0,11.7,0.0,43.46825895116388,0.0,0.0,0.0,0.0,19.485205307895754,19.485205307895754,0.0
2022-04-19 03:00:00,0.0,0.0,0.0,0.0,1.10281818699379,43.46825895116388,0.0,11.7,0.0,43.46825895116388,0.0,0.0,0.0,0.0,20.04703927354329,20.04703927354329,0.0
2022-04-19 04:00:00,0.0,0.0,0.0,0.0,0.020000016,47.675718305793986,0.0,12.2,0.0,47.675718305793986,0.0,0.0,0.0,0.0,21.34158387469581,21.34158387469581,0.0
2022-04-19 05:00:00,0.0,11.979117197286921,0.0,40.83459746264813,13.082134550697434,70.70130152124213,9.84198823681355,12.507562132400423,0.23349200501377557,70.46780951622836,0.23349200501377254,0.0,0.3302513532139435,99.9999999999987,32.990317692527896,32.88914560675543,0.10117208577246828
2022-04-19 06:00:00,0.0,2.843816264306627,0.0,40.83459746264813,2.863816280306627,98.76960946899328,23.191426320992647,13.524732072531021,1.2918026315873197,97.47780683740596,1.2918026315873163,0.0,1.3078948459271287,99.99999999999974,42.309003857931025,41.76239049240117,0.5466133655298577
2022-04-19 07:00:00,0.0,0.0,0.0,40.83459746264813,2.187881059819802,186.98067465638707,71.02884546474408,15.019651420773254,12.053142472600843,174.9275321837862,12.053142472600854,0.0,6.446196910322856,100.00000000000009,68.72788625078022,64.3229448027435,4.404941448036709
2022-04-19 08:00:00,0.0,0.0,0.74283751915506,40.83459746264813,1.1040547416918252,179.37493406811356,103.11732434421428,16.5224163857567,25.267309630190635,154.10762443792294,25.267309630190624,0.0,14.08631019794323,99.99999999999996,60.354860277201205,51.881088983072324,8.47377129412888
2022-04-19 09:00:00,0.0,0.0,3.8158984824311504,40.83459746264813,2.188189407635611,180.5214000835215,215.71500302587972,20.041093844558745,63.26580433371442,117.2555957498071,63.265804333714414,0.0,35.046152037621766,99.99999999999999,60.48504546181115,39.42544084422597,21.05960461758518
2022-04-19 10:00:00,0.0,0.0,15.024883244988624,40.83459746264813,1.1043770622676439,193.6569797939471,252.16826086923817,21.780258152163693,73.4896375682228,120.1673422257243,73.4896375682228,0.0,37.948354686940014,100.0,63.33876523941995,39.37820380667659,23.96056143274336
2022-04-19 11:00:00,0.0,0.0,23.10257762389029,40.83459746264813,3.2737756077897684,201.19032523040323,296.9476813176229,23.179615041175715,86.09695198858016,115.09337324182307,86.09695198858016,0.0,42.79378339389923,100.0,66.70259742786806,38.410278034900735,28.292319392967322
2022-04-19 12:00:00,0.0,0.0,39.10102257267887,40.83459746264813,2.1889556256160305,219.33861491152746,221.8861993483111,20.833943729634722,64.88825581413809,154.45035909738937,64.88825581413809,0.0,29.58359878415,100.0,72.9853336649182,51.51024096195012,21.475092702968084
2022-04-19 13:00:00,0.0,0.0,47.43274569742898,40.83459746264813,1.1038490311882663,224.13824729851936,259.93783224947833,22.023057257796196,75.68667832581897,148.4515689727004,75.68667832581897,0.0,33.767854990413745,100.0,72.71307493244042,48.226542327079834,24.486532605360587
2022-04-19 14:00:00,0.0,0.0,53.872549849378146,40.83459746264813,1.1038181279315635,230.57805145046854,141.0806739518089,18.30877106099403,41.637163788992986,188.94088766147556,41.63716378899298,0.0,18.05773078880287,99.99999999999997,75.83295534782546,62.17513288175998,13.657822466065483
2022-04-19 15:00:00,0.0,0.0,62.443017561748206,40.83459746264813,2.1883942137438237,242.0384115846408,124.02449103825488,17.175765344945468,36.466284273668926,205.5721273109719,36.46628427366892,0.0,15.066321099581609,99.99999999999997,82.21510632062136,69.88767892190758,12.32742739871378
2022-04-19 16:00:00,0.0,0.0,59.97566579205644,40.83459746264813,1.1035765630610535,222.5179726119611,86.10725786119153,15.990851808162237,17.65235482335404,204.86561778860707,17.652354823354045,0.0,7.93300182279531,100.00000000000003,78.69970238509849,72.47221638874153,6.227485996356961
2022-04-19 17:00:00,0.0,0.0,43.52957034075295,40.83459746264813,1.1034098590415655,162.46540921900413,53.416717431053904,14.969272419720436,6.818097933535678,155.64731128546845,6.818097933535682,0.0,4.196645899155588,100.00000000000007,60.36935836041043,57.84420760974615,2.525150750664281
2022-04-19 18:00:00,0.0,0.0,20.49487369483378,40.83459746264813,1.1033231857364683,151.70276451526072,0.0,13.3,0.0,151.70276451526072,0.0,0.0,0.0,0.0,64.2847281521449,64.2847281521449,0.0
2022-04-19 19:00:00,0.0,0.0,2.657757987081841,40.83459746264813,0.020000016,114.64314411807247,0.0,13.3,0.0,114.64314411807247,0.0,0.0,0.0,0.0,49.171752660522046,49.171752660522046,0.0
2022-04-19 20:00:00,0.0,0.0,0.0,40.83459746264813,1.1029568783298134,110.70098949907849,0.0,12.8,0.0,110.70098949907849,0.0,0.0,0.0,0.0,46.045956148686166,46.045956148686166,0.0
2022-04-19 21:00:00,0.0,0.0,0.0,0.0,0.020000016,47.675718305793986,0.0,12.8,0.0,47.675718305793986,0.0,0.0,0.0,0.0,19.962325344109193,19.962325344109193,0.0
2022-04-19 22:00:00,0.0,0.0,0.0,0.0,1.1027930785522941,43.46825895116388,0.0,12.2,0.0,43.46825895116388,0.0,0.0,0.0,0.0,17.47979937910226,17.47979937910226,0.0
2022-04-19 23:00:00,0.0,0.0,0.0,0.0,0.020000016,43.46825895116388,0.0,11.7,0.0,43.46825895116388,0.0,0.0,0.0,0.0,17.147917024091672,17.147917024091672,0.0
2022-04-20 00:00:00,0.0,0.0,0.0,0.0,0.020000016,43.46825895116388,0.0,11.1,0.0,43.46825895116388,0.0,0.0,0.0,0.0,16.781914283722873,16.781914283722873,0.0
2022-04-20 01:00:00,0.0,0.0,0.0,0.0,1.1028634218695834,43.46825895116388,0.0,11.7,0.0,43.46825895116388,0.0,0.0,0.0,0.0,17.46416347122325,17.46416347122325,0.0
2022-04-20 02:00:00,0.0,0.0,0.0,0.0,0.020000016,43.46825895116388,0.0,11.1,0.0,43.46825895116388,0.0,0.0,0.0,0.0,16.905146797849422,16.905146797849422,0.0
2022-04-20 03:00:00,0.0,0.0,0.0,0.0,1.1029171273419727,43.46825895116388,0.0,11.1,0.0,43.46825895116388,0.0,0.0,0.0,0.0,17.041009640026214,17.041009640026214,0.0
2022-04-20 04:00:00,0.0,0.0,0.0,0.0,0.020000016,47.675718305793986,0.0,9.4,0.0,47.675718305793986,0.0,0.0,0.0,0.0,18.83074217012117,18.83074217012117,0.0
2022-04-20 05:00:00,0.0,1.732956910988641,0.0,40.83459746264813,2.8359415636038974,70.70130152124213,20.464056522410303,10.639501766325322,1.0161305240698648,69.68517099717226,1.0161305240698653,0.0,1.437216150489917,100.00000000000004,28.14916524361949,27.751939499150097,0.39722574446939163
2022-04-20 06:00:00,0.0,0.05862387735342372,0.0,40.83459746264813,0.07862389335342371,98.76960946899328,102.8309972354866,15.413468663608956,25.22714830269897,73.54246116629432,25.227148302698964,0.0,25.54140736034652,99.99999999999997,36.32680318583307,27.052042112345795,9.274761073487277
2022-04-20 07:00:00,0.0,0.0,2.2373403157285257,40.83459746264813,2.187789282982975,189.2180149721156,213.949989641164,20.585937176286375,62.62393761048304,126.59407736163257,62.62393761048304,0.0,33.096181470729256,100.0,59.42331040717557,39.88683371052123,19.53647669665434
2022-04-20 08:00:00,0.0,0.0,25.30721375948495,40.83459746264813,1.1040691976952217,203.93931030844345,259.04816424315334,23.69525513259854,74.9660353243677,128.97327498407577,74.96603532436768,0.0,36.75899227617617,99.99999999999997,57.97275533353665,36.73562718649653,21.237128147040117
2022-04-20 09:00:00,0.0,0.0,51.28879333329868,40.83459746264813,2.188221468667154,227.99429493438905,376.78020465716816,28.974381395536504,106.91699678941346,121.07729814497559,106.91699678941346,0.0,46.894593051190796,100.0,60.733820307471674,32.43770252216945,28.296117785302222
2022-04-20 10:00:00,0.0,0.0,65.29969029008701,40.83459746264813,2.1887254767555175,243.93178683904554,422.1307480538185,30.391585876681827,119.14839866601623,124.78338817302931,119.14839866601623,0.0,48.84496613171386,100.0,65.38238757813448,33.638871205534436,31.743516372600048
2022-04-20 11:00:00,0.0,0.0,72.28771677083711,40.83459746264813,2.1894311385435845,250.37546437735003,440.8473841277938,31.576480753993557,123.87463317512179,126.50083120222824,123.87463317512179,0.0,49.475548046683116,100.0,67.3859191092988,34.24140288379733,33.14451622550147
2022-04-20 12:00:00,0.0,0.0,81.8007708313052,40.83459746264813,2.1890920962192215,262.03836317015384,645.6337010541505,37.976053157942204,177.015146492169,85.02321667798483,177.015146492169,0.0,67.55314158989184,100.0,71.44846949568115,23.449042372864596,47.999427122816556
2022-04-20 13:00:00,0.0,0.0,85.73076875982294,40.83459746264813,1.10383698149916,262.4362703609133,624.1293703125646,37.30404282226765,171.56618111992606,90.87008924098723,171.56618111992606,0.0,65.37441676182225,100.0,74.17953092037689,25.81502446266973,48.364506457707165
2022-04-20 14:00:00,0.0,0.0,90.67468350204504,40.83459746264813,1.1038119322304105,267.3801851031354,513.0356198650711,33.83236312078347,142.92568724470743,124.45449785842794,142.92568724470743,0.0,53.454105879079016,100.0,75.66813594178969,35.32664608853479,40.3414898532549
2022-04-20 15:00:00,0.0,0.0,94.33376196713758,40.83459746264813,2.188285777041508,273.92915599003015,273.8300297186184,24.657188428706824,78.96307867165795,194.9660773183722,78.96307867165797,0.0,28.82609497564103,100.00000000000003,81.58797324158525,58.18292190791248,23.405051333672766
2022-04-20 16:00:00,0.0,0.0,86.87377898975153,40.83459746264813,1.1035677240902306,249.4160858096562,228.69241084346177,22.74663783885818,66.41254658778081,183.0035392218754,66.41254658778081,0.0,26.627210659726273,100.0,79.15260686920318,58.129383184108214,21.02322368509497
2022-04-20 17:00:00,0.0,0.0,68.4766682830571,40.83459746264813,1.1034030642630086,187.4125071613082,85.04990246007912,17.657809451877473,17.118700522853498,170.29380663845473,17.118700522853487,0.0,9.134235906741921,99.99999999999993,65.10805297144067,59.17907663885297,5.928976332587702
2022-04-20 18:00:00,0.0,0.0,53.248854754819185,40.83459746264813,1.1033212132636925,184.45674557524615,0.0,15.0,0.0,184.45674557524615,0.0,0.0,0.0,0.0,71.77986041300895,71.77986041300895,0.0
2022-04-20 19:00:00,0.0,0.0,36.965275121029336,40.83459746264813,0.020000016,148.95066125201996,0.0,15.0,0.0,148.95066125201996,0.0,0.0,0.0,0.0,59.73728469306069,59.73728469306069,0.0
2022-04-20 20:00:00,0.0,0.0,18.33881390591649,40.83459746264813,1.1029182779208964,129.03980340499498,0.0,15.0,0.0,129.03980340499498,0.0,0.0,0.0,0.0,52.053225890972946,52.053225890972946,0.0
2022-04-20 21:00:00,0.0,0.0,0.0,0.0,0.020000016,47.675718305793986,0.0,16.1,0.0,47.675718305793986,0.0,0.0,0.0,0.0,18.982350954333597,18.982350954333597,0.0
2022-04-20 22:00:00,0.0,0.0,0.0,0.0,1.1028326834972673,43.46825895116388,0.0,14.4,0.0,43.46825895116388,0.0,0.0,0.0,0.0,16.919500652108503,16.919500652108503,0.0
2022-04-20 23:00:00,0.0,0.0,0.0,0.0,0.020000016,43.46825895116388,0.0,13.9,0.0,43.46825895116388,0.0,0.0,0.0,0.0,17.101623328308683,17.101623328308683,0.0
2022-04-21 00:00:00,0.0,0.0,0.0,0.0,0.020000016,43.46825895116388,0.0,13.3,0.0,43.46825895116388,0.0,0.0,0.0,0.0,17.525873535672044,17.525873535672044,0.0
2022-04-21 01:00:00,0.0,0.0,0.0,0.0,1.1028943161943794,43.46825895116388,0.0,12.8,0.0,43.46825895116388,0.0,0.0,0.0,0.0,18.378958543386464,18.378958543386464,0.0
2022-04-21 02:00:00,0.0,0.0,0.0,0.0,0.020000016,43.46825895116388,0.0,12.2,0.0,43.46825895116388,0.0,0.0,0.0,0.0,17.92795493097031,17.92795493097031,0.0
2022-04-21 03:00:00,0.0,0.0,0.0,0.0,1.102950910408922,43.46825895116388,0.0,11.7,0.0,43.46825895116388,0.0,0.0,0.0,0.0,18.140980015440608,18.140980015440608,0.0
2022-04-21 04:00:00,0.0,0.0,0.0,0.0,0.020000016,47.675718305793986,0.0,11.7,0.0,47.675718305793986,0.0,0.0,0.0,0.0,19.644805060192606,19.644805060192606,0.0
2022-04-21 05:00:00,0.0,0.0,0.192239260057304,40.83459746264813,1.1030245008223816,70.89354078129944,22.617187109362415,12.406787097167575,1.2334974772536813,69.66004330404576,1.2334974772536782,0.0,1.7399292850372834,99.99999999999974,28.30221745467583,27.813234384742927,0.4889830699329032
2022-04-21 06:00:00,0.0,0.0,2.298278927860333,40.83459746264813,0.020000016,101.06788839685362,118.48339791340477,18.1026061847939,33.1697166521399,67.89817174471372,33.1697166521399,0.0,32.81924375613305,100.0,35.82711405342789,24.070107986076906,11.757006067350986
2022-04-21 07:00:00,0.0,0.0,35.718739541531505,40.83459746264813,2.187805510942548,222.69941419791863,224.18323985491136,23.705726245465982,64.87396169588601,157.82545250203262,64.87396169588601,0.0,29.130728488684245,100.0,67.72040218856512,48.10770608866487,19.612696099900248
2022-04-21 08:00:00,0.0,0.0,62.46731549725316,40.83459746264813,1.1040741617136263,241.09941204621165,320.07409618834185,29.40231550588568,90.67983774008182,150.41957430612985,90.67983774008181,0.0,37.61097423277878,99.99999999999999,67.92240835675189,42.45089533475161,25.47151302200028
2022-04-21 09:00:00,0.0,0.0,73.2155839417844,40.83459746264813,2.1881164020909383,249.92108554287472,376.1590729382804,32.85497102932126,105.1852648443835,144.73582069849124,105.18526484438348,0.0,42.08739115225179,99.99999999999999,70.36312797834128,40.91493530618347,29.44819267215781
2022-04-21 10:00:00,0.0,0.0,81.48358000741942,40.83459746264813,1.1043516387381633,260.1156765563779,425.5961731648211,33.29988041140066,118.80757526509308,141.3081012912848,118.80757526509308,0.0,45.67490004368981,100.0,72.61374274479725,39.538307828871666,33.075434915925584
2022-04-21 11:00:00,0.0,0.0,87.38514044737133,40.83459746264813,3.27369406479363,265.47288805388433,553.0266995722078,36.182084361631496,152.68202844464415,112.79085960924019,152.68202844464415,0.0,57.513228399298356,100.0,75.32535741698455,32.34231276924832,42.98304464773622
2022-04-21 12:00:00,0.0,0.0,98.74281998912583,40.83459746264813,2.1888827954415055,278.9804123279745,598.1107605695012,38.69096126779691,163.53000832876006,115.45040399921442,163.53000832876006,0.0,58.61702151924243,100.0,78.6425353035208,32.77563856747019,45.86689673605061
2022-04-21 13:00:00,0.0,0.0,105.04634317551607,40.83459746264813,1.1038374920647187,281.75184477660645,584.907047069604,39.37834522092513,159.49153840994066,122.26030636666579,159.49153840994066,0.0,56.60709641010418,100.0,80.00213891208898,34.82775557285738,45.1743833392316
2022-04-21 14:00:00,0.0,0.0,110.62687719027966,40.83459746264813,1.1038004976689921,287.33237879137,505.19197148958136,35.78724910904942,139.68816030878017,147.64421848258982,139.68816030878017,0.0,48.61553052125976,100.0,83.29382702127694,42.89670950077926,40.39711752049768
2022-04-21 15:00:00,0.0,0.0,111.90822355005247,40.83459746264813,2.188321164542731,291.503617572945,397.62643393699636,31.325826060531135,111.83609260852529,179.66752496441973,111.83609260852529,0.0,38.36525033194134,100.0,88.68170878621248,54.80991141786843,33.871797368344055
2022-04-21 16:00:00,0.0,0.0,100.71514659057377,40.83459746264813,1.1035873606096325,263.25745341047843,223.6766300780099,25.889894689937808,64.20676322596101,199.0506901845174,64.20676322596103,0.0,24.389342977441945,100.00000000000003,80.99241381296675,61.2873581789193,19.705055634047447
2022-04-21 17:00:00,0.0,0.0,82.44402935569893,40.83459746264813,1.103361642462015,201.3798682339501,94.00073986081928,21.237523120650604,20.641878005412384,180.7379902285377,20.641878005412394,0.0,10.250219243083421,100.00000000000004,68.30432525802568,61.32334532598525,6.980979932040434
2022-04-21 18:00:00,0.0,0.0,65.03958443724065,40.83459746264813,1.1033006331876563,196.2474752576676,0.0,16.7,0.0,196.2474752576676,0.0,0.0,0.0,0.0,75.97961230664818,75.97961230664818,0.0
2022-04-21 19:00:00,0.0,0.0,49.66255362612541,40.83459746264813,0.020000016,161.647939757116,0.0,16.1,0.0,161.647939757116,0.0,0.0,0.0,0.0,63.1845065049307,63.1845065049307,0.0
2022-04-21 20:00:00,0.0,0.0,39.21644955785821,40.83459746264813,1.1029385002906626,149.91743905693673,0.0,17.2,0.0,149.91743905693673,0.0,0.0,0.0,0.0,58.12968133410325,58.12968133410325,0.0
2022-04-21 21:00:00,0.0,0.0,0.0,0.0,0.020000016,47.675718305793986,0.0,16.7,0.0,47.675718305793986,0.0,0.0,0.0,0.0,18.75326912787426,18.75326912787426,0.0
2022-04-21 22:00:00,0.0,0.0,0.0,0.0,1.1029585115826621,43.46825895116388,0.0,16.1,0.0,43.46825895116388,0.0,0.0,0.0,0.0,17.334645180491,17.334645180491,0.0
2022-04-21 23:00:00,0.0,0.0,0.0,0.0,0.020000016,38.10742263904787,0.0,15.6,0.0,38.10742263904787,0.0,0.0,0.0,0.0,15.346220976983384,15.346220976983384,0.0
2022-04-22 00:00:00,0.0,0.0,0.0,0.0,0.020000016,38.10742263904787,0.0,15.0,0.0,38.10742263904787,0.0,0.0,0.0,0.0,16.09446022050109,16.09446022050109,0.0
2022-04-22 01:00:00,0.0,0.0,0.0,0.0,1.1028622395104783,38.10742263904787,0.0,13.3,0.0,38.10742263904787,0.0,0.0,0.0,0.0,16.536937722315287,16.536937722315287,0.0
2022-04-22 02:00:00,0.0,0.0,0.0,0.0,0.020000016,38.10742263904787,0.0,13.9,0.0,38.10742263904787,0.0,0.0,0.0,0.0,15.661750436434701,15.661750436434701,0.0
2022-04-22 03:00:00,0.0,0.0,0.0,0.0,1.1029292491103446,38.10742263904787,0.0,13.9,0.0,38.10742263904787,0.0,0.0,0.0,0.0,16.03316966013328,16.03316966013328,0.0
2022-04-22 04:00:00,0.0,0.0,0.0,0.0,0.020000016,38.10742263904787,0.0,13.3,0.0,38.10742263904787,0.0,0.0,0.0,0.0,15.637361685945708,15.637361685945708,0.0
2022-04-22 05:00:00,0.0,0.0,0.4853975414992533,40.83459746264813,0.020000016,71.18669906274138,12.866667401653272,14.802083356301665,0.39582202414357726,70.7908770385978,0.3958220241435839,0.0,0.5560336823522617,100.00000000000169,28.879417685478227,28.718858418714742,0.1605592667634852
2022-04-22 06:00:00,0.0,0.0,2.885106494232402,40.83459746264813,1.1031475064040188,78.72399454312288,73.87944298456917,17.308732593267788,12.933501838683194,65.79049270443969,12.933501838683199,0.0,16.42891968801021,100.00000000000004,31.515814434558738,26.370738068112175,5.145076366446563
2022-04-22 07:00:00,0.0,0.0,30.237220816373775,40.83459746264813,1.1032494226705858,144.454421698465,223.86105007288083,24.195657814777526,64.66385530132634,79.79056639713868,64.66385530132634,0.0,44.76419242901822,100.0,51.05526421858661,28.28970732120166,22.765556897384947
2022-04-22 08:00:00,0.0,0.0,54.34021267106818,40.83459746264813,1.1035100331003507,170.80510765900559,296.44433379156123,28.16388543098629,84.376524939572,86.42858271943359,84.376524939572,0.0,49.39929847298293,100.0,57.40131799344179,29.143619791179137,28.257698202262656
2022-04-22 09:00:00,0.0,0.0,64.86676837035873,40.83459746264813,0.020000016,180.36836588436208,396.68932398058405,32.99654137439325,110.86629016038277,69.5020757239793,110.86629016038277,0.0,61.46659344436345,100.0,57.45814027996783,22.1427922122795,35.31534806768833
2022-04-22 10:00:00,0.0,0.0,77.29312428193197,40.83459746264813,1.1034429391073037,195.04241590178142,450.92424189208447,34.691382559127646,125.20942512729107,69.83299077449036,125.20942512729107,0.0,64.1959978543044,100.0,60.63159271322707,21.83607838466156,38.79551432856552
2022-04-22 11:00:00,0.0,0.0,82.50198419771966,40.83459746264813,1.103360159460123,198.96687918565706,604.8396179332738,39.501238060414806,164.84751410906793,34.11936507658913,164.84751410906793,0.0,82.85173632102247,100.0,60.784075165662415,10.588007119451229,50.19606804621119
2022-04-22 12:00:00,0.0,0.0,86.5255393935361,40.83459746264813,1.1033008703848284,200.4216411176493,659.7392645249911,41.21685201640597,178.6041667131259,21.81747440452341,178.6041667131259,0.0,89.11421227624997,100.0,62.378461827152385,6.967412125238644,55.41104970191374
2022-04-22 13:00:00,0.0,0.0,82.38533091297492,40.83459746264813,1.1032327158032025,157.18246689661328,606.524119527187,40.0538787352246,164.9494424187037,0.0,157.18246689661328,7.7669755220904335,100.0,95.29129931680828,49.36138359093484,0.1986375073466335,49.16274608358821
2022-04-22 14:00:00,0.0,0.0,81.20811931689408,40.83459746264813,1.1031626996323483,154.7208586686204,527.14107777743,36.473158680544685,145.37191012348234,9.348948545138057,145.37191012348234,0.0,93.95753835288522,100.0,52.002262800333554,3.328839852789201,48.67342294754435
2022-04-22 15:00:00,0.0,0.0,73.85007024142062,40.83459746264813,0.020000016,147.68390875112493,398.7887586931463,31.86214870916082,111.93509720450258,35.74881154662235,111.93509720450258,0.0,75.79369895547266,100.0,50.45537791872243,12.216110011720252,38.23926790700217
2022-04-22 16:00:00,0.0,0.0,65.48431769131777,40.83459746264813,1.1029816491174478,128.5439184936819,233.930406894074,25.610325215439815,67.21981760964312,61.324100884038785,67.21981760964312,0.0,52.29326941122232,100.0,46.274517167153704,22.179909644065177,24.094607523088527
2022-04-22 17:00:00,0.0,0.0,13.52147644281117,15.864181250889848,0.020000016,49.68406608554888,87.98545415668646,20.549545442396454,18.12998240676461,31.554083678784266,18.12998240676461,0.0,36.49053677601057,100.0,18.759087538127403,11.915109829485793,6.84397770864161
2022-04-22 18:00:00,0.0,0.0,11.124430895261598,18.71778354807756,1.1030227752463664,64.98146804118701,0.0,16.1,0.0,64.98146804118701,0.0,0.0,0.0,0.0,27.15193792892619,27.15193792892619,0.0
2022-04-22 19:00:00,0.0,0.0,6.247669441124755,13.360162588318506,0.020000016,57.715254668491134,0.0,16.1,0.0,57.715254668491134,0.0,0.0,0.0,0.0,25.103388113943236,25.103388113943236,0.0
2022-04-22 20:00:00,0.0,0.0,1.5079809500126322,7.250166569758931,1.1030757256118298,46.865570158819416,0.0,15.6,0.0,46.865570158819416,0.0,0.0,0.0,0.0,20.484605612293446,20.484605612293446,0.0
2022-04-22 21:00:00,0.0,0.0,0.2923913601837133,5.391536249933077,0.020000016,43.79135024916466,0.0,15.6,0.0,43.79135024916466,0.0,0.0,0.0,0.0,18.66134369832222,18.66134369832222,0.0
2022-04-22 22:00:00,0.0,0.0,0.0,1.3478840624832689,0.020000016,39.455306701531136,0.0,15.6,0.0,39.455306701531136,0.0,0.0,0.0,0.0,16.821425492690775,16.821425492690775,0.0
2022-04-22 23:00:00,0.0,0.0,0.0,0.0,1.102887665590169,38.10742263904787,0.0,15.6,0.0,38.10742263904787,0.0,0.0,0.0,0.0,16.561331050780456,16.561331050780456,0.0
2022-04-23 00:00:00,0.0,0.0,0.0,0.0,0.020000016,38.10742263904787,0.0,15.6,0.0,38.10742263904787,0.0,0.0,0.0,0.0,16.890714816543994,16.890714816543994,0.0
2022-04-23 01:00:00,0.0,0.0,0.0,0.0,0.020000016,38.10742263904787,0.0,15.6,0.0,38.10742263904787,0.0,0.0,0.0,0.0,16.910911750542688,16.910911750542688,0.0
2022-04-23 02:00:00,0.0,0.0,0.0,0.0,1.1028489916541195,38.10742263904787,0.0,16.1,0.0,38.10742263904787,0.0,0.0,0.0,0.0,16.82883819444837,16.82883819444837,0.0
2022-04-23 03:00:00,0.0,0.0,0.0,0.0,0.020000016,38.10742263904787,0.0,16.1,0.0,38.10742263904787,0.0,0.0,0.0,0.0,16.652162350823552,16.652162350823552,0.0
2022-04-23 04:00:00,0.0,0.0,0.0,0.0,1.1030136395863894,38.10742263904787,0.0,16.1,0.0,38.10742263904787,0.0,0.0,0.0,0.0,16.677962445726127,16.677962445726127,0.0
2022-04-23 05:00:00,0.0,0.0,0.0,0.10561293771558561,0.020000016,20.404021329563452,12.78339282773438,16.4994810258667,0.38835037874517625,20.015670950818276,0.3883503787451765,0.0,1.9033031404573884,100.00000000000007,8.633379812395342,8.469128961456962,0.1642508509383802
2022-04-23 06:00:00,0.0,0.0,0.0,3.9612637877556294,0.020000016,24.25967217960349,59.381054161907784,18.555657942559616,8.317869423853672,15.94180275574982,8.317869423853672,0.0,34.286817077631355,100.0,9.634933463187506,6.3326561232233605,3.302277339964146
2022-04-23 07:00:00,0.0,0.0,0.4981339786164481,3.92027171317199,1.1029393937457954,24.716814083636308,100.57946066462411,20.343108145769502,23.709393955903508,1.0074201277328,23.709393955903508,0.0,95.92415056275493,100.0,8.868501570705837,0.5519574527935623,8.316544117912274
2022-04-23 08:00:00,0.0,0.0,3.4192907747975396,5.229089697228714,0.020000016,28.94678886387412,198.01384411052925,23.98793262845404,57.24153691437953,0.0,28.94678886387412,28.29474805050541,100.0,50.569552154359535,9.530712895985694,0.0036010111631256747,9.527111884822569
2022-04-23 09:00:00,0.0,0.0,6.073097757527357,8.021563920213575,0.020000016,34.3930700695888,274.22553257552397,26.869547892985125,78.43064395363074,0.0,34.3930700695888,44.03757388404193,100.0,43.85157170190067,11.314277999598447,0.0036010111631256747,11.310676988435322
2022-04-23 10:00:00,0.0,0.0,11.593419165398068,14.104207031401781,1.1029939374164144,45.9960345886477,445.8767100330752,33.9336471885336,124.16788245026959,0.0,45.9960345886477,78.17184786162188,100.0,37.04342353351282,15.410403074356777,0.19859451519921037,15.211808559157566
2022-04-23 11:00:00,0.0,0.0,17.775299708104715,22.70393206816322,0.020000016,60.77764016811579,587.0446715256613,37.74514598517692,161.09607812645567,0.0,60.77764016811579,100.31843795833987,100.0,37.72757280931888,19.92377646446392,0.0036010111631256747,19.920175453300793
2022-04-23 12:00:00,0.0,0.0,21.596275839337473,24.431693418675255,1.1031345392450618,66.3263776498606,639.6588192344777,39.38933810107743,174.4136730037626,0.0,66.3263776498606,108.087295353902,100.0,38.02819842480455,22.714766883303117,0.19861983061668378,22.51614705268643
2022-04-23 13:00:00,0.0,0.0,26.346643516618208,26.832809847050747,0.020000016,73.47786175551683,606.8838501000891,37.865120315627784,166.46273430573245,0.0,73.47786175551683,92.98487255021563,100.0,44.14072738980984,25.60292065747641,0.0036010111631256747,25.599319646313283
2022-04-23 14:00:00,0.0,0.0,27.03594367342947,25.26505209226426,1.1029275351172656,72.59940415754158,506.99838925092087,34.74369966409128,140.75142944292762,0.0,72.59940415754158,68.15202528538603,100.0,51.57986987761246,27.08540889216249,0.19858255943775038,26.88682633272474
2022-04-23 15:00:00,0.0,0.0,27.900856002439184,27.336288614630856,0.020000016,75.53555300891792,306.8082288124586,27.387757150389334,87.58012887547812,0.0,75.53555300891792,12.044575866560209,100.0,86.24736453210151,28.900482170254765,0.0036010111631256747,28.896881159091638
2022-04-23 16:00:00,0.0,0.0,21.384397310526126,25.410584854632347,0.020000016,67.09339055700634,104.8815879703969,18.877549624074902,25.918466841701296,41.17492371530505,25.918466841701296,0.0,38.63043233696693,100.0,25.934190060587724,15.917091403272797,10.017098657314927
2022-04-23 17:00:00,0.0,0.0,17.49065744423383,24.939184306152363,1.1029219091589682,62.728250142234046,54.33630684846204,16.69800958901444,7.011360554717567,55.71688958751648,7.0113605547175695,0.0,11.177357153785675,100.00000000000004,26.754899885447127,23.78660533780467,2.968294547642458
2022-04-23 18:00:00,0.0,0.0,7.153920799595272,21.871039290045978,0.020000016,64.16421368748911,0.0,14.4,0.0,64.16421368748911,0.0,0.0,0.0,0.0,29.59549472169623,29.59549472169623,0.0
2022-04-23 19:00:00,0.0,0.0,1.404008656615297,15.833971337801055,0.020000016,55.34540263346421,0.0,14.4,0.0,55.34540263346421,0.0,0.0,0.0,0.0,25.508976360768777,25.508976360768777,0.0
2022-04-23 20:00:00,0.0,0.0,0.16696434420329168,9.294538979752826,1.1030714869364462,47.568925963003984,0.0,14.4,0.0,47.568925963003984,0.0,0.0,0.0,0.0,22.052962288575515,22.052962288575515,0.0
2022-04-23 21:00:00,0.0,0.0,0.022176066516646987,7.246115965763447,0.020000016,45.37571467132796,0.0,15.0,0.0,45.37571467132796,0.0,0.0,0.0,0.0,20.731681230172452,20.731681230172452,0.0
2022-04-23 22:00:00,0.0,0.0,0.0,7.246115965763447,0.020000016,45.35353860481132,0.0,15.0,0.0,45.35353860481132,0.0,0.0,0.0,0.0,21.23381919976833,21.23381919976833,0.0
2022-04-23 23:00:00,0.0,0.0,0.0,3.602771750602846,1.1028680018153025,47.07103070176673,0.0,15.6,0.0,47.07103070176673,0.0,0.0,0.0,0.0,22.10048707082063,22.10048707082063,0.0
2022-04-24 00:00:00,0.0,0.0,0.0,3.602771750602846,0.020000016,47.07103070176673,0.0,15.0,0.0,47.07103070176673,0.0,0.0,0.0,0.0,21.78407298233112,21.78407298233112,0.0
2022-04-24 01:00:00,0.0,0.0,0.0,3.602771750602846,1.1027789942949653,47.07103070176673,0.0,15.0,0.0,47.07103070176673,0.0,0.0,0.0,0.0,21.555623864606783,21.555623864606783,0.0
2022-04-24 02:00:00,0.0,0.0,0.0,3.602771750602846,0.020000016,47.07103070176674,0.0,15.0,0.0,47.07103070176674,0.0,0.0,0.0,0.0,21.03917392147567,21.03917392147567,0.0
2022-04-24 03:00:00,0.0,0.0,0.0,0.0,0.020000016,43.46825895116388,0.0,15.0,0.0,43.46825895116388,0.0,0.0,0.0,0.0,19.16419221554141,19.16419221554141,0.0
2022-04-24 04:00:00,0.0,0.0,0.0,3.602771750602846,1.1029327649980776,51.278490056396826,0.0,15.0,0.0,51.278490056396826,0.0,0.0,0.0,0.0,23.00033328200765,23.00033328200765,0.0
2022-04-24 05:00:00,0.0,0.0,0.5567626324170079,40.83459746264813,0.020000016,71.25806415365913,12.098392241241855,15.378074757538808,0.34924508981338115,70.90881906384575,0.34924508981337965,0.0,0.4901130755675261,99.99999999999957,31.183992142879756,31.031172968930115,0.1528191739496414
2022-04-24 06:00:00,0.0,0.0,0.324834270935714,40.83459746264813,1.1033015989620318,99.094443739929,59.340357828316385,16.85438618213489,8.357541260385272,90.73690247954373,8.357541260385275,0.0,8.433915106602184,100.00000000000004,41.406578866818684,37.93113712139377,3.4754417454249165
2022-04-24 07:00:00,0.0,0.0,12.058808602769966,40.83459746264813,1.1038488032247562,199.039483259157,76.58995511836441,17.393436097448888,13.895691740122144,185.14379151903486,13.895691740122146,0.0,6.981374505494181,100.00000000000003,71.47976337632763,66.50336877189639,4.976394604431235
2022-04-24 08:00:00,0.0,0.0,23.964605451404083,40.83459746264813,2.1878865679208483,202.59670200036254,111.15382231698376,19.07355694740574,29.09052160468537,173.50618039567718,29.090521604685364,0.0,14.358832753671038,99.99999999999997,68.73081045082515,58.91843206095676,9.812378389868385
2022-04-24 09:00:00,0.0,0.0,37.266226739790596,40.83459746264813,1.1039821462467705,213.971728340881,266.3121256213835,25.02225392566823,76.69157691095003,137.28015142993095,76.69157691095003,0.0,35.84192056848358,100.0,71.23417667585571,45.773723515073975,25.460453160781732
2022-04-24 10:00:00,0.0,0.0,50.5198071144983,40.83459746264813,2.18842998729357,229.15190366345678,317.7332261164551,27.729163316139225,90.58313848775715,138.56876517569964,90.58313848775714,0.0,39.52973422415542,99.99999999999999,75.81135649967456,45.999086876276365,29.812269623398194
2022-04-24 11:00:00,0.0,0.0,57.63289851834937,40.83459746264813,2.1892292768111057,235.72064612486224,360.9193733959472,28.47873041862335,102.6068748322194,133.11377129264284,102.6068748322194,0.0,43.529014754977425,100.0,77.97219348403803,44.20324490800629,33.76894857603174
2022-04-24 12:00:00,0.0,0.0,70.62658023849981,40.83459746264813,2.1890163199112553,250.86417257734843,358.03187255626904,28.988496017383408,101.59149322784366,149.27267934950476,101.59149322784367,0.0,40.49661304127443,100.00000000000003,82.76663868154183,49.408563922713235,33.3580747588286
2022-04-24 13:00:00,0.0,0.0,78.67801321141313,40.83459746264813,1.1038133114003645,255.3835148125035,592.7103742948502,36.82219919671407,163.23377929477093,92.14973551773258,163.23377929477093,0.0,63.91711673896151,100.0,84.98734587914956,30.79291498438914,54.194430894760416
2022-04-24 14:00:00,0.0,0.0,80.36487284968841,40.83459746264813,2.1875607450091277,257.0703744507788,525.4216105217056,34.2194253288033,146.15956652994177,110.91080792083702,146.15956652994177,0.0,56.855857794662725,100.0,87.23609976313251,37.861205795820254,49.37489396731226
2022-04-24 15:00:00,0.0,0.0,79.50936460157557,40.83459746264813,1.1041620483884853,259.10475862446816,404.3255917020118,29.83517474068787,114.36253851351462,144.74222011095355,114.36253851351461,0.0,44.137567801008714,99.99999999999999,92.66811109196365,51.854408347260566,40.813702744703086
2022-04-24 16:00:00,0.0,0.0,73.28544580703927,40.83459746264813,1.1035230732613854,235.82775262694395,187.5081189976811,21.959628718677536,54.60983075742851,181.21792186951544,54.60983075742851,0.0,23.156659955885615,100.0,85.1320548949211,65.46432434763321,19.66773054728789
2022-04-24 17:00:00,0.0,0.0,58.22833740374972,40.83459746264813,1.1034344966118408,177.1641762820009,55.57672979446931,17.336772806077164,7.318314496243065,169.84586178575785,7.318314496243062,0.0,4.13080942763177,99.99999999999996,69.77016004312514,66.89629453202298,2.873865511102167
2022-04-24 18:00:00,0.0,0.0,39.701889475763046,40.83459746264813,1.1032485518039976,170.90978029619,0.0,15.0,0.0,170.90978029619,0.0,0.0,0.0,0.0,77.19691457766467,77.19691457766467,0.0
2022-04-24 19:00:00,0.0,0.0,11.489987955030399,40.83459746264813,1.1032156374540343,123.47537408602102,0.0,15.0,0.0,123.47537408602102,0.0,0.0,0.0,0.0,56.980637336450854,56.980637336450854,0.0
2022-04-24 20:00:00,0.0,0.0,2.9498594925689554,40.83459746264813,0.020000016,113.65084899164748,0.0,15.0,0.0,113.65084899164748,0.0,0.0,0.0,0.0,51.210695787084774,51.210695787084774,0.0
2022-04-24 21:00:00,0.0,0.0,0.0,0.0,1.1028194659200166,47.675718305793986,0.0,15.0,0.0,47.675718305793986,0.0,0.0,0.0,0.0,21.606152513793177,21.606152513793177,0.0
2022-04-24 22:00:00,0.0,0.0,0.0,0.0,0.020000016,43.46825895116388,0.0,15.6,0.0,43.46825895116388,0.0,0.0,0.0,0.0,18.721902680713317,18.721902680713317,0.0
2022-04-24 23:00:00,0.0,0.0,0.0,0.0,0.020000016,43.46825895116388,0.0,15.6,0.0,43.46825895116388,0.0,0.0,0.0,0.0,18.562591511657303,18.562591511657303,0.0
2022-04-25 00:00:00,0.0,0.0,0.0,0.0,1.1029095246837333,43.46825895116388,0.0,15.6,0.0,43.46825895116388,0.0,0.0,0.0,0.0,18.70932004971012,18.70932004971012,0.0
2022-04-25 01:00:00,0.0,0.0,0.0,0.0,0.020000016,43.46825895116388,0.0,15.6,0.0,43.46825895116388,0.0,0.0,0.0,0.0,18.56628631366815,18.56628631366815,0.0
2022-04-25 02:00:00,0.0,0.0,0.0,0.0,1.1028082840269584,43.46825895116388,0.0,15.6,0.0,43.46825895116388,0.0,0.0,0.0,0.0,18.93794486337106,18.93794486337106,0.0
2022-04-25 03:00:00,0.0,0.0,0.0,0.0,0.020000016,43.46825895116388,0.0,15.6,0.0,43.46825895116388,0.0,0.0,0.0,0.0,18.786235703961044,18.786235703961044,0.0
2022-04-25 04:00:00,0.0,0.0,0.0,0.0,0.020000016,47.675718305793986,0.0,15.6,0.0,47.675718305793986,0.0,0.0,0.0,0.0,20.495101496176442,20.495101496176442,0.0
2022-04-25 05:00:00,0.0,0.0,0.25175942778720084,40.83459746264813,1.1030705459891046,70.95306094902932,18.563766307915145,16.18011769712235,0.8199000202658874,70.13316092876343,0.8199000202658908,0.0,1.1555527123134037,100.00000000000043,30.481729486954904,30.13179205880532,0.34993742814958395
2022-04-25 06:00:00,0.0,0.0,0.0,40.83459746264813,1.1033334677786495,98.76960946899328,73.70522534263884,18.403288291957466,12.821886321251021,85.94772314774227,12.821886321251014,0.0,12.981610831696349,99.99999999999994,39.971201988755745,34.80808480491439,5.163117183841358
2022-04-25 07:00:00,0.0,0.0,2.424572924322502,40.83459746264813,1.1038403310913973,189.40524758070956,110.9059174055088,20.16580991892215,28.84637651909142,160.55887106161813,28.84637651909142,0.0,15.22997746237172,100.0,67.69235985787884,57.413097817183214,10.279262040695627
2022-04-25 08:00:00,0.0,0.0,11.13998619713821,40.83459746264813,1.1039205100783462,189.7720827460967,220.22134899198656,24.08191715599958,63.639193054705224,126.13288969139145,63.63919305470523,0.0,33.53453897634171,100.00000000000003,62.706838820313756,41.745043215989675,20.96179560432408
2022-04-25 09:00:00,0.0,0.0,27.543958588373577,40.83459746264813,2.187945323906868,204.24946018946392,294.1460596855711,26.392064365174097,84.27773369334122,119.9717264961227,84.27773369334122,0.0,41.26215737126763,100.0,64.97047104243437,38.324801369279136,26.645669673155233
2022-04-25 10:00:00,0.0,0.0,47.005721459448445,40.83459746264813,2.1884762768476076,225.63781800840692,369.41116653582606,29.844098954244565,104.48356286231049,121.15425514609643,104.48356286231049,0.0,46.3058736272736,100.0,71.5602038597809,38.606088133008164,32.954115726772734
2022-04-25 11:00:00,0.0,0.0,63.116697704604185,40.83459746264813,2.189070707710764,241.20444531111715,595.2429609420071,37.50134252943772,163.5004849573463,77.70396035377087,163.5004849573463,0.0,67.78502143542812,100.0,76.38319153826679,24.873998757304403,51.50919278096238
2022-04-25 12:00:00,0.0,0.0,70.00221276004528,40.83459746264813,2.188850269441767,250.23980509889392,684.6729008207567,40.796028150648645,185.66121164657997,64.57859345231395,185.66121164657997,0.0,74.1933169158309,100.0,81.83589916591133,21.411529529473643,60.42436963643769
2022-04-25 13:00:00,0.0,0.0,72.85575512890244,40.83459746264813,1.1038052715139999,249.56125672999283,658.8110991148267,39.48784684733833,179.56670635734002,69.99455037265281,179.56670635734002,0.0,71.95295804733752,100.0,80.70470640476785,22.77828260095354,57.92642380381431
2022-04-25 14:00:00,0.0,0.0,73.73096869084085,40.83459746264813,1.1037758099850568,250.43647029193127,601.8467313811276,37.10771035566024,165.5668464605258,84.86962383140548,165.5668464605258,0.0,66.11131608248839,100.0,84.96271520903751,28.924132521775636,56.03858268726188
2022-04-25 15:00:00,0.0,0.0,73.75212231046375,40.83459746264813,2.1882927790252413,253.34751633335637,286.76541200423344,26.161419125132294,82.23353542618538,171.11398090717097,82.2335354261854,0.0,32.458788866902474,100.00000000000003,86.76143807669328,58.72761468222956,28.033823394463724
2022-04-25 16:00:00,0.0,0.0,65.23565854208401,40.83459746264813,1.1035292234882828,227.77796536198872,155.06885415303816,20.945901692282444,45.32973475855215,182.44823060343657,45.32973475855215,0.0,19.900842773142408,100.0,80.30022908270189,64.35934790883564,15.940881173866245
2022-04-25 17:00:00,0.0,0.0,52.09544909253222,40.83459746264813,1.1033981584560757,171.03128797078338,74.29238127327865,18.42163691478996,13.026121976678754,158.00516599410463,13.026121976678752,0.0,7.6162216464767285,99.99999999999999,66.49552545147955,61.44620978965957,5.049315661819982
2022-04-25 18:00:00,0.0,0.0,41.42664221071746,40.83459746264813,0.020000016,172.63453303114443,0.0,15.0,0.0,172.63453303114443,0.0,0.0,0.0,0.0,75.39137524053359,75.39137524053359,0.0
2022-04-25 19:00:00,0.0,0.0,18.18691584752695,40.83459746264813,1.1032752728086093,130.1723019785176,0.0,15.0,0.0,130.1723019785176,0.0,0.0,0.0,0.0,58.248983237073006,58.248983237073006,0.0
2022-04-25 20:00:00,0.0,0.0,6.832713777423759,40.83459746264813,1.1030381922735721,117.53370327650225,0.0,15.0,0.0,117.53370327650225,0.0,0.0,0.0,0.0,51.564356826234345,51.564356826234345,0.0
2022-04-25 21:00:00,0.0,0.0,0.0,0.0,0.020000016,47.675718305793986,0.0,15.0,0.0,47.675718305793986,0.0,0.0,0.0,0.0,19.990215639318084,19.990215639318084,0.0
2022-04-25 22:00:00,0.0,0.0,0.0,0.0,0.020000016,43.46825895116388,0.0,15.6,0.0,43.46825895116388,0.0,0.0,0.0,0.0,17.902525999483878,17.902525999483878,0.0
2022-04-25 23:00:00,0.0,0.0,0.0,0.0,1.102949885496642,43.46825895116388,0.0,15.6,0.0,43.46825895116388,0.0,0.0,0.0,0.0,17.89125468323029,17.89125468323029,0.0
2022-04-26 00:00:00,0.0,0.0,0.0,0.0,0.020000016,43.46825895116388,0.0,15.0,0.0,43.46825895116388,0.0,0.0,0.0,0.0,17.94925437785638,17.94925437785638,0.0
2022-04-26 01:00:00,0.0,0.0,0.0,0.0,1.102862546376541,43.46825895116388,0.0,15.6,0.0,43.46825895116388,0.0,0.0,0.0,0.0,17.664986669944742,17.664986669944742,0.0
2022-04-26 02:00:00,0.0,0.0,0.0,0.0,0.020000016,43.46825895116388,0.0,15.0,0.0,43.46825895116388,0.0,0.0,0.0,0.0,17.520222662008393,17.520222662008393,0.0
2022-04-26 03:00:00,0.0,0.0,0.0,0.0,0.020000016,43.46825895116388,0.0,15.6,0.0,43.46825895116388,0.0,0.0,0.0,0.0,17.53130706804094,17.53130706804094,0.0
2022-04-26 04:00:00,0.0,0.0,0.0,0.0,1.1029892522411546,44.707549264593986,0.0,15.0,0.0,44.707549264593986,0.0,0.0,0.0,0.0,18.938657096871328,18.938657096871328,0.0
2022-04-26 05:00:00,0.0,0.056543793383839074,0.028777115296649496,40.83459746264813,0.07654380938383906,70.73007863653878,12.853877833309873,15.401683682290933,0.3941909861762514,70.33588765036252,0.39419098617625536,0.0,0.5573173305827748,100.000000000001,29.666306261766906,29.501047603677303,0.16525865808960205
2022-04-26 06:00:00,0.0,0.0,0.0,40.83459746264813,1.1033208739192943,98.76960946899328,82.35419821279216,18.173568694149754,16.020904870293624,82.74870459869966,16.02090487029362,0.0,16.220480121796026,99.99999999999997,38.96374970464242,32.67586496114958,6.287884743492839
2022-04-26 07:00:00,0.0,0.0,0.0,40.83459746264813,1.103834886067837,186.98067465638707,133.2229562247187,19.76321738202246,39.11163752798482,147.86903712840225,39.11163752798481,0.0,20.91747588346227,99.99999999999997,62.42684935737103,49.41030082987005,13.01654852750098
2022-04-26 08:00:00,0.0,0.0,0.3406900161783778,40.83459746264813,2.187910699100922,178.97278656513686,182.21683101514873,21.2942759692234,53.19798871285916,125.7747978522777,53.19798871285916,0.0,29.724065727443893,100.0,56.92606831975162,40.1224196250208,16.803648694730825
2022-04-26 09:00:00,0.0,0.0,1.2252847053072438,40.83459746264813,1.1039573004256888,177.93078630639758,422.8048277409617,30.412650866905054,119.32917020541151,58.601616100986064,119.32917020541151,0.0,67.06493726157437,100.0,55.79146284267883,18.508256903700058,37.283205938978774
2022-04-26 10:00:00,0.0,0.0,4.426850990582985,40.83459746264813,2.1884180857328666,183.0589475395415,454.81857058757527,33.11308033086173,127.05570606837307,56.00324147116842,127.05570606837307,0.0,69.40699035808042,100.0,56.65353192992234,17.605501783929235,39.0480301459931
2022-04-26 11:00:00,0.0,0.0,10.184049265237652,40.83459746264813,2.189086347735568,188.27179687175058,552.0916122440225,36.1528628826257,152.44105670179277,35.83074016995781,152.44105670179277,0.0,80.96860986865417,100.0,57.96107187393619,11.349932171512515,46.61113970242368
2022-04-26 12:00:00,0.0,0.0,21.360596832587806,40.83459746264813,2.1888679981801085,201.59818917143642,627.2566944745813,37.90177170233066,172.02632273060075,29.571866440835663,172.02632273060075,0.0,85.331283697351,100.0,63.21815028101222,9.609587328475103,53.60856295253712
2022-04-26 13:00:00,0.0,0.0,31.914328251045482,40.83459746264813,1.1038019313088407,208.61982985213587,344.38090961573585,29.661903425491744,97.47091255955128,111.14891729258458,97.47091255955128,0.0,46.72178700780077,100.0,67.90004717844927,36.26878663462369,31.631260543825583
2022-04-26 14:00:00,0.0,0.0,32.8746721802808,40.83459746264813,2.1875315686412122,209.58017378137117,544.1325682878378,35.30414275899493,150.7355526335181,58.844621147853076,150.7355526335181,0.0,71.92262030985893,100.0,69.71774794735862,19.858195525006668,49.85955242235195
2022-04-26 15:00:00,0.0,0.0,30.894128547396765,40.83459746264813,1.1041068685841675,210.48952257028932,381.79651295726654,30.231141029914582,107.8291459475807,102.66037662270863,107.8291459475807,0.0,51.22779729407816,100.0,72.43985149265299,35.432349457713556,37.007502034939435
2022-04-26 16:00:00,0.0,0.0,21.250485023489478,40.83459746264813,1.1035270853664203,183.79279184339416,228.51140992980874,24.940981560306525,65.82565715362956,117.96713468976459,65.82565715362956,0.0,35.81514622712635,100.0,63.630177793659804,40.9120978685134,22.718079925146405
2022-04-26 17:00:00,0.0,0.0,4.527494090996017,40.83459746264813,1.103368776681451,123.46333296924718,110.01809324718191,19.538065413974437,28.451156204440313,95.01217676480687,28.45115620444031,0.0,23.04421525014804,99.99999999999999,45.19240443914686,34.82394958356268,10.368454855584183
2022-04-26 18:00:00,0.0,0.0,0.030955136000014954,40.83459746264813,1.1032745958292969,131.23884595642699,0.0,16.1,0.0,131.23884595642699,0.0,0.0,0.0,0.0,51.9513715623201,51.9513715623201,0.0
2022-04-26 19:00:00,0.0,0.0,0.0,40.83459746264813,1.1032989882853956,111.9853861309906,0.0,15.6,0.0,111.9853861309906,0.0,0.0,0.0,0.0,47.21795351455352,47.21795351455352,0.0
2022-04-26 20:00:00,0.0,0.0,0.0,40.83459746264813,0.020000016,110.70098949907849,0.0,15.0,0.0,110.70098949907849,0.0,0.0,0.0,0.0,46.50576567004103,46.50576567004103,0.0
2022-04-26 21:00:00,0.0,0.0,0.0,0.0,0.020000016,47.675718305793986,0.0,15.6,0.0,47.675718305793986,0.0,0.0,0.0,0.0,20.21452989394684,20.21452989394684,0.0
2022-04-26 22:00:00,0.0,0.0,0.0,0.0,1.102944253492326,43.46825895116388,0.0,15.0,0.0,43.46825895116388,0.0,0.0,0.0,0.0,18.209441324708102,18.209441324708102,0.0
2022-04-26 23:00:00,0.0,0.0,0.0,0.0,0.020000016,43.46825895116388,0.0,15.0,0.0,43.46825895116388,0.0,0.0,0.0,0.0,17.228767985740838,17.228767985740838,0.0
2022-04-27 00:00:00,0.0,0.0,0.0,0.0,1.1028621545738948,43.46825895116388,0.0,14.4,0.0,43.46825895116388,0.0,0.0,0.0,0.0,17.826253840109334,17.826253840109334,0.0
2022-04-27 01:00:00,0.0,0.0,0.0,0.0,0.020000016,43.46825895116388,0.0,13.9,0.0,43.46825895116388,0.0,0.0,0.0,0.0,17.376125383585286,17.376125383585286,0.0
2022-04-27 02:00:00,0.0,0.0,0.0,0.0,0.020000016,43.46825895116388,0.0,13.9,0.0,43.46825895116388,0.0,0.0,0.0,0.0,17.24267782860521,17.24267782860521,0.0
2022-04-27 03:00:00,0.0,0.0,0.0,0.0,1.1029518447973499,43.46825895116388,0.0,12.8,0.0,43.46825895116388,0.0,0.0,0.0,0.0,16.772164709305482,16.772164709305482,0.0
2022-04-27 04:00:00,0.0,0.0,0.0,0.0,0.020000016,44.707549264593986,0.0,13.3,0.0,44.707549264593986,0.0,0.0,0.0,0.0,16.93054977597738,16.93054977597738,0.0
2022-04-27 05:00:00,0.0,12.320284410869322,0.0,40.83459746264813,13.423301144183256,70.70130152124213,26.50175186544763,14.12817974579524,1.6832911319129102,69.01801038932922,1.6832911319129096,0.0,2.380848860904161,99.99999999999996,29.78251669662532,29.13098203110711,0.6515346655182093
2022-04-27 06:00:00,0.0,2.3424054941755448,0.0,40.83459746264813,2.362405510175545,98.76960946899328,123.58613667581277,19.462066771119147,35.91128048031298,62.8583289886803,35.91128048031298,0.0,36.35863366614465,100.0,35.82882475653021,22.956605824764427,12.872218931765783
2022-04-27 07:00:00,0.0,0.0,0.0,40.83459746264813,2.187731433220227,186.98067465638707,228.2475323918228,24.332735387244462,65.89758180864499,121.08309284774208,65.89758180864499,0.0,35.2429907153477,100.0,59.391914224855604,38.59925023677385,20.792663988081756
2022-04-27 08:00:00,0.0,0.0,0.4887506233286765,40.83459746264813,1.1039918434422356,179.12084717228717,326.3696068595229,29.09905021436009,92.56888133388799,86.55196583839918,92.56888133388799,0.0,51.679568735430735,100.0,52.40891872237068,25.426941191169004,26.981977531201675
2022-04-27 09:00:00,0.0,0.0,2.057730281921046,40.83459746264813,2.1880593575581635,178.76323188301143,388.82454146253536,32.75076692070423,108.77008158864284,69.99315029436859,108.77008158864284,0.0,60.84589120643421,100.0,52.86633244805897,20.93905039934464,31.92728204871433
2022-04-27 10:00:00,0.0,0.0,10.688253909140483,40.83459746264813,1.1042923465428236,189.32035045809894,475.1077602091239,34.84711750653512,131.84568720571795,57.47466325238099,131.84568720571795,0.0,69.64158205216216,100.0,55.61668128039484,17.02281172153708,38.59386955885776
2022-04-27 11:00:00,0.0,0.0,20.883530010949546,40.83459746264813,2.1892486711523063,198.97127761746248,638.6915146509052,39.35910983284079,174.1704942817886,24.800783335673884,174.1704942817886,0.0,87.53549575966673,100.0,59.06284604812876,7.706934104200573,51.35591194392819
2022-04-27 12:00:00,0.0,0.0,42.34298676574435,40.83459746264813,2.188810328584104,222.58057910459297,702.3324012095677,42.54788753779899,189.1387976383958,33.44178146619717,189.1387976383958,0.0,84.97542705624711,100.0,67.1382215592816,10.422116005444057,56.71610555383755
2022-04-27 13:00:00,0.0,0.0,58.065813578658705,40.83459746264813,1.1037926318154179,234.77131517974908,668.4861560202428,41.49019237563259,180.77740829606168,53.9939068836874,180.77740829606168,0.0,77.00148894154817,100.0,73.96505940650958,17.163893832845506,56.80116557366408
2022-04-27 14:00:00,0.0,0.0,68.05348078100064,40.83459746264813,2.187514508735947,244.75898238209106,545.7863144739471,37.05582232731085,150.17491410648105,94.58406827561001,150.17491410648105,0.0,61.35624222854642,100.0,75.92648485629587,29.582506363035815,46.34397849326005
2022-04-27 15:00:00,0.0,0.0,74.39899108474029,40.83459746264813,1.1040903439906422,253.99438510763287,418.19473588217966,33.068585496318114,116.84449381076645,137.14989129686643,116.84449381076644,0.0,46.00278614869865,99.99999999999999,82.33168626398664,44.548266522868154,37.783419741118486
2022-04-27 16:00:00,0.0,0.0,68.79017433609106,40.83459746264813,1.10360498492629,231.3324811559957,254.42523517835303,27.95078859932353,72.47446311455379,158.85801804144194,72.47446311455377,0.0,31.329134046542155,99.99999999999997,76.41697376342809,52.53845002876048,23.87852373466761
2022-04-27 17:00:00,0.0,0.0,52.068160073566666,40.83459746264813,1.1034161834208929,171.0039989518178,103.90303659993874,21.546969893748088,25.191408295661212,145.8125906561566,25.191408295661205,0.0,14.73147321119616,99.99999999999997,59.91241195474719,51.11569813494378,8.796713819803415
2022-04-27 18:00:00,0.0,0.0,24.925963909003407,40.83459746264813,1.1032917155521393,156.1338547294304,11.394352855810526,17.05607352674408,0.3079234861999257,155.82593124323046,0.3079234861999396,0.0,0.1972176288951237,100.0000000000045,62.58271045669343,62.45967808816481,0.12303236852861943
2022-04-27 19:00:00,0.0,0.0,6.295177346056355,40.83459746264813,1.1032188842990147,118.28056347704695,0.0,16.7,0.0,118.28056347704695,0.0,0.0,0.0,0.0,49.871149051981824,49.871149051981824,0.0
2022-04-27 20:00:00,0.0,0.0,1.7339460468145282,40.83459746264813,0.020000016,112.43493554589305,0.0,16.7,0.0,112.43493554589305,0.0,0.0,0.0,0.0,47.36232021244874,47.36232021244874,0.0
2022-04-27 21:00:00,0.0,0.0,0.0,0.0,1.102791752430416,47.675718305793986,0.0,16.7,0.0,47.675718305793986,0.0,0.0,0.0,0.0,20.64476666433156,20.64476666433156,0.0
2022-04-27 22:00:00,0.0,0.0,0.0,0.0,0.020000016,43.46825895116388,0.0,16.7,0.0,43.46825895116388,0.0,0.0,0.0,0.0,17.92686822449653,17.92686822449653,0.0
2022-04-27 23:00:00,0.0,0.0,0.0,0.0,0.020000016,43.46825895116388,0.0,15.6,0.0,43.46825895116388,0.0,0.0,0.0,0.0,18.356769305523542,18.356769305523542,0.0
2022-04-28 00:00:00,0.0,0.0,0.0,0.0,1.102797129945525,43.46825895116388,0.0,15.0,0.0,43.46825895116388,0.0,0.0,0.0,0.0,18.711690567233273,18.711690567233273,0.0
2022-04-28 01:00:00,0.0,0.0,0.0,0.0,0.020000016,43.46825895116388,0.0,13.9,0.0,43.46825895116388,0.0,0.0,0.0,0.0,19.019008230644523,19.019008230644523,0.0
2022-04-28 02:00:00,0.0,0.0,0.0,0.0,1.1029234583047154,43.46825895116388,0.0,13.9,0.0,43.46825895116388,0.0,0.0,0.0,0.0,19.45110839746596,19.45110839746596,0.0
2022-04-28 03:00:00,0.0,0.0,0.0,0.0,0.020000016,43.46825895116388,0.0,13.3,0.0,43.46825895116388,0.0,0.0,0.0,0.0,19.47151280632614,19.47151280632614,0.0
2022-04-28 04:00:00,0.0,0.0,0.0,0.0,0.020000016,44.707549264593986,0.0,13.9,0.0,44.707549264593986,0.0,0.0,0.0,0.0,20.464681545343534,20.464681545343534,0.0
2022-04-28 05:00:00,0.0,0.7421470196179183,0.0,40.83459746264813,1.8450844810737657,70.70130152124213,31.646876021446367,16.5889648756702,2.3793247727611995,68.32197674848094,2.379324772761194,0.0,3.3653196215154946,99.99999999999977,33.02696459387185,31.926681542580027,1.1002830512918251
2022-04-28 06:00:00,0.0,0.0,0.08364126068804038,40.83459746264813,1.1033530534531566,98.85325072968132,134.13019201420613,21.991568500443943,39.05948780484053,59.79376292484079,39.05948780484053,0.0,39.51259823680504,100.0,42.621531724833076,25.859152533385767,16.76237919144731
2022-04-28 07:00:00,0.0,0.0,10.639105632280677,40.83459746264813,1.1039240501556373,197.61978028866776,241.2684555056928,28.139639234552902,68.67812754504573,128.94165274362203,68.67812754504573,0.0,34.75265858747844,100.0,71.20453713900282,46.52814252143018,24.67639461757264
2022-04-28 08:00:00,0.0,0.0,26.68193713874894,40.83459746264813,1.1040088951438334,205.3140336877074,331.2395970861596,32.551237408942484,92.73165188827724,112.58238179943015,92.73165188827724,0.0,45.165763987339794,100.0,67.04594691697055,36.8539120369258,30.19203488004475
2022-04-28 09:00:00,0.0,0.0,43.42393523223235,40.83459746264813,2.188043930383754,220.12943683332267,394.0139401765794,35.11293563051811,109.22998492880897,110.8994519045137,109.22998492880897,0.0,49.6207987900844,100.0,69.7589450563178,35.339484505400804,34.419460550916995
2022-04-28 10:00:00,0.0,0.0,64.82788029973348,40.83459746264813,1.1042698496423964,243.459976848692,482.75810675668725,37.88619083614648,132.40532975576903,111.05464709292298,132.40532975576903,0.0,54.38484446996298,100.0,76.30684760639349,34.91561747144253,41.39123013495096
2022-04-28 11:00:00,0.0,0.0,73.17801288403177,40.83459746264813,2.1891575978465605,251.2657604905447,644.2468588863327,44.5327143401979,172.133702325304,79.1320581652407,172.133702325304,0.0,68.50662899284342,100.0,75.6432286837657,24.09262751138364,51.55060117238206
2022-04-28 12:00:00,0.0,0.0,86.56749560362236,40.83459746264813,2.1888986991170523,266.805087942471,703.1268904881796,47.57271532775562,185.58789202844486,81.21719591402615,185.58789202844486,0.0,69.55935265689598,100.0,80.3929496859044,24.746276140095496,55.6466735458089
2022-04-28 13:00:00,0.0,0.0,98.72332968335158,40.83459746264813,2.1876301730549716,275.42883128444197,668.754809032783,46.49858778227447,177.2809512064093,98.14788007803267,177.2809512064093,0.0,64.36542985702431,100.0,83.93557967963162,30.163607964459583,53.77197171517203
2022-04-28 14:00:00,0.0,0.0,104.53234478075974,40.83459746264813,1.1037470172730686,281.2378463818501,573.1516848251905,41.210990150787204,155.16681593761152,126.07103044423857,155.16681593761152,0.0,55.17280761954566,100.0,89.0248915087828,40.017004363047576,49.007887145735225
2022-04-28 15:00:00,0.0,0.0,102.60990478982977,40.83459746264813,1.1041091210870915,282.20529881272233,437.1293247290816,36.460291397783806,120.55498439080554,161.6503144219168,120.55498439080554,0.0,42.71889468340866,100.0,93.82181421209563,53.82709536552394,39.99471884657169
2022-04-28 16:00:00,0.0,0.0,94.46176409006871,40.83459746264813,2.1871264606739085,257.00407090997334,274.21490624620066,30.26921582019377,77.43421019932893,179.5698607106444,77.43421019932893,0.0,30.1295656232829,100.0,90.33879274168622,63.238755027176076,27.100037714510144
2022-04-28 17:00:00,0.0,0.0,78.86615037188646,40.83459746264813,0.020000016,197.80198925013764,120.74764180884304,25.473363806526343,33.53346876843813,164.2685204816995,33.53346876843813,0.0,16.95304930732126,100.0,76.0653889474648,63.17059653459344,12.894792412871354
2022-04-28 18:00:00,0.0,0.0,62.808596602284055,40.83459746264813,1.1032537072366388,194.016487422711,12.187226318115222,20.980850822441102,0.3472985789468467,193.66918884376418,0.3472985789468339,0.0,0.17900467303593712,99.99999999999632,81.97174032335005,81.82536265478842,0.1463776685616267
2022-04-28 19:00:00,0.0,0.0,47.089827630964884,40.83459746264813,1.1032375909789074,159.07521376195547,0.0,21.7,0.0,159.07521376195547,0.0,0.0,0.0,0.0,68.22953967863072,68.22953967863072,0.0
2022-04-28 20:00:00,0.0,0.0,41.9678438872306,40.83459746264813,0.020000016,152.6688333863091,0.0,21.1,0.0,152.6688333863091,0.0,0.0,0.0,0.0,64.96495296120459,64.96495296120459,0.0
2022-04-28 21:00:00,0.0,0.0,0.0,0.0,1.102963634331081,47.675718305793986,0.0,20.6,0.0,47.675718305793986,0.0,0.0,0.0,0.0,20.731090661872443,20.731090661872443,0.0
2022-04-28 22:00:00,0.0,0.0,0.0,0.0,0.020000016,43.46825895116388,0.0,18.9,0.0,43.46825895116388,0.0,0.0,0.0,0.0,18.806665785668088,18.806665785668088,0.0
2022-04-28 23:00:00,0.0,0.0,0.0,0.0,0.020000016,38.10742263904787,0.0,17.8,0.0,38.10742263904787,0.0,0.0,0.0,0.0,16.53402934064251,16.53402934064251,0.0
2022-04-29 00:00:00,0.0,0.0,0.0,0.0,1.1028917057859517,38.10742263904787,0.0,17.2,0.0,38.10742263904787,0.0,0.0,0.0,0.0,16.9004878397069,16.9004878397069,0.0
2022-04-29 01:00:00,0.0,0.0,0.0,0.0,0.020000016,38.10742263904787,0.0,17.8,0.0,38.10742263904787,0.0,0.0,0.0,0.0,16.738285125987804,16.738285125987804,0.0
2022-04-29 02:00:00,0.0,0.0,0.0,0.0,1.1028304256115007,38.10742263904787,0.0,16.7,0.0,38.10742263904787,0.0,0.0,0.0,0.0,17.108352796682126,17.108352796682126,0.0
2022-04-29 03:00:00,0.0,0.0,0.0,0.0,0.020000016,38.10742263904787,0.0,16.7,0.0,38.10742263904787,0.0,0.0,0.0,0.0,16.838698184641693,16.838698184641693,0.0
2022-04-29 04:00:00,0.0,0.0,0.0,0.0,0.020000016,35.13925359784786,0.0,16.7,0.0,35.13925359784786,0.0,0.0,0.0,0.0,15.808534494403137,15.808534494403137,0.0
2022-04-29 05:00:00,0.0,0.0,2.9333289876088373,40.83459746264813,1.1030221667497555,73.63463050885096,25.940314394684098,18.01063482483388,1.590454749884105,72.04417575896686,1.5904547498841026,0.0,2.1599276575346273,99.99999999999984,31.867013313996445,31.182998487440038,0.6840148265564068
2022-04-29 06:00:00,0.0,0.0,15.122169665453525,40.83459746264813,0.020000016,90.96105771434401,132.44424113745393,23.038882535545433,38.420719021609905,52.5403386927341,38.420719021609905,0.0,42.23864584146232,100.0,38.54334635944211,22.264679813581104,16.278666545861007
2022-04-29 07:00:00,0.0,0.0,42.36560999893028,40.83459746264813,1.103126175888109,156.58281088102152,240.8310983701787,28.125971824068085,68.55713937419901,88.0256715068225,68.55713937419901,0.0,43.78331120028987,100.0,62.30405860453036,35.11224041454181,27.191818189988552
2022-04-29 08:00:00,0.0,0.0,51.94421958236862,40.83459746264813,1.1033527651653834,168.40911457030603,326.2545819272191,34.095455685225595,90.7992218265817,77.60989274372433,90.7992218265817,0.0,53.91585963637117,100.0,60.667635799898086,28.06526721084567,32.60236858905242
2022-04-29 09:00:00,0.0,0.0,56.8357139967157,40.83459746264813,1.1032998094152138,172.337311510719,395.38837187829347,39.05588662119667,107.94974273579186,64.38756877492713,107.94974273579186,0.0,62.638636862498366,100.0,59.8816456234139,22.49703046786815,37.38461515554575
2022-04-29 10:00:00,0.0,0.0,63.08739792445332,40.83459746264813,1.10340200279298,180.83668954430283,496.0108599252909,44.90033937266534,132.33281975384824,48.50386979045459,132.33281975384824,0.0,73.17808133256514,100.0,61.38837862864499,16.61092240853537,44.77745622010963
2022-04-29 11:00:00,0.0,0.0,66.95850975581513,40.83459746264813,1.103285770656921,183.42340474375254,653.5492459693385,52.62341393654184,168.98462754532787,14.438777198424674,168.98462754532787,0.0,92.1281707650144,100.0,63.49347845184542,5.18110810164141,58.312370350204006
2022-04-29 12:00:00,0.0,0.0,72.39504280322646,40.83459746264813,0.020000016,186.29114452733964,695.7439395001018,51.14199810937818,180.9929760541392,5.298168473200434,180.9929760541392,0.0,97.15597406057974,100.0,65.0275935527084,1.8529002258913712,63.17469332681703
2022-04-29 13:00:00,0.0,0.0,70.65903093078705,40.83459746264813,1.1031947766541552,145.45616691442538,662.5919453078048,45.705998290868905,176.20684498528797,0.0,145.45616691442538,30.75067807086259,100.0,82.54853375677315,50.69301173989533,0.19863067638713633,50.49438106350819
2022-04-29 14:00:00,0.0,0.0,74.91991911392302,40.83459746264813,1.1031201200718903,148.4326584656493,567.3867205135736,39.93083501604917,154.38008382068668,0.0,148.4326584656493,5.947425355037382,100.0,96.14754364173986,51.388588159487064,0.19861723443858306,51.18997092504848
2022-04-29 15:00:00,0.0,0.0,74.95011645556794,40.83459746264813,0.020000016,148.78395496527222,430.46068704603323,35.15189647018854,119.31601404307285,29.46794092219936,119.31601404307285,0.0,80.19414060536467,100.0,53.56731263821078,10.612354422564117,42.95495821564666
2022-04-29 16:00:00,0.0,0.0,67.03638606999964,40.83459746264813,1.1030158816183055,130.09598687236377,266.2285261201507,29.41964144125471,75.41999366419499,54.67599320816878,75.41999366419499,0.0,57.972575078883104,100.0,49.132252488498395,20.76415317161641,28.368099316881985
2022-04-29 17:00:00,0.0,0.0,14.170614184661845,14.755282955022675,0.020000016,49.22430553153238,113.61393624330067,24.65043550760315,29.778789272032,19.44551625950038,29.778789272032,0.0,60.49610847827226,100.0,18.857248394323,7.451525421295663,11.405722973027338
2022-04-29 18:00:00,0.0,0.0,12.232885457713675,19.87756188677337,1.1030488099808549,64.28153190113493,15.319857576947026,19.878745549279593,0.5509906447533517,63.73054125638157,0.5509906447533552,0.0,0.8571523242488674,100.00000000000064,25.453854056004555,25.237378096540635,0.21647595946392073
2022-04-29 19:00:00,0.0,0.0,3.6139063848892783,10.517949121111808,0.020000016,52.239278145048964,0.0,18.3,0.0,52.239278145048964,0.0,0.0,0.0,0.0,20.570727209650354,20.570727209650354,0.0
2022-04-29 20:00:00,0.0,0.0,0.5560754013213117,4.4316254935643515,1.1030044266563737,43.09512353393353,0.0,17.8,0.0,43.09512353393353,0.0,0.0,0.0,0.0,17.32826158167678,17.32826158167678,0.0
2022-04-29 21:00:00,0.0,0.0,0.26450530623617063,4.0436521874498075,0.020000016,42.415580132733844,0.0,18.3,0.0,42.415580132733844,0.0,0.0,0.0,0.0,16.56730920879702,16.56730920879702,0.0
2022-04-29 22:00:00,0.0,0.0,0.013950964065260184,4.0436521874498075,0.020000016,42.165025790562936,0.0,17.2,0.0,42.165025790562936,0.0,0.0,0.0,0.0,15.455396362372817,15.455396362372817,0.0
2022-04-29 23:00:00,0.0,0.0,0.0,0.0,1.1028292227502223,38.10742263904787,0.0,17.2,0.0,38.10742263904787,0.0,0.0,0.0,0.0,13.519967127300513,13.519967127300513,0.0
2022-04-30 00:00:00,0.0,0.0,0.0,0.0,0.020000016,38.10742263904787,0.0,16.7,0.0,38.10742263904787,0.0,0.0,0.0,0.0,12.00686753112362,12.00686753112362,0.0
2022-04-30 01:00:00,0.0,0.0,0.0,0.0,1.102846032864475,38.10742263904787,0.0,17.2,0.0,38.10742263904787,0.0,0.0,0.0,0.0,13.113935565749486,13.113935565749486,0.0
2022-04-30 02:00:00,0.0,0.0,0.0,0.0,0.020000016,38.10742263904787,0.0,17.2,0.0,38.10742263904787,0.0,0.0,0.0,0.0,13.066825491828734,13.066825491828734,0.0
2022-04-30 03:00:00,0.0,0.0,0.0,0.0,0.020000016,38.10742263904787,0.0,17.8,0.0,38.10742263904787,0.0,0.0,0.0,0.0,12.680797300495179,12.680797300495179,0.0
2022-04-30 04:00:00,0.0,0.0,0.0,0.0,1.1029643784306444,35.13925359784786,0.0,17.8,0.0,35.13925359784786,0.0,0.0,0.0,0.0,12.366258536418362,12.366258536418362,0.0
2022-04-30 05:00:00,0.0,0.0,0.0,1.7718308719216072,0.020000016,22.070239263769473,24.216813135869376,18.55677541049592,1.3834023834425948,20.68683688032688,1.3834023834425935,0.0,6.2681802716728505,99.9999999999999,7.715273663513137,7.231892119702542,0.4833815438105944
2022-04-30 06:00:00,0.0,0.0,0.025184903742513892,3.92027171317199,0.020000016,24.24386500876237,90.04607859147464,21.113939955983582,18.950125309031467,5.293739699730903,18.950125309031467,0.0,78.1646214503438,100.0,7.960801165014066,1.741085786710304,6.219715378303762
2022-04-30 07:00:00,0.0,0.0,1.461121990578752,4.261438499678305,1.102910263858591,26.02096888210492,105.89837186295325,22.709324120717287,26.057118807160958,0.0,26.02096888210492,0.03614992505603709,100.0,99.86126660693544,7.720200714801722,0.1985794497404737,7.521621265061248
2022-04-30 08:00:00,0.0,0.0,5.443159034536401,5.378535151524448,0.020000016,31.12010257790872,237.465874315126,27.42080857234769,67.77760160034784,0.0,31.12010257790872,36.65749902243911,100.0,45.91502479153676,9.522151186155176,0.0036010111631256747,9.51855017499205
2022-04-30 09:00:00,0.0,0.0,11.889411894490163,10.825568344764294,0.020000016,43.01338863110232,333.5080370756586,31.522126158614334,93.73244127914802,0.0,43.01338863110232,50.7190526480457,100.0,45.88954266431893,12.593619863486776,0.0036010111631256747,12.59001885232365
2022-04-30 10:00:00,0.0,0.0,20.636476462219576,21.96750277681099,1.1030257646249784,62.90238763087842,496.65704107934874,38.32053253372965,135.9874992574876,0.0,62.90238763087842,73.08511162660918,100.0,46.25600733474401,18.263222437475115,0.19860024570129245,18.06462219177382
2022-04-30 11:00:00,0.0,0.0,24.70664844669679,24.682021463149653,0.020000016,69.68707830169431,651.0222050795103,42.54444390873469,175.3233009425812,0.0,69.68707830169431,105.63622264088688,100.0,39.74775624634001,19.974523910862683,0.0036010111631256747,19.970922899699556
2022-04-30 12:00:00,0.0,0.0,33.70482587063223,26.478769795674882,1.1030902985006832,80.48200405815496,700.3160534825217,43.58487667132881,187.82193305903084,0.0,80.48200405815496,107.33992900087588,100.0,42.8501627830974,22.69091753918491,0.19861186505233763,22.49230567413257
2022-04-30 13:00:00,0.0,0.0,33.20923429435507,26.88153369543961,0.020000016,80.38917638164251,664.106709114467,42.45333465982709,178.91149407310814,0.0,80.38917638164251,98.52231769146563,100.0,44.9323710576098,21.671699613071045,0.0036010111631256747,21.668098601907918
2022-04-30 14:00:00,0.0,0.0,34.986973875333604,27.439508929168973,1.102950820025192,82.72489119635043,536.1468816923269,37.354590052885214,147.35190080044615,0.0,82.72489119635043,64.62700960409572,100.0,56.14104110430313,23.57540013061575,0.1985867518950652,23.376813378720687
2022-04-30 15:00:00,0.0,0.0,29.394380921200923,27.121718478813136,0.020000016,76.81450779186191,431.1703511609167,32.87407347377865,120.55927771276403,0.0,76.81450779186191,43.744769920902115,100.0,63.715136030322526,21.726743814701678,0.0036010111631256747,21.72314280353855
2022-04-30 16:00:00,0.0,0.0,26.681797553121143,27.679693712542495,0.020000016,74.6598996575115,285.4042102605944,27.818881570643576,81.33911533071073,0.0,74.6598996575115,6.679215673199224,100.0,91.78843334348709,22.28435486595429,0.0036010111631256747,22.28075385479116
2022-04-30 17:00:00,0.0,0.0,21.060146391102375,26.280342101335254,1.1028868832243446,67.6388968842855,111.51786941766362,21.28493341930199,29.046943950423785,38.59195293386172,29.04694395042378,0.0,42.944142037260576,99.99999999999999,22.838328610671216,13.115880766305121,9.722447844366094
2022-04-30 18:00:00,0.0,0.0,16.64621639663427,23.603378192818262,0.020000016,72.42067914610041,13.928189951926461,17.1352559359977,0.4599697025914227,71.96070944350899,0.45996970259142245,0.0,0.6351358590044238,99.99999999999994,29.092453100381547,28.907699369790166,0.18475373059138178
2022-04-30 19:00:00,0.0,0.0,6.334020769717855,21.229110295285395,0.020000016,65.67055370405112,0.0,16.1,0.0,65.67055370405112,0.0,0.0,0.0,0.0,27.420400477067428,27.420400477067428,0.0
2022-04-30 20:00:00,0.0,0.0,0.42205852953189105,11.650088233359865,1.1030316328369556,50.17956940193963,0.0,16.1,0.0,50.17956940193963,0.0,0.0,0.0,0.0,20.42774201312622,20.42774201312622,0.0
2022-04-30 21:00:00,0.0,0.0,0.042403047468883695,8.920827927728096,0.020000016,47.07065361424484,0.0,15.5,0.0,47.07065361424484,0.0,0.0,0.0,0.0,19.133585346528374,19.133585346528374,0.0
2022-04-30 22:00:00,0.0,0.0,0.0,7.045961979618844,0.020000016,45.15338461866671,0.0,14.8,0.0,45.15338461866671,0.0,0.0,0.0,0.0,18.569543931743414,18.569543931743414,0.0
2022-04-30 23:00:00,0.0,0.0,0.0,8.046731910341858,1.1029102227012533,51.51499086150574,0.0,14.2,0.0,51.51499086150574,0.0,0.0,0.0,0.0,21.397255756794,21.397255756794,0.0
2022-05-01 00:00:00,0.0,0.0,0.0,3.602771750602846,0.020000016,47.07103070176673,0.0,13.6,0.0,47.07103070176673,0.0,0.0,0.0,0.0,18.91062191314177,18.91062191314177,0.0
2022-05-01 01:00:00,0.0,0.0,0.0,3.602771750602846,1.1029385783761867,47.07103070176673,0.0,13.0,0.0,47.07103070176673,0.0,0.0,0.0,0.0,18.20866695973757,18.20866695973757,0.0
2022-05-01 02:00:00,0.0,0.0,0.0,2.4018478337352307,0.020000016,45.87010678489911,0.0,12.3,0.0,45.87010678489911,0.0,0.0,0.0,0.0,17.40373796841283,17.40373796841283,0.0
2022-05-01 03:00:00,0.0,0.0,0.0,2.4018478337352307,0.020000016,45.87010678489911,0.0,11.7,0.0,45.87010678489911,0.0,0.0,0.0,0.0,17.33585021037118,17.33585021037118,0.0
2022-05-01 04:00:00,0.0,0.0,0.0,3.602771750602846,1.1030008542127971,48.31032101519683,0.0,10.6,0.0,48.31032101519683,0.0,0.0,0.0,0.0,18.196847406387917,18.196847406387917,0.0
2022-05-01 05:00:00,0.0,0.0,0.3704867377235286,40.83459746264813,0.020000016,71.07178825896567,26.05373523708386,12.51417922615887,1.6361991354674434,69.43558912349822,1.63619913546745,0.0,2.302178087183622,100.0000000000004,26.919908660598605,26.30024732401437,0.6196613365842332
2022-05-01 06:00:00,0.0,0.0,0.08441263137269259,40.83459746264813,1.1033409466415687,98.85402210036597,139.87435522259955,18.271073600706238,41.286761543788785,57.56726055657718,41.286761543788785,0.0,41.76538360965278,100.0,34.911246854897406,20.413400538795976,14.49784631610143
2022-05-01 07:00:00,0.0,0.0,24.705290553620323,40.83459746264813,1.103841780561531,211.68596521000737,261.4750804897625,23.77109626530508,75.64722998130821,136.03873522869915,75.64722998130821,0.0,35.735590645445406,100.0,65.51656859490846,42.174859311876006,23.341709283032458
2022-05-01 08:00:00,0.0,0.0,61.216752916217764,40.83459746264813,2.1879029621494066,239.8488494651763,127.26091522360478,21.77690360073765,37.088225209386344,202.76062425578996,37.08822520938634,0.0,15.463165777983514,99.99999999999997,71.43476355747109,60.44960213270295,10.985161424768137
2022-05-01 09:00:00,0.0,0.0,73.27298413537181,40.83459746264813,1.1040126852243222,249.9784857364622,166.11279555234447,22.991024861010764,48.196093396468406,201.7823923399938,48.1960933964684,0.0,19.280096546899937,99.99999999999999,73.22374308692793,59.1444593034846,14.079283783443323
2022-05-01 10:00:00,0.0,0.0,79.64054177506763,40.83459746264813,2.1884583695051423,258.2726383240261,184.47628233135254,24.064883822854767,53.312992510524744,204.95964581350137,53.31299251052474,0.0,20.642137261028335,99.99999999999999,74.70036224471885,59.36194773447833,15.338414510240518
2022-05-01 11:00:00,0.0,0.0,81.19669961947727,40.83459746264813,2.1890039426224384,259.2844472259903,195.80143853091656,23.918794954091144,56.61640341885864,202.66804380713165,56.616403418858624,0.0,21.83563419425316,99.99999999999997,76.3916989705445,59.79714804645995,16.594550924084544
2022-05-01 12:00:00,0.0,0.0,90.90160911360238,40.83459746264813,2.1887396221526765,271.139201452451,194.03136145142997,23.263480045357188,56.24007464911149,214.89912680333953,56.24007464911148,0.0,20.742140696676113,99.99999999999997,80.46284536027663,63.854870116020756,16.607975244255876
2022-05-01 13:00:00,0.0,0.0,98.00217225012042,40.83459746264813,1.1037624371499408,274.7076738512108,183.2788735593753,22.92746479873048,53.18908578796274,221.51858806324807,53.18908578796274,0.0,19.362067699925777,100.0,79.54117678397044,64.17883908126211,15.36233770270833
2022-05-01 14:00:00,0.0,0.0,102.77773695024777,40.83459746264813,1.1037242945804144,279.48323855133816,157.144621064063,21.61076940825197,45.82518874131088,233.65804981002728,45.82518874131088,0.0,16.396399647735322,100.0,80.61443824468557,67.4291566881482,13.185281556537376
2022-05-01 15:00:00,0.0,0.0,102.79989076702626,40.83459746264813,2.1881423907474646,282.39528478991883,121.32550956796919,19.89142217399904,34.555646759437,247.83963803048184,34.555646759436996,0.0,12.236623138075354,99.99999999999997,85.22834344733825,74.84748160433578,10.380861843002464
2022-05-01 16:00:00,0.0,0.0,94.23958794391064,40.83459746264813,1.103482656423378,256.7818947638152,84.73241727070344,16.647888039709482,17.052945044147283,239.72894971966792,17.052945044147293,0.0,6.6410231374888715,100.00000000000007,79.48009251758675,74.21499573520627,5.265096782380482
2022-05-01 17:00:00,0.0,0.0,78.14881346247576,40.83459746264813,1.1033905357126261,197.08465234072693,37.51587856757801,15.572371205236813,3.3558585420653184,193.72879379866163,3.355858542065306,0.0,1.702749809388292,99.99999999999963,67.4419784550193,66.29699307905203,1.1449853759672664
2022-05-01 18:00:00,0.0,0.0,61.22061028628235,40.83459746264813,0.020000016,189.46033206550933,0.7491927710082975,13.32341227409401,0.001349082828202752,189.45898298268114,0.0013490828281987888,0.0,0.0007120661161579295,99.99999999970623,73.0310860058137,73.03056600183757,0.0005200039761348307
2022-05-01 19:00:00,0.0,0.0,44.55224736610458,40.83459746264813,1.1032239572935965,156.53763349709521,0.0,13.3,0.0,156.53763349709521,0.0,0.0,0.0,0.0,62.81212395287647,62.81212395287647,0.0
2022-05-01 20:00:00,0.0,0.0,30.702288052808697,40.83459746264813,0.020000016,141.4032775518872,0.0,13.0,0.0,141.4032775518872,0.0,0.0,0.0,0.0,56.48784724565223,56.48784724565223,0.0
2022-05-01 21:00:00,0.0,0.0,0.0,0.0,1.1029011790198038,47.675718305793986,0.0,13.3,0.0,47.675718305793986,0.0,0.0,0.0,0.0,18.800212825383127,18.800212825383127,0.0
2022-05-01 22:00:00,0.0,0.0,0.0,0.0,0.020000016,43.46825895116388,0.0,13.0,0.0,43.46825895116388,0.0,0.0,0.0,0.0,16.222477791021394,16.222477791021394,0.0
2022-05-01 23:00:00,0.0,0.0,0.0,0.0,1.1029412065031898,43.46825895116388,0.0,12.8,0.0,43.46825895116388,0.0,0.0,0.0,0.0,16.24424078891433,16.24424078891433,0.0
2022-05-02 00:00:00,0.0,0.0,0.0,0.0,0.020000016,43.46825895116388,0.0,12.8,0.0,43.46825895116388,0.0,0.0,0.0,0.0,16.096854522652528,16.096854522652528,0.0
2022-05-02 01:00:00,0.0,0.0,0.0,0.0,0.020000016,43.46825895116388,0.0,12.2,0.0,43.46825895116388,0.0,0.0,0.0,0.0,15.486994849567699,15.486994849567699,0.0
2022-05-02 02:00:00,0.0,0.0,0.0,0.0,1.1028999239115653,43.46825895116388,0.0,12.2,0.0,43.46825895116388,0.0,0.0,0.0,0.0,15.618073085775091,15.618073085775091,0.0
2022-05-02 03:00:00,0.0,0.0,0.0,0.0,0.020000016,43.46825895116388,0.0,13.3,0.0,43.46825895116388,0.0,0.0,0.0,0.0,15.270957602580417,15.270957602580417,0.0
2022-05-02 04:00:00,0.0,0.0,0.0,0.0,1.103029085375618,44.707549264593986,0.0,13.3,0.0,44.707549264593986,0.0,0.0,0.0,0.0,16.1507014967036,16.1507014967036,0.0
2022-05-02 05:00:00,0.0,0.0,0.37819934908902253,40.83459746264813,0.020000016,71.07950087033116,6.7479089519531,14.110872154748535,0.10913780928979862,70.97036306104135,0.10913780928980543,0.0,0.15354329722841364,100.00000000000624,26.261079427672158,26.220762829542412,0.04031659812974553
2022-05-02 06:00:00,0.0,0.0,6.234160787885326,40.83459746264813,1.1033241255882407,105.00377025687861,47.248003571484396,15.376500111608888,5.326529735403452,99.67724052147516,5.326529735403454,0.0,5.072703315674061,100.00000000000004,35.902035928460144,34.09090928782826,1.8111266406318833
2022-05-02 07:00:00,0.0,0.0,51.103368658371046,40.83459746264813,1.1038691004935317,238.0840433147582,64.46643142499974,16.41457598203124,9.879409258898102,228.20463405586008,9.879409258898107,0.0,4.149546992461426,100.00000000000004,75.57020810104325,72.44263411490758,3.1275739861356726
2022-05-02 08:00:00,0.0,0.0,70.65615597007147,40.83459746264813,1.1039715904797467,249.28825251903,122.05510979062528,18.81422218095704,35.109304451410964,214.17894806761905,35.109304451410964,0.0,14.083818269266743,100.0,78.98258342688978,67.8868143945881,11.095769032301675
2022-05-02 09:00:00,0.0,0.0,80.71003189921385,40.83459746264813,2.1879268916126264,257.41553350030426,169.85422946249975,20.307944670703115,49.76726446078455,207.6482690395197,49.76726446078456,0.0,19.33343484911556,100.00000000000003,81.795164224024,66.05751101991241,15.737653204111595
2022-05-02 10:00:00,0.0,0.0,91.59685357431574,40.83459746264813,1.1042561888182634,270.2289501232742,289.2273774960423,24.63835554675132,83.40894379013731,186.82000633313692,83.4089437901373,0.0,30.866028140984692,99.99999999999997,85.19528461111088,58.96025247608004,26.235032135030835
2022-05-02 11:00:00,0.0,0.0,96.13793384031057,40.83459746264813,2.1890002964634716,274.22568144682344,425.5518980054985,29.998496812671828,120.29228776051569,153.93339368630774,120.2922877605157,0.0,43.86616422132666,100.00000000000003,87.10154862654929,49.06633015955183,38.035218466997456
2022-05-02 12:00:00,0.0,0.0,104.28844116512623,40.83459746264813,2.188782654740145,284.5260335039749,345.4711564300739,27.99597363843981,98.39277309983109,186.13326040414378,98.39277309983109,0.0,34.581290115393436,100.0,91.62025071560772,60.07306784047437,31.547182875133352
2022-05-02 13:00:00,0.0,0.0,116.22841228219163,40.83459746264813,2.187500124458696,292.93391388328206,346.4429452171277,27.526342038035242,98.84291953676588,194.0909943465162,98.84291953676586,0.0,33.74239541828854,99.99999999999999,95.43480399314892,63.36571296404293,32.06909102910599
2022-05-02 14:00:00,0.0,0.0,120.00817474830218,40.83459746264813,1.1037304090167155,296.71367634939253,304.4260114352698,25.513312857352183,87.50817447202823,209.2055018773643,87.50817447202823,0.0,29.492464098278965,100.0,100.22980882488652,70.72817796513165,29.50163085975487
2022-05-02 15:00:00,0.0,0.0,116.04675372960693,40.83459746264813,1.104044334272888,295.6421477524995,203.70397493072844,22.465749216585266,59.21684688255097,236.42530086994856,59.21684688255095,0.0,20.029906876513788,99.99999999999997,101.41482934413393,81.14134964542379,20.273479698710148
2022-05-02 16:00:00,0.0,0.0,104.66395149047445,40.83459746264813,1.1034790074234677,267.2062583103791,143.34695571203864,18.87959236600121,42.21881866933208,224.98743964104702,42.21881866933208,0.0,15.800086022046653,100.0,91.5030603169114,77.07688997760063,14.426170339310772
2022-05-02 17:00:00,0.0,0.0,86.77730713764508,40.83459746264813,1.1033278909741064,205.71314601589623,73.05276805664049,16.182899001770014,12.696901104923736,193.0162449109725,12.69690110492374,0.0,6.172138898669413,100.00000000000003,74.53001425932942,69.94217949858181,4.5878347607476115
2022-05-02 18:00:00,0.0,0.0,71.06300952593772,40.83459746264813,1.1032159585846806,199.3027313051647,1.4989523218505882,13.346842260057832,0.005399965742907953,199.29733133942182,0.005399965742896029,0.0,0.0027094288711115595,99.99999999977919,76.30537198004922,76.30330992213081,0.0020620579184083
2022-05-02 19:00:00,0.0,0.0,52.4656727350198,40.83459746264813,1.103239838197694,164.4510588660104,0.0,13.9,0.0,164.4510588660104,0.0,0.0,0.0,0.0,63.063345062446515,63.063345062446515,0.0
2022-05-02 20:00:00,0.0,0.0,43.49071596884655,40.83459746264813,0.020000016,154.19170546792506,0.0,13.9,0.0,154.19170546792506,0.0,0.0,0.0,0.0,58.10766138264134,58.10766138264134,0.0
2022-05-02 21:00:00,0.0,0.0,0.8137723419038897,2.6957681249665386,0.020000016,51.185258772664405,0.0,13.3,0.0,51.185258772664405,0.0,0.0,0.0,0.0,18.807273600182985,18.807273600182985,0.0
2022-05-02 22:00:00,0.0,0.0,0.5147420099824314,5.3915362499330755,1.1028872121906395,49.374537211079385,0.0,13.9,0.0,49.374537211079385,0.0,0.0,0.0,0.0,18.11610110780671,18.11610110780671,0.0
2022-05-02 23:00:00,0.0,0.0,0.0,7.646423938052653,0.020000016,51.11468288921654,0.0,13.9,0.0,51.11468288921654,0.0,0.0,0.0,0.0,18.672216642791682,18.672216642791682,0.0
2022-05-03 00:00:00,0.0,0.0,0.0,0.0,1.1028545038491682,43.46825895116388,0.0,13.9,0.0,43.46825895116388,0.0,0.0,0.0,0.0,15.950597088850452,15.950597088850452,0.0
2022-05-03 01:00:00,0.0,0.0,0.0,3.602771750602846,0.020000016,47.07103070176673,0.0,14.4,0.0,47.07103070176673,0.0,0.0,0.0,0.0,17.420823791430852,17.420823791430852,0.0
2022-05-03 02:00:00,0.0,0.0,0.0,0.0,0.020000016,43.46825895116388,0.0,13.9,0.0,43.46825895116388,0.0,0.0,0.0,0.0,16.572397275578265,16.572397275578265,0.0
2022-05-03 03:00:00,0.0,0.0,0.0,0.0,1.1028248466646908,43.46825895116388,0.0,14.4,0.0,43.46825895116388,0.0,0.0,0.0,0.0,16.95536055471826,16.95536055471826,0.0
2022-05-03 04:00:00,0.0,0.0,0.0,3.602771750602846,0.020000016,48.31032101519683,0.0,13.9,0.0,48.31032101519683,0.0,0.0,0.0,0.0,18.397755737699317,18.397755737699317,0.0
2022-05-03 05:00:00,0.0,0.0,2.974382868998749,40.83459746264813,1.1028222804975811,73.67568439024087,13.511103784277351,14.822221993258667,0.4364337027475459,73.23925068749332,0.43643370274755,0.0,0.5923714266919796,100.00000000000094,28.515076146845068,28.347337217531074,0.1677389293139946
2022-05-03 06:00:00,0.0,0.0,24.761672036664443,40.83459746264813,0.020000016,123.53128150565773,116.43743738025347,18.63866991813292,31.972107562282776,91.55917394337496,31.972107562282773,0.0,25.881790565589213,99.99999999999999,44.43286171748798,32.93377351163736,11.499088205850619
2022-05-03 07:00:00,0.0,0.0,66.63376795738317,40.83459746264813,2.1875414474218697,253.61444261377022,163.0830537356385,21.196345429238704,47.62892351975991,205.98551909401033,47.628923519759894,0.0,18.780051730844857,99.99999999999997,83.29155252845412,67.72332444216781,15.568228086286311
2022-05-03 08:00:00,0.0,0.0,82.54590375306323,40.83459746264813,1.1039043730929903,261.17800030202176,279.03060123145923,24.3197062884831,80.5630882912738,180.61491201074796,80.5630882912738,0.0,30.84604683323711,100.0,82.92950181518822,57.410337968044324,25.519163847143894
2022-05-03 09:00:00,0.0,0.0,96.37091431829354,40.83459746264813,1.1039952959881827,273.0764159193839,314.54748524159095,27.029608913799716,89.90938777999979,183.16702813938412,89.9093877799998,0.0,32.92462568665847,100.00000000000003,86.63155659494853,58.173886721761896,28.45766987318664
2022-05-03 10:00:00,0.0,0.0,102.62791735615552,40.83459746264813,2.1883004512427453,281.260013905114,471.4375731111946,31.43242415972483,132.54260351080018,148.71741039431384,132.54260351080018,0.0,47.12458115554058,100.0,90.68128146613705,48.13378031313507,42.54750115300198
2022-05-03 11:00:00,0.0,0.0,105.77473847920422,40.83459746264813,2.189017878565607,283.86248608571714,597.9418772837417,35.88568366511693,165.2712637295995,118.59122235611764,165.2712637295995,0.0,58.22229841237036,100.0,93.38464539236305,39.243432107183544,54.14121328517951
2022-05-03 12:00:00,0.0,0.0,116.7327351128897,40.83459746264813,2.1886774787350554,296.9703274517384,631.9113701365069,38.04723031676584,173.20492954036132,123.76539791137708,173.20492954036132,0.0,58.32398510201643,100.0,98.00970377143616,41.0763774068717,56.933326364564465
2022-05-03 13:00:00,0.0,0.0,122.82025237798203,40.83459746264813,1.1037353439304691,299.52575397907236,618.7075833157143,37.13461197861607,170.1874974079266,129.33825657114576,170.1874974079266,0.0,56.818986396681424,100.0,97.54010516263793,42.231721317522904,55.308383845115024
2022-05-03 14:00:00,0.0,0.0,124.67707120394547,40.83459746264813,1.1037239459604753,301.3825728050358,534.3303271359067,34.497822722997086,148.4792411506769,152.9033316543589,148.4792411506769,0.0,49.26603412027013,100.0,95.33013505944943,48.46266259023827,46.867472469211165
2022-05-03 15:00:00,0.0,0.0,126.86973592600614,40.83459746264813,2.188067679040043,306.4651299488988,408.99978348895996,29.98124323403,115.62096156287924,190.84416838601953,115.62096156287924,0.0,37.72728126758119,100.0,94.92006717316323,59.25793778870875,35.66212938445448
2022-05-03 16:00:00,0.0,0.0,119.45516567271433,40.83459746264813,1.103521468372506,281.997472492619,262.1657820749732,24.892680689842912,75.53372637404904,206.46374611857,75.53372637404902,0.0,26.785249423122416,99.99999999999997,86.56323542295581,63.43027638363956,23.132959039316255
2022-05-03 17:00:00,0.0,0.0,97.18007151059768,40.83459746264813,1.1033428973090462,216.11591038884885,136.56495590586135,19.867654872058168,40.07758472766668,176.03832566118217,40.077584727666675,0.0,18.54448599159435,99.99999999999997,71.08683711221869,57.94098854569675,13.145848566521941
2022-05-03 18:00:00,0.0,0.0,78.3448853619904,40.83459746264813,0.020000016,206.5846071412174,6.460898664936109,14.601903083279254,0.09987654852485618,206.48473059269253,0.09987654852486116,0.0,0.04834655878140399,100.000000000005,74.96385863538957,74.92761793037458,0.03624070501498977
2022-05-03 19:00:00,0.0,0.0,60.693278363856415,40.83459746264813,1.103272379476722,172.678664494847,0.0,14.4,0.0,172.678664494847,0.0,0.0,0.0,0.0,64.90047684170418,64.90047684170418,0.0
2022-05-03 20:00:00,0.0,0.0,49.699370675312615,40.83459746264813,1.1029594362330466,160.40036017439112,0.0,13.9,0.0,160.40036017439112,0.0,0.0,0.0,0.0,59.3430131103501,59.3430131103501,0.0
2022-05-03 21:00:00,0.0,0.0,1.026591118361283,4.308982730804596,0.020000016,53.01129215495986,0.0,13.9,0.0,53.01129215495986,0.0,0.0,0.0,0.0,18.62275715474968,18.62275715474968,0.0
2022-05-03 22:00:00,0.0,0.0,1.0243158892963489,10.34219206301919,0.020000016,54.83476690347943,0.0,13.3,0.0,54.83476690347943,0.0,0.0,0.0,0.0,19.6602199030534,19.6602199030534,0.0
2022-05-03 23:00:00,0.0,0.0,0.3604541380543939,10.19523191740354,1.1029535551360439,54.023945006621815,0.0,12.8,0.0,54.023945006621815,0.0,0.0,0.0,0.0,19.468928428214905,19.468928428214905,0.0
2022-05-04 00:00:00,0.0,0.0,0.048008248912088596,7.646423938052653,0.020000016,51.16269113812863,0.0,12.8,0.0,51.16269113812863,0.0,0.0,0.0,0.0,17.854263949256204,17.854263949256204,0.0
2022-05-04 01:00:00,0.0,0.0,0.0,7.045961979618845,1.1029143294929833,50.514220930782734,0.0,12.2,0.0,50.514220930782734,0.0,0.0,0.0,0.0,18.559994347889848,18.559994347889848,0.0
2022-05-04 02:00:00,0.0,0.0,0.03254194711936681,2.4018478337352307,0.020000016,45.90264873201848,0.0,12.8,0.0,45.90264873201848,0.0,0.0,0.0,0.0,17.148240312572028,17.148240312572028,0.0
2022-05-04 03:00:00,0.0,0.0,0.0,3.602771750602846,0.020000016,47.07103070176672,0.0,12.8,0.0,47.07103070176672,0.0,0.0,0.0,0.0,17.763030184632694,17.763030184632694,0.0
2022-05-04 04:00:00,0.0,0.0,0.0,3.602771750602846,1.1030703267665827,45.34215197399683,0.0,12.8,0.0,45.34215197399683,0.0,0.0,0.0,0.0,17.258139527829908,17.258139527829908,0.0
2022-05-04 05:00:00,0.0,0.0,7.86695341245112,40.83459746264813,0.020000016,78.56825493369324,25.4327503431367,14.094773448223023,1.5504163021479722,77.01783863154527,1.5504163021479656,0.0,1.9733368183580267,99.99999999999957,28.622480712035557,28.05773382189665,0.5647468901389061
2022-05-04 06:00:00,0.0,0.0,31.52213879517101,40.83459746264813,1.1032930859572834,130.2917482641643,133.52598439116258,18.57268701222383,39.36999559040335,90.92175267376096,39.36999559040335,0.0,30.216798926192435,100.0,41.87311551805215,29.280425578483687,12.592689939568466
2022-05-04 07:00:00,0.0,0.0,70.8455460593063,40.83459746264813,1.1037746509234698,257.8262207156934,172.84077378917087,21.50127418091159,50.422535123675395,207.403685592018,50.4225351236754,0.0,19.55679099810281,100.00000000000003,73.35950347327463,59.05160490658049,14.307898566694135
2022-05-04 08:00:00,0.0,0.0,83.10777337020743,40.83459746264813,2.187861694019476,261.7398699191659,192.13873159187438,22.704335362246074,55.805976037730964,205.93389388143495,55.80597603773097,0.0,21.3211598427728,100.00000000000003,72.94167384888145,57.47365244062337,15.468021408258082
2022-05-04 09:00:00,0.0,0.0,94.76247556058054,40.83459746264813,1.1039526841852494,271.46797716167094,436.72828383834536,30.847758869948294,123.0563294106409,148.41164775103005,123.0563294106409,0.0,45.32996145521633,100.0,75.57320833677574,41.40600319426422,34.16720514251151
2022-05-04 10:00:00,0.0,0.0,105.61267459095933,40.83459746264813,2.188241358887486,284.2447711399178,522.6139233384284,35.23168510432589,144.8148111229177,139.42996001700013,144.8148111229177,0.0,50.94722078515683,100.0,79.7551338651184,39.322838599599784,40.43229526551861
2022-05-04 11:00:00,0.0,0.0,107.33371978030404,40.83459746264813,1.1043925695793777,285.42146738681697,648.3539274311355,38.561060232222985,177.35678518546808,108.06468220134889,177.35678518546808,0.0,62.13855839550625,100.0,80.36945520644544,30.55259459962523,49.81686060682021
2022-05-04 12:00:00,0.0,0.0,114.77220659841726,40.83459746264813,2.1887729083792147,295.0097989372658,690.6922438058456,39.884132618932675,187.9646199753169,107.04517896194892,187.9646199753169,0.0,63.71470393608444,100.0,82.01887568751685,30.011884809646293,52.006990877870564
2022-05-04 13:00:00,0.0,0.0,120.90240916576897,40.83459746264813,2.18754454830865,297.60791076685933,653.3718077150148,37.61786899109421,179.386103862084,118.22180690477532,179.386103862084,0.0,60.27598641442427,100.0,80.63788928188833,32.270014097554636,48.3678751843337
2022-05-04 14:00:00,0.0,0.0,123.67540966237429,40.83459746264813,1.103715602404751,300.38091126346467,565.9309610167903,34.3853425317747,157.3282293461044,143.05268191736027,157.3282293461044,0.0,52.37624078186231,100.0,81.84676184635786,39.082589186646494,42.76417265971137
2022-05-04 15:00:00,0.0,0.0,126.67745593431313,40.83459746264813,1.1040297011068927,306.2728499572057,436.5117071630347,30.840990848844832,122.99845302181699,183.27439693538872,122.998453021817,0.0,40.159763765871865,100.00000000000003,85.85564031666209,51.45604796778544,34.39959234887665
2022-05-04 16:00:00,0.0,0.0,118.20936800798593,40.83459746264813,1.1034667454932394,280.7516748278906,274.5349444916298,25.27921701536343,78.98438062907087,201.76729419881974,78.98438062907087,0.0,28.13318234966567,100.0,81.1744814567236,58.39341147378382,22.781069982939776
2022-05-04 17:00:00,0.0,0.0,98.10112591447887,40.83459746264813,1.1033278681641314,217.03696479273006,134.2034529074991,19.793857903359346,39.395110238373675,177.64185455435637,39.39511023837369,0.0,18.15133669787354,100.00000000000004,67.9467431996193,55.64955953871096,12.297183660908345
2022-05-04 18:00:00,0.0,0.0,78.29755403787787,40.83459746264813,1.1032566493907978,206.53727581710484,7.720562508170654,14.141267578380333,0.14285246466863985,206.3944233524362,0.14285246466863555,0.0,0.06916546376603507,99.99999999999699,74.78028480053464,74.72870006128048,0.05158473925416729
2022-05-04 19:00:00,0.0,0.0,57.95200789224625,40.83459746264813,1.1033021617618644,169.9373940232369,0.0,13.9,0.0,169.9373940232369,0.0,0.0,0.0,0.0,63.61843577362214,63.61843577362214,0.0
2022-05-04 20:00:00,0.0,0.0,48.662507853113226,40.83459746264813,0.020000016,159.36349735219173,0.0,13.9,0.0,159.36349735219173,0.0,0.0,0.0,0.0,58.23342930868046,58.23342930868046,0.0
2022-05-04 21:00:00,0.0,0.0,4.135192330401075,9.283163159360987,0.020000016,61.09407379555604,0.0,14.4,0.0,61.09407379555604,0.0,0.0,0.0,0.0,21.5850825794433,21.5850825794433,0.0
2022-05-04 22:00:00,0.0,0.0,6.449843317554373,14.137852238494041,1.1028559007912628,64.05595450721229,0.0,13.9,0.0,64.05595450721229,0.0,0.0,0.0,0.0,22.80936076337602,22.80936076337602,0.0
2022-05-04 23:00:00,0.0,0.0,3.7854553267630275,12.572060253525656,0.020000016,59.82577453145257,0.0,13.3,0.0,59.82577453145257,0.0,0.0,0.0,0.0,20.569309264095264,20.569309264095264,0.0
2022-05-05 00:00:00,0.0,0.0,0.4151902802641793,7.646423938052653,1.1029454247411439,51.52987316948071,0.0,12.2,0.0,51.52987316948071,0.0,0.0,0.0,0.0,17.925635098870842,17.925635098870842,0.0
2022-05-05 01:00:00,0.0,0.0,0.0,7.646423938052653,0.020000016,51.11468288921654,0.0,13.3,0.0,51.11468288921654,0.0,0.0,0.0,0.0,17.952266334297068,17.952266334297068,0.0
2022-05-05 02:00:00,0.0,0.0,0.0,3.602771750602846,0.020000016,47.07103070176673,0.0,13.3,0.0,47.07103070176673,0.0,0.0,0.0,0.0,16.317243476627933,16.317243476627933,0.0
2022-05-05 03:00:00,0.0,0.0,0.0,3.602771750602846,1.1029574823392267,47.07103070176673,0.0,11.7,0.0,47.07103070176673,0.0,0.0,0.0,0.0,16.836785173600948,16.836785173600948,0.0
2022-05-05 04:00:00,0.0,0.0,0.0,3.602771750602846,0.020000016,45.34215197399683,0.0,11.1,0.0,45.34215197399683,0.0,0.0,0.0,0.0,16.400910140279468,16.400910140279468,0.0
2022-05-05 05:00:00,0.0,0.0,29.87094056650932,40.83459746264813,1.1029693900238735,100.57224208775145,33.628976635933114,13.85090551987291,2.713097993402091,97.85914409434936,2.713097993402087,0.0,2.6976608426755075,99.99999999999986,36.82850924742141,35.84035826175447,0.988150985666941
2022-05-05 06:00:00,0.0,0.0,46.826849945640745,40.83459746264813,0.020000016,145.59645941463404,143.8090959108139,18.894034247212936,42.35271596488095,103.24374344975308,42.35271596488096,0.0,29.089111187977174,100.00000000000003,47.548124833011876,33.717845434679994,13.830279398331882
2022-05-05 07:00:00,0.0,0.0,73.880651181875,40.83459746264813,2.187487991141492,260.861325838262,259.76007718173776,24.21750241192931,75.02749782539425,185.83382801286777,75.02749782539425,0.0,28.761449242925508,100.0,76.28363503154588,54.4566353641822,21.826999667363687
2022-05-05 08:00:00,0.0,0.0,84.71587300036626,40.83459746264813,1.1039487973066282,263.3479695493248,344.82390803773836,29.075747126179326,97.81167523522011,165.53629431410468,97.8116752352201,0.0,37.14160978822359,99.99999999999999,73.33313106166084,46.169850732087866,27.16328032957297
2022-05-05 09:00:00,0.0,0.0,101.54533694747748,40.83459746264813,1.103966377654843,278.25083854856786,411.4183535582187,32.256823548694335,115.30704069829247,162.9437978502754,115.30704069829247,0.0,41.439961618719785,100.0,76.83044179393517,45.07430625042193,31.75613554351324
2022-05-05 10:00:00,0.0,0.0,112.97230017515695,40.83459746264813,2.188404639440554,291.6043967241155,536.512046528199,36.766001454006215,147.78876122089667,143.8156355032188,147.78876122089667,0.0,50.68125271126087,100.0,80.34028456746803,39.822517791147,40.51776677632103
2022-05-05 11:00:00,0.0,0.0,113.05674389448566,40.83459746264813,2.188909712405753,291.1444915009986,674.7834491458851,39.98698278580891,183.56125472088252,107.58323678011607,183.56125472088252,0.0,63.048163396302115,100.0,79.7906726549609,29.732600686302636,50.05807196865827
2022-05-05 12:00:00,0.0,0.0,122.62224178683117,40.83459746264813,2.1887243017869507,302.85983412567975,707.3004634651397,41.003139483285615,191.64097726947838,111.21885685620137,191.64097726947838,0.0,63.27711887669854,100.0,81.80128983073448,30.289153345585035,51.51213648514944
2022-05-05 13:00:00,0.0,0.0,128.3060095618189,40.83459746264813,1.103738638173967,305.0115111629093,658.4088757142407,39.975277366070024,179.11509414856107,125.89641701434823,179.11509414856107,0.0,58.72404404202769,100.0,80.21087326468917,33.224506192167894,46.986367072521276
2022-05-05 14:00:00,0.0,0.0,130.3864538147726,40.83459746264813,1.1037110608685499,307.091955415863,518.6855155956985,36.20892236236558,143.1861306044988,163.90582481136423,143.1861306044988,0.0,46.62646744054124,100.0,79.67719261475324,42.61919015300292,37.05800246175032
2022-05-05 15:00:00,0.0,0.0,131.69393218098566,40.83459746264813,2.1880774710930977,311.2893262038782,442.2909010288555,32.72159065715174,123.74055378981598,187.54877241406223,123.74055378981598,0.0,39.75097871128816,100.0,83.1580138592442,50.25849412037689,32.89951973886732
2022-05-05 16:00:00,0.0,0.0,121.13703691707866,40.83459746264813,1.103462694158756,283.6793437369833,279.9873908624495,26.549605964451548,80.17403655694991,203.50530718003338,80.17403655694991,0.0,28.262204607778646,100.0,81.58911942662266,58.58638659806815,23.002732828554507
2022-05-05 17:00:00,0.0,0.0,99.25253212687768,40.83459746264813,0.020000016,218.18837100512886,143.47760593493123,21.1836751854666,41.90502740601908,176.28334359910977,41.90502740601909,0.0,19.205894068952944,100.00000000000003,69.9318829764519,56.501531217959815,13.430351758492087
2022-05-05 18:00:00,0.0,0.0,81.0499751448155,40.83459746264813,1.1031053954399443,209.28969692404246,8.388045382929727,16.362126418216555,0.16728882750754723,209.1224080965349,0.16728882750754792,0.0,0.07993170708649938,100.00000000000043,77.03514101498621,76.97372426774336,0.06141674724284485
2022-05-05 19:00:00,0.0,0.0,63.79226223726166,40.83459746264813,1.103263957967027,175.77764836825227,0.0,15.6,0.0,175.77764836825227,0.0,0.0,0.0,0.0,66.66456642175655,66.66456642175655,0.0
2022-05-05 20:00:00,0.0,0.0,58.25812640414012,40.83459746264813,0.020000016,168.95911590321862,0.0,15.0,0.0,168.95911590321862,0.0,0.0,0.0,0.0,64.5806199049528,64.5806199049528,0.0
2022-05-05 21:00:00,0.0,0.0,8.015152017812422,14.131169714824376,1.1028353408579525,69.82204003843079,0.0,15.6,0.0,69.82204003843079,0.0,0.0,0.0,0.0,26.99835958777407,26.99835958777407,0.0
2022-05-05 22:00:00,0.0,0.0,11.684266585928045,23.60320701512157,0.020000016,78.7557325522135,0.0,15.0,0.0,78.7557325522135,0.0,0.0,0.0,0.0,28.572636773141337,28.572636773141337,0.0
2022-05-05 23:00:00,0.0,0.0,4.203088001143178,14.018619093639648,1.102982387998035,56.32912973383071,0.0,15.6,0.0,56.32912973383071,0.0,0.0,0.0,0.0,19.84196820215176,19.84196820215176,0.0
2022-05-06 00:00:00,0.0,0.0,2.649200150115409,10.41987926115075,0.020000016,51.17650205031402,0.0,15.6,0.0,51.17650205031402,0.0,0.0,0.0,0.0,18.363938769244037,18.363938769244037,0.0
2022-05-06 01:00:00,0.0,0.0,0.6634366024631227,10.195231917403536,0.020000016,48.96609115891452,0.0,15.0,0.0,48.96609115891452,0.0,0.0,0.0,0.0,17.797388877401076,17.797388877401076,0.0
2022-05-06 02:00:00,0.0,0.0,0.0,7.646423938052653,1.1029700333439407,45.75384657710052,0.0,15.0,0.0,45.75384657710052,0.0,0.0,0.0,0.0,16.71664390252589,16.71664390252589,0.0
2022-05-06 03:00:00,0.0,0.0,0.0,1.2009239168676158,0.020000016,39.30834655591548,0.0,13.9,0.0,39.30834655591548,0.0,0.0,0.0,0.0,14.008968347303028,14.008968347303028,0.0
2022-05-06 04:00:00,0.0,0.0,0.0,2.4018478337352307,0.020000016,34.572932390383095,0.0,14.4,0.0,34.572932390383095,0.0,0.0,0.0,0.0,12.211822032193252,12.211822032193252,0.0
2022-05-06 05:00:00,0.0,0.0,8.617465988321223,40.83459746264813,1.103035151259593,79.31876750956336,36.38129328451689,16.136915415141154,3.1495767858376724,76.16919072372569,3.1495767858376666,0.0,3.970783819173598,99.99999999999982,28.167589141153428,27.05700112281528,1.1105880183381487
2022-05-06 06:00:00,0.0,0.0,35.96209532616062,40.83459746264813,0.020000016,111.80098337505112,150.86312663912173,21.914472707472555,43.94460906127917,67.85637431377194,43.94460906127918,0.0,39.30610244622017,100.00000000000003,37.067863019660074,22.499346223664798,14.568516795995276
2022-05-06 07:00:00,0.0,0.0,59.621045132365325,40.83459746264813,1.1031496632382065,173.83824601445656,257.49738335669184,26.94679322989662,73.6250673470235,100.21317866743306,73.6250673470235,0.0,42.35262897262595,100.0,54.661275838797074,31.59491036431135,23.066365474485725
2022-05-06 08:00:00,0.0,0.0,74.27638667360497,40.83459746264813,1.103392054751692,190.7412816615424,345.27204607873523,30.789751439960476,97.30817296493015,93.43310869661224,97.30817296493015,0.0,51.01579066538777,100.0,56.34908469191514,27.703504734499003,28.645579957416135
2022-05-06 09:00:00,0.0,0.0,86.35298485723565,40.83459746264813,1.1032992382105278,201.85458237123902,419.47383815385024,33.70855744230782,116.91581578500963,84.93876658622939,116.91581578500963,0.0,57.920813296170294,100.0,59.257263194910735,25.050033812532618,34.20722938237812
2022-05-06 10:00:00,0.0,0.0,94.62818188962362,40.83459746264813,1.1033481756898116,212.37747350947308,541.186883523826,38.012090110119566,148.35789656437447,64.0195769450986,148.35789656437447,0.0,69.85575923510409,100.0,61.64052326960515,18.719842004048786,42.92068126555636
2022-05-06 11:00:00,0.0,0.0,95.55257763307421,40.83459746264813,0.020000016,212.01747262101162,645.011003233573,41.25659385104916,174.58962628901097,37.427846332000655,174.58962628901097,0.0,82.34681044476736,100.0,60.09465318877336,10.611588357810412,49.483064830962945
2022-05-06 12:00:00,0.0,0.0,94.92071703211019,40.83459746264813,1.1032633682484057,208.81681875622337,630.6940790885228,40.80918997151634,171.01505024660307,37.8017685096203,171.01505024660307,0.0,81.89716291303586,100.0,58.615148073385576,10.773687766898366,47.84146030648721
2022-05-06 13:00:00,0.0,0.0,82.40245002561304,40.83459746264813,1.1031327637316224,157.1995860092514,669.7110225390537,42.028469454345434,180.724508318603,0.0,157.1995860092514,23.52492230935161,100.0,86.98299277269078,43.534615384035135,0.19861951093475375,43.33599587310038
2022-05-06 14:00:00,0.0,0.0,84.43441222204224,40.83459746264813,1.1031378832532641,157.94715157376856,560.6467736813546,38.62021167754233,153.32921310701698,4.617938466751582,153.32921310701698,0.0,97.07627619698175,100.0,46.18019519886225,1.5429946791474658,44.63720051971478
2022-05-06 15:00:00,0.0,0.0,88.0170317153644,40.83459746264813,0.020000016,161.85087022506872,437.2131921742477,32.56291225544524,122.3938810482339,39.456989176834824,122.3938810482339,0.0,75.62139201230973,100.0,47.97296192846899,11.69786346339343,36.27509846507556
2022-05-06 16:00:00,0.0,0.0,78.50055355718975,40.83459746264813,1.1029503798052058,141.56015435955385,286.20688095373373,27.24396502980418,81.7432126544968,59.81694170505705,81.7432126544968,0.0,57.74450658401672,100.0,42.292206372218416,17.985453373340516,24.3067529988779
2022-05-06 17:00:00,0.0,0.0,17.976939852617242,18.593900999756517,0.020000016,56.86924924422162,141.22111730104953,21.613159915657796,41.181351166691556,15.687898077530065,41.181351166691556,0.0,72.41409322961286,100.0,18.31549926780249,5.055104192127806,13.260395075674683
2022-05-06 18:00:00,0.0,0.0,18.983826009011985,21.958659049819403,0.020000016,73.11356961547925,9.284782049355332,16.990149439042355,0.20450776818490782,72.90906184729434,0.2045077681849108,0.0,0.27971246549780465,100.00000000000145,25.522430214053845,25.451050867724266,0.07137934632957865
2022-05-06 19:00:00,0.0,0.0,17.86120532275448,25.219414937344713,1.1029505037450231,81.18804289914708,0.0,16.7,0.0,81.18804289914708,0.0,0.0,0.0,0.0,29.334539650165606,29.334539650165606,0.0
2022-05-06 20:00:00,0.0,0.0,12.95847788490836,21.770970801843458,0.020000016,72.8368713257997,0.0,16.7,0.0,72.8368713257997,0.0,0.0,0.0,0.0,26.401139917059453,26.401139917059453,0.0
2022-05-06 21:00:00,0.0,0.0,11.581343624045857,22.85578491107211,1.1029727091610209,72.54455117416585,0.0,15.6,0.0,72.54455117416585,0.0,0.0,0.0,0.0,26.427798615574435,26.427798615574435,0.0
2022-05-06 22:00:00,0.0,0.0,7.1610047173045634,17.7754602935801,0.020000016,63.04388764993254,0.0,15.6,0.0,63.04388764993254,0.0,0.0,0.0,0.0,22.382920249136184,22.382920249136184,0.0
2022-05-06 23:00:00,0.0,0.0,2.3813438646656695,12.09502682814661,0.020000016,52.58379333186014,0.0,15.0,0.0,52.58379333186014,0.0,0.0,0.0,0.0,18.56331378660982,18.56331378660982,0.0
2022-05-07 00:00:00,0.0,0.0,0.3745161293686689,10.06855800406676,1.102876701174202,48.55049677248331,0.0,15.6,0.0,48.55049677248331,0.0,0.0,0.0,0.0,17.406325977836513,17.406325977836513,0.0
2022-05-07 01:00:00,0.0,0.0,0.159676543963597,7.119442052426672,0.020000016,45.38654123543814,0.0,14.4,0.0,45.38654123543814,0.0,0.0,0.0,0.0,16.925972910796236,16.925972910796236,0.0
2022-05-07 02:00:00,0.0,0.0,0.01577630359275167,7.646423938052653,1.1028344899146938,45.76962288069327,0.0,15.0,0.0,45.76962288069327,0.0,0.0,0.0,0.0,16.92049752607178,16.92049752607178,0.0
2022-05-07 03:00:00,0.0,0.0,0.0,3.602771750602846,0.020000016,41.71019438965072,0.0,14.4,0.0,41.71019438965072,0.0,0.0,0.0,0.0,15.534808994093467,15.534808994093467,0.0
2022-05-07 04:00:00,0.0,0.0,0.0,0.0,0.020000016,32.17108455664786,0.0,14.4,0.0,32.17108455664786,0.0,0.0,0.0,0.0,11.656611259272113,11.656611259272113,0.0
2022-05-07 05:00:00,0.0,0.0,0.0,3.602771750602846,1.1028906850559619,23.901180142450716,37.323998789593254,16.16637496217479,3.3145641588161197,20.586615983634598,3.3145641588161183,0.0,13.86778451549823,99.99999999999996,8.856061395767453,7.655459966161077,1.200601429606376
2022-05-07 06:00:00,0.0,0.0,0.214795487943185,6.256143587133937,0.020000016,26.769347466924984,150.49809071785666,20.803065334933024,44.01651575160268,0.0,26.769347466924984,17.2471682846777,100.0,60.81659806512578,9.713378724366157,0.0036010111631256747,9.709777713203032
2022-05-07 07:00:00,0.0,0.0,9.767831778302925,13.247467523858756,0.020000016,43.313707694009544,252.50915227080608,25.09091100846269,72.69817408778701,0.0,43.313707694009544,29.384466393777465,100.0,59.58018648681036,14.608983245583143,0.0036010111631256747,14.605382234420018
2022-05-07 08:00:00,0.0,0.0,27.03955585091484,26.53377348404617,1.1029030634398767,73.87173772680887,346.26372676905265,30.820741461532897,97.57622411546211,0.0,73.87173772680887,23.704486388653237,100.0,75.706698426244,24.071707634474926,0.19857815330210238,23.873129481172825
2022-05-07 09:00:00,0.0,0.0,34.72893559214035,26.131302108601833,0.020000016,81.15864609259006,412.5535969054705,33.49229990329596,115.0820755437263,0.0,81.15864609259006,33.92342945113624,100.0,70.52240386623303,25.1676508186316,0.0036010111631256747,25.164049807468473
2022-05-07 10:00:00,0.0,0.0,42.320113289666374,28.91029486612731,0.020000016,91.52881654764155,542.0117824435899,36.93786820136219,149.2044656027677,0.0,91.52881654764155,57.675649055126144,100.0,61.34455572618178,28.051691554022405,0.0036010111631256747,28.048090542859278
2022-05-07 11:00:00,0.0,0.0,50.31562483817476,26.61167167534888,1.1029695322375876,97.22570490537151,659.7199855143484,40.01624954732339,179.4429681866324,0.0,97.22570490537151,82.2172632812609,100.0,54.181953122983586,29.629783252941664,0.19859012103665605,29.431193131905008
2022-05-07 12:00:00,0.0,0.0,59.91431731669987,28.91029486612731,0.020000016,109.12302057467507,715.0059985521865,41.74393745475583,193.16434763229532,0.0,109.12302057467507,84.04132705762025,100.0,56.492319577730754,32.08576906011759,0.0036010111631256747,32.082168048954465
2022-05-07 13:00:00,0.0,0.0,62.086012500704186,26.61167167534888,1.1029484043472753,108.99609256790094,660.1058278348326,40.628307119838524,179.11739012588347,0.0,108.99609256790094,70.12129755798253,100.0,60.851764583717205,30.813408797423275,0.1985863169512559,30.614822480472018
2022-05-07 14:00:00,0.0,0.0,64.23904250219492,28.91029486612731,0.020000016,113.44774576017011,571.3342412738342,37.254195039807314,157.08373883698223,0.0,113.44774576017011,43.63599307681213,100.0,72.2211901754538,32.01571867103913,0.0036010111631256747,32.012117659876004
2022-05-07 15:00:00,0.0,0.0,60.810199319763456,26.61167167534888,0.020000016,107.7202793869602,441.0272127536223,32.08210039855069,123.68754329948062,0.0,107.7202793869602,15.967263912520423,100.0,87.0906451154427,31.414834480400717,0.0036010111631256747,31.41123346923759
2022-05-07 16:00:00,0.0,0.0,59.334888593854764,28.91029486612731,1.1029541415455504,108.54359185182996,278.64791780125,27.00774743128906,79.65444546109781,28.88914639073215,79.65444546109781,0.0,73.38475178694291,100.0,32.319349768688966,8.747607995613592,23.571741773075374
2022-05-07 17:00:00,0.0,0.0,51.92215521527379,26.61167167534888,0.020000016,98.8322352824705,138.78622719362986,21.037069599800933,40.556513601062136,58.27572168140837,40.556513601062136,0.0,41.03571419299416,100.0,31.669449195666672,18.675142237886366,12.994306957780307
2022-05-07 18:00:00,0.0,0.0,40.18932362170546,28.91029486612731,0.020000016,101.27070304448064,9.811485505134135,15.906608922035442,0.229257549472334,101.0414454950083,0.22925754947233656,0.0,0.22638092022689016,100.00000000000111,34.54146793096802,34.46328079000823,0.07818714095979118
2022-05-07 19:00:00,0.0,0.0,28.169085806823674,26.61167167534888,1.102936936630023,92.88818012122043,0.0,15.6,0.0,92.88818012122043,0.0,0.0,0.0,0.0,32.68622524958086,32.68622524958086,0.0
2022-05-07 20:00:00,0.0,0.0,23.39185781785768,27.84175363823639,0.020000016,89.34103409514194,0.0,15.6,0.0,89.34103409514194,0.0,0.0,0.0,0.0,31.07283902808969,31.07283902808969,0.0
2022-05-07 21:00:00,0.0,0.0,18.111186874167245,23.0654188367366,1.1029538105049292,79.28402834995174,0.0,16.1,0.0,79.28402834995174,0.0,0.0,0.0,0.0,27.487753428243817,27.487753428243817,0.0
2022-05-07 22:00:00,0.0,0.0,16.98112307896451,23.812282913097764,0.020000016,78.90082863111014,0.0,16.1,0.0,78.90082863111014,0.0,0.0,0.0,0.0,28.390935640207086,28.390935640207086,0.0
2022-05-07 23:00:00,0.0,0.0,14.558010078050486,22.064471304592974,0.020000016,80.09074033380735,0.0,15.6,0.0,80.09074033380735,0.0,0.0,0.0,0.0,28.217166108553442,28.217166108553442,0.0
2022-05-08 00:00:00,0.0,0.0,8.200130622402954,23.459191617166585,1.1029857976439883,75.12758119073342,0.0,15.6,0.0,75.12758119073342,0.0,0.0,0.0,0.0,24.832551284165348,24.832551284165348,0.0
2022-05-08 01:00:00,0.0,0.0,4.510116541516081,20.54470725211081,0.020000016,68.52308274479077,0.0,15.6,0.0,68.52308274479077,0.0,0.0,0.0,0.0,22.25373120922414,22.25373120922414,0.0
2022-05-08 02:00:00,0.0,0.0,2.7565865889337764,16.019876402524844,0.020000016,62.24472194262249,0.0,15.6,0.0,62.24472194262249,0.0,0.0,0.0,0.0,19.848152037300316,19.848152037300316,0.0
2022-05-08 03:00:00,0.0,0.0,0.4887944593443036,10.195231917403536,1.102899771382469,54.15228532791173,0.0,15.6,0.0,54.15228532791173,0.0,0.0,0.0,0.0,17.11683454271198,17.11683454271198,0.0
2022-05-08 04:00:00,0.0,0.0,0.29673273693895513,13.160788463102833,0.020000016,55.19690142343578,0.0,15.6,0.0,55.19690142343578,0.0,0.0,0.0,0.0,17.393936773630806,17.393936773630806,0.0
2022-05-08 05:00:00,0.0,0.0,46.17865048396194,40.83459746264813,1.1028813175025096,116.87995200520406,9.748527268798842,15.904641477149964,0.2263263882747877,116.65362561692928,0.22632638827478502,0.0,0.19364004210466126,99.9999999999988,38.25118021227136,38.17749513004073,0.0736850822306252
2022-05-08 06:00:00,0.0,0.0,58.305624213671145,40.83459746264813,0.020000016,157.07523368266445,38.97528511464841,17.317977659832763,3.5994244390748857,153.47580924358957,3.5994244390748804,0.0,2.291528941059363,99.99999999999986,49.36999082911932,48.23874571928467,1.1312451098346443
2022-05-08 07:00:00,0.0,0.0,89.78370275888325,40.83459746264813,2.187409445356422,276.76437741527036,129.50618188043902,20.14706818376372,37.96749364639462,238.79688376887574,37.967493646394615,0.0,13.718345547565319,99.99999999999997,79.623182299147,68.75422789299363,10.868954406153378
2022-05-08 08:00:00,0.0,0.0,100.83883704294378,40.83459746264813,1.1038829917853465,279.4709335919023,208.68746603212114,23.221483313503786,60.49749206947503,218.97344152242727,60.497492069475015,0.0,21.64714995292374,99.99999999999997,80.008666450314,62.73209515257366,17.276571297740333
2022-05-08 09:00:00,0.0,0.0,110.06953910438241,40.83459746264813,1.1039118982723626,286.77504070547286,388.9136558047727,30.453551743899148,109.74703710100712,177.02800360446574,109.74703710100712,0.0,38.26938245079733,100.0,82.9763752940662,51.29789303486049,31.67848225920571
2022-05-08 10:00:00,0.0,0.0,125.83218995999668,40.83459746264813,2.1883330544459643,304.4642865089551,447.1225091996224,32.8725784124882,125.0203631757325,179.44392333322264,125.02036317573248,0.0,41.0624065663791,99.99999999999999,90.56263104373622,53.53722538742716,37.025405656309054
2022-05-08 11:00:00,0.0,0.0,133.11601564694402,40.83459746264813,2.1887036157777504,311.203763253457,326.03500473988134,29.58859389812129,92.30389876125646,218.89986449220055,92.30389876125645,0.0,29.66027717540176,99.99999999999999,92.21630335914664,64.98157651014411,27.234726849002527
2022-05-08 12:00:00,0.0,0.0,139.72112416055435,40.83459746264813,2.1886171388903954,319.95871649940295,498.27869381805556,34.97120918181424,138.2098929973983,181.74882350200465,138.2098929973983,0.0,43.196164339425394,100.0,96.41047265650431,54.93506586691506,41.47540678958925
2022-05-08 13:00:00,0.0,0.0,140.51986968650513,40.83459746264813,1.103711197008422,317.2253712875954,244.9237084180809,27.653865888065027,69.8453936987815,247.37997758881392,69.84539369878149,0.0,22.017593805717357,99.99999999999997,96.12926206231107,75.00766578083105,21.121596281480024
2022-05-08 14:00:00,0.0,0.0,143.31668863728422,40.83459746264813,1.1036826390329426,320.0221902383746,507.96306485231196,35.27384577663475,140.7322795261796,179.289910712195,140.7322795261796,0.0,43.975787873132326,100.0,98.73675111250839,55.40387492360243,43.332876188905956
2022-05-08 15:00:00,0.0,0.0,137.08568995520136,40.83459746264813,2.187972681356251,316.68108397809397,435.68606779121086,33.01518961847534,121.75639889343995,194.92468508465402,121.75639889343995,0.0,38.44763866662219,100.0,97.93805287428508,60.434646887127705,37.50340598715737
2022-05-08 16:00:00,0.0,0.0,120.38931870526567,40.83459746264813,0.020000016,282.93162552517026,147.6976696186523,22.415552175582885,42.94368640110145,239.98793912406882,42.943686401101445,0.0,15.17811461387199,99.99999999999999,88.69700698079352,75.23502016777623,13.46198681301729
2022-05-08 17:00:00,0.0,0.0,103.05749056740791,40.83459746264813,1.1032961010047597,221.99332944565907,113.56816903005608,20.749005282189252,30.18376690595031,191.80956253970876,30.183766905950307,0.0,13.596699946490457,99.99999999999999,71.00120141327693,61.374390796293135,9.626810616983796
2022-05-08 18:00:00,0.0,0.0,88.3831499824674,40.83459746264813,1.1031674575264192,216.62287176169437,6.588301635565952,16.305884426111437,0.10322381599988943,216.5196479456945,0.10322381599988262,0.0,0.04765139302254222,99.99999999999339,76.98601822529349,76.94942796311693,0.03659026217655992
2022-05-08 19:00:00,0.0,0.0,68.78352713318093,40.83459746264813,1.103185645391055,180.76891326417154,0.0,16.7,0.0,180.76891326417154,0.0,0.0,0.0,0.0,67.88483707036951,67.88483707036951,0.0
2022-05-08 20:00:00,0.0,0.0,56.6014510533128,40.83459746264813,0.020000016,167.3024405523913,0.0,16.7,0.0,167.3024405523913,0.0,0.0,0.0,0.0,61.76413345328113,61.76413345328113,0.0
2022-05-08 21:00:00,0.0,0.0,7.426522459013975,13.91721539885301,1.1029527659320053,69.01945616366098,0.0,16.7,0.0,69.01945616366098,0.0,0.0,0.0,0.0,25.17327731507712,25.17327731507712,0.0
2022-05-08 22:00:00,0.0,0.0,12.857808877590752,23.985930780410335,0.020000016,80.31199860916499,0.0,16.7,0.0,80.31199860916499,0.0,0.0,0.0,0.0,27.86222708871028,27.86222708871028,0.0
2022-05-08 23:00:00,0.0,0.0,10.779473471930785,20.89005350655739,0.020000016,75.13778592965207,0.0,16.1,0.0,75.13778592965207,0.0,0.0,0.0,0.0,25.666536106506147,25.666536106506147,0.0
2022-05-09 00:00:00,0.0,0.0,7.681746038004862,21.802057824894376,1.102974107489525,72.95206281406313,0.0,16.1,0.0,72.95206281406313,0.0,0.0,0.0,0.0,24.792555121003694,24.792555121003694,0.0
2022-05-09 01:00:00,0.0,0.0,4.639969262603112,18.04486344473165,0.020000016,66.15309165849865,0.0,15.6,0.0,66.15309165849865,0.0,0.0,0.0,0.0,22.42354530514491,22.42354530514491,0.0
2022-05-09 02:00:00,0.0,0.0,6.092153466560292,21.260822830594577,0.020000016,70.82123524831876,0.0,15.6,0.0,70.82123524831876,0.0,0.0,0.0,0.0,23.873898351608965,23.873898351608965,0.0
2022-05-09 03:00:00,0.0,0.0,7.721825208116549,21.022542750592624,1.1028803468403654,72.21262690987307,0.0,15.6,0.0,72.21262690987307,0.0,0.0,0.0,0.0,24.727398108780083,24.727398108780083,0.0
2022-05-09 04:00:00,0.0,0.0,10.2291997308167,23.457631087417948,0.020000016,75.42621104162863,0.0,15.0,0.0,75.42621104162863,0.0,0.0,0.0,0.0,25.70545955465329,25.70545955465329,0.0
2022-05-09 05:00:00,0.0,0.0,41.91029910951505,40.83459746264813,1.1029446565869057,112.6116006307572,14.259940170996067,16.04562313034363,0.48403119978537756,112.12756943097182,0.48403119978537745,0.0,0.42982356797544335,99.99999999999997,38.67459122967626,38.50921228964559,0.16537894003067066
2022-05-09 06:00:00,0.0,0.0,44.75201827933766,40.83459746264813,0.020000016,143.52162774833099,91.16627062363715,18.44894595698866,19.613365400648142,123.90826234768284,19.61336540064815,0.0,13.665790799865169,100.00000000000004,46.734243006019696,40.34813123156866,6.386111774451038
2022-05-09 07:00:00,0.0,0.0,68.8249346857195,40.83459746264813,2.1874124029065127,255.80560934210664,260.6755806791845,24.846111896224514,75.11731364194165,180.68829570016499,75.11731364194165,0.0,29.364998615601912,100.0,75.80022203085188,53.65714031548032,22.143081715371565
2022-05-09 08:00:00,0.0,0.0,80.6144777197094,40.83459746264813,1.1038221406541204,259.24657426866787,354.48405113213397,28.277626597879188,100.85332193868378,158.39325232998408,100.85332193868379,0.0,38.90247044659705,100.00000000000003,75.41006352748971,46.15100203324846,29.25906149424125
2022-05-09 09:00:00,0.0,0.0,94.71881156083158,40.83459746264813,1.1038532557768888,271.424313161922,425.4850469560649,31.59640771737703,119.54890293718972,151.87541022473226,119.54890293718972,0.0,44.04502365485259,100.0,79.45736292223872,44.54788777554994,34.90947514668878
2022-05-09 10:00:00,0.0,0.0,96.61086967640992,40.83459746264813,2.188251264225551,275.2429662253684,500.3206333878044,34.53501979336889,139.0088260687637,136.23414015660467,139.0088260687637,0.0,50.50404301882998,100.0,80.15940715842532,39.8746493636976,40.284757794727724
2022-05-09 11:00:00,0.0,0.0,92.17705529078779,40.83459746264813,2.188738989444766,270.2648028973008,667.518471002685,39.15995221883391,182.1732368488453,88.09156604845549,182.1732368488453,0.0,67.40546119801999,100.0,78.119538026676,25.728336841316576,52.39120118535942
2022-05-09 12:00:00,0.0,0.0,105.32139728433317,40.83459746264813,2.188542379120026,285.55898962318184,623.1575520529378,38.37367350165431,170.58876513993422,114.97022448324762,170.58876513993422,0.0,59.73853786394183,100.0,84.52829307434895,34.267725201170116,50.260567873178836
2022-05-09 13:00:00,0.0,0.0,118.26128661788736,40.83459746264813,1.1037121647801011,294.9667882189778,636.4587596983655,38.789336240573924,173.94805079643737,121.01873742254043,173.94805079643737,0.0,58.97208016086937,100.0,86.47208488456118,35.59488924736521,50.877195637195975
2022-05-09 14:00:00,0.0,0.0,121.48146679600913,40.83459746264813,1.1036853112418346,298.1869683970995,513.8217268668915,34.95692896459036,142.52895563266,155.65801276443952,142.52895563266,0.0,47.79851929774889,100.0,89.64586390742073,46.89145308629171,42.75441082112902
2022-05-09 15:00:00,0.0,0.0,115.0610749538789,40.83459746264813,1.104003034941808,294.65646897677146,435.86717075848014,31.420849086202505,122.54751724484743,172.10895173192404,122.54751724484743,0.0,41.58996327839256,100.0,90.95886177785167,53.21177551609378,37.747086261757886
2022-05-09 16:00:00,0.0,0.0,98.69365297086978,40.83459746264813,1.1035304412041422,261.2359597907744,284.25782434200926,25.58305701068779,81.68964244643664,179.54631734433778,81.68964244643664,0.0,31.270443208455067,100.0,83.77199318939395,57.638251226142174,26.13374196325178
2022-05-09 17:00:00,0.0,0.0,73.5533837677361,40.83459746264813,1.1033716373820879,192.48922264598727,145.5176418828175,21.247426308838048,42.49096844502996,149.99825420095732,42.49096844502995,0.0,22.07446622774116,99.99999999999997,65.26001977457814,50.89807244015802,14.361947334420123
2022-05-09 18:00:00,0.0,0.0,55.63426994195801,40.83459746264813,1.1031746985094983,183.87399172118498,11.69323807427765,15.965413689821176,0.3255609223018485,183.54843079888312,0.32556092230186096,0.0,0.17705653706344787,100.00000000000382,66.43647446898994,66.31919603014454,0.11727843884540334
2022-05-09 19:00:00,0.0,0.0,38.61030605966184,40.83459746264813,1.1031882565719722,150.59569219065244,0.0,14.4,0.0,150.59569219065244,0.0,0.0,0.0,0.0,54.61111202630922,54.61111202630922,0.0
2022-05-09 20:00:00,0.0,0.0,20.55194009970446,40.83459746264813,0.020000016,131.25292959878294,0.0,15.6,0.0,131.25292959878294,0.0,0.0,0.0,0.0,46.691580598746214,46.691580598746214,0.0
2022-05-09 21:00:00,0.0,0.0,0.0,0.0,0.020000016,47.675718305793986,0.0,14.4,0.0,47.675718305793986,0.0,0.0,0.0,0.0,16.642426699885227,16.642426699885227,0.0
2022-05-09 22:00:00,0.0,0.0,0.0,7.246115965763447,1.1028955930605655,50.714374916927326,0.0,15.0,0.0,50.714374916927326,0.0,0.0,0.0,0.0,17.574843086044023,17.574843086044023,0.0
2022-05-09 23:00:00,0.0,0.0,0.0,2.4018478337352307,0.020000016,45.87010678489912,0.0,15.0,0.0,45.87010678489912,0.0,0.0,0.0,0.0,15.518705930087403,15.518705930087403,0.0
2022-05-10 00:00:00,0.0,0.0,0.0,1.2009239168676153,1.102858006990999,44.66918286803149,0.0,15.0,0.0,44.66918286803149,0.0,0.0,0.0,0.0,15.431431436611582,15.431431436611582,0.0
2022-05-10 01:00:00,0.0,0.0,0.0,0.0,0.020000016,43.46825895116388,0.0,13.9,0.0,43.46825895116388,0.0,0.0,0.0,0.0,15.115775918124761,15.115775918124761,0.0
2022-05-10 02:00:00,0.0,0.0,0.0,0.0,0.020000016,43.46825895116388,0.0,15.0,0.0,43.46825895116388,0.0,0.0,0.0,0.0,14.774115402768611,14.774115402768611,0.0
2022-05-10 03:00:00,0.0,0.0,0.0,0.0,1.1028885430511393,43.46825895116388,0.0,14.4,0.0,43.46825895116388,0.0,0.0,0.0,0.0,15.50005471359405,15.50005471359405,0.0
2022-05-10 04:00:00,0.0,0.0,0.0,0.0,0.020000016,41.73938022339399,0.0,14.4,0.0,41.73938022339399,0.0,0.0,0.0,0.0,14.40368718823405,14.40368718823405,0.0
2022-05-10 05:00:00,0.0,0.0,0.3810725640966956,40.83459746264813,1.1029353255668986,71.08237408533884,15.001631696777338,16.06880099052429,0.5356472703738245,70.54672681496501,0.5356472703738291,0.0,0.7535584978221901,100.00000000000084,25.191502102386995,25.003165843887206,0.1883362584997883
2022-05-10 06:00:00,0.0,0.0,0.0,40.83459746264813,0.020000016,98.76960946899328,145.86803847142878,21.25837620223215,42.59158178990944,56.17802767908384,42.59158178990944,0.0,43.12215267316634,100.0,35.306822523665396,20.083313444498064,15.223509079167332
2022-05-10 07:00:00,0.0,0.0,6.464823190099792,40.83459746264813,2.187446395968486,193.4454978464869,260.273434854661,25.333544839208155,74.86624145348341,118.57925639300348,74.86624145348341,0.0,38.701464901961806,100.0,67.7515729795973,41.683147705494385,26.068425274102914
2022-05-10 08:00:00,0.0,0.0,18.840331429842415,40.83459746264813,1.1038166536936904,197.47242797880085,349.0735720443808,28.1085491263869,99.37689303136737,98.09553494743348,99.37689303136737,0.0,50.32443974509481,100.0,69.23115401843485,34.490979752529434,34.74017426590542
2022-05-10 09:00:00,0.0,0.0,35.45192072179903,40.83459746264813,1.1038381729430888,212.1574223228894,420.0539259453545,30.92668518579233,118.32269029599105,93.83473202689835,118.32269029599105,0.0,55.771176421964554,100.0,71.5610778797941,31.761466158383065,39.79961172141103
2022-05-10 10:00:00,0.0,0.0,49.84780876494689,40.83459746264813,2.1881760688661878,228.4799053139054,551.8130479146087,36.14415774733152,152.3692594939745,76.11064581993088,152.3692594939745,0.0,66.68825395591638,100.0,74.76647598608731,25.168758328203673,49.59771765788364
2022-05-10 11:00:00,0.0,0.0,56.775937414977236,40.83459746264813,2.1886997251442772,234.86368502149017,666.8776872612057,40.239927726912676,181.23090236984604,53.632782651644135,181.23090236984604,0.0,77.16429313167905,100.0,76.29614769870777,17.72685082533279,58.56929687337498
2022-05-10 12:00:00,0.0,0.0,68.03630054056589,40.83459746264813,1.104306469091775,248.27389287941452,660.1937686023344,39.53105526882295,179.91317194141544,68.36072093799908,179.91317194141544,0.0,72.46560234538974,100.0,81.06412048682502,22.464601253786583,58.599519233038436
2022-05-10 13:00:00,0.0,0.0,73.59660743261186,40.83459746264813,2.1874614304557785,250.30210903370224,660.3622332242375,40.03631978825742,179.60353565163894,70.6985733820633,179.60353565163894,0.0,71.75470328436425,100.0,85.16742313449569,24.338399662320345,60.82902347217535
2022-05-10 14:00:00,0.0,0.0,76.0776706462672,40.83459746264813,1.1036786681643027,252.78317224735756,576.8489372153349,36.926529287979214,158.8013729167429,93.98179933061465,158.8013729167429,0.0,62.821180502217125,100.0,88.84598456081851,33.15672509951053,55.68925946130798
2022-05-10 15:00:00,0.0,0.0,75.33374524805893,40.83459746264813,1.103995967953425,254.92913927095148,440.75143352673626,31.57348229771051,123.84908008318533,131.08005918776615,123.84908008318533,0.0,48.5817668538677,100.0,91.84452585342306,47.32140080891835,44.52312504450472
2022-05-10 16:00:00,0.0,0.0,66.38857837332856,40.83459746264813,1.1034933654894705,228.93088519323325,237.8453465660142,24.632667080187943,68.59255960535042,160.33832558788282,68.59255960535043,0.0,29.96212570770154,100.00000000000003,82.77405472662981,58.032718476979916,24.741336249649898
2022-05-10 17:00:00,0.0,0.0,49.08132566247591,40.83459746264813,1.1033302946868664,168.01716454072707,109.42394215297685,19.51949819228053,28.1465810915895,139.87058344913757,28.146581091589496,0.0,16.752205745483113,99.99999999999999,64.75336995048049,53.93903129637543,10.814338654105057
2022-05-10 18:00:00,0.0,0.0,24.193442079034533,40.83459746264813,1.1031861634079438,152.4331638582615,6.9196660159407894,15.816239562998149,0.11406826700856114,152.31909559125296,0.11406826700854822,0.0,0.07483166006749915,99.99999999998867,62.16423456559047,62.117864674368825,0.046369891221644366
2022-05-10 19:00:00,0.0,0.0,4.395610380524637,40.83459746264813,0.020000016,116.38099651151525,0.0,15.0,0.0,116.38099651151525,0.0,0.0,0.0,0.0,48.34710315208145,48.34710315208145,0.0
2022-05-10 20:00:00,0.0,0.0,0.21000121938159041,40.83459746264813,1.1030184034178285,110.91099071846008,0.0,15.6,0.0,110.91099071846008,0.0,0.0,0.0,0.0,47.33576997565843,47.33576997565843,0.0
2022-05-10 21:00:00,0.0,0.0,0.0,0.0,0.020000016,47.675718305793986,0.0,15.6,0.0,47.675718305793986,0.0,0.0,0.0,0.0,19.87197985791971,19.87197985791971,0.0
2022-05-10 22:00:00,0.0,0.0,0.0,0.0,1.102810620555244,43.46825895116388,0.0,16.1,0.0,43.46825895116388,0.0,0.0,0.0,0.0,17.73539590018,17.73539590018,0.0
2022-05-10 23:00:00,0.0,0.0,0.0,0.0,0.020000016,43.46825895116388,0.0,15.6,0.0,43.46825895116388,0.0,0.0,0.0,0.0,18.048144666970277,18.048144666970277,0.0
2022-05-11 00:00:00,0.0,0.0,0.0,0.0,0.020000016,43.46825895116388,0.0,15.6,0.0,43.46825895116388,0.0,0.0,0.0,0.0,18.01489144887264,18.01489144887264,0.0
2022-05-11 01:00:00,0.0,0.0,0.0,0.0,1.1028494572598313,43.46825895116388,0.0,15.0,0.0,43.46825895116388,0.0,0.0,0.0,0.0,18.232027751261793,18.232027751261793,0.0
2022-05-11 02:00:00,0.0,0.0,0.0,0.0,0.020000016,43.46825895116388,0.0,15.0,0.0,43.46825895116388,0.0,0.0,0.0,0.0,17.825369839845564,17.825369839845564,0.0
2022-05-11 03:00:00,0.0,0.0,0.0,0.0,0.020000016,43.46825895116388,0.0,15.0,0.0,43.46825895116388,0.0,0.0,0.0,0.0,17.66605867078955,17.66605867078955,0.0
2022-05-11 04:00:00,0.0,0.0,0.0,0.0,1.1029229386934727,41.73938022339399,0.0,13.3,0.0,41.73938022339399,0.0,0.0,0.0,0.0,16.431444094529898,16.431444094529898,0.0
2022-05-11 05:00:00,0.0,1.032585086928818,0.0,40.83459746264813,1.052585102928818,70.70130152124213,41.720530177043365,16.903766568032605,4.1304827330115925,66.57081878823054,4.13048273301159,0.0,5.8421594003762305,99.99999999999993,27.96912027089347,26.34619164785222,1.6229286230412505
2022-05-11 06:00:00,0.0,0.0,0.0,40.83459746264813,1.1032893316208081,98.76960946899328,154.22091223148357,21.51940350723386,44.98761630715567,53.78199316183761,44.98761630715567,0.0,45.54803501706527,100.0,37.98493719560079,20.77402482497225,17.21091237062854
2022-05-11 07:00:00,0.0,0.0,0.0,40.83459746264813,1.1037157286381907,186.98067465638707,257.24972840745056,25.83905401273283,73.85791583950278,113.12275881688429,73.85791583950278,0.0,39.50029380053896,100.0,62.981225603382676,38.18195320195283,24.799272401429846
2022-05-11 08:00:00,0.0,0.0,0.0,40.83459746264813,2.1876127906377767,178.6320965489585,341.2335565782181,28.963548643069316,96.83404476989196,81.79805177906653,96.83404476989196,0.0,54.20864818845824,100.0,55.40184840016597,25.58277265372543,29.819075746440536
2022-05-11 09:00:00,0.0,0.0,0.0,40.83459746264813,1.1038356470105735,176.70550160109036,428.1296346075861,32.77905108148707,119.75241545518355,56.95308614590681,119.75241545518355,0.0,67.76948899164587,100.0,53.46220188546886,17.36583005689016,36.0963718285787
2022-05-11 10:00:00,0.0,0.0,0.0,40.83459746264813,1.1040725422000415,178.6320965489585,564.9422202429197,37.05444438259124,155.44655462065677,23.185541928301717,155.44655462065677,0.0,87.02050618213107,100.0,51.85561839846498,6.90358373326346,44.95203466520152
2022-05-11 11:00:00,0.0,0.0,0.0,40.83459746264813,2.1887118631865046,178.08774760651295,685.0859219079999,40.808935059625,185.7637872472563,0.0,178.08774760651295,7.67603964074334,100.0,95.86784929695348,53.23983670210388,0.39407847734722806,52.84575822475665
2022-05-11 12:00:00,0.0,0.0,0.0,40.83459746264813,2.188542137255222,180.23759233884863,718.0663152079429,43.03957235024822,192.99973276791494,0.0,180.23759233884863,12.762140429066307,100.0,93.38748284982707,59.50927464138028,0.3940479181230144,59.115226723257265
2022-05-11 13:00:00,0.0,0.0,0.0,40.83459746264813,1.103690187838433,176.70550160109036,666.0255258024365,40.81329768132614,180.59238839859736,0.0,176.70550160109036,3.886886797507003,100.0,97.84770175976189,58.40197799274316,0.19871987537602323,58.20325811736714
2022-05-11 14:00:00,0.0,0.0,0.0,40.83459746264813,1.1036639981334901,176.70550160109036,571.5435974280443,37.86073741962639,156.7718929571324,19.933608643957967,156.7718929571324,0.0,88.71930502256927,100.0,58.596349329037146,6.786374144564031,51.80997518447312
2022-05-11 15:00:00,0.0,0.0,0.0,40.83459746264813,2.187929016836226,179.59539402289255,452.90173542178195,33.053179231930685,126.54913814712202,53.04625587577053,126.54913814712202,0.0,70.4634652996675,100.0,60.97056595248921,18.286174401155687,42.68439155133352
2022-05-11 16:00:00,0.0,0.0,0.0,40.83459746264813,1.1034212441265097,162.54230681990464,289.4424170059035,27.345075531434485,82.63612482778029,79.90618199212435,82.63612482778029,0.0,50.83976377875599,100.0,56.79834082124241,28.023202614336896,28.775138206905517
2022-05-11 17:00:00,0.0,0.0,0.0,40.83459746264813,1.1032556665111104,118.93583887825115,152.23958148551617,21.95748692142238,44.338575709779725,74.59726316847141,44.33857570977973,0.0,37.27940722322309,100.00000000000003,44.118673541397285,27.745545996168374,16.37312754522891
2022-05-11 18:00:00,0.0,0.0,0.0,40.83459746264813,0.020000016,125.27155273802698,14.619703577259044,17.156865736789346,0.5067377452008921,124.76481499282609,0.5067377452008941,0.0,0.40451142667689677,100.0000000000004,50.547540752138566,50.343084740393635,0.20445601174493078
2022-05-11 19:00:00,0.0,0.0,0.0,40.83459746264813,1.1032379863794841,111.9853861309906,0.0,16.7,0.0,111.9853861309906,0.0,0.0,0.0,0.0,47.37248236399587,47.37248236399587,0.0
2022-05-11 20:00:00,0.0,0.0,0.0,40.83459746264813,0.020000016,110.70098949907849,0.0,16.7,0.0,110.70098949907849,0.0,0.0,0.0,0.0,46.2566884436681,46.2566884436681,0.0
2022-05-11 21:00:00,0.0,0.0,0.0,0.0,1.1029397882232348,47.675718305793986,0.0,16.7,0.0,47.675718305793986,0.0,0.0,0.0,0.0,20.044794403358946,20.044794403358946,0.0
2022-05-11 22:00:00,0.0,0.0,0.0,0.0,0.020000016,43.46825895116388,0.0,16.1,0.0,43.46825895116388,0.0,0.0,0.0,0.0,17.79407269340073,17.79407269340073,0.0
2022-05-11 23:00:00,0.0,0.0,0.0,0.0,1.1029355959546538,43.46825895116388,0.0,16.1,0.0,43.46825895116388,0.0,0.0,0.0,0.0,17.90972612044658,17.90972612044658,0.0
2022-05-12 00:00:00,0.0,0.0,0.0,0.0,0.020000016,43.46825895116388,0.0,16.1,0.0,43.46825895116388,0.0,0.0,0.0,0.0,17.047070663324973,17.047070663324973,0.0
2022-05-12 01:00:00,0.0,0.0,0.0,0.0,0.020000016,43.46825895116388,0.0,15.6,0.0,43.46825895116388,0.0,0.0,0.0,0.0,16.907102869502225,16.907102869502225,0.0
2022-05-12 02:00:00,0.0,0.0,0.0,0.0,1.1027710398843678,43.46825895116388,0.0,15.6,0.0,43.46825895116388,0.0,0.0,0.0,0.0,16.897320741085377,16.897320741085377,0.0
2022-05-12 03:00:00,0.0,0.0,0.0,0.0,0.020000016,43.46825895116388,0.0,15.0,0.0,43.46825895116388,0.0,0.0,0.0,0.0,16.31680391294542,16.31680391294542,0.0
2022-05-12 04:00:00,0.0,0.0,0.0,0.0,1.1030458168858917,41.73938022339399,0.0,15.0,0.0,41.73938022339399,0.0,0.0,0.0,0.0,16.371361511277644,16.371361511277644,0.0
2022-05-12 05:00:00,0.0,3.5108708755886244,0.0,40.83459746264813,3.5308708915886244,70.70130152124213,17.2589955495117,16.53934361092224,0.7077834297834312,69.9935180914587,0.7077834297834329,0.0,1.0010896752314808,100.00000000000024,27.949061569906753,27.675630675312817,0.2734308945939361
2022-05-12 06:00:00,0.0,0.14188917743982157,0.0,40.83459746264813,1.2451529903032832,98.76960946899328,76.5534751136717,19.09229609730224,13.79758437885132,84.97202509014195,13.797584378851326,0.0,13.96946333293218,100.00000000000004,34.72046411468242,29.901519794524802,4.81894432015762
2022-05-12 07:00:00,0.0,0.0,0.010838272114653527,40.83459746264813,1.103745552223166,186.99151292850172,214.9150587332728,24.516095585414774,62.006357552341164,124.98515537616055,62.00635755234117,0.0,33.15998495399627,100.00000000000003,61.31129609904936,41.04637832379321,20.264917775256144
2022-05-12 08:00:00,0.0,0.0,0.6740782516407757,40.83459746264813,1.1038860788511813,179.30617480059925,358.5451867539042,30.604537086059505,101.11971211430394,78.18646268629531,101.11971211430394,0.0,56.394997119734434,100.0,60.1040516156402,26.320461396811822,33.78359021882838
2022-05-12 09:00:00,0.0,0.0,1.5279180544823419,40.83459746264813,2.1878653005531916,178.2334196555727,406.0184427797169,32.68807633686615,113.60704028697582,64.62637936859689,113.60704028697582,0.0,63.740593939405876,100.0,59.930126388043746,21.981398685783784,37.94872770225996
2022-05-12 10:00:00,0.0,0.0,8.109083750919238,40.83459746264813,1.1041545113947682,186.74118029987773,429.32861626473857,33.416519258273084,119.79614642893486,66.94503387094286,119.79614642893486,0.0,64.15089924812546,100.0,62.36400869295242,22.48447052749215,39.87953816546027
2022-05-12 11:00:00,0.0,0.0,7.554549427346738,40.83459746264813,2.1886576494907497,185.64229703385965,374.7081943468191,31.709631073338095,105.236877742039,80.40541929182065,105.236877742039,0.0,56.68798513242089,100.0,61.852807572178435,27.013086826899006,34.83972074527943
2022-05-12 12:00:00,0.0,0.0,8.13504621668341,40.83459746264813,2.1885302144186207,188.37263855553206,428.21318347402564,32.7816619835633,119.77459359737298,68.59804495815908,119.77459359737298,0.0,63.583859373538246,100.0,61.97588690479311,22.819775638907917,39.15611126588519
2022-05-12 13:00:00,0.0,0.0,15.22087499107783,40.83459746264813,1.103686430535944,191.92637659216822,335.74463159887085,29.892019737464715,94.94423854563217,96.98213804653605,94.94423854563217,0.0,49.469093426060375,100.0,62.98551403723407,31.925455839415957,31.060058197818112
2022-05-12 14:00:00,0.0,0.0,18.46756522372225,40.83459746264813,1.1036625052308962,195.1730668248126,277.7718661788314,26.98037081808848,79.41212017249686,115.76094665231574,79.41212017249686,0.0,40.6880526419033,100.0,63.687537663888484,37.855172032376124,25.83236563151236
2022-05-12 15:00:00,0.0,0.0,22.124622410906607,40.83459746264813,1.1039767454144231,201.72001643379915,234.28945638447567,25.121545512014865,67.44501852661807,134.27499790718107,67.44501852661807,0.0,33.43496581002526,100.0,69.14667308725879,46.09396575486074,23.05270733239805
2022-05-12 16:00:00,0.0,0.0,22.382539048449818,40.83459746264813,1.1035102726445782,184.92484586835448,185.85519341168012,23.007974794115004,53.920810904367364,131.00403496398712,53.92081090436736,0.0,29.158229469474783,99.99999999999999,65.86180175250618,46.71560021658342,19.146201535922764
2022-05-12 17:00:00,0.0,0.0,12.961100845156489,40.83459746264813,1.1033613778690239,131.89693972340766,106.28116898467495,19.421286530771095,26.56245625981883,105.33448346358882,26.56245625981883,0.0,20.138796484225637,100.0,49.987117479796794,39.96032149084038,10.026795988956415
2022-05-12 18:00:00,0.0,0.0,7.573574237778764,40.83459746264813,1.1031856093652443,132.84512697580575,7.500870299969943,16.334402196874063,0.13378637119493247,132.71134060461083,0.13378637119492964,0.0,0.1007085274714633,99.99999999999788,53.70997462293729,53.656084134756256,0.05389048818103248
2022-05-12 19:00:00,0.0,0.0,0.6812241841719471,40.83459746264813,1.1031995090916702,112.66661031516256,0.0,16.1,0.0,112.66661031516256,0.0,0.0,0.0,0.0,46.636991635116594,46.636991635116594,0.0
2022-05-12 20:00:00,0.0,0.0,0.0,40.83459746264813,0.020000016,110.70098949907849,0.0,16.7,0.0,110.70098949907849,0.0,0.0,0.0,0.0,44.838608768184905,44.838608768184905,0.0
2022-05-12 21:00:00,0.0,0.0,0.0,0.0,0.020000016,47.675718305793986,0.0,16.7,0.0,47.675718305793986,0.0,0.0,0.0,0.0,18.892482225327175,18.892482225327175,0.0
2022-05-12 22:00:00,0.0,0.0,0.0,0.0,1.1029389937667122,43.46825895116388,0.0,17.2,0.0,43.46825895116388,0.0,0.0,0.0,0.0,17.322035871204317,17.322035871204317,0.0
2022-05-12 23:00:00,0.0,0.0,0.0,0.0,0.020000016,38.10742263904787,0.0,16.7,0.0,38.10742263904787,0.0,0.0,0.0,0.0,14.99296516911941,14.99296516911941,0.0
2022-05-13 00:00:00,0.0,0.0,0.0,0.0,0.020000016,38.10742263904787,0.0,16.1,0.0,38.10742263904787,0.0,0.0,0.0,0.0,15.016972845382007,15.016972845382007,0.0
2022-05-13 01:00:00,0.0,0.0,0.0,0.0,1.1028255896844363,38.10742263904787,0.0,16.1,0.0,38.10742263904787,0.0,0.0,0.0,0.0,15.109998682779782,15.109998682779782,0.0
2022-05-13 02:00:00,0.0,0.0,0.0,0.0,0.020000016,38.10742263904787,0.0,16.1,0.0,38.10742263904787,0.0,0.0,0.0,0.0,14.891218350673151,14.891218350673151,0.0
2022-05-13 03:00:00,0.0,0.0,0.0,0.0,1.1028824151970889,38.10742263904787,0.0,16.1,0.0,38.10742263904787,0.0,0.0,0.0,0.0,15.137446258536983,15.137446258536983,0.0
2022-05-13 04:00:00,0.0,0.0,0.0,0.0,0.020000016,32.17108455664786,0.0,15.6,0.0,32.17108455664786,0.0,0.0,0.0,0.0,13.122004160827425,13.122004160827425,0.0
2022-05-13 05:00:00,0.0,0.0,0.0,40.83459746264813,0.020000016,70.70130152124213,11.246595070605501,16.451456095956424,0.3006411280139446,70.40066039322818,0.30064112801395027,0.0,0.42522714793817895,100.00000000000189,29.509375175023106,29.383908613069046,0.12546656195405959
2022-05-13 06:00:00,0.0,0.2052518580264972,0.0,40.83459746264813,1.3082687147941545,75.83888804889047,70.55591396132806,18.904872311291502,11.728290362736843,64.11059768615362,11.728290362736843,0.0,15.464744624388555,100.0,29.600750970844263,25.059498300940746,4.541252669903518
2022-05-13 07:00:00,0.0,0.0,0.0,40.83459746264813,1.1031678281096544,114.21720088209123,207.48018371852933,23.183755741204042,60.15584795925668,54.06135292283455,60.15584795925668,0.0,52.667940988465304,100.0,40.133527940704916,19.10063726023041,21.032890680474505
2022-05-13 08:00:00,0.0,0.0,0.1728546073575712,40.83459746264813,0.020000016,116.63774959529498,332.9387865346453,27.604337079207667,94.96240493045605,21.67534466483893,94.96240493045605,0.0,81.4165270334457,100.0,38.1908002286627,7.100108854431391,31.090691374231312
2022-05-13 09:00:00,0.0,0.0,0.4000112958850796,40.83459746264813,1.1032475326058222,115.90160880988839,408.1596708330068,32.154989713531464,114.43803014066087,1.4635786692275161,114.43803014066087,0.0,98.73722316346083,100.0,36.46541258782025,0.6566085765060632,35.80880401131419
2022-05-13 10:00:00,0.0,0.0,1.9541082432431556,40.83459746264813,1.1034020058398541,119.70339986309266,489.5742430213228,34.69919509441634,135.937405861961,0.0,119.70339986309266,16.23400599886834,100.0,88.05773444334129,37.67600693422421,0.19866798808783834,37.47733894613637
2022-05-13 11:00:00,0.0,0.0,9.130705900862786,40.83459746264813,1.1032486724337718,125.59560088880019,662.3799037830998,40.699371993221874,179.68429275693,0.0,125.59560088880019,54.088691868129814,100.0,69.89792984226011,40.19455948338301,0.1986403803445754,39.99591910303843
2022-05-13 12:00:00,0.0,0.0,7.165865766622722,40.83459746264813,1.1031839666221537,121.06196749073595,692.9530525291856,42.254782891537054,186.829361559399,0.0,121.06196749073595,65.76739406866304,100.0,64.79814868512865,40.86092237082479,0.19862873003639786,40.66229364078839
2022-05-13 13:00:00,0.0,0.0,19.545263111195876,40.83459746264813,0.020000016,94.34239909483424,593.1612321234057,38.536288503856426,162.27451766139896,0.0,94.34239909483424,67.93211856656472,100.0,58.137531668212084,30.851678667192026,0.0036010111631256747,30.8480776560289
2022-05-13 14:00:00,0.0,0.0,10.46731349764829,40.83459746264813,1.1030611188052826,83.98005284937457,462.1981210713541,33.843691283479814,128.75737891434738,0.0,83.98005284937457,44.77732606497281,100.0,65.2234874284294,27.819226093131146,0.19860661123609696,27.620619481895048
2022-05-13 15:00:00,0.0,0.0,0.058845507171029626,40.83459746264813,0.020000016,73.89268401687532,362.4955314816765,29.12798535880239,102.80417453835904,0.0,73.89268401687532,28.911490521483714,100.0,71.87712400657811,24.168356001781774,0.0036010111631256747,24.164754990618647
2022-05-13 16:00:00,0.0,0.0,0.0,40.83459746264813,1.1028952952679936,63.05960080236413,184.95534457957416,23.579854518111695,53.547033461273436,9.512567341090694,53.547033461273436,0.0,84.91495788103045,100.0,21.416240636611,3.3992702878963246,18.016970348714676
2022-05-13 17:00:00,0.0,0.0,0.0,0.0,0.020000016,20.298408391847865,126.54731312004091,21.15460353500128,36.96417334223724,0.0,20.298408391847865,16.665764950389374,100.0,54.913735534980354,7.216132972996467,0.0036010111631256747,7.212531961833342
2022-05-13 18:00:00,0.0,0.0,0.0,0.0,1.1029911492695534,29.202915515447863,11.097023248086547,17.546781976502704,0.291547822455925,28.911367692991938,0.29154782245592514,0.0,0.998351764917791,100.00000000000007,11.57502779596766,11.461450968512617,0.11357682745504327
2022-05-13 19:00:00,0.0,0.0,0.0,0.0,0.020000016,38.10742263904787,0.0,17.2,0.0,38.10742263904787,0.0,0.0,0.0,0.0,15.334598213078474,15.334598213078474,0.0
2022-05-13 20:00:00,0.0,0.0,0.0,0.0,1.1030405146545632,38.10742263904787,0.0,16.7,0.0,38.10742263904787,0.0,0.0,0.0,0.0,15.012482378153697,15.012482378153697,0.0
2022-05-13 21:00:00,0.0,0.0,0.0,0.0,0.020000016,38.10742263904787,0.0,16.7,0.0,38.10742263904787,0.0,0.0,0.0,0.0,14.072480375273207,14.072480375273207,0.0
2022-05-13 22:00:00,0.0,0.0,0.0,0.0,0.020000016,38.10742263904787,0.0,16.7,0.0,38.10742263904787,0.0,0.0,0.0,0.0,14.277498309071285,14.277498309071285,0.0
2022-05-13 23:00:00,0.0,0.0,0.0,0.0,1.102894416092617,38.10742263904787,0.0,16.7,0.0,38.10742263904787,0.0,0.0,0.0,0.0,13.787492972314924,13.787492972314924,0.0
2022-05-14 00:00:00,0.0,0.0,0.0,0.0,0.020000016,38.10742263904787,0.0,16.7,0.0,38.10742263904787,0.0,0.0,0.0,0.0,13.504679777951395,13.504679777951395,0.0
2022-05-14 01:00:00,0.0,0.0,0.0,0.0,0.020000016,38.10742263904787,0.0,16.1,0.0,38.10742263904787,0.0,0.0,0.0,0.0,13.779243758065736,13.779243758065736,0.0
2022-05-14 02:00:00,0.0,0.0,0.0,0.0,1.1028208336448957,38.10742263904787,0.0,16.1,0.0,38.10742263904787,0.0,0.0,0.0,0.0,13.927333964850044,13.927333964850044,0.0
2022-05-14 03:00:00,0.0,0.0,0.0,0.0,0.020000016,38.10742263904787,0.0,15.6,0.0,38.10742263904787,0.0,0.0,0.0,0.0,13.822686219874248,13.822686219874248,0.0
2022-05-14 04:00:00,0.0,0.0,0.0,0.0,1.1029102213281792,32.17108455664786,0.0,15.0,0.0,32.17108455664786,0.0,0.0,0.0,0.0,12.122148511313254,12.122148511313254,0.0
2022-05-14 05:00:00,0.0,0.0,0.0,0.0,0.020000016,20.298408391847865,26.026017130933575,16.413313035341673,1.6102047582386017,18.688203633609263,1.610204758238602,0.0,7.9326650994236765,100.00000000000003,7.662596465575161,7.055034006196572,0.6075624593785891
2022-05-14 06:00:00,0.0,0.0,0.0,1.012285710315252,0.020000016,21.31069410216312,161.34123692527888,21.741913653914963,47.02642345304633,0.0,21.31069410216312,25.71572935088321,100.0,45.31642539952213,7.453713115808842,0.0036010111631256747,7.450112104645717
2022-05-14 07:00:00,0.0,0.0,0.0,3.7904576683436173,1.1028879224451387,24.088866060191485,269.8631297381845,26.233222804318267,77.36594822937347,0.0,24.088866060191485,53.27708216918199,100.0,31.136264224117248,7.929415211856983,0.19857542715972967,7.730839784697253
2022-05-14 08:00:00,0.0,0.0,0.0,4.237110526318748,0.020000016,24.53551891816661,352.98523566888844,30.430788614652762,99.61700524777363,0.0,24.53551891816661,75.08148632960703,100.0,24.629849950960015,7.52067061971642,0.0036010111631256747,7.517069608553295
2022-05-14 09:00:00,0.0,0.0,0.0,3.944599686531548,0.020000016,24.243008078379415,419.6515489841437,33.11411090575449,117.23117238901335,0.0,24.243008078379415,92.98816431063393,100.0,20.6796601828162,7.492993496816878,0.0036010111631256747,7.489392485653752
2022-05-14 10:00:00,0.0,0.0,0.0,4.237110526318746,1.1029685528497708,24.53551891816661,576.7230989935297,38.0225968435478,158.09313573558114,0.0,24.53551891816661,133.55761681741453,100.0,15.519661118749342,7.904215016136879,0.19858994469747404,7.705625071439405
2022-05-14 11:00:00,0.0,0.0,0.0,2.273452831710172,0.020000016,22.571861223558038,697.3183977300052,41.791199929062664,188.35078780718268,0.0,22.571861223558038,165.77892658362464,100.0,11.98394840093006,7.145676480215241,0.0036010111631256747,7.1420754690521155
2022-05-14 12:00:00,0.0,0.0,0.0,1.7205646964328305,0.020000016,22.018973088280696,721.082071841473,42.53381474504603,194.19891546988694,0.0,22.018973088280696,172.17994238160625,100.0,11.33836048208777,7.115949508408672,0.0036010111631256747,7.112348497245547
2022-05-14 13:00:00,0.0,0.0,0.0,5.704531015356108,1.1029096271339032,26.00293940720397,671.6624350726331,40.98945109601979,181.99475554628492,0.0,26.00293940720397,155.99181613908095,100.0,14.28774105558822,8.490916712055276,0.19857933509793,8.292337376957345
2022-05-14 14:00:00,0.0,0.0,0.0,6.099853042602957,0.020000016,26.398261434450824,582.1564763537116,37.59238988605348,159.84942723401608,0.0,26.398261434450824,133.45116579956525,100.0,16.514454816159173,8.458964148617723,0.0036010111631256747,8.455363137454597
2022-05-14 15:00:00,0.0,0.0,0.25501920604386225,4.340177474007981,1.1028776699092757,24.893605071899707,451.2330615728884,32.401033174152765,126.39645371473321,0.0,24.893605071899707,101.5028486428335,100.0,19.69486037011972,8.331438826201394,0.1985735811864018,8.132865245014992
2022-05-14 16:00:00,0.0,0.0,0.4935686035896584,5.425221842509977,0.020000016,26.217198837947503,293.62466869908747,26.975770896846484,83.94571264940458,0.0,26.217198837947503,57.72851381145708,100.0,31.231134992495008,8.977748173392555,0.0036010111631256747,8.97414716222943
2022-05-14 17:00:00,0.0,0.0,0.0,4.340177474007981,0.020000016,24.63858586585585,145.9132972368305,21.759790538650954,42.52683425124417,0.0,24.63858586585585,17.88824838538832,100.0,57.936562407381686,8.538283962166261,0.0036010111631256747,8.534682951003136
2022-05-14 18:00:00,0.0,0.0,0.0,2.1700887370039905,1.1029373338264166,31.37300425245186,15.930606040668847,16.597831438770903,0.6028965695591839,30.770107682892675,0.602896569559185,0.0,1.9217049304803748,100.00000000000017,11.855851513782929,11.631833235431824,0.22401827835110488
2022-05-14 19:00:00,0.0,0.0,0.0,0.0,0.020000016,38.10742263904787,0.0,15.6,0.0,38.10742263904787,0.0,0.0,0.0,0.0,15.112050864866436,15.112050864866436,0.0
2022-05-14 20:00:00,0.0,0.0,0.0,0.0,0.020000016,38.10742263904787,0.0,16.1,0.0,38.10742263904787,0.0,0.0,0.0,0.0,15.210368015275176,15.210368015275176,0.0
2022-05-14 21:00:00,0.0,0.0,0.0,0.0,1.1028714367919934,38.10742263904787,0.0,16.1,0.0,38.10742263904787,0.0,0.0,0.0,0.0,15.137063207644207,15.137063207644207,0.0
2022-05-14 22:00:00,0.0,0.0,0.0,0.0,0.020000016,38.10742263904787,0.0,15.6,0.0,38.10742263904787,0.0,0.0,0.0,0.0,14.580261781938521,14.580261781938521,0.0
2022-05-14 23:00:00,0.0,0.0,0.0,0.0,0.020000016,43.46825895116388,0.0,15.6,0.0,43.46825895116388,0.0,0.0,0.0,0.0,16.347883718095503,16.347883718095503,0.0
2022-05-15 00:00:00,0.0,0.0,0.0,0.0,1.102902647088972,43.46825895116388,0.0,16.0,0.0,43.46825895116388,0.0,0.0,0.0,0.0,16.75737664319432,16.75737664319432,0.0
2022-05-15 01:00:00,0.0,0.0,0.0,0.0,0.020000016,43.46825895116388,0.0,15.0,0.0,43.46825895116388,0.0,0.0,0.0,0.0,16.73105642075001,16.73105642075001,0.0
2022-05-15 02:00:00,0.0,0.0,0.0,0.0,0.020000016,43.46825895116388,0.0,15.0,0.0,43.46825895116388,0.0,0.0,0.0,0.0,16.76713507567948,16.76713507567948,0.0
2022-05-15 03:00:00,0.0,0.0,0.0,0.0,1.1027630494903031,43.46825895116388,0.0,15.6,0.0,43.46825895116388,0.0,0.0,0.0,0.0,17.01229284733745,17.01229284733745,0.0
2022-05-15 04:00:00,0.0,0.0,0.0,0.0,0.020000016,38.77121118219399,0.0,15.6,0.0,38.77121118219399,0.0,0.0,0.0,0.0,14.783768281983207,14.783768281983207,0.0
2022-05-15 05:00:00,0.0,0.0,0.0,40.83459746264813,1.1029527436201416,70.70130152124213,21.016814549414,16.25677545466919,1.0506140198110627,69.65068750143107,1.0506140198110643,0.0,1.485989645459933,100.00000000000016,27.486461433377748,27.08096644629147,0.4054949870862785
2022-05-15 06:00:00,0.0,0.0,0.0,40.83459746264813,0.020000016,98.76960946899328,171.28536811116584,21.452667753473932,49.977651086468214,48.79195838252507,49.977651086468214,0.0,50.60023154405373,100.0,35.49497862970383,17.536259376547772,17.958719253156058
2022-05-15 07:00:00,0.0,0.0,2.3799405785796472,40.83459746264813,2.1873904403124698,189.36061523496673,266.1184019682355,25.31620006150736,76.55243309120858,112.80818214375815,76.55243309120858,0.0,40.42679783027693,100.0,67.97759093504733,40.65564480262953,27.3219461324178
2022-05-15 08:00:00,0.0,0.0,7.699896061302576,40.83459746264813,1.1037753133861632,186.33199261026107,354.6708335846697,29.983463549520927,100.26176361150365,86.07022899875741,100.26176361150365,0.0,53.808131500646205,100.0,63.96713303327579,29.654549672510896,34.3125833607649
2022-05-15 09:00:00,0.0,0.0,16.487983434885884,40.83459746264813,1.1038053320914425,193.19348503597627,428.14752431770614,31.679610134928318,120.25902174042274,72.93446329555353,120.25902174042274,0.0,62.2479695513688,100.0,62.758654931496295,23.816378511512603,38.94227641998369
2022-05-15 10:00:00,0.0,0.0,29.41061907188473,40.83459746264813,2.188078666059516,208.0427156208432,580.9514649445359,37.054733279516746,159.8513960445142,48.19131957632902,159.8513960445142,0.0,76.83585342917873,100.0,65.77658892168279,15.5392914297931,50.23729749188969
2022-05-15 11:00:00,0.0,0.0,36.645218180425175,40.83459746264813,2.188571493221914,214.73296578693808,699.02361795395,41.244488061060935,189.21861473293885,25.514351053999235,189.21861473293885,0.0,88.1181024252629,100.0,67.87281403739333,8.411810450640964,59.46100358675236
2022-05-15 12:00:00,0.0,0.0,21.341977947530324,40.83459746264813,1.1042315676608772,201.57957028637892,725.7377338628007,41.57930418321252,196.1909266375002,5.388643648878713,196.1909266375002,0.0,97.32679078478876,100.0,65.16388126293144,1.9354694261978798,63.228411836733564
2022-05-15 13:00:00,0.0,0.0,16.39213837043019,40.83459746264813,1.1036584491676975,193.09763997152055,676.388703043565,40.53714697011141,183.60139550329575,9.496244468224802,183.60139550329575,0.0,95.08215404930615,100.0,63.72011380584662,3.322598741082445,60.39751506476418
2022-05-15 14:00:00,0.0,0.0,33.16142097904296,40.83459746264813,2.1872864113798762,209.86692258013332,576.0619794855919,36.90193685892474,158.59982656826855,51.267096011864766,158.59982656826855,0.0,75.57161682194607,100.0,71.25328956411536,17.703644121605162,53.5496454425102
2022-05-15 15:00:00,0.0,0.0,41.03200591261297,40.83459746264813,1.1039472871654994,220.62739993550554,445.6091729850259,32.22528665578206,124.90457850528585,95.72282143021968,124.90457850528585,0.0,56.61335742604877,100.0,79.10725889014958,34.434511864841554,44.67274702530803
2022-05-15 16:00:00,0.0,0.0,39.145964688484405,40.83459746264813,1.103430116604282,201.68827150838908,293.60278924959874,26.97508716404996,83.93967134732362,117.74860016106545,83.93967134732362,0.0,41.618518875467785,100.0,72.57350083887049,42.452169474240144,30.121331364630343
2022-05-15 17:00:00,0.0,0.0,18.953751797064225,40.83459746264813,1.103286268651829,137.88959067531542,154.37081992886874,21.524088122777147,45.03057511244315,92.85901556287226,45.03057511244316,0.0,32.6569793208505,100.00000000000003,51.88724966215457,35.00731342837969,16.879936233774878
2022-05-15 18:00:00,0.0,0.0,5.570900593383401,40.83459746264813,0.020000016,130.84245333141038,17.526967102142937,16.64771772194197,0.729649028279018,130.11280430313136,0.7296490282790273,0.0,0.557654652371048,100.0000000000013,51.10608379654542,50.82110842381562,0.28497537272979656
2022-05-15 19:00:00,0.0,0.0,0.993467901934866,40.83459746264813,1.103144165396346,112.97885403292548,0.0,15.6,0.0,112.97885403292548,0.0,0.0,0.0,0.0,44.948980751980834,44.948980751980834,0.0
2022-05-15 20:00:00,0.0,0.0,0.0,40.83459746264813,1.1030000276335163,110.70098949907849,0.0,15.0,0.0,110.70098949907849,0.0,0.0,0.0,0.0,41.996521721859885,41.996521721859885,0.0
2022-05-15 21:00:00,0.0,0.0,0.0,0.0,0.020000016,47.675718305793986,0.0,16.1,0.0,47.675718305793986,0.0,0.0,0.0,0.0,16.934678853099744,16.934678853099744,0.0
2022-05-15 22:00:00,0.0,0.0,0.0,0.0,0.020000016,43.46825895116388,0.0,15.6,0.0,43.46825895116388,0.0,0.0,0.0,0.0,15.468955522102966,15.468955522102966,0.0
2022-05-15 23:00:00,0.0,0.0,0.0,0.0,1.102790490773226,43.46825895116388,0.0,14.4,0.0,43.46825895116388,0.0,0.0,0.0,0.0,15.857998171703644,15.857998171703644,0.0
2022-05-16 00:00:00,0.0,0.0,0.0,0.0,0.020000016,43.46825895116388,0.0,14.4,0.0,43.46825895116388,0.0,0.0,0.0,0.0,15.6326135170541,15.6326135170541,0.0
2022-05-16 01:00:00,0.0,0.0,0.0,0.0,0.020000016,43.46825895116388,0.0,15.0,0.0,43.46825895116388,0.0,0.0,0.0,0.0,15.635221612591167,15.635221612591167,0.0
2022-05-16 02:00:00,0.0,0.0,0.0,0.0,1.102876720443214,43.46825895116388,0.0,14.4,0.0,43.46825895116388,0.0,0.0,0.0,0.0,15.839539687337188,15.839539687337188,0.0
2022-05-16 03:00:00,0.0,0.0,0.0,0.0,0.020000016,43.46825895116388,0.0,14.4,0.0,43.46825895116388,0.0,0.0,0.0,0.0,15.720636741430205,15.720636741430205,0.0
2022-05-16 04:00:00,0.0,0.0,0.0,0.0,1.1029462497743352,38.77121118219399,0.0,13.9,0.0,38.77121118219399,0.0,0.0,0.0,0.0,13.983883920904487,13.983883920904487,0.0
2022-05-16 05:00:00,0.0,0.0,0.1445830154612132,40.83459746264813,0.020000016,70.84588453670335,51.02875083751252,15.994648463672267,6.199363478756708,64.64652105794664,6.199363478756709,0.0,8.750492028291333,100.00000000000003,25.31471017959113,23.099863589535722,2.2148465900554086
2022-05-16 06:00:00,0.0,0.0,0.6107334447777197,40.83459746264813,1.103247555366542,99.380342913771,161.98596673224287,21.162061460382592,47.31443361079449,52.065909302976515,47.31443361079449,0.0,47.60944893483376,100.0,34.3899502569845,18.111655945358713,16.278294311625785
2022-05-16 07:00:00,0.0,0.0,9.14259739475783,40.83459746264813,1.1036721452989875,196.12327205114494,268.6726386542029,25.096019957943838,77.35022965237974,118.7730423987652,77.35022965237974,0.0,39.43959778124055,100.0,63.14742264070507,38.320706180329,24.82671646037607
2022-05-16 08:00:00,0.0,0.0,22.53341060916835,40.83459746264813,1.1037948647490006,201.16550715812687,352.1426091045928,29.304456534518526,99.80185353168237,101.3636536264445,99.80185353168237,0.0,49.61181215487045,100.0,61.300749866706575,30.986934874993374,30.3138149917132
2022-05-16 09:00:00,0.0,0.0,36.77526944463695,40.83459746264813,1.1037997215379887,213.48077104572732,417.5614185960242,32.448794331125754,116.94332183714067,96.53744920858665,116.94332183714067,0.0,54.77932333872428,100.0,61.8914802176135,28.096614356507402,33.794865861106096
2022-05-16 10:00:00,0.0,0.0,47.88085578342926,40.83459746264813,2.1880263955102484,226.51295233238778,550.2000113774068,36.59375035554396,151.66026706768028,74.8526852647075,151.66026706768028,0.0,66.95434654223756,100.0,66.03627607977258,22.08588898489417,43.95038709487841
2022-05-16 11:00:00,0.0,0.0,55.00153386866334,40.83459746264813,2.188558536855902,233.08928147517628,699.5679078680218,41.86149712087568,188.90599319707368,44.183288278102594,188.90599319707368,0.0,81.04447875145728,100.0,67.73121339624157,13.158161021538966,54.573052374702606
2022-05-16 12:00:00,0.0,0.0,67.08842357064026,40.83459746264813,1.104184330830837,247.3260159094889,640.0387510933194,39.40121097166623,174.50917017999373,72.81684572949516,174.50917017999373,0.0,70.55835575496306,100.0,72.8248567877683,21.58111151026404,51.24374527750426
2022-05-16 13:00:00,0.0,0.0,73.86109847494832,40.83459746264813,2.187377059932389,250.5666000760387,583.3472940882747,38.22960294025859,159.7803026985057,90.786297377533,159.7803026985057,0.0,63.767598175502094,100.0,77.42302234084437,28.303361685269753,49.11966065557462
2022-05-16 14:00:00,0.0,0.0,77.47176948811118,40.83459746264813,1.1036035574672993,254.17727108920153,513.3594202548223,35.44248188296319,142.1351016211072,112.04216946809433,142.1351016211072,0.0,55.91967409675509,100.0,77.3084630078729,34.18893722907761,43.11952577879529
2022-05-16 15:00:00,0.0,0.0,80.97632599843658,40.83459746264813,1.1039364317000895,260.57172002132916,411.82600191933545,32.269562559979235,115.41570072354838,145.15601929778077,115.41570072354838,0.0,44.29325665659382,100.0,83.5791089013104,46.64723882678216,36.93187007452825
2022-05-16 16:00:00,0.0,0.0,77.14047162222523,40.83459746264813,1.10343994507613,239.68277844212992,279.5291197301328,27.63528499156665,79.71942407690574,159.96335436522418,79.71942407690574,0.0,33.260388833548824,100.0,77.98172849299525,52.110782394437415,25.87094609855783
2022-05-16 17:00:00,0.0,0.0,62.41018999485829,40.83459746264813,1.1032919847169809,181.34602887310945,153.17609262987227,21.98675289468351,44.60655026172635,136.7394786113831,44.60655026172634,0.0,24.597478389194954,99.99999999999999,60.824439091308314,45.91202327331058,14.912415817997733
2022-05-16 18:00:00,0.0,0.0,48.19034560986696,40.83459746264813,0.020000016,173.46189834789394,18.604084941660673,17.281377654426894,0.8202160621895407,172.6416822857044,0.8202160621895302,0.0,0.47285085082172384,99.99999999999872,62.58345007813283,62.28754072937671,0.2959093487561191
2022-05-16 19:00:00,0.0,0.0,29.604660923439134,40.83459746264813,1.1031929314382893,141.59004705442968,0.0,16.7,0.0,141.59004705442968,0.0,0.0,0.0,0.0,54.52743934917519,54.52743934917519,0.0
2022-05-16 20:00:00,0.0,0.0,16.61286033205381,40.83459746264813,1.1029177837072424,127.31384983113232,0.0,16.1,0.0,127.31384983113232,0.0,0.0,0.0,0.0,46.76998707192053,46.76998707192053,0.0
2022-05-16 21:00:00,0.0,0.0,0.0,0.0,0.020000016,47.675718305793986,0.0,16.7,0.0,47.675718305793986,0.0,0.0,0.0,0.0,17.505833958403155,17.505833958403155,0.0
2022-05-16 22:00:00,0.0,0.0,0.0,0.0,0.020000016,43.46825895116388,0.0,16.1,0.0,43.46825895116388,0.0,0.0,0.0,0.0,15.07839321542676,15.07839321542676,0.0
2022-05-16 23:00:00,0.0,0.0,0.0,0.0,1.102841984198663,43.46825895116388,0.0,16.1,0.0,43.46825895116388,0.0,0.0,0.0,0.0,15.2485824526209,15.2485824526209,0.0
2022-05-17 00:00:00,0.0,0.0,0.0,0.0,0.020000016,43.46825895116388,0.0,16.1,0.0,43.46825895116388,0.0,0.0,0.0,0.0,14.42180516396943,14.42180516396943,0.0
2022-05-17 01:00:00,0.0,0.0,0.0,0.0,0.020000016,43.46825895116388,0.0,15.0,0.0,43.46825895116388,0.0,0.0,0.0,0.0,14.4076779798103,14.4076779798103,0.0
2022-05-17 02:00:00,0.0,0.0,0.0,0.0,1.102925383459553,43.46825895116388,0.0,14.4,0.0,43.46825895116388,0.0,0.0,0.0,0.0,14.591792075940273,14.591792075940273,0.0
2022-05-17 03:00:00,0.0,0.0,0.0,0.0,0.020000016,43.46825895116388,0.0,15.0,0.0,43.46825895116388,0.0,0.0,0.0,0.0,14.761509607672775,14.761509607672775,0.0
2022-05-17 04:00:00,0.0,0.0,0.0,0.0,1.1029971938865437,38.77121118219399,0.0,15.0,0.0,38.77121118219399,0.0,0.0,0.0,0.0,13.635533760940978,13.635533760940978,0.0
2022-05-17 05:00:00,0.0,0.0,0.328631752252681,40.83459746264813,0.020000016,71.0299332734948,54.319449388046685,17.29748279337646,6.9919320506092975,64.03800122288551,6.991932050609293,0.0,9.843641586551186,99.99999999999993,25.0508863813956,22.585321382389246,2.4655649990063537
2022-05-17 06:00:00,0.0,0.0,3.898996962631359,40.83459746264813,1.1032631372279147,102.66860643162462,172.211515024669,23.181609844520906,49.93060654135258,52.73799989027204,49.93060654135258,0.0,48.63278881125696,100.0,35.261512110233035,18.209461017263006,17.05205109297003
2022-05-17 07:00:00,0.0,0.0,22.910952946486656,40.83459746264813,1.1036836650290287,209.8916276028737,270.15586330617754,27.842370728318045,76.98663238169698,132.90499522117673,76.98663238169698,0.0,36.6792297820282,100.0,69.51962654934259,44.09325147263953,25.42637507670306
2022-05-17 08:00:00,0.0,0.0,39.64034568623612,40.83459746264813,1.1038093452898108,218.27244223519457,357.7645334981787,31.180141671818085,100.68010621636243,117.59233601883214,100.68010621636243,0.0,46.12588982161882,100.0,70.0437401205644,37.82711293239059,32.2166271881738
2022-05-17 09:00:00,0.0,0.0,58.13524959837487,40.83459746264813,1.103880999422135,234.84075119946522,426.1279507115203,34.41649845973501,118.44898787602874,116.39176332343648,118.44898787602874,0.0,50.43800416709724,100.0,70.99502129142748,35.28679716138047,35.70822413004701
2022-05-17 10:00:00,0.0,0.0,66.09128169766201,40.83459746264813,2.188080335118921,244.7233782466205,588.7090602701527,40.09715813344227,160.077333684512,84.6460445621085,160.077333684512,0.0,65.41154132123566,100.0,69.38148509817947,24.255684732515526,45.12580036566394
2022-05-17 11:00:00,0.0,0.0,73.31453847163365,40.83459746264813,2.188577389247329,251.40228607814657,698.0747728212178,44.01483665066306,186.9009969753171,64.50128910282947,186.9009969753171,0.0,74.34339595353572,100.0,71.01169941317977,18.512143867798077,52.499555545381696
2022-05-17 12:00:00,0.0,0.0,83.55367928776221,40.83459746264813,1.104189439037647,263.7912716266108,717.6730615504496,44.627283173451545,191.67982953175232,72.11144209485849,191.67982953175232,0.0,72.66344650063698,100.0,74.00628861052876,20.375230706692122,53.631057903836634
2022-05-17 13:00:00,0.0,0.0,89.9937785650556,40.83459746264813,2.1873520118862433,266.69928016614597,684.2381001369002,43.58244062927814,183.51166717733454,83.18761298881142,183.51166717733454,0.0,68.80845987398693,100.0,72.22928474830891,22.80041719409384,49.428867554215074
2022-05-17 14:00:00,0.0,0.0,96.6259017029496,40.83459746264813,1.1036345975746338,273.3314033040399,586.0910771995106,40.015346162484704,159.4165661838726,113.9148371201673,159.4165661838726,0.0,58.32354579709443,100.0,75.95797492010672,31.772485270922775,44.18548964918395
2022-05-17 15:00:00,0.0,0.0,100.40806888003867,40.83459746264813,1.103928968655241,280.0034629029313,461.5768159120585,35.524275497251836,127.7576922496286,152.24577065330269,127.7576922496286,0.0,45.62718293734757,100.0,78.75373438537835,42.911313824745044,35.84242056063331
2022-05-17 16:00:00,0.0,0.0,95.16054937041181,40.83459746264813,1.1034236262466417,257.7028561903164,304.5478215002359,30.11711942188237,86.04913348303485,171.6537227072816,86.04913348303484,0.0,33.39083421702031,99.99999999999999,76.45036999900375,50.98929189270858,25.461078106295176
2022-05-17 17:00:00,0.0,0.0,79.64417035030093,40.83459746264813,1.1032732208555744,198.58000922855214,151.51483736245848,23.634838667576826,43.85668420578362,154.7233250227685,43.85668420578364,0.0,22.085145617707955,100.00000000000003,60.103283284229256,46.87325664329154,13.230026640937716
2022-05-17 18:00:00,0.0,0.0,67.46779583287777,40.83459746264813,0.020000016,192.73934857090475,20.017297093065096,18.925540534158284,0.9439440539409416,191.7954045169638,0.9439440539409532,0.0,0.4897516054401813,100.00000000000122,62.29406737905098,61.98899881997807,0.3050685590729074
2022-05-17 19:00:00,0.0,0.0,50.17943790128635,40.83459746264813,1.1031493998741995,162.16482403227695,0.0,18.3,0.0,162.16482403227695,0.0,0.0,0.0,0.0,55.08087472764275,55.08087472764275,0.0
2022-05-17 20:00:00,0.0,0.0,39.949254822718316,40.83459746264813,1.1028976036791152,150.65024432179683,0.0,17.2,0.0,150.65024432179683,0.0,0.0,0.0,0.0,51.40082895914061,51.40082895914061,0.0
2022-05-17 21:00:00,0.0,0.0,0.0,0.0,0.020000016,47.675718305793986,0.0,17.2,0.0,47.675718305793986,0.0,0.0,0.0,0.0,15.983309894307624,15.983309894307624,0.0
2022-05-17 22:00:00,0.0,0.0,0.0,0.0,0.020000016,43.46825895116388,0.0,16.7,0.0,43.46825895116388,0.0,0.0,0.0,0.0,13.807163982399974,13.807163982399974,0.0
2022-05-17 23:00:00,0.0,0.0,0.0,0.0,1.1028277236321022,43.46825895116388,0.0,16.7,0.0,43.46825895116388,0.0,0.0,0.0,0.0,13.745012807879224,13.745012807879224,0.0
2022-05-18 00:00:00,0.0,0.0,0.0,0.0,0.020000016,43.46825895116388,0.0,16.1,0.0,43.46825895116388,0.0,0.0,0.0,0.0,13.40638663487024,13.40638663487024,0.0
2022-05-18 01:00:00,0.0,0.0,0.0,0.0,0.020000016,43.46825895116388,0.0,16.1,0.0,43.46825895116388,0.0,0.0,0.0,0.0,13.73131187053019,13.73131187053019,0.0
2022-05-18 02:00:00,0.0,0.0,0.0,0.0,1.1029203588764585,43.46825895116388,0.0,15.6,0.0,43.46825895116388,0.0,0.0,0.0,0.0,14.106250718777506,14.106250718777506,0.0
2022-05-18 03:00:00,0.0,0.0,0.0,0.0,0.020000016,43.46825895116388,0.0,15.6,0.0,43.46825895116388,0.0,0.0,0.0,0.0,13.849980217466868,13.849980217466868,0.0
2022-05-18 04:00:00,0.0,0.0,0.0,0.0,1.1029167865106386,38.77121118219399,0.0,15.0,0.0,38.77121118219399,0.0,0.0,0.0,0.0,12.755606645779753,12.755606645779753,0.0
2022-05-18 05:00:00,0.0,0.0,7.73162339827249,40.83459746264813,0.020000016,78.43292491951462,33.37494693009671,17.142967091565524,2.6410035875424303,75.79192133197219,2.6410035875424285,0.0,3.367212927801102,99.99999999999993,25.18841320281927,24.340386950859397,0.8480262519598725
2022-05-18 06:00:00,0.0,0.0,15.290580300401524,40.83459746264813,1.1032642745131067,114.06018976939481,170.05574817655935,22.51424213051748,49.42650315150653,64.63368661788829,49.42650315150652,0.0,43.33370236489724,99.99999999999999,33.442055798744384,19.036454322722054,14.40560147602233
2022-05-18 07:00:00,0.0,0.0,50.767900133419104,40.83459746264813,1.1036778479124212,237.74857478980618,255.53818403749148,26.885568251171605,73.08155396056142,164.66702082924476,73.08155396056142,0.0,30.739008225463778,100.0,61.933701326362254,42.95697961719307,18.976721709169183
2022-05-18 08:00:00,0.0,0.0,68.51497335757438,40.83459746264813,1.1037558805679994,247.1470699065329,367.9170246468365,32.097407020213645,103.17754777379719,143.9695221327357,103.17754777379719,0.0,41.7474290966983,100.0,61.48873356950028,35.901733497076314,25.58700007242397
2022-05-18 09:00:00,0.0,0.0,77.90807370594881,40.83459746264813,1.103781406072915,254.61357530703918,425.16854398202065,34.38651699943815,118.19588902527752,136.41768628176166,118.19588902527752,0.0,46.42167601737056,100.0,63.0271821420219,33.86116456614442,29.166017575877483
2022-05-18 10:00:00,0.0,0.0,85.82648013476962,40.83459746264813,2.1879921758248515,264.4585766837282,592.9570073070366,39.62990647834489,161.52763873694,102.93093794678822,161.52763873694,0.0,61.07861607760009,100.0,66.66859050716542,26.18895660149459,40.47963390567083
2022-05-18 11:00:00,0.0,0.0,86.90647611160166,40.83459746264813,2.188523525303598,264.9942237181146,710.4501811330409,43.301568160407534,190.75434543333907,74.23987828477553,190.75434543333907,0.0,71.98434092520161,100.0,68.06164456457257,19.351568686442274,48.7100758781303
2022-05-18 12:00:00,0.0,0.0,94.0732839423016,40.83459746264813,1.1041625282814462,274.31087628115023,727.4350998344075,44.43234686982524,194.43823097728762,79.87264530386261,194.43823097728762,0.0,70.8824358746904,100.0,72.55378475714738,21.266812572268233,51.28697218487915
2022-05-18 13:00:00,0.0,0.0,98.19057866286668,40.83459746264813,2.1873532361866035,274.89608026395706,686.5608038824181,42.05502512132557,185.2520689093102,89.64401135464686,185.2520689093102,0.0,67.38985464304544,100.0,73.11896637022443,24.10960527992187,49.00936109030256
2022-05-18 14:00:00,0.0,0.0,102.42489993271228,40.83459746264813,1.1036059169787704,279.1304015338027,566.3372505501438,38.298039079691996,155.07990819554968,124.050493338253,155.07990819554968,0.0,55.55822918012372,100.0,72.43207001129028,32.300491368445954,40.131578642844325
2022-05-18 15:00:00,0.0,0.0,106.33784949155242,40.83459746264813,1.1039136052931524,285.93324351444494,433.488583512475,33.54651823476485,120.89685790176004,165.0363856126849,120.89685790176003,0.0,42.28149774255,99.99999999999999,78.01978132289018,45.115887992057665,32.90389333083252
2022-05-18 16:00:00,0.0,0.0,101.02695941822576,40.83459746264813,1.1034536274264495,263.5692662381304,271.8782823461626,27.396196323317582,77.60673489776713,185.96253134036328,77.60673489776713,0.0,29.444531225294963,100.0,76.5639186360806,54.07853130047604,22.485387335604564
2022-05-18 17:00:00,0.0,0.0,81.67020962576365,40.83459746264813,1.103330163749356,200.6060485040148,159.4760093392848,22.78362529185265,46.30573616711371,154.3003123369011,46.30573616711371,0.0,23.082921234145626,100.0,61.85592709084117,47.623627551197934,14.232299539643236
2022-05-18 18:00:00,0.0,0.0,65.43875009893337,40.83459746264813,0.020000016,190.71030283696038,22.427119288265278,17.90084747775829,1.1892954781619511,189.52100735879844,1.189295478161938,0.0,0.6236136488014888,99.9999999999989,65.79293418082936,65.38266291972784,0.4102712611015278
2022-05-18 19:00:00,0.0,0.0,49.768350275799754,40.83459746264813,1.1032200614578527,161.75373640679038,0.0,17.2,0.0,161.75373640679038,0.0,0.0,0.0,0.0,60.763277983039,60.763277983039,0.0
2022-05-18 20:00:00,0.0,0.0,41.20779768410624,40.83459746264813,1.1029574022259663,151.90878718318476,0.0,17.2,0.0,151.90878718318476,0.0,0.0,0.0,0.0,57.650491249703514,57.650491249703514,0.0
2022-05-18 21:00:00,0.0,0.0,0.0,0.0,0.020000016,47.675718305793986,0.0,17.2,0.0,47.675718305793986,0.0,0.0,0.0,0.0,17.399517106581236,17.399517106581236,0.0
2022-05-18 22:00:00,0.0,0.0,0.0,0.0,0.020000016,43.46825895116388,0.0,17.8,0.0,43.46825895116388,0.0,0.0,0.0,0.0,15.606315220388646,15.606315220388646,0.0
2022-05-18 23:00:00,0.0,0.0,0.0,0.0,1.102932621713377,43.46825895116388,0.0,17.8,0.0,43.46825895116388,0.0,0.0,0.0,0.0,16.695005088542935,16.695005088542935,0.0
2022-05-19 00:00:00,0.0,0.0,0.0,0.0,0.020000016,43.46825895116388,0.0,17.8,0.0,43.46825895116388,0.0,0.0,0.0,0.0,16.833858853169517,16.833858853169517,0.0
2022-05-19 01:00:00,0.0,0.0,0.0,0.0,0.020000016,43.46825895116388,0.0,17.8,0.0,43.46825895116388,0.0,0.0,0.0,0.0,17.476319720467714,17.476319720467714,0.0
2022-05-19 02:00:00,0.0,0.0,0.0,0.0,1.1028663020464684,43.46825895116388,0.0,17.2,0.0,43.46825895116388,0.0,0.0,0.0,0.0,17.658032424722478,17.658032424722478,0.0
2022-05-19 03:00:00,0.0,0.0,0.0,0.0,0.020000016,43.46825895116388,0.0,17.2,0.0,43.46825895116388,0.0,0.0,0.0,0.0,17.45371622581311,17.45371622581311,0.0
2022-05-19 04:00:00,0.0,0.0,0.0,0.0,1.1029867134908597,38.77121118219399,0.0,17.2,0.0,38.77121118219399,0.0,0.0,0.0,0.0,15.503141116587678,15.503141116587678,0.0
2022-05-19 05:00:00,0.0,0.0,1.3283440647184521,40.83459746264813,0.020000016,72.02964558596058,11.998059254736363,17.574939351710512,0.3407805358286175,71.68886505013197,0.340780535828614,0.0,0.47311149882297365,99.99999999999898,28.145943689825852,28.012799030574936,0.13314465925091667
2022-05-19 06:00:00,0.0,0.0,13.745822734803324,40.83459746264813,1.1032528452548487,112.51543220379664,50.240738496093925,18.770023078002936,5.949654569462888,106.56577763433374,5.9496545694628935,0.0,5.28785647704434,100.00000000000009,42.71203461270628,40.46398738190758,2.2480472307987043
2022-05-19 07:00:00,0.0,0.0,49.658227176320544,40.83459746264813,1.1036599935442368,236.63890183270763,80.94687758437497,20.32958992451172,15.357601843379165,221.28129998932846,15.357601843379172,0.0,6.489888908560039,100.00000000000004,87.94560243295801,82.2509268814238,5.694675551534218
2022-05-19 08:00:00,0.0,0.0,63.96920360382612,40.83459746264813,1.1037419320772175,242.60130015278463,176.14740926335156,23.30460653947974,51.0486837628713,191.55261638991334,51.04868376287129,0.0,21.042213595195914,99.99999999999999,85.14557444044517,67.2708778208758,17.874696619569377
2022-05-19 09:00:00,0.0,0.0,70.39157674639407,40.83459746264813,1.1037624292978157,247.09707834748448,280.53184003277477,27.66662000102421,79.99602460278317,167.10105374470132,79.99602460278317,0.0,32.37433042016279,100.0,82.84282170658037,56.0873513179335,26.755470388646863
2022-05-19 10:00:00,0.0,0.0,76.06420216321675,40.83459746264813,2.187942583168991,254.6962987121753,210.71060183080812,25.984706307212754,60.46355405200792,194.23274466016738,60.46355405200791,0.0,23.739471031864493,99.99999999999997,83.26574816163554,63.59241926196347,19.67332889967207
2022-05-19 11:00:00,0.0,0.0,78.3347435089528,40.83459746264813,2.1884988190414725,256.4224911154658,405.1276569414605,32.66023927942064,113.36980902197611,143.0526820934897,113.3698090219761,0.0,44.212115921971225,99.99999999999999,79.05420349324096,44.276880877659586,34.777322615581376
2022-05-19 12:00:00,0.0,0.0,87.66816634453077,40.83459746264813,1.1041881578492023,267.9057586833795,601.031958484974,39.88224870265544,163.5657241745173,104.34003450886217,163.5657241745173,0.0,61.05345587879844,100.0,80.42720755920092,31.444997969279097,48.98220958992182
2022-05-19 13:00:00,0.0,0.0,97.46478963393986,40.83459746264813,1.10363845065868,274.1702912350302,641.8745541427775,41.1585798169618,173.8077015297842,100.36258970524602,173.8077015297842,0.0,63.39406824380873,100.0,83.83298704986517,30.813816736712152,53.01917031315301
2022-05-19 14:00:00,0.0,0.0,103.34190613692394,40.83459746264813,1.1036235304403827,280.0474077380144,581.535575659789,38.772986739368406,158.9473420137406,121.10006572427378,158.9473420137406,0.0,56.75729809377009,100.0,84.0028946392847,36.43790254167283,47.56499209761188
2022-05-19 15:00:00,0.0,0.0,105.41334454983246,40.83459746264813,2.187789705351815,285.0087385727251,450.395403827553,33.47485636961103,125.64644236034644,159.36229621237868,125.64644236034644,0.0,44.08511928074987,100.0,87.44413146471464,49.067938574594024,38.37619289012062
2022-05-19 16:00:00,0.0,0.0,99.44427657154615,40.83459746264813,1.1033919942180752,261.98658339145084,297.2843225455484,27.59013507954839,84.79736591085384,177.189217480597,84.79736591085384,0.0,32.367064302736715,100.0,84.01865367575198,56.88858442623339,27.130069249518584
2022-05-19 17:00:00,0.0,0.0,82.85031019385208,40.83459746264813,1.1032863907163033,201.78614907210326,157.37278605610564,22.1178995642533,45.80668036932291,155.97946870278034,45.80668036932292,0.0,22.700606845396035,100.00000000000003,67.05947873583301,51.881664228859705,15.177814506973306
2022-05-19 18:00:00,0.0,0.0,65.42022272764773,40.83459746264813,0.020000016,190.6917754656747,21.393673396668696,16.768552293645897,1.0866327752932643,189.60514269038146,1.0866327752932534,0.0,0.5698372531482626,99.999999999999,66.35289736668997,65.97481435885445,0.37808300783552795
2022-05-19 19:00:00,0.0,0.0,47.82392274804596,40.83459746264813,1.1031989528876198,159.80930887903654,0.0,16.1,0.0,159.80930887903654,0.0,0.0,0.0,0.0,56.20300467843367,56.20300467843367,0.0
2022-05-19 20:00:00,0.0,0.0,39.87412340756041,40.83459746264813,0.020000016,150.5751129066389,0.0,16.1,0.0,150.5751129066389,0.0,0.0,0.0,0.0,51.619243964429884,51.619243964429884,0.0
2022-05-19 21:00:00,0.0,0.0,0.0,0.0,1.1029342199396495,47.675718305793986,0.0,16.1,0.0,47.675718305793986,0.0,0.0,0.0,0.0,16.652904421921466,16.652904421921466,0.0
2022-05-19 22:00:00,0.0,0.0,0.0,0.0,0.020000016,43.46825895116388,0.0,16.1,0.0,43.46825895116388,0.0,0.0,0.0,0.0,14.980589632786643,14.980589632786643,0.0
2022-05-19 23:00:00,0.0,0.0,0.0,0.0,0.020000016,38.10742263904787,0.0,16.1,0.0,38.10742263904787,0.0,0.0,0.0,0.0,13.489436808895775,13.489436808895775,0.0
2022-05-20 00:00:00,0.0,0.0,0.0,0.0,1.1028536547258394,38.10742263904787,0.0,16.1,0.0,38.10742263904787,0.0,0.0,0.0,0.0,13.80806364143904,13.80806364143904,0.0
2022-05-20 01:00:00,0.0,0.0,0.0,0.0,0.020000016,38.10742263904787,0.0,16.7,0.0,38.10742263904787,0.0,0.0,0.0,0.0,13.899282139378736,13.899282139378736,0.0
2022-05-20 02:00:00,0.0,0.0,0.0,0.0,0.020000016,38.10742263904787,0.0,15.6,0.0,38.10742263904787,0.0,0.0,0.0,0.0,13.846122284797264,13.846122284797264,0.0
2022-05-20 03:00:00,0.0,0.0,0.0,0.0,1.1027604170793333,38.10742263904787,0.0,15.6,0.0,38.10742263904787,0.0,0.0,0.0,0.0,13.863493153901988,13.863493153901988,0.0
2022-05-20 04:00:00,0.0,0.0,0.0,0.0,0.020000016,29.202915515447863,0.0,15.6,0.0,29.202915515447863,0.0,0.0,0.0,0.0,10.444373380823622,10.444373380823622,0.0
2022-05-20 05:00:00,0.0,0.0,0.2783183234906476,40.83459746264813,1.102976937740713,70.97961984473278,11.997252022851569,15.974914125714111,0.34269792722149484,70.63692191751129,0.3426979272214936,0.0,0.48281172535319566,99.99999999999964,25.713635399986654,25.590445776088345,0.12318962389830901
2022-05-20 06:00:00,0.0,0.0,8.937826689271223,40.83459746264813,0.020000016,84.77671473816171,47.235980968945164,17.576124405279536,5.281980592057514,79.49473414610421,5.281980592057508,0.0,6.2304615228028615,99.99999999999987,29.22316739639163,27.402653555630128,1.8205138407615031
2022-05-20 07:00:00,0.0,0.0,41.953568241388304,40.83459746264813,1.103107065334367,156.17076912347954,187.54861458859813,23.060894205893693,54.40153479204441,101.76923433143514,54.4015347920444,0.0,34.83464613600689,99.99999999999999,48.0438725664425,31.377146359877813,16.66672620656469
2022-05-20 08:00:00,0.0,0.0,55.95048981585743,40.83459746264813,1.1033764632557455,172.41538480379486,315.47068645981767,27.0584589518693,90.16357468694807,82.2518101168468,90.16357468694807,0.0,52.29439054383247,100.0,53.80691690925491,25.772807449715582,28.034109459539327
2022-05-20 09:00:00,0.0,0.0,64.61183152834849,40.83459746264813,0.020000016,180.11342904235184,441.30222125043116,31.590694414075976,123.99575481726548,56.11767422508636,123.99575481726548,0.0,68.84314816309957,100.0,54.94630197338734,17.122016945154595,37.82428502823275
2022-05-20 10:00:00,0.0,0.0,73.18558807926587,40.83459746264813,1.103430462888346,190.9348796991153,591.3395718509746,37.879361620342955,162.19010590897278,28.744773790142517,162.19010590897278,0.0,84.94524738725582,100.0,57.33689053614995,8.800690392360302,48.53620014378965
2022-05-20 11:00:00,0.0,0.0,81.80726967481553,40.83459746264813,1.1032339691337363,198.27216466275294,680.9081326839614,41.278379146373794,184.2903457682542,13.98181889449873,184.2903457682542,0.0,92.94816853476088,100.0,56.37806422937704,4.160316207671057,52.21774802170598
2022-05-20 12:00:00,0.0,0.0,96.72462542511855,40.83459746264813,1.1032157814072932,210.62072714923173,669.2562534786543,40.91425792120795,181.39639735747124,29.224329791760482,181.39639735747124,0.0,86.12466579746727,100.0,55.06322767340501,7.8112801257573246,47.25194754764769
2022-05-20 13:00:00,0.0,0.0,99.6599340818466,40.83459746264813,0.020000016,174.45707006548497,672.2748118083695,40.40858786901155,182.57680264949033,0.0,174.45707006548497,8.119732584005362,100.0,95.55270304541725,44.95857111098762,0.0036010111631256747,44.95497009982449
2022-05-20 14:00:00,0.0,0.0,102.9783644675609,40.83459746264813,1.1031133577934105,176.4911038192871,581.4259639987686,37.069561374961516,159.9727695771154,16.518334242171704,159.9727695771154,0.0,90.64069866145482,100.0,46.306916889676295,4.5140308376549,41.792886052021395
2022-05-20 15:00:00,0.0,0.0,96.75240655925523,40.83459746264813,0.020000016,170.5862450689595,454.2382450234924,32.494945156984144,127.19278923991659,43.39345582904291,127.19278923991659,0.0,74.56216014866784,100.0,44.65199186428724,11.36118717257767,33.29080469170957
2022-05-20 16:00:00,0.0,0.0,86.81933832675838,40.83459746264813,1.1028186305702454,149.8789391291225,296.40976280932364,27.062805087791364,84.71446594910941,65.16447318001309,84.71446594910941,0.0,56.52192792486134,100.0,41.350073873116486,18.090446529799255,23.25962734331723
2022-05-20 17:00:00,0.0,0.0,20.98806420287075,18.86154847111168,0.020000016,60.1480210658303,156.18507083901272,21.580783463719147,45.55036338441541,14.597657681414887,45.55036338441541,0.0,75.7304439568541,100.0,17.945154214889648,4.357936320952372,13.587217893937275
2022-05-20 18:00:00,0.0,0.0,19.55065554809356,21.958659049819403,1.1029505074583374,70.71223011336083,21.992401639929298,16.787262551247792,1.148228219765246,69.56400189359559,1.1482282197652438,0.0,1.6238042809914008,99.99999999999982,21.81637612472338,21.465345534517848,0.3510305902055322
2022-05-20 19:00:00,0.0,0.0,16.560290942670854,20.65469610562846,0.020000016,75.32240968734718,0.0,16.1,0.0,75.32240968734718,0.0,0.0,0.0,0.0,26.01619519668848,26.01619519668848,0.0
2022-05-20 20:00:00,0.0,0.0,12.234370293268421,17.267506113589903,1.1030430018342652,67.60929904590618,0.0,16.1,0.0,67.60929904590618,0.0,0.0,0.0,0.0,23.59412519111334,23.59412519111334,0.0
2022-05-20 21:00:00,0.0,0.0,12.309124291670788,18.13458202967351,0.020000016,68.55112896039218,0.0,15.6,0.0,68.55112896039218,0.0,0.0,0.0,0.0,21.055652714899566,21.055652714899566,0.0
2022-05-20 22:00:00,0.0,0.0,11.776744098889724,19.335704769943924,0.020000016,69.21987150788152,0.0,15.6,0.0,69.21987150788152,0.0,0.0,0.0,0.0,20.579900015595985,20.579900015595985,0.0
2022-05-20 23:00:00,0.0,0.0,11.123888642189698,20.854245049626083,1.102918826588585,70.08555633086365,0.0,15.6,0.0,70.08555633086365,0.0,0.0,0.0,0.0,20.607845422792703,20.607845422792703,0.0
2022-05-21 00:00:00,0.0,0.0,7.211305645871518,17.79406888082314,0.020000016,63.11279716574253,0.0,16.1,0.0,63.11279716574253,0.0,0.0,0.0,0.0,18.35490904304608,18.35490904304608,0.0
2022-05-21 01:00:00,0.0,0.0,1.4692544380742847,9.884593859927127,0.020000016,49.46127093704928,0.0,16.1,0.0,49.46127093704928,0.0,0.0,0.0,0.0,14.078052962655184,14.078052962655184,0.0
2022-05-21 02:00:00,0.0,0.0,0.42317281387419947,8.994308000535923,1.1028582452297333,47.52490345345799,0.0,16.1,0.0,47.52490345345799,0.0,0.0,0.0,0.0,13.639325653954527,13.639325653954527,0.0
2022-05-21 03:00:00,0.0,0.0,0.1284670919132459,7.7933840836683075,0.020000016,46.02927381462942,0.0,16.1,0.0,46.02927381462942,0.0,0.0,0.0,0.0,12.86302938312522,12.86302938312522,0.0
2022-05-21 04:00:00,0.0,0.0,0.17537217523499427,7.462710545967257,0.020000016,36.84099823665012,0.0,16.7,0.0,36.84099823665012,0.0,0.0,0.0,0.0,10.331790661816804,10.331790661816804,0.0
2022-05-21 05:00:00,0.0,0.0,3.847754154965158,14.607524569546932,1.1029073726177125,38.753687116359956,15.752013846679702,17.19225043270874,0.5881973056703814,38.16548981068957,0.5881973056703842,0.0,1.5177841114944528,100.00000000000047,11.34549572288555,11.17630959086905,0.16918613201650068
2022-05-21 06:00:00,0.0,0.0,15.342521758777645,20.243920850289275,0.020000016,55.884851000914786,69.02608931367206,19.35706529105225,11.20684132404778,44.678009676867006,11.20684132404778,0.0,20.053451200691818,100.0,14.54903060542622,11.632169979809685,2.9168606256165344
2022-05-21 07:00:00,0.0,0.0,23.397387670050964,23.81230659795263,0.020000016,67.50810265985145,137.91825911952537,22.10994559748517,40.14519748581916,27.362905174032285,40.14519748581916,0.0,59.467228234951406,100.0,16.523846353568675,6.6997143508264365,9.824132002742239
2022-05-21 08:00:00,0.0,0.0,26.505090916670557,24.557706889733137,1.1029039057874586,71.36120619825154,103.37844330000023,20.430576353125005,25.039383472855835,46.321822725395705,25.03938347285583,0.0,35.08822903482444,99.99999999999999,17.311352357338844,11.306783003630652,6.004569353708192
2022-05-21 09:00:00,0.0,0.0,33.549713717478845,28.114576587162922,0.020000016,81.96269869648964,207.7445024204953,23.69201570064048,60.11996850605926,21.84273019043038,60.11996850605926,0.0,73.35040141697301,100.0,20.07462666795951,5.352448780195717,14.722177887763793
2022-05-21 10:00:00,0.0,0.0,33.52020294309745,26.927020387566227,0.020000016,80.74563172251155,406.4676033616851,30.502112605052663,114.67952940178891,0.0,80.74563172251155,33.933897679277365,100.0,70.40980386273888,19.618733597354243,0.0036010111631256747,19.615132586191116
2022-05-21 11:00:00,0.0,0.0,39.354424654268925,28.35476137053645,1.1029566521424068,88.00759441665323,569.9078563934048,35.6096205122939,157.6903057589266,0.0,88.00759441665323,69.68271134227336,100.0,55.81040254382997,21.18707895642573,0.19858780197018486,20.988491154455545
2022-05-21 12:00:00,0.0,0.0,40.520638387926155,27.16720517093975,0.020000016,87.98625195071378,437.68474428826664,32.577648259008335,122.5190149742102,0.0,87.98625195071378,34.532763023496415,100.0,71.81436446353618,21.257560032377548,0.0036010111631256747,21.25395902121442
2022-05-21 13:00:00,0.0,0.0,47.875940259036504,28.35476137053645,1.102992492453167,96.52911002142082,437.4466801350636,32.57020875422074,122.45584267913745,0.0,96.52911002142082,25.926732657716627,100.0,78.82768834015486,22.970293954636258,0.1985942550329793,22.77169969960328
2022-05-21 14:00:00,0.0,0.0,50.30698029732282,27.16720517093975,0.020000016,97.77259386011043,358.3364699968364,29.498014687401138,101.48336639655857,0.0,97.77259386011043,3.7107725364481325,100.0,96.34346724176666,22.691242553432456,0.0036010111631256747,22.68764154226933
2022-05-21 15:00:00,0.0,0.0,56.19514137214236,28.35476137053645,0.020000016,104.8483111345267,293.60815211133496,26.97525475347922,83.94115213102975,20.907159003496943,83.94115213102975,0.0,80.05961299970602,100.0,25.52263145819558,5.092194441024247,20.430437017171332
2022-05-21 16:00:00,0.0,0.0,52.57112050065705,27.16720517093975,1.102922016635233,100.03673406344467,206.6214704048656,23.65692095015205,59.80269703306145,40.23403703038322,59.80269703306145,0.0,59.78073713915306,100.0,25.5463894264987,10.393283038776426,15.153106387722273
2022-05-21 17:00:00,0.0,0.0,50.05775107877336,28.35476137053645,0.020000016,98.71092084115766,105.59386460306953,20.49980826884592,26.11750054199472,72.59342029916294,26.117500541994715,0.0,26.458572485634217,99.99999999999999,27.113074756374463,19.940294995023745,7.172779761350718
2022-05-21 18:00:00,0.0,0.0,35.56786766096379,27.16720517093975,0.020000016,91.9379883473514,11.859659334364121,17.070614354198877,0.33356864112806206,91.60441970622334,0.3335686411280676,0.0,0.3628191644435488,100.00000000000166,28.02308202984368,27.921421982930283,0.10166004691339481
2022-05-21 19:00:00,0.0,0.0,25.462490858736555,27.162635271918397,1.1028951222818397,90.73254876970283,0.0,16.7,0.0,90.73254876970283,0.0,0.0,0.0,0.0,29.8032463988158,29.8032463988158,0.0
2022-05-21 20:00:00,0.0,0.0,19.67532100360977,23.931084784654743,0.020000016,81.71382842731238,0.0,16.7,0.0,81.71382842731238,0.0,0.0,0.0,0.0,26.516469782688905,26.516469782688905,0.0
2022-05-21 21:00:00,0.0,0.0,17.962795925409324,23.947564497323253,0.020000016,80.01778306178043,0.0,16.1,0.0,80.01778306178043,0.0,0.0,0.0,0.0,25.585286256014335,25.585286256014335,0.0
2022-05-21 22:00:00,0.0,0.0,15.470105267126224,22.2628388977487,1.1029510411262349,75.84036680392278,0.0,16.1,0.0,75.84036680392278,0.0,0.0,0.0,0.0,24.278282453783902,24.278282453783902,0.0
2022-05-21 23:00:00,0.0,0.0,10.322031410536981,23.613915319942038,0.020000016,77.40420568164289,0.0,16.1,0.0,77.40420568164289,0.0,0.0,0.0,0.0,24.66264583619251,24.66264583619251,0.0
2022-05-22 00:00:00,0.0,0.0,3.6117428653704104,19.751982721584877,1.1028733894347083,66.83198453811919,0.0,16.1,0.0,66.83198453811919,0.0,0.0,0.0,0.0,21.76492006101355,21.76492006101355,0.0
2022-05-22 01:00:00,0.0,0.0,0.8386062406168135,12.560075752614788,0.020000016,56.866940944395495,0.0,16.1,0.0,56.866940944395495,0.0,0.0,0.0,0.0,18.573784911260198,18.573784911260198,0.0
2022-05-22 02:00:00,0.0,0.0,0.2675950183263205,11.543115979886808,0.020000016,55.27896994937702,0.0,15.6,0.0,55.27896994937702,0.0,0.0,0.0,0.0,18.772746072924853,18.772746072924853,0.0
2022-05-22 03:00:00,0.0,0.0,0.19645291948496418,11.396155834271152,1.1029590004039007,55.06086770492001,0.0,15.6,0.0,55.06086770492001,0.0,0.0,0.0,0.0,18.842198029661553,18.842198029661553,0.0
2022-05-22 04:00:00,0.0,0.0,0.2734732196988116,10.869173948645171,0.020000016,49.91385835053797,0.0,15.6,0.0,49.91385835053797,0.0,0.0,0.0,0.0,16.90692914157281,16.90692914157281,0.0
2022-05-22 05:00:00,0.0,0.0,31.66712501092662,40.83459746264813,0.020000016,102.36842653216875,36.45422836236801,16.739194636324,3.155394576982243,99.21303195518651,3.1553945769822462,0.0,3.0823904243469835,100.00000000000009,35.104710784778476,34.022757538277034,1.0819532465014419
2022-05-22 06:00:00,0.0,0.0,41.30384917332051,40.83459746264813,1.1031594815465597,140.0734586423138,127.14329250522601,19.573227890788313,37.352508450536625,102.72095019177718,37.35250845053662,0.0,26.666371211635852,99.99999999999997,45.99914346105895,33.78580701044474,12.213336450614207
2022-05-22 07:00:00,0.0,0.0,70.48092790744217,40.83459746264813,1.103649704450012,257.4616025638293,210.47186079372315,23.27724564980385,61.00227321255226,196.459329351277,61.00227321255227,0.0,23.693736310613048,100.00000000000003,77.8504192275889,59.451828615317076,18.398590612271825
2022-05-22 08:00:00,0.0,0.0,81.90531283152085,40.83459746264813,2.187447964730495,260.5374093804793,286.8619629501621,25.664436342192566,82.41314035699239,178.1242690234869,82.41314035699239,0.0,31.631979665783525,100.0,75.87805184466619,52.00090475473657,23.877147089929622
2022-05-22 09:00:00,0.0,0.0,96.42850897499665,40.83459746264813,1.1037519675659693,273.134010576087,345.582467891808,27.999452121619,98.42319447716508,174.71081609892192,98.42319447716508,0.0,36.0347634004178,100.0,73.3276309904831,46.97580490116691,26.35182608931619
2022-05-22 10:00:00,0.0,0.0,108.50362274551122,40.83459746264813,1.10394528048318,287.13571929446977,402.2051790982845,30.36891184682139,113.53403051709229,173.6016887773775,113.53403051709228,0.0,39.540197505228655,99.99999999999999,72.04730116537102,43.63824837923163,28.409052786139398
2022-05-22 11:00:00,0.0,0.0,112.1284949501824,40.83459746264813,2.188400229075431,290.21624255669536,435.54850386760836,31.410890745862762,122.46254338699502,167.75369916970033,122.46254338699504,0.0,42.196998454719946,100.00000000000003,74.15828473813174,43.03198008545921,31.12630465267253
2022-05-22 12:00:00,0.0,0.0,124.0645510717499,40.83459746264813,2.1883058857013897,304.3021434105985,438.2188483536044,31.99433901105014,122.94090978159204,181.36123362900645,122.94090978159204,0.0,40.40093454606608,100.0,78.64530155896831,47.03104660863192,31.614254950336395
2022-05-22 13:00:00,0.0,0.0,130.46922418403759,40.83459746264813,1.1036294332180032,307.1747257851279,408.306288359319,31.65957151122872,114.69469021453727,192.48003557059064,114.69469021453727,0.0,37.33858308862541,100.0,77.79104466980478,48.81916592161266,28.97187874819212
2022-05-22 14:00:00,0.0,0.0,130.2757503914684,40.83459746264813,1.1035873411182635,306.9812519925587,491.6891118456024,34.76528474517507,136.49000266583613,170.4912493267226,136.49000266583613,0.0,44.461999480393246,100.0,78.53110742872268,43.702953448481274,34.8281539802414
2022-05-22 15:00:00,0.0,0.0,129.97386528201088,40.83459746264813,1.1038816189963845,309.5692593049035,421.29933024789426,32.06560407024669,118.16219908117583,191.40706022372765,118.16219908117583,0.0,38.16987492443316,100.0,81.178976884205,50.268927226560216,30.910049657644784
2022-05-22 16:00:00,0.0,0.0,127.27950039339034,40.83459746264813,1.103379800218657,289.82180721329496,289.13883741242074,27.93558866913815,82.36751167907502,207.45429553421994,82.36751167907502,0.0,28.42005315992543,100.0,75.90736557924953,54.390912340883155,21.516453238366374
2022-05-22 17:00:00,0.0,0.0,107.94140687268427,40.83459746264813,1.103253305687832,226.87724575093546,162.6941216657963,22.884191302056134,47.22271814170892,179.65452760922653,47.222718141708924,0.0,20.81421518733957,100.00000000000003,62.32103425985627,49.39074569188424,12.930288567972028
2022-05-22 18:00:00,0.0,0.0,85.73682690754721,40.83459746264813,0.020000016,211.00837964557417,26.843000442806726,17.53884376383771,1.7059698076866787,209.3024098378875,1.705969807686671,0.0,0.8084843884172508,99.99999999999955,63.37891279581311,62.86653329392345,0.5123795018896544
2022-05-22 19:00:00,0.0,0.0,65.14922356869793,40.83459746264813,1.1031341375338817,177.13460969968855,0.0,16.1,0.0,177.13460969968855,0.0,0.0,0.0,0.0,55.87557027909452,55.87557027909452,0.0
2022-05-22 20:00:00,0.0,0.0,56.37367090977765,40.83459746264813,1.1029965065892602,167.07466040885618,0.0,16.1,0.0,167.07466040885618,0.0,0.0,0.0,0.0,52.878070777994246,52.878070777994246,0.0
2022-05-22 21:00:00,0.0,0.0,5.868619791796096,11.419449257483135,0.020000016,64.96378735507322,0.0,16.7,0.0,64.96378735507322,0.0,0.0,0.0,0.0,20.609789541255576,20.609789541255576,0.0
2022-05-22 22:00:00,0.0,0.0,7.6897769283095325,16.65402791558656,0.020000016,67.81206379505998,0.0,16.1,0.0,67.81206379505998,0.0,0.0,0.0,0.0,21.64548211103754,21.64548211103754,0.0
2022-05-22 23:00:00,0.0,0.0,3.8318828515228347,13.57091846123225,1.102878104178504,60.87106026391898,0.0,16.1,0.0,60.87106026391898,0.0,0.0,0.0,0.0,19.62161592368934,19.62161592368934,0.0
2022-05-23 00:00:00,0.0,0.0,1.4531540101964397,8.847347854920269,0.020000016,53.7687608162806,0.0,16.1,0.0,53.7687608162806,0.0,0.0,0.0,0.0,17.69298563211128,17.69298563211128,0.0
2022-05-23 01:00:00,0.0,0.0,0.767652034835511,8.847347854920269,0.020000016,53.08325884091966,0.0,16.0,0.0,53.08325884091966,0.0,0.0,0.0,0.0,17.8722221858993,17.8722221858993,0.0
2022-05-23 02:00:00,0.0,0.0,0.2370293713117031,8.994308000535923,1.1029299133705608,52.699596323011505,0.0,15.6,0.0,52.699596323011505,0.0,0.0,0.0,0.0,18.06927959875806,18.06927959875806,0.0
2022-05-23 03:00:00,0.0,0.0,0.17435441139461924,8.24688589648646,0.020000016,51.88949925904497,0.0,15.6,0.0,51.88949925904497,0.0,0.0,0.0,0.0,17.958664992274162,17.958664992274162,0.0
2022-05-23 04:00:00,0.0,0.0,0.0,8.847347854920269,1.1030068142113347,47.618559037114245,0.0,16.1,0.0,47.618559037114245,0.0,0.0,0.0,0.0,16.78747424543096,16.78747424543096,0.0
2022-05-23 05:00:00,0.0,0.0,24.784686535102985,40.83459746264813,0.020000016,95.48598805634511,16.499064018164116,16.515595750567627,0.6468818604759375,94.83910619586916,0.6468818604759434,0.0,0.6774626033028285,100.00000000000091,34.349910915030456,34.11722750981726,0.2326834052131943
2022-05-23 06:00:00,0.0,0.0,40.43465155596656,40.83459746264813,1.1032366338339,139.20426102495986,56.98328880234393,17.88072777507325,7.678374762421505,131.52588626253836,7.678374762421498,0.0,5.515904977251189,99.99999999999991,47.18355641523925,44.59191297355294,2.5916434416863154
2022-05-23 07:00:00,0.0,0.0,68.8742723377874,40.83459746264813,1.1036365785747102,255.8549469941745,99.67561911914133,19.21486309747317,23.380744756609104,232.4742022375654,23.38074475660909,0.0,9.138281292306393,99.99999999999994,80.69323509684313,73.33741898896635,7.355816107876777
2022-05-23 08:00:00,0.0,0.0,80.06180935579337,40.83459746264813,1.103717240228414,258.69390590475194,131.00899455703095,20.19403107990722,38.401518998758355,220.2923869059936,38.40151899875835,0.0,14.84438485879808,99.99999999999997,76.82385967515756,65.44932974772534,11.37452992743222
2022-05-23 09:00:00,0.0,0.0,90.13928538042954,40.83459746264813,1.103741608566538,266.8447869815199,162.37246085156258,21.77413940161133,47.321420333570806,219.5233666479491,47.32142033357081,0.0,17.733687387660307,100.00000000000003,76.67511085866812,63.11302839816839,13.562082460499731
2022-05-23 10:00:00,0.0,0.0,97.17522820305372,40.83459746264813,2.1879150850554887,275.8073247520122,185.08445828181942,22.983889321306858,53.70195342734992,222.10537132466231,53.701953427349906,0.0,19.47082205870898,99.99999999999997,77.78684937915317,62.71781273767164,15.069036641481524
2022-05-23 11:00:00,0.0,0.0,101.97326785214881,40.83459746264813,1.104182115970924,280.06101545866176,191.7861131391996,24.29331603559999,55.378823665240766,224.682191793421,55.37882366524076,0.0,19.773842344514,99.99999999999999,79.30904378892549,63.665910574086595,15.643133214838898
2022-05-23 12:00:00,0.0,0.0,111.8590536990354,40.83459746264813,2.1883033264704745,292.09664603788406,194.1980768676362,25.46868990211363,55.83205663498843,236.26458940289564,55.83205663498842,0.0,19.114240917284334,99.99999999999997,81.03166550859079,65.61838879365271,15.413276714938078
2022-05-23 13:00:00,0.0,0.0,113.0055907811699,40.83459746264813,1.103618136902429,289.7110923822604,182.4981601007816,25.703067503149427,52.422744543984386,237.28834783827602,52.42274454398438,0.0,18.094835138315997,99.99999999999999,80.71521369745295,66.14588453378882,14.569329163664136
2022-05-23 14:00:00,0.0,0.0,113.37721449617415,40.83459746264813,1.1035623553518794,290.08271609726455,155.55787518640946,22.661183599575295,45.18835604130352,244.89436005596104,45.18835604130351,0.0,15.5777485295442,99.99999999999997,82.19492780471715,69.4217611443021,12.773166660415058
2022-05-23 15:00:00,0.0,0.0,111.02635758815393,40.83459746264813,2.187745837465756,290.6217516110465,129.56683185703156,21.248963495532237,37.833139741382844,252.78861186966364,37.83313974138284,0.0,13.018000040140427,99.99999999999997,85.32956456110256,74.27264030598471,11.056924255117849
2022-05-23 16:00:00,0.0,0.0,101.13416079732804,40.83459746264813,0.020000016,263.6764676172327,168.42320670161675,22.463225209425524,48.96116298943999,214.71530462779268,48.96116298944,0.0,18.56865098045637,100.00000000000003,76.66621558853545,62.43100225517072,14.235213333364733
2022-05-23 17:00:00,0.0,0.0,76.34561758950888,40.83459746264813,1.1032583667982199,195.28145646776002,74.38226179570314,19.024445681115722,13.029227928515514,182.2522285392445,13.029227928515525,0.0,6.672025170329772,100.00000000000009,59.09552939649534,55.16591425325505,3.9296151432402837
2022-05-23 18:00:00,0.0,0.0,63.53000411404336,40.83459746264813,1.1031217999345,185.83338781087036,8.250614043310561,16.357831688853455,0.1618544427820963,185.67153336808826,0.1618544427821007,0.0,0.08709653560576858,100.00000000000273,61.631418879416074,61.57791303772117,0.05350584169490702
2022-05-23 19:00:00,0.0,0.0,50.11879444415665,40.83459746264813,1.1031996174705696,162.10418057514727,0.0,16.1,0.0,162.10418057514727,0.0,0.0,0.0,0.0,57.09395684624333,57.09395684624333,0.0
2022-05-23 20:00:00,0.0,0.0,42.49471901859225,40.83459746264813,0.020000016,153.19570851767074,0.0,16.1,0.0,153.19570851767074,0.0,0.0,0.0,0.0,53.75078338750273,53.75078338750273,0.0
2022-05-23 21:00:00,0.0,0.0,0.02414631355540062,1.3478840624832693,0.020000016,49.04774868183266,0.0,16.1,0.0,49.04774868183266,0.0,0.0,0.0,0.0,16.974367293820638,16.974367293820638,0.0
2022-05-23 22:00:00,0.0,0.0,0.029265771886416478,6.298539875569383,1.1029521630008068,49.79606459861968,0.0,15.6,0.0,49.79606459861968,0.0,0.0,0.0,0.0,16.727643696241202,16.727643696241202,0.0
2022-05-23 23:00:00,0.0,0.0,0.5069782249585111,4.950655813086115,0.020000016,48.92589298920851,0.0,15.6,0.0,48.92589298920851,0.0,0.0,0.0,0.0,15.919194000552656,15.919194000552656,0.0
2022-05-24 00:00:00,0.0,0.0,0.09850874470496125,5.698077917135577,0.020000016,49.264845613004425,0.0,15.6,0.0,49.264845613004425,0.0,0.0,0.0,0.0,16.16690420833375,16.16690420833375,0.0
2022-05-24 01:00:00,0.0,0.0,0.0,3.602771750602846,1.1028968916853286,47.07103070176674,0.0,16.1,0.0,47.07103070176674,0.0,0.0,0.0,0.0,16.65813970271542,16.65813970271542,0.0
2022-05-24 02:00:00,0.0,0.0,0.0,0.0,0.020000016,43.46825895116388,0.0,15.0,0.0,43.46825895116388,0.0,0.0,0.0,0.0,15.648914114160785,15.648914114160785,0.0
2022-05-24 03:00:00,0.0,0.0,0.0,3.602771750602846,0.020000016,47.07103070176672,0.0,14.4,0.0,47.07103070176672,0.0,0.0,0.0,0.0,16.938581081891247,16.938581081891247,0.0
2022-05-24 04:00:00,0.0,0.0,0.0,3.602771750602846,1.1029156203401793,42.373982932796835,0.0,14.4,0.0,42.373982932796835,0.0,0.0,0.0,0.0,15.672499631661289,15.672499631661289,0.0
2022-05-24 05:00:00,0.0,0.0,0.7451193525642099,40.83459746264813,0.020000016,71.44642087380633,58.8172684837791,17.438039640118095,8.193633383592948,63.252787490213386,8.193633383592946,0.0,11.468220917693154,99.99999999999997,26.087260343772343,23.09592866809023,2.991331675682112
2022-05-24 06:00:00,0.0,0.0,7.76319855661453,40.83459746264813,1.1032279741289277,106.53280802560779,167.88214313148387,22.44631697285887,48.80689888767586,57.725909137931936,48.80689888767586,0.0,45.81396078093043,100.0,36.37451493890199,19.800912249119456,16.573602689782533
2022-05-24 07:00:00,0.0,0.0,40.79308105762696,40.83459746264813,1.1036327232532408,227.77375571401407,274.9269751543835,26.891467973574485,78.62484025458762,149.14891545942646,78.62484025458761,0.0,34.51883207883994,99.99999999999997,73.22069787320945,48.0143603359912,25.206337537218246
2022-05-24 08:00:00,0.0,0.0,66.71430726759819,40.83459746264813,1.1037132005178356,245.3464038165567,370.8473166358081,30.988978644869,104.4373331503885,140.9090706661682,104.4373331503885,0.0,42.567297309348525,100.0,77.00196226955339,44.30889950015577,32.69306276939762
2022-05-24 09:00:00,0.0,0.0,75.30432574314047,40.83459746264813,2.1874726240177385,252.00982734423087,357.535453257534,31.17298291429794,100.61836714193481,151.39146020229606,100.61836714193481,0.0,39.92636644462914,100.0,78.86593543940502,47.53488518691366,31.33105025249136
2022-05-24 10:00:00,0.0,0.0,81.20701096786321,40.83459746264813,1.1039331883108245,259.83910751682174,513.3231335626746,36.041347923833584,141.7974768279671,118.04163068885464,141.7974768279671,0.0,54.57126072478804,100.0,77.74644607056958,35.42769809864693,42.31874797192265
2022-05-24 11:00:00,0.0,0.0,81.95542749136824,40.83459746264813,2.188408026570771,260.04317509788115,577.1160794531468,38.034877482910844,158.19330848069242,101.84986661718872,158.19330848069242,0.0,60.83347829495926,100.0,77.56573662936144,30.619499438088756,46.94623719127269
2022-05-24 12:00:00,0.0,0.0,91.53526147551369,40.83459746264813,1.1040948548297789,271.7728538143623,207.98979770395215,25.399681178248503,59.81247882908214,211.96037498528017,59.812478829082124,0.0,22.008260939092082,99.99999999999997,80.79167367021546,63.05458213584531,17.73709153437015
2022-05-24 13:00:00,0.0,0.0,97.80883978320063,40.83459746264813,1.1036621359726808,274.514341384291,641.5731109955341,38.34915971861044,175.64676533427078,98.86757605002023,175.64676533427078,0.0,63.98454975012905,100.0,80.61220084632636,29.159993876958406,51.45220696936795
2022-05-24 14:00:00,0.0,0.0,103.08556675737702,40.83459746264813,1.1035783822032013,279.79106835846744,332.96242817363446,30.405075880426075,93.97543264475895,185.8156357137085,93.97543264475894,0.0,33.58771714769605,99.99999999999999,82.12712038145153,54.60923419441321,27.51788618703832
2022-05-24 15:00:00,0.0,0.0,107.67342085890546,40.83459746264813,2.1876957803022385,287.268814881798,458.54198051675945,33.22943689114874,128.03900372395802,159.22981115783998,128.03900372395802,0.0,44.571146289109734,100.0,84.5550402271235,47.043453306115524,37.511586921007975
2022-05-24 16:00:00,0.0,0.0,100.75749648173182,40.83459746264813,1.1033794265424448,263.2998033016365,313.23641966593846,28.088638114560577,89.18114862837261,174.11865467326385,89.18114862837263,0.0,33.870571686757636,100.00000000000003,78.62909283115096,52.06425818347446,26.5648346476765
2022-05-24 17:00:00,0.0,0.0,83.90693688938065,40.83459746264813,1.1032980606264111,202.8427757676318,159.67949975114115,22.789984367223163,46.36373997792153,156.47903578971025,46.36373997792154,0.0,22.856983593556176,100.00000000000003,63.66409695488574,49.157809990593655,14.506286964292087
2022-05-24 18:00:00,0.0,0.0,67.28972070546934,40.83459746264813,0.020000016,189.59310440229632,26.206708613869775,17.51895964418343,1.6261674940065416,187.96693690828977,1.6261674940065518,0.0,0.8577144718069483,100.00000000000063,66.15358310264632,65.58620513314996,0.5673779694963628
2022-05-24 19:00:00,0.0,0.0,47.276789751992,40.83459746264813,1.1032143864766824,159.26217588298263,0.0,16.7,0.0,159.26217588298263,0.0,0.0,0.0,0.0,57.61264861295904,57.61264861295904,0.0
2022-05-24 20:00:00,0.0,0.0,38.90298776403815,40.83459746264813,0.020000016,149.6039772631167,0.0,16.7,0.0,149.6039772631167,0.0,0.0,0.0,0.0,52.23334155326242,52.23334155326242,0.0
2022-05-24 21:00:00,0.0,0.0,0.0,0.0,1.1028321397956893,47.675718305793986,0.0,16.7,0.0,47.675718305793986,0.0,0.0,0.0,0.0,16.78041858881727,16.78041858881727,0.0
2022-05-24 22:00:00,0.0,0.0,0.0,4.0436521874498075,0.020000016,47.51191113861369,0.0,16.1,0.0,47.51191113861369,0.0,0.0,0.0,0.0,15.878518320352425,15.878518320352425,0.0
2022-05-24 23:00:00,0.0,0.0,0.0,0.0,0.020000016,43.46825895116388,0.0,16.1,0.0,43.46825895116388,0.0,0.0,0.0,0.0,14.506568268924198,14.506568268924198,0.0
2022-05-25 00:00:00,0.0,0.0,0.0,0.0,1.1027889866275624,43.46825895116388,0.0,16.1,0.0,43.46825895116388,0.0,0.0,0.0,0.0,14.767379283796888,14.767379283796888,0.0
2022-05-25 01:00:00,0.0,0.0,0.0,0.0,0.020000016,43.46825895116388,0.0,16.7,0.0,43.46825895116388,0.0,0.0,0.0,0.0,14.941685541025349,14.941685541025349,0.0
2022-05-25 02:00:00,0.0,0.0,0.0,0.0,0.020000016,43.46825895116388,0.0,16.7,0.0,43.46825895116388,0.0,0.0,0.0,0.0,15.417010952656327,15.417010952656327,0.0
2022-05-25 03:00:00,0.0,0.0,0.0,0.0,1.10292678608885,43.46825895116388,0.0,16.7,0.0,43.46825895116388,0.0,0.0,0.0,0.0,16.367470706639303,16.367470706639303,0.0
2022-05-25 04:00:00,0.0,0.0,0.0,0.0,0.020000016,38.77121118219399,0.0,16.7,0.0,38.77121118219399,0.0,0.0,0.0,0.0,14.34293961084166,14.34293961084166,0.0
2022-05-25 05:00:00,0.0,0.0,0.28625796896104017,40.83459746264813,1.1029622521807705,70.98755949020317,16.499373170800805,17.215605411587525,0.6452815899668235,70.34227790023634,0.645281589966828,0.0,0.909006584535255,100.00000000000071,26.25918671250535,26.022294161604677,0.23689255090067363
2022-05-25 06:00:00,0.0,0.0,4.658695946763189,40.83459746264813,0.020000016,103.42830541575647,56.978891964843854,18.98059037390137,7.646749460067029,95.78155595568944,7.646749460067028,0.0,7.393285067689128,99.99999999999999,33.347335252621775,30.882137927938064,2.465197324683711
2022-05-25 07:00:00,0.0,0.0,36.66895541481213,40.83459746264813,1.1036646360759692,223.6496300711992,124.54996033249193,21.692186260390375,36.17867768975312,187.47095238144607,36.17867768975313,0.0,16.17649789013091,100.00000000000003,68.40290646128352,57.369856913016406,11.033049548267115
2022-05-25 08:00:00,0.0,0.0,60.33383506317222,40.83459746264813,2.187494946488068,238.96593161213073,242.06447554982023,26.46451486093188,69.33680627597526,169.62912533615548,69.33680627597525,0.0,29.01535202453749,99.99999999999997,70.37264278428809,50.06805243443149,20.304590349856596
2022-05-25 09:00:00,0.0,0.0,70.89977990707155,40.83459746264813,1.1038252029991564,247.60528150816194,450.15186750814456,33.467245859629514,125.5821538531974,122.02312765496454,125.5821538531974,0.0,50.71868947555457,100.0,70.8157704710394,34.99974019210752,35.81603027893188
2022-05-25 10:00:00,0.0,0.0,77.08020916073754,40.83459746264813,1.1040286843893874,255.71230570969604,579.9367029138014,38.723021966056294,158.5412097683531,97.17109594134294,158.5412097683531,0.0,61.999835842214445,100.0,72.65358408313402,27.73172500132002,44.921859081814006
2022-05-25 11:00:00,0.0,0.0,78.73826932149626,40.83459746264813,2.1883344331558305,256.82601692800915,711.2672180617161,42.82710056442863,191.333329583275,65.49268734473415,191.333329583275,0.0,74.49920061521945,100.0,71.01859691594714,18.40384461384235,52.61475230210479
2022-05-25 12:00:00,0.0,0.0,88.24193128980419,40.83459746264813,2.188223728532055,268.4795236286528,735.4677319310211,43.583366622844416,197.25065449187352,71.22886913677931,197.25065449187352,0.0,73.46953384970266,100.0,73.84864585568182,19.88185303997769,53.96679281570414
2022-05-25 13:00:00,0.0,0.0,95.25639247989224,40.83459746264813,1.1035881706196384,271.9618940809826,683.812829436893,41.96915091990291,184.5731675385433,87.38872654243929,184.5731675385433,0.0,67.86729007100627,100.0,74.97734390364052,24.22710575724264,50.75023814639788
2022-05-25 14:00:00,0.0,0.0,101.87233988345481,40.83459746264813,1.1035868943853815,278.57784148454516,586.5611442878709,38.93003575899597,160.22278619805044,118.35505528649472,160.22278619805044,0.0,57.51454794258617,100.0,78.4233591662073,33.43280080179474,44.990558364412564
2022-05-25 15:00:00,0.0,0.0,103.39702352372339,40.83459746264813,1.1038569203771276,282.9924175466159,459.70066396041085,33.765645748762836,128.09987804984922,154.8925394967667,128.09987804984922,0.0,45.26618739837719,100.0,80.63651465908876,44.22540532219963,36.41110933688913
2022-05-25 16:00:00,0.0,0.0,97.44004217443347,40.83459746264813,1.1033395267628912,259.9823489943381,318.93752033584855,28.866797510495267,90.53983674437393,169.44251224996418,90.53983674437393,0.0,34.825378374570235,100.0,75.41545003800108,49.22091717030254,26.19453286769854
2022-05-25 17:00:00,0.0,0.0,82.66008390645605,40.83459746264813,1.1032521217516869,201.59592278470726,158.52296219316764,22.75384256853649,46.034038671161035,155.56188411354623,46.03403867116103,0.0,22.834806396517607,99.99999999999999,60.04944653733351,46.382630966445866,13.666815570887643
2022-05-25 18:00:00,0.0,0.0,69.32804951673664,40.83459746264813,0.020000016,191.63143321356358,27.763306761578388,18.067603336299324,1.821478236287178,189.8099549772764,1.8214782362871915,0.0,0.9505112004549096,100.00000000000074,60.954852816235224,60.37550434101054,0.579348475224684
2022-05-25 19:00:00,0.0,0.0,50.44034694804625,40.83459746264813,1.1031793577034732,162.42573307903686,0.0,17.2,0.0,162.42573307903686,0.0,0.0,0.0,0.0,54.75905589877795,54.75905589877795,0.0
2022-05-25 20:00:00,0.0,0.0,41.52569594366882,40.83459746264813,0.020000016,152.22668544274734,0.0,17.2,0.0,152.22668544274734,0.0,0.0,0.0,0.0,52.03392096206696,52.03392096206696,0.0
2022-05-25 21:00:00,0.0,0.0,0.0,0.0,1.1028714148145446,47.675718305793986,0.0,17.2,0.0,47.675718305793986,0.0,0.0,0.0,0.0,16.64884067777669,16.64884067777669,0.0
2022-05-25 22:00:00,0.0,0.0,0.0,0.0,0.020000016,43.46825895116388,0.0,17.2,0.0,43.46825895116388,0.0,0.0,0.0,0.0,15.546329023036042,15.546329023036042,0.0
2022-05-25 23:00:00,0.0,0.0,0.0,0.0,0.020000016,43.46825895116388,0.0,17.2,0.0,43.46825895116388,0.0,0.0,0.0,0.0,15.438310399542397,15.438310399542397,0.0
2022-05-26 00:00:00,0.0,0.0,0.0,0.0,1.1028075073225427,43.46825895116388,0.0,17.2,0.0,43.46825895116388,0.0,0.0,0.0,0.0,16.09685931847704,16.09685931847704,0.0
2022-05-26 01:00:00,0.0,0.0,0.0,0.0,0.020000016,43.46825895116388,0.0,17.2,0.0,43.46825895116388,0.0,0.0,0.0,0.0,15.780405597488059,15.780405597488059,0.0
2022-05-26 02:00:00,0.0,0.0,0.0,0.0,1.1027773116501958,43.46825895116388,0.0,17.8,0.0,43.46825895116388,0.0,0.0,0.0,0.0,16.627818664822197,16.627818664822197,0.0
2022-05-26 03:00:00,0.0,0.0,0.0,0.0,0.020000016,43.46825895116388,0.0,17.2,0.0,43.46825895116388,0.0,0.0,0.0,0.0,16.912319060576365,16.912319060576365,0.0
2022-05-26 04:00:00,0.0,0.0,0.0,0.0,0.020000016,38.77121118219399,0.0,17.8,0.0,38.77121118219399,0.0,0.0,0.0,0.0,14.98654171646608,14.98654171646608,0.0
2022-05-26 05:00:00,0.0,0.0,2.7927945655816386,40.83459746264813,1.102888390979982,73.49409608682377,16.49933882050783,18.315604338140872,0.6427261457359308,72.85136994108784,0.642726145735935,0.0,0.8745275878713266,100.00000000000067,27.794138710200215,27.552807896999287,0.24133081320092842
2022-05-26 06:00:00,0.0,0.0,11.856528818828524,40.83459746264813,0.020000016,110.6261382878218,53.99962235507844,19.987488198596203,6.842970893718761,103.78316739410305,6.842970893718757,0.0,6.185672752957391,99.99999999999993,38.697305400094564,36.303839470598554,2.39346592949601
2022-05-26 07:00:00,0.0,0.0,43.5563329238871,40.83459746264813,2.187189171051107,230.5370075802742,124.56068015093219,22.79252125471663,36.03936942942071,194.4976381508535,36.0393694294207,0.0,15.632791371628956,99.99999999999997,76.26929693585544,64.40783947239734,11.861457463458095
2022-05-26 08:00:00,0.0,0.0,64.91521613288643,40.83459746264813,1.1037642689552998,243.54731268184491,250.27957357874047,27.22123667433564,71.4881180040079,172.059194677837,71.4881180040079,0.0,29.352866684016977,100.0,74.72542863091974,52.849707081103304,21.875721549816433
2022-05-26 09:00:00,0.0,0.0,73.28933995694952,40.83459746264813,1.1037850699526974,249.9948415580399,455.1406572139251,34.82314553793516,126.3163044742741,123.67853708376579,126.3163044742741,0.0,50.52756436374226,100.0,73.05848355682294,36.24422819931811,36.81425535750483
2022-05-26 10:00:00,0.0,0.0,78.86266096034821,40.83459746264813,1.1039291298550309,257.49475750930674,613.7094467896852,40.87842021217766,166.36432947774892,91.13042803155781,166.36432947774892,0.0,64.60882197639924,100.0,70.2514991511795,24.99125149511052,45.260247656068984
2022-05-26 11:00:00,0.0,0.0,83.72318762491197,40.83459746264813,2.188372692778119,261.81093523142493,655.6712505881371,42.18972658087928,176.82314554001954,84.9877896914054,176.82314554001954,0.0,67.53848741410233,100.0,73.40523291756222,24.094562320816966,49.310670596745254
2022-05-26 12:00:00,0.0,0.0,94.62386459798206,40.83459746264813,2.188201188515794,274.8614569368307,656.8815992054198,41.62754997516937,177.54306399842625,97.31839293840443,177.54306399842625,0.0,64.5936560102094,100.0,77.21913805129014,27.59496394841002,49.624174102880126
2022-05-26 13:00:00,0.0,0.0,102.43018800162952,40.83459746264813,1.103600884400758,279.1356896027199,687.2183647864049,42.575573899575154,185.04829823363852,94.08739136908136,185.04829823363852,0.0,66.29331365580971,100.0,80.37624359929234,27.223895656153175,53.15234794313916
2022-05-26 14:00:00,0.0,0.0,107.28329986805629,40.83459746264813,1.10355752584818,283.9888014691466,587.6886033815907,38.96526885567471,160.50869417892187,123.48010729022474,160.50869417892187,0.0,56.51937447834894,100.0,83.86463679035504,36.577170398302854,47.28746639205218
2022-05-26 15:00:00,0.0,0.0,110.32014448628759,40.83459746264813,1.1038464479922208,289.9155385091802,464.75002390194607,34.52343824693581,129.13164194003863,160.78389656914155,129.13164194003863,0.0,44.54112484072656,100.0,85.47885324024932,47.49413510537727,37.984718134872054
2022-05-26 16:00:00,0.0,0.0,106.1087125578845,40.83459746264813,1.1033842248605408,268.6510193777892,318.0800230534214,29.340000720419418,90.13602044026679,178.51499893752242,90.1360204402668,0.0,33.55134130852243,100.00000000000003,80.67442089632881,53.67372529334468,27.00069560298413
2022-05-26 17:00:00,0.0,0.0,88.32275684877203,40.83459746264813,1.103284701205577,207.25859572702322,157.001263810885,22.706289494090157,45.60010299918385,161.65849272783936,45.60010299918386,0.0,22.001549725466145,100.00000000000003,68.33283762664148,53.34225976668978,14.9905778599517
2022-05-26 18:00:00,0.0,0.0,69.58506757040671,40.83459746264813,0.020000016,191.88845126723373,27.56008426592302,18.061252633310094,1.7949511549345267,190.0935001122992,1.7949511549345232,0.0,0.9354138527257078,99.9999999999998,65.68126122639922,65.06690329459977,0.6143579317994465
2022-05-26 19:00:00,0.0,0.0,50.010447128676375,40.83459746264813,1.1032574537161943,161.995833259667,0.0,17.2,0.0,161.995833259667,0.0,0.0,0.0,0.0,55.150058540596056,55.150058540596056,0.0
2022-05-26 20:00:00,0.0,0.0,40.013348824197564,40.83459746264813,0.020000016,150.71433832327605,0.0,17.2,0.0,150.71433832327605,0.0,0.0,0.0,0.0,51.77397622520846,51.77397622520846,0.0
2022-05-26 21:00:00,0.0,0.0,0.0,0.0,1.1030015617324023,47.675718305793986,0.0,17.2,0.0,47.675718305793986,0.0,0.0,0.0,0.0,17.197134871299777,17.197134871299777,0.0
2022-05-26 22:00:00,0.0,0.0,0.0,0.0,0.020000016,43.46825895116388,0.0,16.7,0.0,43.46825895116388,0.0,0.0,0.0,0.0,15.203364459911356,15.203364459911356,0.0
2022-05-26 23:00:00,0.0,0.0,0.0,0.0,1.10275366871281,38.10742263904787,0.0,16.7,0.0,38.10742263904787,0.0,0.0,0.0,0.0,13.581306474213653,13.581306474213653,0.0
2022-05-27 00:00:00,0.0,0.0,0.0,0.0,0.020000016,38.10742263904787,0.0,16.7,0.0,38.10742263904787,0.0,0.0,0.0,0.0,13.696931725165392,13.696931725165392,0.0
2022-05-27 01:00:00,0.0,0.0,0.0,0.0,0.020000016,38.10742263904787,0.0,16.7,0.0,38.10742263904787,0.0,0.0,0.0,0.0,13.915287256887135,13.915287256887135,0.0
2022-05-27 02:00:00,0.0,0.0,0.0,0.0,1.1029244929747155,38.10742263904787,0.0,16.7,0.0,38.10742263904787,0.0,0.0,0.0,0.0,14.143802789345097,14.143802789345097,0.0
2022-05-27 03:00:00,0.0,0.0,0.0,0.0,0.020000016,38.10742263904787,0.0,16.7,0.0,38.10742263904787,0.0,0.0,0.0,0.0,14.097821811328176,14.097821811328176,0.0
2022-05-27 04:00:00,0.0,0.0,0.0,0.0,0.020000016,29.202915515447863,0.0,17.2,0.0,29.202915515447863,0.0,0.0,0.0,0.0,10.84386926507495,10.84386926507495,0.0
2022-05-27 05:00:00,0.0,0.0,1.262261044459779,40.83459746264813,1.1029773790244404,71.9635625657019,11.243709645996084,17.551365926437377,0.29930149492496144,71.66426107077694,0.2993014949249613,0.0,0.4159070010627982,99.99999999999994,26.254798449830396,26.14642886105544,0.10836958877495562
2022-05-27 06:00:00,0.0,0.0,20.579111531723186,40.83459746264813,0.020000016,96.41799958061367,56.97861716250003,18.980581786328123,7.646675939210995,88.77132364140267,7.6466759392109935,0.0,7.930755639477585,99.99999999999997,31.44840321438866,28.95459279033378,2.493810424054878
2022-05-27 07:00:00,0.0,0.0,53.97353591465487,40.83459746264813,1.1031691640105623,168.1907367967461,99.64703967539116,20.913969989855975,23.22351423844809,144.96722255829803,23.223514238448075,0.0,13.807843809206362,99.99999999999993,50.11847769977828,43.2256225562357,6.892855143542583
2022-05-27 08:00:00,0.0,0.0,66.81748148191906,40.83459746264813,1.1032629622740364,183.28237646985647,211.71222165206183,24.916006926626935,60.992068718787976,122.2903077510685,60.992068718787976,0.0,33.27765052676466,100.0,51.23453709315012,34.25099059806001,16.98354649509011
2022-05-27 09:00:00,0.0,0.0,75.71917391772851,40.83459746264813,0.020000016,191.22077143173183,307.3468250824823,29.004588283827573,87.20434781329932,104.01642361843251,87.20434781329932,0.0,45.60401422940203,100.0,54.78548371478282,29.802746131489766,24.982737583293055
2022-05-27 10:00:00,0.0,0.0,82.55193776365802,40.83459746264813,1.1033903199240878,200.30122938350752,504.81351976795344,35.77542249274855,139.58987835813525,60.71135102537227,139.58987835813525,0.0,69.68997583677779,100.0,55.69011847244079,17.018138572103,38.67197990033779
2022-05-27 11:00:00,0.0,0.0,85.69164974092165,40.83459746264813,1.1032371929496043,202.15654472885902,668.5844711786601,40.893264724333136,181.22927276502247,20.927271963836546,181.22927276502247,0.0,89.64798691434646,100.0,54.96992175957211,5.868568742980751,49.10135301659136
2022-05-27 12:00:00,0.0,0.0,90.77853963915429,40.83459746264813,1.1032473476590334,204.67464136326748,643.4998426329823,40.7093700822807,174.5558285997548,30.118812763512693,174.5558285997548,0.0,85.28454108291011,100.0,56.89965603868433,8.542454841694257,48.35720119699007
2022-05-27 13:00:00,0.0,0.0,89.51328806226309,40.83459746264813,0.020000016,164.31042404590147,673.1542794730425,41.63607123353258,181.9351589928481,0.0,164.31042404590147,17.62473494694663,100.0,90.31262838666633,45.87496364417767,0.0036010111631256747,45.87136263301454
2022-05-27 14:00:00,0.0,0.0,91.26409229630956,40.83459746264813,1.1031027532822004,164.77683164803585,582.0322564260032,38.1885080133126,159.44559818049916,5.331233467536691,159.44559818049916,0.0,96.7645733843674,100.0,45.84673977899628,1.675525715052597,44.17121406394368
2022-05-27 15:00:00,0.0,0.0,88.66086636623827,40.83459746264813,0.020000016,162.49470487594255,457.21300295857833,33.68790634245558,127.44454322592792,35.05016165001463,127.44454322592792,0.0,78.42996688613708,100.0,47.20912525114882,10.185848221300626,37.023277029848195
2022-05-27 16:00:00,0.0,0.0,81.27181741389684,40.83459746264813,1.1029664087247455,144.33141821626094,299.37542603788154,27.6554820636838,85.37298553829427,58.95843267796667,85.37298553829427,0.0,59.150659359817624,100.0,41.6433562994462,17.128503502125003,24.514852797321193
2022-05-27 17:00:00,0.0,0.0,22.563400020992905,17.881102959465096,0.020000016,60.742911372305876,146.48129535371692,21.777540479803655,42.689608277548906,18.05330309475697,42.689608277548906,0.0,70.2791606676464,100.0,17.814333769193798,5.297100278092291,12.517233491101507
2022-05-27 18:00:00,0.0,0.0,20.136599990603873,21.49619628219746,1.1029877446084932,67.8675427470492,25.22031920752344,17.488134975235106,1.506224366065317,66.36131838098389,1.506224366065311,0.0,2.2193589234241133,99.9999999999996,21.124871530806733,20.660442309774155,0.464429221032578
2022-05-27 19:00:00,0.0,0.0,13.629649833927575,19.176499882244144,0.020000016,70.9135723552196,0.0,16.7,0.0,70.9135723552196,0.0,0.0,0.0,0.0,22.505186655197857,22.505186655197857,0.0
2022-05-27 20:00:00,0.0,0.0,10.607384761628508,17.893834147925304,0.020000016,66.60864154860167,0.0,16.1,0.0,66.60864154860167,0.0,0.0,0.0,0.0,21.829254587393432,21.829254587393432,0.0
2022-05-27 21:00:00,0.0,0.0,9.08447191514673,16.875359795432356,1.10289520276811,64.06725434962696,0.0,16.1,0.0,64.06725434962696,0.0,0.0,0.0,0.0,21.137677477073478,21.137677477073478,0.0
2022-05-27 22:00:00,0.0,0.0,4.898121996142034,13.685171072789041,0.020000016,56.690715707978946,0.0,15.6,0.0,56.690715707978946,0.0,0.0,0.0,0.0,18.832571872832716,18.832571872832716,0.0
2022-05-27 23:00:00,0.0,0.0,0.9745810295884744,5.881514137035076,0.020000016,44.963517805671415,0.0,16.1,0.0,44.963517805671415,0.0,0.0,0.0,0.0,15.028160485928229,15.028160485928229,0.0
2022-05-28 00:00:00,0.0,0.0,0.2851385424661276,7.646423938052653,1.1027585795780688,46.03898511956665,0.0,16.1,0.0,46.03898511956665,0.0,0.0,0.0,0.0,15.651537494305499,15.651537494305499,0.0
2022-05-28 01:00:00,0.0,0.0,0.0,4.0436521874498075,0.020000016,42.15107482649768,0.0,16.7,0.0,42.15107482649768,0.0,0.0,0.0,0.0,14.602625777320597,14.602625777320597,0.0
2022-05-28 02:00:00,0.0,0.0,0.0,0.0,0.020000016,38.10742263904787,0.0,16.7,0.0,38.10742263904787,0.0,0.0,0.0,0.0,13.359109423470231,13.359109423470231,0.0
2022-05-28 03:00:00,0.0,0.0,0.0,0.0,1.1028137807229235,38.10742263904787,0.0,16.7,0.0,38.10742263904787,0.0,0.0,0.0,0.0,13.559786603614905,13.559786603614905,0.0
2022-05-28 04:00:00,0.0,0.0,0.0,0.0,0.020000016,29.202915515447863,0.0,16.7,0.0,29.202915515447863,0.0,0.0,0.0,0.0,10.064297435390069,10.064297435390069,0.0
2022-05-28 05:00:00,0.0,0.0,0.28381368294015996,6.817429523110494,1.1029354647819274,27.399651597898522,17.251919389160097,17.239122480911252,0.705427671953053,26.69422392594547,0.7054276719530534,0.0,2.5745862841816494,100.00000000000007,9.922446342755363,9.672097116255944,0.25034922649941826
2022-05-28 06:00:00,0.0,0.0,2.37490277096342,8.166487195135373,0.020000016,30.83979835794666,53.99261489531275,18.887269215478522,6.8685371141575535,23.971261243789105,6.868537114157554,0.0,22.271666741905598,100.00000000000003,9.770565151124831,7.595299447071135,2.1752657040536967
2022-05-28 07:00:00,0.0,0.0,6.9787824415138955,13.225708644677214,0.020000016,40.50289947803898,103.40427472031165,21.031383585009742,24.997134190111932,15.505765287927044,24.997134190111932,0.0,61.716900548479494,100.0,11.794400078215054,4.517484344131567,7.276915734083486
2022-05-28 08:00:00,0.0,0.0,13.850903195316242,22.097370483849307,1.1029245296104189,56.24668207101341,143.01428454843793,21.669196392138684,41.69571516856847,14.55096690244494,41.69571516856847,0.0,74.1300884484638,100.0,15.957777400951533,4.275471925022021,11.682305475929512
2022-05-28 09:00:00,0.0,0.0,19.37988323479301,22.969982235351292,0.020000016,62.64827386199217,222.35873652846513,24.748710516514535,64.0988580248792,0.0,62.64827386199217,1.4505841628870328,100.0,97.73695786854111,18.09673574387578,0.0036010111631256747,18.093134732712652
2022-05-28 10:00:00,0.0,0.0,25.52367495564254,27.846033827522717,0.020000016,73.66811717501314,340.7205588855841,29.5475174651745,96.4764454821587,0.0,73.66811717501314,22.80832830714556,100.0,76.35865605002677,21.144140596876646,0.0036010111631256747,21.14053958571352
2022-05-28 11:00:00,0.0,0.0,26.652042494041392,26.41654527746385,1.1029227597530045,73.36699616335311,398.69518998468783,33.0592246870215,111.40025637574625,0.0,73.36699616335311,38.033260212393145,100.0,65.85891141568895,20.791597017742205,0.1985816996314376,20.59301531811077
2022-05-28 12:00:00,0.0,0.0,31.915646878103704,28.384866913891774,0.020000016,80.59892218384334,414.1507348727937,33.542210464774804,115.50557166610258,0.0,80.59892218384334,34.90664948225924,100.0,69.77925049090659,22.923919507193578,0.0036010111631256747,22.92031849603045
2022-05-28 13:00:00,0.0,0.0,33.32439451798256,26.656730060837376,0.020000016,80.27953297066779,310.7265233934608,29.710203856045652,87.92964227502885,0.0,80.27953297066779,7.650109304361067,100.0,91.29973794225975,22.809009339805577,0.0036010111631256747,22.80540832864245
2022-05-28 14:00:00,0.0,0.0,39.14872066216977,28.6250516972653,1.1026743315904972,88.07218075128294,280.7442853890261,28.173258918407065,79.90503853007137,8.167142221211577,79.90503853007137,0.0,90.72676280802482,100.0,25.866733689095557,2.578809734698908,23.28792395439665
2022-05-28 15:00:00,0.0,0.0,36.03378374850788,26.896914844210894,0.020000016,83.22910698456666,193.0802438345678,24.933757619830242,55.62073934949733,27.608367635069328,55.62073934949733,0.0,66.82847066929504,100.0,24.804210310424303,8.230342399061085,16.573867911363216
2022-05-28 16:00:00,0.0,0.0,38.54092715573852,28.6250516972653,0.020000016,87.4643872448517,152.89444402136277,23.07795137566759,44.34674834241224,43.11763890243945,44.34674834241224,0.0,50.7026342255917,100.0,26.993798949115686,13.309057611872404,13.684741337243281
2022-05-28 17:00:00,0.0,0.0,32.373281017839055,26.896914844210894,1.1028705913756114,79.56860425389782,108.87444355858865,20.602326361205897,27.755181530098195,51.81342272379962,27.7551815300982,0.0,34.88207665618133,100.00000000000003,25.891274620277088,16.92912650420838,8.962148116068708
2022-05-28 18:00:00,0.0,0.0,25.03061931915387,27.252304832291653,0.020000016,78.51767062569337,15.55157207871358,17.185986627459798,0.5733360350722839,77.94433459062108,0.5733360350722876,0.0,0.7302000053025957,100.00000000000064,27.05961254371768,26.862049546072296,0.19756299764538454
2022-05-28 19:00:00,0.0,0.0,14.889911103454848,24.1383962007807,0.020000016,77.13572994328341,0.0,16.7,0.0,77.13572994328341,0.0,0.0,0.0,0.0,27.742766534716992,27.742766534716992,0.0
2022-05-28 20:00:00,0.0,0.0,5.449647192762496,21.595697668060666,1.103006510568499,65.15276749987103,0.0,16.7,0.0,65.15276749987103,0.0,0.0,0.0,0.0,23.69268473945394,23.69268473945394,0.0
2022-05-28 21:00:00,0.0,0.0,2.028680176349432,15.72000898229247,0.020000016,55.85611179768976,0.0,16.7,0.0,55.85611179768976,0.0,0.0,0.0,0.0,20.160116795036444,20.160116795036444,0.0
2022-05-28 22:00:00,0.0,0.0,0.26617435969978254,12.012515532951829,0.020000016,50.386112531699474,0.0,16.1,0.0,50.386112531699474,0.0,0.0,0.0,0.0,19.25890584571474,19.25890584571474,0.0
2022-05-28 23:00:00,0.0,0.0,0.09076707504769002,8.994308000535922,1.1028779087649137,47.19249771463148,0.0,15.6,0.0,47.19249771463148,0.0,0.0,0.0,0.0,18.324268146428118,18.324268146428118,0.0
2022-05-29 00:00:00,0.0,0.0,0.0,7.2461159657634475,0.020000016,45.35353860481132,0.0,15.6,0.0,45.35353860481132,0.0,0.0,0.0,0.0,17.70554066400703,17.70554066400703,0.0
2022-05-29 01:00:00,0.0,0.0,0.0,4.350193854652307,0.020000016,42.45761649370017,0.0,15.6,0.0,42.45761649370017,0.0,0.0,0.0,0.0,16.672461246589815,16.672461246589815,0.0
2022-05-29 02:00:00,0.0,0.0,0.0,3.602771750602846,1.1029154649916986,41.71019438965072,0.0,15.6,0.0,41.71019438965072,0.0,0.0,0.0,0.0,16.030727421658316,16.030727421658316,0.0
2022-05-29 03:00:00,0.0,0.0,0.0,3.602771750602846,0.020000016,41.71019438965072,0.0,16.1,0.0,41.71019438965072,0.0,0.0,0.0,0.0,15.564214681138171,15.564214681138171,0.0
2022-05-29 04:00:00,0.0,0.0,0.0,3.602771750602846,1.102996716416766,32.80568726605071,0.0,16.1,0.0,32.80568726605071,0.0,0.0,0.0,0.0,12.251568545542735,12.251568545542735,0.0
2022-05-29 05:00:00,0.0,0.0,0.0,5.853060832180922,0.020000016,26.151469224028787,9.744336533056611,16.40451051665802,0.225727224119115,25.925741999909672,0.22572722411911528,0.0,0.8631531260649404,100.00000000000013,9.506521897790705,9.4244971390903,0.08202475870040438
2022-05-29 06:00:00,0.0,0.0,0.010097364259858528,7.563979271064247,0.020000016,27.872485027171965,41.23862591835929,17.988707059948727,4.019884404119079,23.852600623052886,4.019884404119079,0.0,14.422411206608333,100.0,9.082366196638715,7.772989349107028,1.309376847531687
2022-05-29 07:00:00,0.0,0.0,0.6716755912110511,7.282858680401313,1.10293339897286,28.25294266346023,80.94165633984365,19.229426760620115,15.417065559607694,12.835877103852537,15.417065559607694,0.0,54.56799931692324,100.0,8.414539341761612,3.9312566770276964,4.483282664733916
2022-05-29 08:00:00,0.0,0.0,2.8451683018574134,7.263748291847342,0.020000016,30.407324985552616,221.72787324449362,23.628996038890428,64.18155901730918,0.0,30.407324985552616,33.77423403175656,100.0,47.37704326775864,8.94092197091675,0.0036010111631256747,8.937320959753624
2022-05-29 09:00:00,0.0,0.0,4.115560061060423,15.429658007300285,0.020000016,39.84362646020856,269.4501918488035,25.620318495275107,77.42354560699229,0.0,39.84362646020856,37.57991914678373,100.0,51.46189850624743,12.131801687518308,0.0036010111631256747,12.128200676355183
2022-05-29 10:00:00,0.0,0.0,9.586858672773328,24.401222994206048,1.1029339954709365,54.286490058827226,307.7657555026038,26.81767985945637,88.04042004278483,0.0,54.286490058827226,33.753929983957605,100.0,61.66087125941213,16.43485860187145,0.19858372262710416,16.236274879244345
2022-05-29 11:00:00,0.0,0.0,16.17244659373689,23.764302097695296,0.020000016,60.23515708328006,329.3687393496779,28.592773104677438,93.59722221152455,0.0,60.23515708328006,33.362065128244495,100.0,64.35571020168945,18.041922327107592,0.0036010111631256747,18.038321315944465
2022-05-29 12:00:00,0.0,0.0,22.369924840649883,27.22909581580602,0.020000016,69.89742904830376,382.19098651115223,30.843468328473506,107.69117733741894,0.0,69.89742904830376,37.79374828911517,100.0,64.90543680221874,21.69836503917565,0.0036010111631256747,21.69476402801252
2022-05-29 13:00:00,0.0,0.0,23.45635676982,25.88910146170878,1.1029764897440841,69.64386662337664,573.5356435191036,37.92298885997199,157.28025686708875,0.0,69.64386662337664,87.63639024371211,100.0,44.28010737687813,21.535382791142485,0.19859137373858193,21.3367914174039
2022-05-29 14:00:00,0.0,0.0,27.87860742017793,28.137728010292836,0.020000016,76.31474382231862,595.357973785282,38.60493668079006,162.83194154006364,0.0,76.31474382231862,86.51719771774502,100.0,46.86718287612011,23.600501374743157,0.0036010111631256747,23.59690036358003
2022-05-29 15:00:00,0.0,0.0,26.353766938235804,26.214554484585015,0.020000016,72.86672981466869,465.7714422488824,33.45535757027758,129.9455611531203,0.0,72.86672981466869,57.07883133845162,100.0,56.07481253538684,23.527531730881694,0.0036010111631256747,23.523930719718567
2022-05-29 16:00:00,0.0,0.0,27.78220424044509,27.752691473485736,1.1029444078877044,75.83330410577867,329.4934515943749,28.096670362324218,93.80684763408551,0.0,75.83330410577867,17.97354352830685,100.0,80.83983847488761,24.720042813031647,0.19858559738705517,24.521457215644592
2022-05-29 17:00:00,0.0,0.0,15.499279551987527,24.179037313298732,0.020000016,59.97672525713412,171.9770370611061,22.074282408159565,50.0655499658434,9.911175291290718,50.0655499658434,0.0,83.4749642485494,100.0,19.669969222977404,3.253475389177352,16.41649383380005
2022-05-29 18:00:00,0.0,0.0,1.853701984480843,21.616356448056298,0.020000016,49.704804906785014,33.582248104344636,17.149445253260772,2.673851227389522,47.030953679395495,2.6738512273895196,0.0,5.379462272116316,99.99999999999993,17.284470533105072,16.354852676878558,0.929617856226514
2022-05-29 19:00:00,0.0,0.0,0.08794650476804293,12.770732001972448,1.1028904719597816,50.966101145788365,0.0,15.6,0.0,50.966101145788365,0.0,0.0,0.0,0.0,18.40825416457962,18.40825416457962,0.0
2022-05-29 20:00:00,0.0,0.0,0.0,8.447039882631064,0.020000016,46.554462521678936,0.0,15.6,0.0,46.554462521678936,0.0,0.0,0.0,0.0,16.288119228933812,16.288119228933812,0.0
2022-05-29 21:00:00,0.0,0.0,0.0,8.046731910341858,0.020000016,46.15415454938973,0.0,16.1,0.0,46.15415454938973,0.0,0.0,0.0,0.0,15.934168995430486,15.934168995430486,0.0
2022-05-29 22:00:00,0.0,0.0,0.0,3.602771750602846,1.102847129362042,41.71019438965072,0.0,15.6,0.0,41.71019438965072,0.0,0.0,0.0,0.0,14.624038812008928,14.624038812008928,0.0
2022-05-29 23:00:00,0.0,0.0,0.0,3.602771750602846,0.020000016,47.07103070176674,0.0,15.6,0.0,47.07103070176674,0.0,0.0,0.0,0.0,16.383613629917424,16.383613629917424,0.0
2022-05-30 00:00:00,0.0,0.0,0.0,3.602771750602846,0.020000016,47.07103070176674,0.0,15.6,0.0,47.07103070176674,0.0,0.0,0.0,0.0,16.57048562180344,16.57048562180344,0.0
2022-05-30 01:00:00,0.0,0.0,0.0,3.602771750602846,1.1028975601934334,47.07103070176674,0.0,15.6,0.0,47.07103070176674,0.0,0.0,0.0,0.0,16.99257949621664,16.99257949621664,0.0
2022-05-30 02:00:00,0.0,0.0,0.0,2.4018478337352307,0.020000016,45.87010678489912,0.0,15.6,0.0,45.87010678489912,0.0,0.0,0.0,0.0,16.91315717634834,16.91315717634834,0.0
2022-05-30 03:00:00,0.0,0.0,0.0,1.2009239168676153,1.1027949725756316,44.66918286803149,0.0,15.6,0.0,44.66918286803149,0.0,0.0,0.0,0.0,17.156097237773686,17.156097237773686,0.0
2022-05-30 04:00:00,0.0,0.0,0.0,3.602771750602846,0.020000016,42.37398293279683,0.0,15.6,0.0,42.37398293279683,0.0,0.0,0.0,0.0,15.837487213661316,15.837487213661316,0.0
2022-05-30 05:00:00,0.0,0.0,0.34101216412194585,40.83459746264813,0.020000016,71.04231368536408,38.81568705173093,16.81299022036659,3.576492601336765,67.46582108402731,3.576492601336767,0.0,5.03431323644177,100.00000000000007,25.84630824891959,24.54530541779432,1.3010028311252704
2022-05-30 06:00:00,0.0,0.0,0.28235327049560915,40.83459746264813,1.1031432209096241,99.05196273948889,97.65850564478347,19.151828301399483,22.449142771576472,76.60281996791241,22.449142771576476,0.0,22.664005993115683,100.00000000000003,33.61479154354795,26.041348738128914,7.573442805419038
2022-05-30 07:00:00,0.0,0.0,7.593627007637141,40.83459746264813,1.1035886013038227,194.5743016640242,201.46697400368652,22.995842937615205,58.45274737954491,136.1215542844793,58.45274737954492,0.0,30.041350208968797,100.00000000000003,60.575107391025114,42.43721987915232,18.13788751187279
2022-05-30 08:00:00,0.0,0.0,13.959338022139413,40.83459746264813,1.1036734353562,192.5914345710979,348.2081132508304,28.08150353908845,99.14054298553151,93.45089158556638,99.14054298553151,0.0,51.47712991822196,100.0,59.77206235778951,29.105413898789976,30.666648458999532
2022-05-30 09:00:00,0.0,0.0,19.760469157667757,40.83459746264813,1.1036945517174237,196.46597075875815,456.716277726683,32.57238367895884,127.84898403170072,68.61698672705742,127.84898403170072,0.0,65.07436556974405,100.0,60.19156949198863,21.151603728068498,39.03996576392014
2022-05-30 10:00:00,0.0,0.0,32.3376623648558,40.83459746264813,2.187759841031248,210.96975891381427,608.1362781939337,37.90425869356042,166.7809011258275,44.18885778798676,166.7809011258275,0.0,79.05441139265895,100.0,65.51183285170184,14.03323991020392,51.47859294149792
2022-05-30 11:00:00,0.0,0.0,42.59131951146757,40.83459746264813,1.104152155655713,220.67906711798048,717.8478001755287,41.832743755485275,193.86415074098676,26.81491637699372,193.86415074098676,0.0,87.84890804225766,100.0,69.49865049993224,8.619491242740171,60.87915925719207
2022-05-30 12:00:00,0.0,0.0,46.43617097795117,40.83459746264813,2.188136241636833,226.67376331679978,745.8608286257526,42.70815089455477,200.73366980843767,25.94009350836211,200.73366980843767,0.0,88.55619939035107,100.0,71.66133939206728,8.549669935945426,63.11166945612185
2022-05-30 13:00:00,0.0,0.0,54.30872433552549,40.83459746264813,1.1035663971919645,231.01422593661587,702.2822444292267,40.84632013841333,190.39866166657598,40.6155642700399,190.39866166657598,0.0,82.41858738120148,100.0,72.34906063134274,12.883750619637723,59.465310011705014
2022-05-30 14:00:00,0.0,0.0,71.23849826463572,40.83459746264813,1.1035185818983886,247.94399986572614,607.2800790954028,37.87750247173133,166.56340361268704,81.3805962530391,166.56340361268704,0.0,67.17783197128759,100.0,76.28154505645286,25.17073184088177,51.110813215571085
2022-05-30 15:00:00,0.0,0.0,77.7946066580777,40.83459746264813,1.1038168037823217,257.3900006809703,475.12339734409164,33.14760616700286,132.71047475086823,124.67952593010205,132.71047475086823,0.0,51.56007397325438,100.0,81.78107728846949,39.7171652114343,42.06391207703519
2022-05-30 16:00:00,0.0,0.0,73.6401234654136,40.83459746264813,1.1033834924636183,236.18243028531828,328.8916997499816,28.077865617186927,93.6421192133449,142.54031107197338,93.6421192133449,0.0,39.6482156188423,100.0,76.69933473631279,46.368184112514314,30.33115062379848
2022-05-30 17:00:00,0.0,0.0,59.54985171855723,40.83459746264813,1.1032152158766646,178.4856905968084,170.5198904159854,22.028746575499543,49.649623000375094,128.8360675964333,49.6496230003751,0.0,27.81714479987726,100.00000000000003,59.524600625497776,43.021810684518094,16.50278994097968
2022-05-30 18:00:00,0.0,0.0,45.54385423376729,40.83459746264813,1.103032582521438,167.84723793059428,34.20004143035243,16.668751294698513,2.7779277303120518,165.06931020028222,2.777927730312058,0.0,1.6550333294496904,100.00000000000023,62.87779553368818,61.84043398135775,1.037361552330431
2022-05-30 19:00:00,0.0,0.0,20.316684359079794,40.83459746264813,0.020000016,132.3020704900704,0.0,15.6,0.0,132.3020704900704,0.0,0.0,0.0,0.0,50.77584358243254,50.77584358243254,0.0
2022-05-30 20:00:00,0.0,0.0,6.609198818357682,40.83459746264813,1.1028959865490036,117.31018831743619,0.0,15.6,0.0,117.31018831743619,0.0,0.0,0.0,0.0,43.49776738707067,43.49776738707067,0.0
2022-05-30 21:00:00,0.0,0.0,0.0,0.0,0.020000016,47.675718305793986,0.0,15.6,0.0,47.675718305793986,0.0,0.0,0.0,0.0,17.630982718955867,17.630982718955867,0.0
2022-05-30 22:00:00,0.0,0.0,0.0,0.0,0.020000016,43.46825895116388,0.0,15.6,0.0,43.46825895116388,0.0,0.0,0.0,0.0,16.04643134226918,16.04643134226918,0.0
2022-05-30 23:00:00,0.0,0.0,0.0,0.0,1.102871281624296,43.46825895116388,0.0,15.6,0.0,43.46825895116388,0.0,0.0,0.0,0.0,16.151640807344943,16.151640807344943,0.0
2022-05-31 00:00:00,0.0,0.0,0.0,0.0,0.020000016,43.46825895116388,0.0,15.6,0.0,43.46825895116388,0.0,0.0,0.0,0.0,16.181834968902056,16.181834968902056,0.0
2022-05-31 01:00:00,0.0,0.0,0.0,0.0,1.1028850528915888,43.46825895116388,0.0,15.6,0.0,43.46825895116388,0.0,0.0,0.0,0.0,16.97015060291774,16.97015060291774,0.0
2022-05-31 02:00:00,0.0,0.0,0.0,0.0,0.020000016,43.46825895116388,0.0,15.6,0.0,43.46825895116388,0.0,0.0,0.0,0.0,16.701280663368465,16.701280663368465,0.0
2022-05-31 03:00:00,0.0,0.0,0.0,0.0,0.020000016,43.46825895116388,0.0,15.0,0.0,43.46825895116388,0.0,0.0,0.0,0.0,16.71519050623284,16.71519050623284,0.0
2022-05-31 04:00:00,0.0,0.0,0.0,0.0,1.1030114472173318,38.77121118219399,0.0,15.6,0.0,38.77121118219399,0.0,0.0,0.0,0.0,14.990202445964947,14.990202445964947,0.0
2022-05-31 05:00:00,0.0,0.0,0.21816183079427612,40.83459746264813,0.020000016,70.9194633520364,23.26201839843756,16.826938074951176,1.2844458828833505,69.63501746915306,1.2844458828833467,0.0,1.8111331109592566,99.99999999999972,26.620739399132674,26.13866759259831,0.4820718065343641
2022-05-31 06:00:00,0.0,0.0,1.7635327126903473,40.83459746264813,1.1032358897043135,100.53314218168362,163.6955846302066,21.815487019693958,47.69981575841642,52.833326423267195,47.69981575841642,0.0,47.44685655225344,100.0,35.0801197558767,18.52995318125775,16.550166574618952
2022-05-31 07:00:00,0.0,0.0,17.51295048463265,40.83459746264813,1.1036521257427763,204.49362514101972,286.6741659837817,26.158567686993177,82.20824055641808,122.28538458460164,82.20824055641808,0.0,40.20088181219678,100.0,67.20411670411217,40.26735356219344,26.936763141918725
2022-05-31 08:00:00,0.0,0.0,33.69116246089065,40.83459746264813,1.1036887983083852,212.32325900984912,364.3571234429145,29.68616010759108,103.11540794518281,109.20785106466631,103.11540794518281,0.0,48.56529069215142,100.0,68.23664635860166,35.19382945960756,33.042816898994104
2022-05-31 09:00:00,0.0,0.0,50.96829251335562,40.83459746264813,1.1037454306099495,227.67379411444603,454.045293515607,32.78891542236272,126.99652840585395,100.67726570859207,126.99652840585395,0.0,55.780037794782785,100.0,73.34576639494914,32.54432174871638,40.80144464623276
2022-05-31 10:00:00,0.0,0.0,63.78540137171076,40.83459746264813,2.187803318810934,242.4174979206693,625.5825858561562,40.24945580800488,170.00218024308114,72.41531767758815,170.00218024308114,0.0,70.12785038261309,100.0,78.10326802700591,23.60736912828382,54.49589889872209
2022-05-31 11:00:00,0.0,0.0,66.30003823623417,40.83459746264813,1.1041221159227343,244.3877858427471,726.5765350791935,40.505516721224794,197.24905152221456,47.138734320532535,197.24905152221456,0.0,80.7115015351609,100.0,77.70516198530449,15.148611540291759,62.556550445012725
2022-05-31 12:00:00,0.0,0.0,74.68234127206837,40.83459746264813,2.1881245225021413,254.91993361091707,751.0740579567708,41.27106431114909,203.28687159805574,51.63306201286133,203.28687159805574,0.0,79.74538072347508,100.0,80.91680675576221,16.703566189726356,64.21324056603585
2022-05-31 13:00:00,0.0,0.0,80.73363299985753,40.83459746264813,1.1035670716985693,257.43913460094785,704.3476289255484,39.81086340392339,191.7357816378937,65.70335296305416,191.7357816378937,0.0,74.47810214833893,100.0,82.54060491037721,21.213915153496927,61.326689756880285
2022-05-31 14:00:00,0.0,0.0,85.63928357897319,40.83459746264813,1.1035304006239344,262.3447851800636,606.2043334721535,36.143885421004796,167.38821746686412,94.95656771319946,167.38821746686412,0.0,63.80466733957573,100.0,85.22201253462867,30.973165135792694,54.24884739883598
2022-05-31 15:00:00,0.0,0.0,87.37023509484351,40.83459746264813,1.103807279295625,266.96562911773606,496.23706810921243,32.207408378412886,139.10506855500836,127.8605605627277,139.10506855500836,0.0,52.10598421029729,100.0,87.71274383882643,42.11271131580914,45.60003252301728
2022-05-31 16:00:00,0.0,0.0,84.38105617112035,40.83459746264813,1.1033942358811795,246.92336299102502,346.29645800046063,30.621764312514397,97.65887294726014,149.26449004376488,97.65887294726014,0.0,39.55027655718822,100.0,82.10191147641162,49.708951614170154,32.39295986224146
2022-05-31 17:00:00,0.0,0.0,71.04251699343665,40.83459746264813,1.1032430102794932,189.9783558716878,195.8657561619902,25.520804880062194,56.30063821859495,133.67771765309286,56.30063821859494,0.0,29.6352907994533,99.99999999999999,66.53908123126475,46.87889836533139,19.660182865933358
2022-05-31 18:00:00,0.0,0.0,58.55969527206851,40.83459746264813,0.020000016,180.8630789688955,38.60616417386166,17.306442630433178,3.531716127925738,177.33136284096977,3.5317161279257334,0.0,1.9527015397836456,99.99999999999987,67.19966074047687,65.88752224746862,1.3121384930082485
2022-05-31 19:00:00,0.0,0.0,41.6174133110553,40.83459746264813,1.1031229380882792,153.60279944204592,0.0,16.1,0.0,153.60279944204592,0.0,0.0,0.0,0.0,57.62916842521015,57.62916842521015,0.0
2022-05-31 20:00:00,0.0,0.0,34.51843157769331,40.83459746264813,0.020000016,145.2194210767718,0.0,16.1,0.0,145.2194210767718,0.0,0.0,0.0,0.0,52.26008358853408,52.26008358853408,0.0
2022-05-31 21:00:00,0.0,0.0,0.0,0.0,1.1028059330830366,47.675718305793986,0.0,16.0,0.0,47.675718305793986,0.0,0.0,0.0,0.0,17.50007883811377,17.50007883811377,0.0
2022-05-31 22:00:00,0.0,0.0,0.0,0.0,0.020000016,43.46825895116388,0.0,16.0,0.0,43.46825895116388,0.0,0.0,0.0,0.0,15.669561537162588,15.669561537162588,0.0
2022-05-31 23:00:00,0.0,0.0,0.0,0.0,0.020000016,43.46825895116388,0.0,15.9,0.0,43.46825895116388,0.0,0.0,0.0,0.0,15.206189896743181,15.206189896743181,0.0
2022-06-01 00:00:00,0.0,0.0,0.0,0.0,1.1028788887246919,43.46825895116388,0.0,15.8,0.0,43.46825895116388,0.0,0.0,0.0,0.0,15.364214666106188,15.364214666106188,0.0
2022-06-01 01:00:00,0.0,0.0,0.0,0.0,0.020000016,43.46825895116388,0.0,15.7,0.0,43.46825895116388,0.0,0.0,0.0,0.0,15.638481732012504,15.638481732012504,0.0
2022-06-01 02:00:00,0.0,0.0,0.0,0.0,0.020000016,43.46825895116388,0.0,15.7,0.0,43.46825895116388,0.0,0.0,0.0,0.0,15.87016755222221,15.87016755222221,0.0
2022-06-01 03:00:00,0.0,0.0,0.0,0.0,1.1029018682527199,43.46825895116388,0.0,15.6,0.0,43.46825895116388,0.0,0.0,0.0,0.0,16.370726339593926,16.370726339593926,0.0
2022-06-01 04:00:00,0.0,0.0,0.0,0.0,0.020000016,35.80304214099399,0.0,15.6,0.0,35.80304214099399,0.0,0.0,0.0,0.0,13.580114591028044,13.580114591028044,0.0
2022-06-01 05:00:00,0.0,0.0,0.3473744614847708,40.83459746264813,1.1028000853001363,71.04867598272689,9.744181956738274,15.90450568614807,0.22612477754267446,70.82255120518421,0.22612477754267957,0.0,0.31826740528937403,100.00000000000226,26.784974164781797,26.700358273025326,0.08461589175647077
2022-06-01 06:00:00,0.0,0.0,7.112247367291623,40.83459746264813,0.020000016,105.8818568362849,60.74203526015605,17.99818860187988,8.721054909851016,97.16080192643388,8.72105490985102,0.0,8.23659045131364,100.00000000000004,35.2050831349544,32.305681219625335,2.899401915329065
2022-06-01 07:00:00,0.0,0.0,35.097933911172085,40.83459746264813,1.1035479473508258,222.07860856755914,177.51231471724594,23.347259834913938,51.43617421253831,170.64243435502084,51.436174212538305,0.0,23.161246616371322,99.99999999999999,68.80432841665053,52.91440829804214,15.889920118608394
2022-06-01 08:00:00,0.0,0.0,59.23538837889579,40.83459746264813,2.187424457234304,237.8674849278543,247.44518874052366,25.532662148141366,71.12376328410176,166.74372164375254,71.12376328410176,0.0,29.900582379165336,100.0,70.66584841418374,49.65411064597799,21.011737768205755
2022-06-01 09:00:00,0.0,0.0,71.60633374456664,40.83459746264813,1.103779621653619,248.31183534565702,425.0209962235252,31.581906131985164,119.42508600254612,128.8867493431109,119.42508600254612,0.0,48.09480218141961,100.0,74.32106038782683,38.6720750906368,35.64898529719003
2022-06-01 10:00:00,0.0,0.0,80.92745909447433,40.83459746264813,1.1039076024560965,259.5595556434328,593.6490226167759,37.95153195677425,162.77787784884063,96.78167779459218,162.77787784884063,0.0,62.71311316022401,100.0,75.86685847991971,28.413037640036453,47.453820839883264
2022-06-01 11:00:00,0.0,0.0,88.0305773293119,40.83459746264813,2.1883227114619834,266.1183249358249,724.9892037632031,42.655912617600094,195.15684195386518,70.9614829819597,195.15684195386518,0.0,73.33461233867594,100.0,79.71589752403939,21.545497642850805,58.17039988118859
2022-06-01 12:00:00,0.0,0.0,99.4332875095521,40.83459746264813,1.1040564383851679,279.6708798484007,745.5589012046462,43.29871566264519,200.18322746954598,79.48765237885473,200.18322746954598,0.0,71.57814484584807,100.0,82.56885170628885,23.60988663582082,58.95896507046803
2022-06-01 13:00:00,0.0,0.0,104.91465913399202,40.83459746264813,1.1035608303269038,281.6201607350823,709.0825272917634,41.558828977867606,191.70394415408884,89.91621658099348,191.70394415408884,0.0,68.0718112132686,100.0,84.71431492190439,27.18300276154155,57.53131216036284
2022-06-01 14:00:00,0.0,0.0,106.18995781477851,40.83459746264813,1.103521792607888,282.89545941586886,621.5495271569823,38.323422723655696,170.18185216584365,112.7136072500252,170.18185216584365,0.0,60.15715222762511,100.0,84.95416919673936,33.96768628785258,50.98648290888678
2022-06-01 15:00:00,0.0,0.0,107.09453536321622,40.83459746264813,2.1875735694027973,286.68992938610876,495.40531178234716,33.78141599319835,138.0409860409182,148.64894334519056,138.0409860409182,0.0,48.149925020563636,100.0,86.28617637115828,44.92909695329919,41.35707941785909
2022-06-01 16:00:00,0.0,0.0,101.62858198154295,40.83459746264813,0.020000016,264.17088880144763,351.47573687967565,27.683616777489863,100.21991039928095,163.9509784021667,100.21991039928093,0.0,37.937530079102245,99.99999999999999,79.8347227525166,49.54876692940589,30.285955823110704
2022-06-01 17:00:00,0.0,0.0,85.29064298838054,40.83459746264813,1.1032402565636943,204.2264818666317,167.52594396799995,21.335185749,48.901698545876556,155.32478332075516,48.90169854587654,0.0,23.94483717239538,99.99999999999997,65.15389255515524,49.600462824146476,15.553429731008762
2022-06-01 18:00:00,0.0,0.0,69.66440565895097,40.83459746264813,1.1030359445554578,191.967789355778,32.94798875788582,17.129624648683933,2.5739877486811764,189.3938016070968,2.5739877486811906,0.0,1.3408435640787446,100.00000000000055,65.90821653613801,65.02715339970318,0.8810631364348325
2022-06-01 19:00:00,0.0,0.0,52.297156146484966,40.83459746264813,0.020000016,164.28254227747559,0.0,15.6,0.0,164.28254227747559,0.0,0.0,0.0,0.0,58.15387108840978,58.15387108840978,0.0
2022-06-01 20:00:00,0.0,0.0,43.64641885757207,40.83459746264813,1.102836622729189,154.34740835665056,0.0,15.6,0.0,154.34740835665056,0.0,0.0,0.0,0.0,55.12772187658943,55.12772187658943,0.0
2022-06-01 21:00:00,0.0,0.0,0.012667746547148457,2.6957681249665386,0.020000016,50.38415417730767,0.0,16.1,0.0,50.38415417730767,0.0,0.0,0.0,0.0,18.274658761251093,18.274658761251093,0.0
2022-06-01 22:00:00,0.0,0.0,0.0,1.3478840624832689,1.1027910278579587,44.81614301364715,0.0,16.1,0.0,44.81614301364715,0.0,0.0,0.0,0.0,16.29741287461151,16.29741287461151,0.0
2022-06-01 23:00:00,0.0,0.0,0.0,0.0,0.020000016,43.46825895116388,0.0,16.1,0.0,43.46825895116388,0.0,0.0,0.0,0.0,15.771277263108312,15.771277263108312,0.0
2022-06-02 00:00:00,0.0,0.0,0.0,0.0,0.020000016,43.46825895116388,0.0,15.6,0.0,43.46825895116388,0.0,0.0,0.0,0.0,16.54653366150232,16.54653366150232,0.0
2022-06-02 01:00:00,0.0,0.0,0.0,0.0,1.102826433475043,43.46825895116388,0.0,15.6,0.0,43.46825895116388,0.0,0.0,0.0,0.0,17.13053792399731,17.13053792399731,0.0
2022-06-02 02:00:00,0.0,0.0,0.0,0.0,0.020000016,43.46825895116388,0.0,15.6,0.0,43.46825895116388,0.0,0.0,0.0,0.0,16.815384843115268,16.815384843115268,0.0
2022-06-02 03:00:00,0.0,0.0,0.0,0.0,0.020000016,43.46825895116388,0.0,16.1,0.0,43.46825895116388,0.0,0.0,0.0,0.0,16.38765717503582,16.38765717503582,0.0
2022-06-02 04:00:00,0.0,0.0,0.0,0.0,1.1029854797073582,35.80304214099399,0.0,16.1,0.0,35.80304214099399,0.0,0.0,0.0,0.0,14.026622943290597,14.026622943290597,0.0
2022-06-02 05:00:00,0.0,0.0,2.8121263364516986,40.83459746264813,0.020000016,73.51342785769381,9.744542634814447,17.00451695733795,0.22525107857303467,73.28817677912077,0.22525107857303794,0.0,0.30640807419438476,100.00000000000145,27.54136351951594,27.456985591737876,0.08437792777806408
2022-06-02 06:00:00,0.0,0.0,31.878013880604325,40.83459746264813,1.1031751493042945,130.64762334959758,57.748750730859165,17.90464846033935,7.885368931063852,122.76225441853373,7.8853689310638515,0.0,6.035600747182011,99.99999999999999,44.287627356146615,41.62659132982515,2.6610360263214616
2022-06-02 07:00:00,0.0,0.0,69.16476366355681,40.83459746264813,1.1036788829217417,256.1454383199438,77.92652502421896,19.13520390700684,14.294743941465441,241.85069437847838,14.294743941465441,0.0,5.580713845706006,100.0,81.04974471841976,76.5376802670159,4.512064451403859
2022-06-02 08:00:00,0.0,0.0,77.85394084461304,40.83459746264813,1.103734363540235,256.4860373935715,246.07780135450403,24.88993129232825,70.89926906222112,185.58676833135038,70.89926906222112,0.0,27.642545295137428,100.0,79.70042240992782,57.724130475056455,21.97629193487137
2022-06-02 09:00:00,0.0,0.0,86.80492732188932,40.83459746264813,1.1037005076582564,263.51042892297966,388.4546762037269,30.439208631366466,109.6234553955541,153.88697352742554,109.62345539555412,0.0,41.60118286156921,100.00000000000003,79.81708028039755,46.694901349907845,33.1221789304897
2022-06-02 10:00:00,0.0,0.0,96.42024001299464,40.83459746264813,2.187936448858132,275.05233656195315,593.4719693980749,37.94599904368984,162.73282909519392,112.31950746675923,162.73282909519392,0.0,59.16431437350824,100.0,84.72360999188832,34.83053825544734,49.89307173644099
2022-06-02 11:00:00,0.0,0.0,101.90701755472634,40.83459746264813,1.104103811615715,279.99476516123934,724.4946444024561,42.04045763757675,195.49885803985967,84.49590712137967,195.49885803985967,0.0,69.82232611644672,100.0,85.91779172879603,26.06679383418319,59.850997894612846
2022-06-02 12:00:00,0.0,0.0,116.68100372050091,40.83459746264813,2.188077441390106,296.91859605934957,751.4200267810427,42.88187583690758,202.0907140375866,94.82788202176297,202.0907140375866,0.0,68.06266657585559,100.0,91.43662876613811,29.470563574363133,61.96606519177498
2022-06-02 13:00:00,0.0,0.0,125.12041060017273,40.83459746264813,1.1035643796457877,301.8259122012631,714.2648701900091,41.22077719343778,193.36231420391147,108.46359799735166,193.36231420391147,0.0,64.0641861375288,100.0,92.5710085231944,33.39343907265832,59.177569450536076
2022-06-02 14:00:00,0.0,0.0,129.93533700604456,40.83459746264813,1.1035360248814172,306.640838607135,621.4196132841554,37.21936291512986,170.87737297194724,135.76346563518774,170.87737297194724,0.0,55.72557580657856,100.0,94.35582802097863,41.886221876212524,52.46960614476611
2022-06-02 15:00:00,0.0,0.0,132.79729537542195,40.83459746264813,1.1037932038628888,312.39268939831453,495.7959100701438,33.793622189691995,138.1433745541374,174.24931484417712,138.1433745541374,0.0,44.22106510245458,100.0,93.81033172855281,52.41428810966,41.39604361889281
2022-06-02 16:00:00,0.0,0.0,128.54112170555948,40.83459746264813,1.1033536320257458,291.08342852546406,295.63991417097617,27.038747317843004,84.50202077779437,206.5814077476697,84.50202077779437,0.0,29.03017227942336,100.0,91.60904375535667,65.07245166040201,26.536592094954656
2022-06-02 17:00:00,0.0,0.0,111.11589119479298,40.83459746264813,1.1032002904408464,230.05173007304415,175.53300978007735,21.58540655562742,51.19219960663729,178.85953046640685,51.1921996066373,0.0,22.25247321130042,100.00000000000003,76.5481998457886,59.55853264033782,16.98966720545078
2022-06-02 18:00:00,0.0,0.0,90.5170882581299,40.83459746264813,0.020000016,212.82047195495687,36.47956908102947,16.739986533782172,3.1597739873015316,209.66069796765535,3.15977398730152,0.0,1.484713363463587,99.99999999999963,75.67724032654692,74.55370369101219,1.1235366355347338
2022-06-02 19:00:00,0.0,0.0,66.06239279364418,40.83459746264813,1.1032388476126542,178.04777892463477,0.0,15.0,0.0,178.04777892463477,0.0,0.0,0.0,0.0,65.54662467119554,65.54662467119554,0.0
2022-06-02 20:00:00,0.0,0.0,54.5252029095764,40.83459746264813,0.020000016,165.22619240865487,0.0,14.4,0.0,165.22619240865487,0.0,0.0,0.0,0.0,61.32978071652151,61.32978071652151,0.0
2022-06-02 21:00:00,0.0,0.0,4.151596294318287,8.553970184371327,1.1028349912112423,60.381284784483604,0.0,14.4,0.0,60.381284784483604,0.0,0.0,0.0,0.0,22.018248873014066,22.018248873014066,0.0
2022-06-02 22:00:00,0.0,0.0,4.823899370933112,13.166915423505936,0.020000016,61.459073745602936,0.0,14.4,0.0,61.459073745602936,0.0,0.0,0.0,0.0,22.347969157483256,22.347969157483256,0.0
2022-06-02 23:00:00,0.0,0.0,1.7999049842789512,5.391536249933077,0.020000016,45.29886387325989,0.0,15.0,0.0,45.29886387325989,0.0,0.0,0.0,0.0,16.43032801752336,16.43032801752336,0.0
2022-06-03 00:00:00,0.0,0.0,0.38516787177519085,5.3915362499330755,1.1029141101721178,43.88412676075613,0.0,15.0,0.0,43.88412676075613,0.0,0.0,0.0,0.0,16.45216359128587,16.45216359128587,0.0
2022-06-03 01:00:00,0.0,0.0,0.03682348215826989,3.602771750602846,0.020000016,41.74701787180898,0.0,15.0,0.0,41.74701787180898,0.0,0.0,0.0,0.0,15.490074760889382,15.490074760889382,0.0
2022-06-03 02:00:00,0.0,0.0,0.0,0.0,0.020000016,38.10742263904787,0.0,15.0,0.0,38.10742263904787,0.0,0.0,0.0,0.0,14.938662091858765,14.938662091858765,0.0
2022-06-03 03:00:00,0.0,0.0,0.0,0.0,1.102896789203083,38.10742263904787,0.0,15.0,0.0,38.10742263904787,0.0,0.0,0.0,0.0,15.43735426275202,15.43735426275202,0.0
2022-06-03 04:00:00,0.0,0.0,0.0,0.0,0.020000016,26.234746474247864,0.0,15.6,0.0,26.234746474247864,0.0,0.0,0.0,0.0,10.40436625087869,10.40436625087869,0.0
2022-06-03 05:00:00,0.0,0.0,24.916191240683137,40.83459746264813,1.1029599317584662,95.61749276192526,11.996015412304711,16.474875481634523,0.3420139533921962,95.27547880853307,0.34201395339219687,0.0,0.35768973177718194,100.0000000000002,37.21451027792673,37.08210812621977,0.13240215170695535
2022-06-03 06:00:00,0.0,0.0,47.13549171726382,40.83459746264813,0.020000016,122.9743797661543,92.38350509602296,18.98698453425072,20.101463720215772,102.87291604593852,20.101463720215776,0.0,16.34605822646988,100.00000000000003,43.29611653593891,36.21949674055555,7.076619795383358
2022-06-03 07:00:00,0.0,0.0,66.3586170354335,40.83459746264813,1.1030904990790493,180.57581791752472,193.06688240583358,23.233340075182298,55.96672073600746,124.60909718151726,55.96672073600746,0.0,30.99347486359963,100.0,58.90019878979549,40.70653721293419,18.193661576861302
2022-06-03 08:00:00,0.0,0.0,82.20768473068364,40.83459746264813,0.020000016,198.67257971862102,340.3494354854162,27.835919858919258,96.99211633250175,101.68046338611927,96.99211633250175,0.0,48.82008200118567,100.0,62.61625787238513,32.04870744961554,30.567550422769585
2022-06-03 09:00:00,0.0,0.0,92.71601456207438,40.83459746264813,1.1031938957617327,208.21761207607767,465.34504466995713,31.74203264593616,130.67618981288717,77.5414222631905,130.67618981288717,0.0,62.75943159176241,100.0,64.94181481671768,24.309360356298544,40.63245446041914
2022-06-03 10:00:00,0.0,0.0,102.15825740116354,40.83459746264813,1.1033629483495635,219.90754902101304,615.6418656438481,38.638808301370254,168.35741755457323,51.55013146643981,168.35741755457323,0.0,76.5582711025923,100.0,69.16606647974065,16.365813186275393,52.80025329346526
2022-06-03 11:00:00,0.0,0.0,111.15456495555166,40.83459746264813,0.020000016,227.61945994348906,678.1921281285017,40.59350400401568,184.05019554229037,43.569264401198694,184.05019554229037,0.0,80.85872604564847,100.0,71.67300226626982,13.722037446846553,57.95096481942326
2022-06-03 12:00:00,0.0,0.0,120.92428105990406,40.83459746264813,1.103135672985186,234.82038278401728,690.5532983221524,41.57979057256726,186.67905142471432,48.14133135930297,186.67905142471432,0.0,79.49865731903591,100.0,73.32873184517356,15.191274859974785,58.13745698519878
2022-06-03 13:00:00,0.0,0.0,119.77704167633313,40.83459746264813,1.1030775188492163,194.5741776599715,647.4796894992282,39.63374029685088,176.3775376968511,18.19663996312039,176.3775376968511,0.0,90.64796768925835,100.0,59.77430415088917,5.770147771178815,54.00415637971036
2022-06-03 14:00:00,0.0,0.0,128.14940954912387,40.83459746264813,0.020000016,201.66214890085013,619.0360096231384,38.24487530072307,169.5454580254782,32.116690875371916,169.5454580254782,0.0,84.07401138467363,100.0,61.60937087888383,9.81492890668049,51.79444197220334
2022-06-03 15:00:00,0.0,0.0,130.0147665134829,40.83459746264813,1.1030182401851896,203.8486050231872,468.6118480918816,33.5441202528713,130.6936820040243,73.15492301916288,130.6936820040243,0.0,64.11311080061513,100.0,64.21011859727892,23.170342042785222,41.0397765544937
2022-06-03 16:00:00,0.0,0.0,122.44797368377269,40.83459746264813,0.020000016,185.50757448613683,326.3394706116343,28.498108456613572,92.76930962573843,92.7382648603984,92.76930962573843,0.0,50.0083675196083,100.0,60.89275218474782,30.4430816862917,30.449670498456122
2022-06-03 17:00:00,0.0,0.0,42.08127766401233,21.206227494239357,1.1029985348414064,83.58591355009956,183.72844809590288,22.941514002996964,53.31680556918682,30.269107980912743,53.31680556918682,0.0,63.78683118325901,100.0,29.12266486784393,10.67291746868253,18.449747399161403
2022-06-03 18:00:00,0.0,0.0,36.956731440421876,26.024313636472687,0.020000016,89.21579155114244,39.38708673514711,17.930846460473347,3.667782099314202,85.54800945182825,3.667782099314195,0.0,4.111135523817731,99.99999999999982,33.92344495890748,32.528954204748224,1.394490754159257
2022-06-03 19:00:00,0.0,0.0,30.632425721300258,28.777098554882933,0.020000016,97.51694691523106,0.0,16.1,0.0,97.51694691523106,0.0,0.0,0.0,0.0,36.28283077203654,36.28283077203654,0.0
2022-06-03 20:00:00,0.0,0.0,19.915764143504774,24.343020152858028,1.1029951474868873,82.36620693541067,0.0,15.6,0.0,82.36620693541067,0.0,0.0,0.0,0.0,30.796405116473938,30.796405116473938,0.0
2022-06-03 21:00:00,0.0,0.0,17.41948643177481,25.00348085645175,0.020000016,80.53038992727443,0.0,15.6,0.0,80.53038992727443,0.0,0.0,0.0,0.0,29.96372462775667,29.96372462775667,0.0
2022-06-03 22:00:00,0.0,0.0,13.555483586952667,20.630093080819222,1.1028154365041434,72.29299930681975,0.0,15.6,0.0,72.29299930681975,0.0,0.0,0.0,0.0,25.536897168079825,25.536897168079825,0.0
2022-06-03 23:00:00,0.0,0.0,14.325703471176414,23.418647263891017,0.020000016,75.8517733741153,0.0,15.6,0.0,75.8517733741153,0.0,0.0,0.0,0.0,26.78762070729698,26.78762070729698,0.0
2022-06-04 00:00:00,0.0,0.0,11.569983725440252,20.416536295124775,0.020000016,70.09394265961289,0.0,15.0,0.0,70.09394265961289,0.0,0.0,0.0,0.0,24.45657384739568,24.45657384739568,0.0
2022-06-04 01:00:00,0.0,0.0,11.041646128415303,22.341040097774385,1.102920708223065,71.49010886523756,0.0,15.0,0.0,71.49010886523756,0.0,0.0,0.0,0.0,25.749503689232853,25.749503689232853,0.0
2022-06-04 02:00:00,0.0,0.0,3.8487419188590306,14.928527529861906,0.020000016,56.88469208776879,0.0,15.0,0.0,56.88469208776879,0.0,0.0,0.0,0.0,21.059469787450748,21.059469787450748,0.0
2022-06-04 03:00:00,0.0,0.0,3.238393250415473,10.795693875837344,0.020000016,52.14150976530068,0.0,15.0,0.0,52.14150976530068,0.0,0.0,0.0,0.0,19.750372881928975,19.750372881928975,0.0
2022-06-04 04:00:00,0.0,0.0,3.7685799612723447,13.445488664439166,1.1029450014732862,43.44881509995937,0.0,15.0,0.0,43.44881509995937,0.0,0.0,0.0,0.0,16.644831195899005,16.644831195899005,0.0
2022-06-04 05:00:00,0.0,0.0,12.836766894629848,21.783019460336334,0.020000016,54.91819474681405,21.755277147656273,16.279852410864258,1.1256483179920462,53.79254642882201,1.1256483179920451,0.0,2.049681937255133,99.9999999999999,20.41998909023872,20.001518071541994,0.41847101869672443
2022-06-04 06:00:00,0.0,0.0,22.491504744331127,25.887079509857823,0.020000016,68.67699264603682,165.1584878721377,21.861202746004302,48.11805049032119,20.558942155715634,48.11805049032119,0.0,70.06429465879933,100.0,24.12433436830418,7.22431267509357,16.90002169321061
2022-06-04 07:00:00,0.0,0.0,26.77353477849894,25.899450368895724,1.1028741079325806,72.97139353924253,276.57298940495133,26.442905918904728,79.22777323169996,0.0,72.97139353924253,6.256379692457429,100.0,92.10329984390603,24.327293927536957,0.19857293985102278,24.128720987685934
2022-06-04 08:00:00,0.0,0.0,36.76620612522318,28.263433571232127,0.020000016,85.32804808830318,365.8532756451502,29.732914863910946,103.52060114163778,0.0,85.32804808830318,18.192553053334606,100.0,82.42615203862331,27.179731046806804,0.0036010111631256747,27.176130035643677
2022-06-04 09:00:00,0.0,0.0,40.081809321606634,27.25853297024407,0.020000016,87.63875068369856,451.63118331302934,32.413474478532166,126.50198549287329,0.0,87.63875068369856,38.86323480917473,100.0,69.27855744101016,27.915228522660865,0.0036010111631256747,27.911627511497738
2022-06-04 10:00:00,0.0,0.0,48.394875162278026,28.263433571232127,1.1029512778132493,96.95671712535801,603.7955392451958,38.26861060141236,165.35603117971382,0.0,96.95671712535801,68.39931405435581,100.0,58.63512593621854,31.554873936246402,0.19858683431999447,31.35628710192641
2022-06-04 11:00:00,0.0,0.0,48.14941535781206,27.25853297024407,0.020000016,95.706356719904,721.5587065895946,41.948709580924834,194.77716405821798,0.0,95.706356719904,99.07080733831398,100.0,49.136333400612514,31.105295754430326,0.0036010111631256747,31.1016947432672
2022-06-04 12:00:00,0.0,0.0,55.927486676179946,28.263433571232127,0.020000016,104.48932863925992,751.3551490176313,43.47984840680098,201.59450230453203,0.0,104.48932863925992,97.1051736652721,100.0,51.83143758623764,33.27718282304906,0.0036010111631256747,33.27358181188593
2022-06-04 13:00:00,0.0,0.0,58.15435152517721,27.25853297024407,1.1029474678498696,105.71129288726911,707.8942185820243,42.12169433068826,190.95809166565624,0.0,105.71129288726911,85.24679877838713,100.0,55.35837312008562,34.67368154119515,0.1985861483345102,34.47509539286064
2022-06-04 14:00:00,0.0,0.0,65.08405508120076,28.263433571232127,0.020000016,113.64589704428077,562.6280716443622,36.48212723888632,155.1529305645811,0.0,113.64589704428077,41.50703352030034,100.0,73.24766385703337,38.396594409632506,0.0036010111631256747,38.39299339846938
2022-06-04 15:00:00,0.0,0.0,59.54572230856415,27.25853297024407,0.020000016,107.1026636706561,356.6232223200968,29.444475697503027,101.0185085705643,6.084155100091806,101.0185085705643,0.0,94.31932419645437,100.0,36.90582377888769,2.0998966508997574,34.80592712798793
2022-06-04 16:00:00,0.0,0.0,62.07085944332971,28.263433571232127,1.102915754024722,110.63270140640968,306.3903071423713,27.374697098199103,87.46509476194797,23.167606644461713,87.46509476194797,0.0,79.0589885721443,100.0,37.93318223394537,8.10058771254016,29.832594521405206
2022-06-04 17:00:00,0.0,0.0,53.066339294681235,27.25853297024407,0.020000016,100.62328065677315,199.22789104259098,22.925871595080967,57.8179643574776,42.80531629929555,57.8179643574776,0.0,57.459828361882934,100.0,35.46827627864282,15.09033474084984,20.377941537792978
2022-06-04 18:00:00,0.0,0.0,45.541908863360746,28.263433571232127,0.020000016,100.04008890884073,40.229273186686505,17.357164787083956,3.8342250364003525,96.20586387244037,3.8342250364003547,0.0,3.832688553380041,100.00000000000007,37.65318827156079,36.210196850236706,1.4429914213240878
2022-06-04 19:00:00,0.0,0.0,31.088696673895303,27.25853297024407,1.1028707124606651,96.45465228318723,0.0,16.1,0.0,96.45465228318723,0.0,0.0,0.0,0.0,38.81901510268306,38.81901510268306,0.0
2022-06-04 20:00:00,0.0,0.0,27.375047620551964,28.263433571232124,0.020000016,93.74590383083196,0.0,16.1,0.0,93.74590383083196,0.0,0.0,0.0,0.0,37.531023773683465,37.531023773683465,0.0
2022-06-04 21:00:00,0.0,0.0,20.588329713861928,25.483282334679643,0.020000016,84.17903468758944,0.0,16.1,0.0,84.17903468758944,0.0,0.0,0.0,0.0,33.74339990429585,33.74339990429585,0.0
2022-06-04 22:00:00,0.0,0.0,18.643242655007377,24.810795481891613,1.1028436697620627,81.56146077594686,0.0,15.6,0.0,81.56146077594686,0.0,0.0,0.0,0.0,31.83707370904336,31.83707370904336,0.0
2022-06-04 23:00:00,0.0,0.0,13.908873893708114,21.900081679252143,0.020000016,79.27721452412415,0.0,16.1,0.0,79.27721452412415,0.0,0.0,0.0,0.0,31.17976200884757,31.17976200884757,0.0
2022-06-05 00:00:00,0.0,0.0,4.5644117812262825,23.172226600818764,0.020000016,71.20489733320893,0.0,16.1,0.0,71.20489733320893,0.0,0.0,0.0,0.0,28.92026584266594,28.92026584266594,0.0
2022-06-05 01:00:00,0.0,0.0,1.5205357042148369,14.254085566157613,1.1029191601291337,59.242880221536325,0.0,15.0,0.0,59.242880221536325,0.0,0.0,0.0,0.0,24.518079596859437,24.518079596859437,0.0
2022-06-05 02:00:00,0.0,0.0,0.64741629351215,11.543115979886808,0.020000016,55.65879122456283,0.0,15.0,0.0,55.65879122456283,0.0,0.0,0.0,0.0,22.972870973715718,22.972870973715718,0.0
2022-06-05 03:00:00,0.0,0.0,0.32575114221483237,11.396155834271152,1.1029350082362792,55.19016592764987,0.0,15.0,0.0,55.19016592764987,0.0,0.0,0.0,0.0,23.200189358642557,23.200189358642557,0.0
2022-06-05 04:00:00,0.0,0.0,0.158078784815318,12.857369962678664,0.020000016,48.818490888487965,0.0,15.6,0.0,48.818490888487965,0.0,0.0,0.0,0.0,20.082158128689343,20.082158128689343,0.0
2022-06-05 05:00:00,0.0,0.0,27.375579583234934,40.83459746264813,0.020000016,98.07688110447707,29.699394855446826,16.528106089232715,2.095955545581318,95.98092555889575,2.095955545581319,0.0,2.137053627703136,100.00000000000004,39.679622493168274,38.83172463675881,0.8478978564094675
2022-06-05 06:00:00,0.0,0.0,37.80313601381019,40.83459746264813,1.1031958672129765,136.57274548280347,136.32944619494768,20.360295193592115,39.936902753082386,96.63584272972108,39.93690275308239,0.0,29.24222004317182,100.00000000000003,52.22806685559893,37.0135046982709,15.214562157328032
2022-06-05 07:00:00,0.0,0.0,61.604410633967625,40.83459746264813,1.1035713254152684,248.58508529035473,308.2448116742654,27.932650364820795,87.81123079136044,160.7738544989943,87.81123079136043,0.0,35.32441646239327,99.99999999999999,88.42278816912084,57.25814330511308,31.164644864007755
2022-06-05 08:00:00,0.0,0.0,72.46949755337434,40.83459746264813,1.1036262903389966,251.10159410233285,344.465415784251,31.364544243257846,96.86985519796877,154.23173890436408,96.86985519796877,0.0,38.57795309674174,100.0,85.55818426975182,52.628245693754316,32.929938575997504
2022-06-05 09:00:00,0.0,0.0,77.60591250333448,40.83459746264813,1.103657845463531,254.3114141044249,309.4549474435438,30.27046710761075,87.38506097076267,166.92635313366225,87.38506097076265,0.0,34.361438820390795,99.99999999999999,85.3243736952922,56.0739722365488,29.250401458743397
2022-06-05 10:00:00,0.0,0.0,78.75034114145231,40.83459746264813,2.1876612994085085,257.3824376904107,491.66302770419367,34.764469615756056,136.48318892119391,120.8992487692168,136.48318892119391,0.0,53.02738995943501,100.0,87.5114099201657,41.315262550064595,46.19614737010111
2022-06-05 11:00:00,0.0,0.0,80.31134755623276,40.83459746264813,1.1040893111929013,258.39909516274577,595.4459421894742,39.20768569342107,162.4735525396278,95.92554262311796,162.4735525396278,0.0,62.87698199457633,100.0,86.84388433219738,32.36406506237208,54.4798192698253
2022-06-05 12:00:00,0.0,0.0,88.69998110361938,40.83459746264813,2.188034235447074,268.93757344246796,556.3898490711973,37.38718278347491,152.89605183217887,116.0415216102891,152.89605183217887,0.0,56.851874535443784,100.0,91.5355554219773,39.719847936311055,51.81570748566625
2022-06-05 13:00:00,0.0,0.0,93.46846025180588,40.83459746264813,1.1035389480091724,270.17396185289624,465.98670495906055,34.56208452997064,129.45606600591785,140.7178958469784,129.45606600591785,0.0,47.91581879989006,100.0,90.35439284508435,47.155550899239586,43.19884194584476
2022-06-05 14:00:00,0.0,0.0,95.68647296737615,40.83459746264813,1.1035125029090522,272.3919745684665,448.4431015942104,33.413846924819076,125.13096421412625,147.26101035434021,125.13096421412627,0.0,45.93783073541847,100.00000000000003,92.65533385103264,50.182756322652835,42.4725775283798
2022-06-05 15:00:00,0.0,0.0,93.74002613823833,40.83459746264813,1.103771096737301,273.3354201611309,444.9886956788971,32.80589673996553,124.45534459753571,148.8800755635952,124.45534459753571,0.0,45.532095519918144,100.0,92.98107613965185,50.73533169274134,42.24574444691051
2022-06-05 16:00:00,0.0,0.0,87.94164421834695,40.83459746264813,1.103346204500397,250.48395103825163,275.3892782803936,26.9059149462623,78.75281222691498,171.73113881133665,78.75281222691498,0.0,31.440262699660376,100.0,87.3846067789178,59.97311542709551,27.411491351822292
2022-06-05 17:00:00,0.0,0.0,72.81834047612959,40.83459746264813,1.1032166477571772,191.75417935438074,154.91827519952446,22.84119609998514,44.97284057853784,146.7813387758429,44.97284057853784,0.0,23.453382205257476,100.0,71.74978909858193,54.96862336510632,16.78116573347561
2022-06-05 18:00:00,0.0,0.0,57.6265502713042,40.83459746264813,0.020000016,179.92993396813117,0.0,17.2,0.0,179.92993396813117,0.0,0.0,0.0,0.0,72.22657685630114,72.22657685630114,0.0
2022-06-05 19:00:00,0.0,0.0,35.37099870709045,40.83459746264813,1.1031057745401183,147.35638483808106,0.0,17.2,0.0,147.35638483808106,0.0,0.0,0.0,0.0,60.90944520480904,60.90944520480904,0.0
2022-06-05 20:00:00,0.0,0.0,18.507307242943547,40.83459746264813,0.020000016,129.20829674202207,0.0,17.2,0.0,129.20829674202207,0.0,0.0,0.0,0.0,52.895663323993574,52.895663323993574,0.0
2022-06-05 21:00:00,0.0,0.0,0.0,0.0,1.1027904521313319,47.675718305793986,0.0,17.2,0.0,47.675718305793986,0.0,0.0,0.0,0.0,19.527009214532836,19.527009214532836,0.0
2022-06-05 22:00:00,0.0,0.0,0.0,3.602771750602846,0.020000016,47.07103070176672,0.0,17.8,0.0,47.07103070176672,0.0,0.0,0.0,0.0,18.885909622023338,18.885909622023338,0.0
2022-06-05 23:00:00,0.0,0.0,0.0,3.602771750602846,0.020000016,47.07103070176673,0.0,17.2,0.0,47.07103070176673,0.0,0.0,0.0,0.0,18.780705868404894,18.780705868404894,0.0
2022-06-06 00:00:00,0.0,0.0,0.0,0.0,1.1028548039737858,43.46825895116388,0.0,17.2,0.0,43.46825895116388,0.0,0.0,0.0,0.0,17.703672026388453,17.703672026388453,0.0
2022-06-06 01:00:00,0.0,0.0,0.0,0.0,0.020000016,43.46825895116388,0.0,16.7,0.0,43.46825895116388,0.0,0.0,0.0,0.0,17.57694873993966,17.57694873993966,0.0
2022-06-06 02:00:00,0.0,0.0,0.0,0.0,0.020000016,43.46825895116388,0.0,16.7,0.0,43.46825895116388,0.0,0.0,0.0,0.0,17.43828499388545,17.43828499388545,0.0
2022-06-06 03:00:00,0.0,0.0,0.0,0.0,1.1029146793618403,43.46825895116388,0.0,16.7,0.0,43.46825895116388,0.0,0.0,0.0,0.0,17.565888426101676,17.565888426101676,0.0
2022-06-06 04:00:00,0.0,0.0,0.0,0.0,0.020000016,35.80304214099399,0.0,17.2,0.0,35.80304214099399,0.0,0.0,0.0,0.0,14.529969299028616,14.529969299028616,0.0
2022-06-06 05:00:00,0.0,0.0,0.2524331144358623,40.83459746264813,0.020000016,70.95373463567799,21.75438404003904,17.87982450125122,1.1191009886776668,69.83463364700032,1.1191009886776726,0.0,1.5772263354760045,100.00000000000051,28.01258775859701,27.5708226433165,0.44176511528051066
2022-06-06 06:00:00,0.0,0.0,0.175462355612012,40.83459746264813,1.1032848449652062,98.94507182460531,160.64242140772032,23.32007566899126,46.55258776030631,52.392484064299,46.55258776030631,0.0,47.048920074389976,100.0,35.82530417975035,19.063346667835656,16.76195751191469
2022-06-06 07:00:00,0.0,0.0,8.242925100389591,40.83459746264813,1.103537127272631,195.22359975677665,281.31794458365454,28.791185768239203,79.8830751768733,115.34052457990335,79.8830751768733,0.0,40.918759451417394,100.0,65.03635426797844,38.505587340235266,26.530766927743173
2022-06-06 08:00:00,0.0,0.0,20.19128171223908,40.83459746264813,1.1036313139491416,198.82337826119752,320.6095443159826,30.019048259874456,90.62083343423204,108.20254482696548,90.62083343423204,0.0,45.57856034172298,100.0,64.29936642651795,35.08320972732154,29.21615669919641
2022-06-06 09:00:00,0.0,0.0,38.367928336389795,40.83459746264813,1.10363330397464,215.07342993748017,317.63852778437285,29.92620399326165,89.81249607464483,125.26093386283534,89.81249607464483,0.0,41.758991847924904,100.0,68.19417450814714,39.79995387414818,28.394220633998962
2022-06-06 10:00:00,0.0,0.0,56.17271364615404,40.83459746264813,2.187428718271782,234.80481019511257,392.9754315518745,32.280482235996075,110.12818871579563,124.67662147931694,110.12818871579563,0.0,46.90201560363431,100.0,74.184781122541,39.5753458957715,34.6094352267695
2022-06-06 11:00:00,0.0,0.0,63.996261329576065,40.83459746264813,1.1040873404233493,242.08400893608902,402.59958071832506,33.18123689744766,112.43884587927758,129.64516305681144,112.43884587927758,0.0,46.446209468119726,100.0,76.02676550191457,40.80754580714845,35.21921969476612
2022-06-06 12:00:00,0.0,0.0,72.55125465946793,40.83459746264813,2.1879716494756423,252.7888469983166,400.12944335597894,32.50404510487434,112.03772043175842,140.75112656655818,112.0377204317584,0.0,44.320673859675665,99.99999999999999,80.71128161410218,45.114096889921754,35.59718472418042
2022-06-06 13:00:00,0.0,0.0,78.04252974062207,40.83459746264813,1.1035087860878594,254.74803134171242,382.8819574747215,31.365061171085046,107.67306507159898,147.07496627011344,107.67306507159898,0.0,42.26649544826869,100.0,82.39059204600579,47.65095433130511,34.739637714700685
2022-06-06 14:00:00,0.0,0.0,84.04184016719438,40.83459746264813,1.103480354825447,260.74734176828474,325.7332802236156,29.579165006987985,92.22175019563014,168.5255915726546,92.22175019563014,0.0,35.36824175089146,100.0,85.49435253409645,55.32677361010192,30.167578923994533
2022-06-06 15:00:00,0.0,0.0,87.22422471578498,40.83459746264813,1.103760541744367,266.81961873867755,284.6428391824226,27.795088724450707,81.12934420367998,185.69027453499757,81.12934420367998,0.0,30.40606406200507,100.0,87.20327382093389,60.748617262997925,26.454656557935962
2022-06-06 16:00:00,0.0,0.0,79.14130859009516,40.83459746264813,1.1033028696773948,241.68361540999982,213.2710253248157,24.96471954140049,61.43007318717878,180.25354222282104,61.43007318717878,0.0,25.417558026416824,100.0,80.21767836467757,59.87879543313455,20.33888293154302
2022-06-06 17:00:00,0.0,0.0,63.13407453136359,40.83459746264813,1.103154417525937,182.06991340961477,136.90085264802215,22.078151645250692,39.8536893253422,142.21622408427257,39.8536893253422,0.0,21.889222979790578,100.0,63.21302044077706,49.41965856527612,13.793361875500935
2022-06-06 18:00:00,0.0,0.0,46.74701125503527,40.83459746264813,0.020000016,169.05039495186224,0.0,17.2,0.0,169.05039495186224,0.0,0.0,0.0,0.0,64.29938297517965,64.29938297517965,0.0
2022-06-06 19:00:00,0.0,0.0,18.535397909505,40.83459746264813,1.1031743993299818,130.5207840404956,0.0,17.2,0.0,130.5207840404956,0.0,0.0,0.0,0.0,50.34797525540091,50.34797525540091,0.0
2022-06-06 20:00:00,0.0,0.0,8.280689730203349,40.83459746264813,0.020000016,118.98167922928188,0.0,17.2,0.0,118.98167922928188,0.0,0.0,0.0,0.0,44.77878653872649,44.77878653872649,0.0
2022-06-06 21:00:00,0.0,0.0,0.0,0.0,1.1028601855962996,47.675718305793986,0.0,17.8,0.0,47.675718305793986,0.0,0.0,0.0,0.0,18.323448261442305,18.323448261442305,0.0
2022-06-06 22:00:00,0.0,0.0,0.0,0.0,0.020000016,43.46825895116388,0.0,17.8,0.0,43.46825895116388,0.0,0.0,0.0,0.0,16.440253768366727,16.440253768366727,0.0
2022-06-06 23:00:00,0.0,0.0,0.0,0.0,0.020000016,43.46825895116388,0.0,17.2,0.0,43.46825895116388,0.0,0.0,0.0,0.0,16.55435794811353,16.55435794811353,0.0
2022-06-07 00:00:00,0.0,0.0,0.0,0.0,1.102914948839629,43.46825895116388,0.0,16.7,0.0,43.46825895116388,0.0,0.0,0.0,0.0,16.850835614874622,16.850835614874622,0.0
2022-06-07 01:00:00,0.0,0.0,0.0,0.0,0.020000016,43.46825895116388,0.0,16.7,0.0,43.46825895116388,0.0,0.0,0.0,0.0,16.06729610656574,16.06729610656574,0.0
2022-06-07 02:00:00,0.0,0.0,0.0,0.0,0.020000016,43.46825895116388,0.0,16.7,0.0,43.46825895116388,0.0,0.0,0.0,0.0,16.014699513234834,16.014699513234834,0.0
2022-06-07 03:00:00,0.0,0.0,0.0,0.0,1.102802173163353,43.46825895116388,0.0,17.2,0.0,43.46825895116388,0.0,0.0,0.0,0.0,16.701284498775404,16.701284498775404,0.0
2022-06-07 04:00:00,0.0,0.0,0.0,0.0,0.020000016,35.80304214099399,0.0,17.2,0.0,35.80304214099399,0.0,0.0,0.0,0.0,13.636683397610815,13.636683397610815,0.0
2022-06-07 05:00:00,0.0,0.008658992385264967,0.18150558684950693,40.83459746264813,0.028659008385264965,70.88280710809165,9.745418567285162,17.50454433022766,0.2248867399682158,70.65792036812344,0.22488673996821262,0.0,0.31726556712867626,99.9999999999986,26.40723364391436,26.3234689554447,0.08376468846966034
2022-06-07 06:00:00,0.0,0.0,0.019208545544123955,40.83459746264813,1.1031880542078514,98.78881801453741,47.98646616972662,18.699577067803958,5.429100666570384,93.35971734796703,5.429100666570378,0.0,5.495663148608024,99.99999999999989,35.536377557988075,33.594333958549186,1.9420435994388896
2022-06-07 07:00:00,0.0,0.0,4.742208406201288,40.83459746264813,1.1035196955421722,191.72288306258838,92.1659580703123,20.080186189697258,19.927740706570646,171.79514235601772,19.92774070657066,0.0,10.394033507239302,100.00000000000007,64.76137004949412,58.05070336655644,6.710666682937678
2022-06-07 08:00:00,0.0,0.0,15.190270227695288,40.83459746264813,1.1036237883787428,193.82236677665375,111.5845908890623,20.687018465283195,29.14517676905836,164.67719000759539,29.145176769058367,0.0,15.03705545121274,100.00000000000003,63.29079564142826,53.80360342544822,9.487192215980038
2022-06-07 09:00:00,0.0,0.0,33.41550378982218,40.83459746264813,1.1036223811415315,210.1210053909126,128.24683872509732,21.20771371015929,37.453342757611374,172.6676626333012,37.45334275761138,0.0,17.824654269063945,100.00000000000003,65.70918412250394,54.03216818424964,11.6770159382543
2022-06-07 10:00:00,0.0,0.0,50.71299719883409,40.83459746264813,2.1876268479836942,229.3450937477926,294.74959761001236,27.010924925312885,84.2562824122197,145.08881133557287,84.25628241221972,0.0,36.737774083310065,100.00000000000003,72.78092833405768,46.18753919770083,26.593389136356848
2022-06-07 11:00:00,0.0,0.0,60.14763658854822,40.83459746264813,1.1040766411505045,238.2353841950612,235.33226447322767,26.254133264788365,67.46119309294804,170.77419110211315,67.46119309294804,0.0,28.317033307576384,100.0,75.38587670841622,54.095124168281814,21.290752540134406
2022-06-07 12:00:00,0.0,0.0,70.81136098731226,40.83459746264813,2.18794860440269,251.0489533261608,663.0666846381171,42.42083389494116,178.6542735493504,72.39467977681042,178.6542735493504,0.0,71.1631222446262,100.0,78.86305714867855,23.02198413672587,55.84107301195268
2022-06-07 13:00:00,0.0,0.0,80.21018685880786,40.83459746264813,1.1035131834871037,256.91568845989826,688.0375953171989,42.60117485366247,185.2501237168995,71.66556474299875,185.2501237168995,0.0,72.1054151373146,100.0,80.37051316802281,22.56228581154574,57.808227356477076
2022-06-07 14:00:00,0.0,0.0,87.54167276089215,40.83459746264813,1.1034889784881092,264.24717436198256,582.4198266156217,38.800619581738175,159.1718789084776,105.07529545350496,159.1718789084776,0.0,60.23598144153998,100.0,82.8631272032082,33.069388324269134,49.79373887893906
2022-06-07 15:00:00,0.0,0.0,89.49031852049639,40.83459746264813,1.1037559162344244,269.08571254338904,500.2331758432816,35.63228674510255,138.39963043762336,130.68608210576568,138.39963043762336,0.0,51.43328834871043,100.0,86.54699143641177,42.13524202713062,44.41174940928115
2022-06-07 16:00:00,0.0,0.0,83.98248977467185,40.83459746264813,1.1033309795658275,246.52479659457651,342.6214808105944,29.606921275331075,96.99301126369926,149.53178533087726,96.99301126369926,0.0,39.34411978167436,100.0,80.87266226136998,49.13218429038072,31.74047797098926
2022-06-07 17:00:00,0.0,0.0,69.4801524337817,40.83459746264813,1.1032094127326524,188.41599131203284,196.23296924960437,24.432280289050137,56.6338086577598,131.78218265427304,56.6338086577598,0.0,30.057856694323476,100.0,64.88184312903999,45.43945661683106,19.442386512208934
2022-06-07 18:00:00,0.0,0.0,55.44068284131278,40.83459746264813,0.020000016,174.7758974969397,0.0,18.0,0.0,174.7758974969397,0.0,0.0,0.0,0.0,63.46385551281445,63.46385551281445,0.0
2022-06-07 19:00:00,0.0,0.0,29.471955475567196,40.83459746264813,1.1032101265397751,141.45734160655783,0.0,17.8,0.0,141.45734160655783,0.0,0.0,0.0,0.0,51.85744002143925,51.85744002143925,0.0
2022-06-07 20:00:00,0.0,0.0,9.669437139913699,40.83459746264813,0.020000016,120.3704266389922,0.0,17.8,0.0,120.3704266389922,0.0,0.0,0.0,0.0,41.559083399742406,41.559083399742406,0.0
2022-06-07 21:00:00,0.0,0.0,0.0,0.0,1.102841430418824,47.675718305793986,0.0,17.8,0.0,47.675718305793986,0.0,0.0,0.0,0.0,16.835962473424065,16.835962473424065,0.0
2022-06-07 22:00:00,0.0,0.0,0.0,0.0,0.020000016,43.46825895116388,0.0,17.8,0.0,43.46825895116388,0.0,0.0,0.0,0.0,14.83975247378487,14.83975247378487,0.0
2022-06-07 23:00:00,0.0,0.0,0.0,0.0,0.020000016,43.46825895116388,0.0,17.8,0.0,43.46825895116388,0.0,0.0,0.0,0.0,14.37920627019729,14.37920627019729,0.0
2022-06-08 00:00:00,0.0,0.0,0.0,0.0,1.1029130316367952,43.46825895116388,0.0,17.8,0.0,43.46825895116388,0.0,0.0,0.0,0.0,14.895632982058107,14.895632982058107,0.0
2022-06-08 01:00:00,0.0,0.0,0.0,0.0,0.020000016,43.46825895116388,0.0,17.8,0.0,43.46825895116388,0.0,0.0,0.0,0.0,14.781505006790313,14.781505006790313,0.0
2022-06-08 02:00:00,0.0,0.0,0.0,0.0,0.020000016,43.46825895116388,0.0,17.8,0.0,43.46825895116388,0.0,0.0,0.0,0.0,15.273565698117487,15.273565698117487,0.0
2022-06-08 03:00:00,0.0,0.0,0.0,0.0,1.102797842542142,43.46825895116388,0.0,17.2,0.0,43.46825895116388,0.0,0.0,0.0,0.0,15.62609633388822,15.62609633388822,0.0
2022-06-08 04:00:00,0.0,0.0,0.0,0.0,0.020000016,35.80304214099399,0.0,17.2,0.0,35.80304214099399,0.0,0.0,0.0,0.0,12.823596310588842,12.823596310588842,0.0
2022-06-08 05:00:00,0.0,0.0,0.2338666018098426,40.83459746264813,0.020000016,70.93516812305198,9.745384216992194,17.004543256781005,0.2252899663367735,70.7098781567152,0.22528996633677423,0.0,0.31759982008636584,100.00000000000031,26.055250856035194,25.97251086299835,0.08273999303684221
2022-06-08 06:00:00,0.0,0.0,2.1186105255719347,40.83459746264813,1.103264060531736,100.88821999456522,35.24546160351552,17.80142067510986,2.9383588816011685,97.94986111296404,2.938358881601175,0.0,2.9124895669280937,100.00000000000023,35.5004402092763,34.47227905301523,1.0281611562610706
2022-06-08 07:00:00,0.0,0.0,16.137058602822453,40.83459746264813,1.1035402306776698,203.1177332592095,70.43417652304672,19.40106801634521,11.66686844213992,191.45086481706957,11.66686844213993,0.0,5.743894565449492,100.00000000000007,66.92185266251116,63.089344713610394,3.832507948900762
2022-06-08 08:00:00,0.0,0.0,25.3041481930436,40.83459746264813,1.1035904585929006,203.9362447420021,222.64198571335146,24.757562053542234,64.17840963365407,139.75783510834802,64.17840963365407,0.0,31.469839858454584,100.0,65.73361416692644,45.10988223115171,20.623731935774735
2022-06-08 09:00:00,0.0,0.0,43.471295032788404,40.83459746264813,1.103666227834398,220.17679663387878,254.94985458838505,27.36718295588703,72.78245472152197,147.39434191235682,72.78245472152196,0.0,33.056369169794195,99.99999999999997,68.9533238462287,46.22554671033904,22.72777713588966
2022-06-08 10:00:00,0.0,0.0,63.85915607850548,40.83459746264813,2.187814772400984,242.491252627464,278.8381109870247,27.61369096834452,79.52877025155409,162.96248237590993,79.52877025155408,0.0,32.796552201300656,99.99999999999997,74.1027705606869,49.92880791117326,24.173962649513648
2022-06-08 11:00:00,0.0,0.0,70.4983121565951,40.83459746264813,1.1040579424536532,248.5860597631081,345.2360044608708,30.188625139402212,97.51915977906606,151.06689998404204,97.51915977906606,0.0,39.22953679381605,100.0,74.80070555495435,45.53471810945773,29.26598744549662
2022-06-08 12:00:00,0.0,0.0,82.44262273653547,40.83459746264813,2.1879716344803732,262.6802150753841,598.4610972282484,39.30190928838276,163.23618033361902,99.44403474176511,163.23618033361902,0.0,62.1425486067816,100.0,79.5394940010754,30.356432866555977,49.18306113451942
2022-06-08 13:00:00,0.0,0.0,89.54661477127496,40.83459746264813,1.1034743416273272,266.2521163723654,709.8584683012302,42.783077134413446,190.98767148043854,75.26444489192684,190.98767148043854,0.0,71.73188858838358,100.0,79.89858952708019,22.728339946125715,57.170249580954476
2022-06-08 14:00:00,0.0,0.0,94.28873958625316,40.83459746264813,1.103454104793236,270.9942411873435,625.3737637610033,40.14293011753136,170.0164213383493,100.97781984899422,170.0164213383493,0.0,62.73802003815043,100.0,82.5551822365656,30.886341709734562,51.66884052683103
2022-06-08 15:00:00,0.0,0.0,99.02223323643221,40.83459746264813,1.1037358771801833,278.6176272593247,493.0725441019383,35.40851700318557,136.53606944255299,142.08155781677172,136.53606944255299,0.0,49.00482097475885,100.0,86.17873478585221,44.04438643622759,42.134348349624624
2022-06-08 16:00:00,0.0,0.0,91.8668629516145,40.83459746264813,1.1033177022889313,254.40916977151923,188.06333013892606,24.17697906684144,54.32717270924418,200.08199706227504,54.327172709244195,0.0,21.35425101148459,100.00000000000003,79.09729658459098,62.24908214813663,16.84821443645435
2022-06-08 17:00:00,0.0,0.0,71.48329701205166,40.83459746264813,0.020000016,190.41913589030284,127.05224048064818,21.770382515020255,37.02829305279979,153.39084283750304,37.028293052799796,0.0,19.445678544687418,100.00000000000003,63.836855839989894,51.42404630136508,12.412809538624813
2022-06-08 18:00:00,0.0,0.0,61.22540448330673,40.83459746264813,1.1031050552979613,180.56061913893373,0.0,17.2,0.0,180.56061913893373,0.0,0.0,0.0,0.0,67.85648411956966,67.85648411956966,0.0
2022-06-08 19:00:00,0.0,0.0,45.494224824961236,40.83459746264813,1.103148140121537,157.47961095595187,0.0,17.2,0.0,157.47961095595187,0.0,0.0,0.0,0.0,62.757397731712004,62.757397731712004,0.0
2022-06-08 20:00:00,0.0,0.0,33.57082640030189,40.83459746264813,0.020000016,144.2718158993804,0.0,17.2,0.0,144.2718158993804,0.0,0.0,0.0,0.0,54.32338241543885,54.32338241543885,0.0
2022-06-08 21:00:00,0.0,0.0,0.0,0.0,0.020000016,47.675718305793986,0.0,16.7,0.0,47.675718305793986,0.0,0.0,0.0,0.0,18.17567780059956,18.17567780059956,0.0
2022-06-08 22:00:00,0.0,0.0,0.0,0.0,1.102912669412383,43.46825895116388,0.0,16.1,0.0,43.46825895116388,0.0,0.0,0.0,0.0,16.680222288079484,16.680222288079484,0.0
2022-06-08 23:00:00,0.0,0.0,0.0,0.0,0.020000016,43.46825895116388,0.0,16.1,0.0,43.46825895116388,0.0,0.0,0.0,0.0,16.767569758268987,16.767569758268987,0.0
2022-06-09 00:00:00,0.0,0.0,0.0,0.0,0.020000016,43.46825895116388,0.0,16.1,0.0,43.46825895116388,0.0,0.0,0.0,0.0,17.164217621198357,17.164217621198357,0.0
2022-06-09 01:00:00,0.0,0.0,0.0,0.0,1.1027975247971278,43.46825895116388,0.0,16.1,0.0,43.46825895116388,0.0,0.0,0.0,0.0,17.459370097943435,17.459370097943435,0.0
2022-06-09 02:00:00,0.0,0.0,0.0,0.0,0.020000016,43.46825895116388,0.0,16.1,0.0,43.46825895116388,0.0,0.0,0.0,0.0,16.978173472887377,16.978173472887377,0.0
2022-06-09 03:00:00,0.0,0.0,0.0,0.0,0.020000016,43.46825895116388,0.0,16.1,0.0,43.46825895116388,0.0,0.0,0.0,0.0,16.826034566558306,16.826034566558306,0.0
2022-06-09 04:00:00,0.0,0.0,0.0,0.0,1.1029379425421053,35.80304214099399,0.0,15.6,0.0,35.80304214099399,0.0,0.0,0.0,0.0,14.075843567148173,14.075843567148173,0.0
2022-06-09 05:00:00,0.0,0.0,0.2835399253735777,40.83459746264813,0.020000016,70.9848414466157,24.01669433496096,16.85052169796753,1.369022851218422,69.61581859539729,1.3690228512184177,0.0,1.9286129592160801,99.99999999999969,26.239953334039527,25.733955643114943,0.505997690924584
2022-06-09 06:00:00,0.0,0.0,9.993786514467242,40.83459746264813,1.103116279852402,108.76339598346051,54.74021467148422,17.810631708483882,7.087564227021434,101.67583175643908,7.087564227021431,0.0,6.516497726955148,99.99999999999997,34.98332584643581,32.71658105534982,2.2667447910859906
2022-06-09 07:00:00,0.0,0.0,51.47281475770993,40.83459746264813,1.1036229734447447,238.45348941409702,124.79522290910545,21.099850715909547,36.399944182839576,202.05354523125743,36.39994418283959,0.0,15.265007977982508,100.00000000000004,70.68675151165075,59.92674601148246,10.760005500168297
2022-06-09 08:00:00,0.0,0.0,67.7151342137817,40.83459746264813,1.103614871395836,246.34723076274022,334.97888196874226,27.668090061523195,95.52153393022428,150.82569683251594,95.52153393022428,0.0,38.77516042476732,100.0,69.81150678355449,42.81903172555171,26.992475058002782
2022-06-09 09:00:00,0.0,0.0,75.80220533786361,40.83459746264813,1.1037253022829077,252.50770693895393,481.6026659275048,34.450083310234525,133.85182471498214,118.65588222397179,133.85182471498214,0.0,53.009005680504664,100.0,71.7190091111356,33.80681827886406,37.91219083227155
2022-06-09 10:00:00,0.0,0.0,85.74669708969083,40.83459746264813,1.10384930592008,264.3787936386493,629.0801132495801,40.25875353904938,170.9464012281583,93.43239241049102,170.9464012281583,0.0,64.6596494656097,100.0,77.91157302076529,27.6627331117543,50.24883990901099
2022-06-09 11:00:00,0.0,0.0,91.23313667062308,40.83459746264813,2.1880899623434686,269.32088427713603,725.3623590061303,43.76757371894158,194.3980359227817,74.92284835435433,194.3980359227817,0.0,72.18082490875183,100.0,80.30551268213331,22.62469945330514,57.68081322882817
2022-06-09 12:00:00,0.0,0.0,105.81455268305707,40.83459746264813,1.1039794911535614,286.0521450219057,750.9178374992047,44.06618242185015,201.00799657352297,85.04414844838271,201.00799657352297,0.0,70.26970434293716,100.0,84.95030149164795,25.395652266844554,59.5546492248034
2022-06-09 13:00:00,0.0,0.0,115.64900566291784,40.83459746264813,1.1035365903328922,292.35450726400825,519.0985842966453,35.62183075927017,143.6249111761369,148.72959608787136,143.6249111761369,0.0,49.126970033828705,100.0,87.43435364258896,44.57811639674147,42.85623724584749
2022-06-09 14:00:00,0.0,0.0,123.1677157574715,40.83459746264813,1.1034616699515802,299.87321735856193,613.2655910444671,38.564549720139595,167.75611376238297,132.11710359617896,167.75611376238297,0.0,55.94234631557477,100.0,90.68242333640835,40.0636935697469,50.618729766661446
2022-06-09 15:00:00,0.0,0.0,128.46691106555156,40.83459746264813,2.1874346658446844,308.0623050884441,483.04141221474714,33.39504413171085,134.7947546442325,173.26755044421157,134.7947546442325,0.0,43.75567942515174,100.0,96.68642353045735,54.55295309753636,42.13347043292099
2022-06-09 16:00:00,0.0,0.0,122.21398297865053,40.83459746264813,1.103355951629071,284.75628979855526,324.0287672025781,28.425898975080568,92.13737324059905,192.6189165579562,92.13737324059906,0.0,32.35657175677478,100.00000000000003,94.60818379727013,64.06049838621571,30.547685411054417
2022-06-09 17:00:00,0.0,0.0,103.97855705178554,40.83459746264813,0.020000016,222.9143959300367,185.97048547139067,23.61157767098096,53.83464367601909,169.07975225401762,53.834643676019084,0.0,24.150366534835854,99.99999999999999,76.34509418532281,57.90834376559655,18.43675041972626
2022-06-09 18:00:00,0.0,0.0,85.0601909316759,40.83459746264813,1.103118084652736,204.39540558730286,0.0,17.2,0.0,204.39540558730286,0.0,0.0,0.0,0.0,77.5019812381064,77.5019812381064,0.0
2022-06-09 19:00:00,0.0,0.0,60.57792566656545,40.83459746264813,0.020000016,172.56331179755605,0.0,17.2,0.0,172.56331179755605,0.0,0.0,0.0,0.0,68.31106235310772,68.31106235310772,0.0
2022-06-09 20:00:00,0.0,0.0,49.306800427124955,40.83459746264813,1.1028482809912092,160.00778992620346,0.0,16.7,0.0,160.00778992620346,0.0,0.0,0.0,0.0,62.22878821039082,62.22878821039082,0.0
2022-06-09 21:00:00,0.0,0.0,0.5097770340018055,2.6957681249665386,0.020000016,50.88126346476233,0.0,16.7,0.0,50.88126346476233,0.0,0.0,0.0,0.0,19.748329704981472,19.748329704981472,0.0
2022-06-09 22:00:00,0.0,0.0,0.23152890586482047,5.3915362499330755,1.1028755976418798,49.09132410696177,0.0,16.7,0.0,49.09132410696177,0.0,0.0,0.0,0.0,19.34173504358354,19.34173504358354,0.0
2022-06-09 23:00:00,0.0,0.0,0.0,0.0,0.020000016,38.10742263904787,0.0,16.7,0.0,38.10742263904787,0.0,0.0,0.0,0.0,14.934279738255274,14.934279738255274,0.0
2022-06-10 00:00:00,0.0,0.0,0.0,0.0,0.020000016,38.10742263904787,0.0,16.7,0.0,38.10742263904787,0.0,0.0,0.0,0.0,15.06346390100165,15.06346390100165,0.0
2022-06-10 01:00:00,0.0,0.0,0.0,0.0,1.1027692424069755,38.10742263904787,0.0,16.7,0.0,38.10742263904787,0.0,0.0,0.0,0.0,15.089410529204056,15.089410529204056,0.0
2022-06-10 02:00:00,0.0,0.0,0.0,0.0,0.020000016,38.10742263904787,0.0,16.7,0.0,38.10742263904787,0.0,0.0,0.0,0.0,14.869497119768896,14.869497119768896,0.0
2022-06-10 03:00:00,0.0,0.0,0.0,0.0,0.020000016,38.10742263904787,0.0,16.7,0.0,38.10742263904787,0.0,0.0,0.0,0.0,15.330596933701372,15.330596933701372,0.0
2022-06-10 04:00:00,0.0,0.0,0.0,0.0,1.1029833623963046,26.234746474247864,0.0,16.7,0.0,26.234746474247864,0.0,0.0,0.0,0.0,10.766342012186612,10.766342012186612,0.0
2022-06-10 05:00:00,0.0,0.0,12.353541305426958,40.83459746264813,0.020000016,83.05484282666907,9.744680035986331,17.004521251124572,0.22525742736666954,82.8295853993024,0.22525742736667098,0.0,0.27121528342034307,100.00000000000064,32.187767880711526,32.1004795013198,0.08728837939172251
2022-06-10 06:00:00,0.0,0.0,39.33507732899805,40.83459746264813,1.1030293722204685,115.17396537788852,57.748613329687224,18.504644166552726,7.868273904690681,107.30569147319784,7.868273904690682,0.0,6.83164279260047,100.00000000000003,43.61054779531098,40.64479865378544,2.965749141525535
2022-06-10 07:00:00,0.0,0.0,62.927089053843076,40.83459746264813,0.020000016,177.14428993593432,172.72629473715912,23.197696710536224,50.0768996725818,127.06739026335252,50.0768996725818,0.0,28.268988907682274,100.0,64.49120831944066,46.26121376263398,18.22999455680668
2022-06-10 08:00:00,0.0,0.0,73.72800954197125,40.83459746264813,1.1032132771884937,190.19290452990865,346.34245947551443,29.723201858609826,98.00347152578877,92.18943300411988,98.00347152578877,0.0,51.52845831342636,100.0,67.78748649020964,32.959992814090086,34.82749367611956
2022-06-10 09:00:00,0.0,0.0,82.32067543717038,40.83459746264813,0.020000016,197.8222729511737,476.00300134022,34.87509379188187,132.07993242953697,65.74234052163672,132.07993242953697,0.0,66.76696736880423,100.0,69.80024446516099,23.199142305709604,46.601102159451386
2022-06-10 10:00:00,0.0,0.0,88.84299247714777,40.83459746264813,1.1032338766394754,206.59228409699728,633.8432035305442,40.40760011032951,172.14019023275816,34.45209386423912,172.14019023275816,0.0,83.32362991443402,100.0,75.42198724033386,12.743161873733113,62.67882536660075
2022-06-10 11:00:00,0.0,0.0,93.4965647813893,40.83459746264813,1.1031994041904423,209.9614597693267,649.6539436823412,40.90168574007316,176.0920560371718,33.86940373215489,176.0920560371718,0.0,83.86875202269722,100.0,77.9715056300321,12.744366693023116,65.22713893700899
2022-06-10 12:00:00,0.0,0.0,101.76752372543157,40.83459746264813,1.103173071345456,215.66362544954478,663.1024249677686,41.32195078024277,179.44037623878035,36.223249210764436,179.44037623878035,0.0,83.20382070214293,100.0,80.5818515640189,13.699937330419491,66.88191423359942
2022-06-10 13:00:00,0.0,0.0,99.76576068675874,40.83459746264813,0.020000016,174.5628966703971,682.9414802520021,41.941921257875066,184.35779117510046,0.0,174.5628966703971,9.794894504703365,100.0,94.6870189525105,67.08113968572991,0.0036010111631256747,67.07753867456678
2022-06-10 14:00:00,0.0,0.0,102.28174111890503,40.83459746264813,1.103010029757405,175.7944804706313,624.5110342469218,39.515969820216306,170.19910539143896,5.595375079192337,170.19910539143896,0.0,96.81709285512686,100.0,69.89583508482306,2.416995770279256,67.4788393145438
2022-06-10 15:00:00,0.0,0.0,102.66121856499142,40.83459746264813,0.020000016,176.4950570746957,465.3895652006057,34.54342391251893,129.29942838282287,47.19562869187283,129.29942838282287,0.0,73.25951815642132,100.0,71.01197484874007,18.99158232462086,52.0203925241192
2022-06-10 16:00:00,0.0,0.0,96.1328300243368,40.83459746264813,1.102943930406947,159.1924308267009,359.9465430052104,30.148329468912827,101.68991609622867,57.50251473047223,101.68991609622867,0.0,63.87861254969448,100.0,65.26371583890564,23.701013332055055,41.562702506850584
2022-06-10 17:00:00,0.0,0.0,29.377631439355927,19.879587356304356,0.020000016,69.55562718750815,210.45078287168104,24.376586964740035,60.74962980150978,8.805997385998367,60.74962980150978,0.0,87.33963340987617,100.0,28.525929273808657,3.6146323292525464,24.91129694455611
2022-06-10 18:00:00,0.0,0.0,26.012017340885492,24.16686120371613,0.020000016,73.44545597764949,0.0,17.2,0.0,73.44545597764949,0.0,0.0,0.0,0.0,30.863545476571996,30.863545476571996,0.0
2022-06-10 19:00:00,0.0,0.0,17.449733593528997,21.58468887296267,1.1030006473236291,77.14184510553956,0.0,17.2,0.0,77.14184510553956,0.0,0.0,0.0,0.0,34.178035655408856,34.178035655408856,0.0
2022-06-10 20:00:00,0.0,0.0,12.71855266175375,20.57004688497584,0.020000016,71.39602218577744,0.0,17.0,0.0,71.39602218577744,0.0,0.0,0.0,0.0,31.440697500004653,31.440697500004653,0.0
2022-06-10 21:00:00,0.0,0.0,6.091710453379676,17.127263147078313,1.102836403858619,61.32639623950586,0.0,17.2,0.0,61.32639623950586,0.0,0.0,0.0,0.0,26.61521796336524,26.61521796336524,0.0
2022-06-10 22:00:00,0.0,0.0,0.1397142047645212,8.78181934821666,0.020000016,47.02895619202904,0.0,17.0,0.0,47.02895619202904,0.0,0.0,0.0,0.0,19.807729608407517,19.807729608407517,0.0
2022-06-10 23:00:00,0.0,0.0,0.0,2.6957681249665377,0.020000016,40.80319076401441,0.0,16.7,0.0,40.80319076401441,0.0,0.0,0.0,0.0,17.591612374037716,17.591612374037716,0.0
2022-06-11 00:00:00,0.0,0.0,0.0,7.646423938052653,1.1028930634730951,45.75384657710052,0.0,16.1,0.0,45.75384657710052,0.0,0.0,0.0,0.0,19.510359916066534,19.510359916066534,0.0
2022-06-11 01:00:00,0.0,0.0,0.0,0.0,0.020000016,38.10742263904787,0.0,15.6,0.0,38.10742263904787,0.0,0.0,0.0,0.0,16.00681314843128,16.00681314843128,0.0
2022-06-11 02:00:00,0.0,0.0,0.0,0.0,0.020000016,38.10742263904787,0.0,15.6,0.0,38.10742263904787,0.0,0.0,0.0,0.0,16.0620689112579,16.0620689112579,0.0
2022-06-11 03:00:00,0.0,0.0,0.0,0.0,0.020000016,38.10742263904787,0.0,15.6,0.0,38.10742263904787,0.0,0.0,0.0,0.0,15.780455057955333,15.780455057955333,0.0
2022-06-11 04:00:00,0.0,0.0,0.0,0.0,1.1029055725726509,26.234746474247864,0.0,16.1,0.0,26.234746474247864,0.0,0.0,0.0,0.0,10.893173005299639,10.893173005299639,0.0
2022-06-11 05:00:00,0.0,0.0,0.0020417758037666873,6.742330749344627,0.020000016,27.042780916996257,36.25481574810269,17.83296299212821,3.108711817726923,23.934069099269333,3.108711817726924,0.0,11.495533049166234,100.00000000000003,10.743235810634435,9.508657542901453,1.2345782677329815
2022-06-11 06:00:00,0.0,0.0,2.787027569496032,8.425275559868115,0.020000016,31.510711521212016,41.2386259183594,17.98870705994873,4.019884404119101,27.490827117092916,4.0198844041191,0.0,12.757199726870786,99.99999999999997,11.775845281930328,10.274036567973454,1.5018087139568745
2022-06-11 07:00:00,0.0,0.0,11.727943630208184,12.315677619811849,1.1029152617453495,44.342029641867896,129.09196501722718,21.234123906788348,37.696521338869914,6.645508302997982,37.696521338869914,0.0,85.01307144334397,100.0,15.998754061750633,2.56654109567781,13.432212966072823
2022-06-11 08:00:00,0.0,0.0,21.03239014113367,21.989247677379527,0.020000016,63.32004621036106,188.9063152646263,23.10332235201957,54.78681729364068,8.533228916720383,54.78681729364068,0.0,86.52365336504747,100.0,22.14345516861587,2.987244501894407,19.156210666721464
2022-06-11 09:00:00,0.0,0.0,27.775668573727504,27.519609127527932,0.020000016,75.59368609310332,218.93286624227193,24.641652070071,63.13626620873104,12.457419884372278,63.13626620873104,0.0,83.52055505134467,100.0,26.54643404060403,4.377712568063342,22.16872147254069
2022-06-11 10:00:00,0.0,0.0,31.55703185879515,26.9081586095017,1.1028964928054974,78.76359886014471,422.30060974136336,31.49689405441761,118.69895034867533,0.0,78.76359886014471,39.935351488530614,100.0,66.35576694551933,28.28291959782416,0.19857697025666138,28.0843426275675
2022-06-11 11:00:00,0.0,0.0,35.30131177287855,27.89325358185394,0.020000016,83.49297374658035,650.1721528972215,39.717879778038174,177.05268784689238,0.0,83.49297374658035,93.55971410031204,100.0,47.15713427563523,30.31280287577799,0.0036010111631256747,30.309201864614863
2022-06-11 12:00:00,0.0,0.0,38.04772073697737,27.38852817624874,1.1029879577822606,85.73465730507397,718.774725653077,42.461710176658656,193.63273708865182,0.0,85.73465730507397,107.89807978357786,100.0,44.27694334859381,31.595053616968222,0.1985934385636047,31.396460178404617
2022-06-11 13:00:00,0.0,0.0,43.28710593256431,28.133438365227462,0.020000016,91.71895268963964,718.8348276717037,43.063588364740745,193.18789523038754,0.0,91.71895268963964,101.4689425407479,100.0,47.47655259676574,33.80799680922016,0.0036010111631256747,33.80439579805703
2022-06-11 14:00:00,0.0,0.0,44.418947318023726,27.38852817624874,0.020000016,92.10588388612034,630.4562276593603,40.30175711435501,171.29145652183266,0.0,92.10588388612034,79.18557263571232,100.0,53.77144065231333,35.09640330119441,0.0036010111631256747,35.09280229003128
2022-06-11 15:00:00,0.0,0.0,45.92740720675033,28.133438365227462,1.1029339966842566,94.35925396382567,505.97635683475204,35.811761151086,139.89183074422107,0.0,94.35925396382567,45.5325767803954,100.0,67.45158274206348,37.14353422357204,0.19858372284556294,36.94495050072648
2022-06-11 16:00:00,0.0,0.0,44.23352075654219,27.38852817624874,0.020000016,91.9204573246388,359.8313925420992,30.144731016940597,101.65876426241343,0.0,91.9204573246388,9.738306937774624,100.0,90.42059284466907,36.37284915622971,0.0036010111631256747,36.369248145066585
2022-06-11 17:00:00,0.0,0.0,42.72574316192052,28.133438365227462,0.020000016,91.15758991899584,210.10356785980215,24.86573649561882,60.53988731115641,30.617702607839426,60.53988731115641,0.0,66.41233863790515,100.0,37.06371919273088,12.451228006380243,24.61249118635064
2022-06-11 18:00:00,0.0,0.0,31.444161772998815,27.38852817624874,1.1029212079443327,82.09926738229541,0.0,17.2,0.0,82.09926738229541,0.0,0.0,0.0,0.0,34.83708332149189,34.83708332149189,0.0
2022-06-11 19:00:00,0.0,0.0,22.808398936474703,27.352120351340346,0.020000016,88.26794192686292,0.0,16.7,0.0,88.26794192686292,0.0,0.0,0.0,0.0,38.62082560416565,38.62082560416565,0.0
2022-06-11 20:00:00,0.0,0.0,17.139715863922323,23.958762110125228,0.020000016,79.20590061309541,0.0,16.7,0.0,79.20590061309541,0.0,0.0,0.0,0.0,33.971447518592164,33.971447518592164,0.0
2022-06-11 21:00:00,0.0,0.0,14.8198261783641,23.252588817090345,1.1028715740177708,76.17983763450232,0.0,16.7,0.0,76.17983763450232,0.0,0.0,0.0,0.0,31.316893459748293,31.316893459748293,0.0
2022-06-11 22:00:00,0.0,0.0,6.620543169170834,22.31467617941175,0.020000016,67.04264198763045,0.0,16.1,0.0,67.04264198763045,0.0,0.0,0.0,0.0,27.370407470513875,27.370407470513875,0.0
2022-06-11 23:00:00,0.0,0.0,2.4186911423902075,17.28525095008535,0.020000016,63.17220104363943,0.0,16.1,0.0,63.17220104363943,0.0,0.0,0.0,0.0,25.01315954333476,25.01315954333476,0.0
2022-06-12 00:00:00,0.0,0.0,0.6626669142716465,15.001635786995598,1.1029033583663763,59.13256165243113,0.0,16.7,0.0,59.13256165243113,0.0,0.0,0.0,0.0,23.244311459205726,23.244311459205726,0.0
2022-06-12 01:00:00,0.0,0.0,0.14005095091140293,11.543115979886808,0.020000016,55.1514258819621,0.0,16.1,0.0,55.1514258819621,0.0,0.0,0.0,0.0,21.43737540879947,21.43737540879947,0.0
2022-06-12 02:00:00,0.0,0.0,0.1447265859196192,10.421982823812613,0.020000016,54.03496836089611,0.0,16.1,0.0,54.03496836089611,0.0,0.0,0.0,0.0,21.236641828577252,21.236641828577252,0.0
2022-06-12 03:00:00,0.0,0.0,0.04625872936757302,9.931740974590548,1.1029327766651424,53.446258655122,0.0,16.1,0.0,53.446258655122,0.0,0.0,0.0,0.0,21.298097495049678,21.298097495049678,0.0
2022-06-12 04:00:00,0.0,0.0,0.0,7.348296521497615,0.020000016,43.151338662491604,0.0,16.1,0.0,43.151338662491604,0.0,0.0,0.0,0.0,16.929066331445522,16.929066331445522,0.0
2022-06-12 05:00:00,0.0,0.0,13.581430740779453,40.83459746264813,0.020000016,84.28273226202158,21.753387881542935,17.379793371298216,1.121015636547534,83.16171662547404,1.1210156365475399,0.0,1.3300656094803391,100.00000000000054,32.61596143262976,32.18219564222405,0.4337657904057082
2022-06-12 06:00:00,0.0,0.0,26.4727507014817,40.83459746264813,1.1031583739646573,125.24236017047498,67.51082919023496,19.309713412194842,10.722056608034007,114.52030356244097,10.72205660803401,0.0,8.561046433043554,100.00000000000003,45.7292317384423,41.831335279157614,3.897896459284688
2022-06-12 07:00:00,0.0,0.0,67.95197722379241,40.83459746264813,1.1035170914410828,254.9326518801795,132.22318820642903,21.93197463145091,38.51255386385907,216.42009801632042,38.51255386385907,0.0,15.106952200834712,100.0,84.96252079619828,72.15728919923446,12.805231596963822
2022-06-12 08:00:00,0.0,0.0,82.41078618251377,40.83459746264813,1.1036577655573017,261.0428827314723,306.06555084858365,27.86454846401824,87.21262492282555,173.8302578086467,87.21262492282557,0.0,33.409309616205405,100.00000000000003,85.64718605663737,57.09944147752426,28.547744579113107
2022-06-12 09:00:00,0.0,0.0,86.39702075661657,40.83459746264813,1.1036841414609873,263.10252235770696,477.1370927442562,34.31053414825801,132.68165999653186,130.4208623611751,132.68165999653186,0.0,50.429641953846996,100.0,89.47072013530503,44.45116949018178,45.019550645123246
2022-06-12 10:00:00,0.0,0.0,95.31378360053475,40.83459746264813,2.1876986983482873,273.94588014949323,612.8375097359901,39.1511721792497,167.25592627163618,106.68995387785705,167.25592627163618,0.0,61.0543681767961,100.0,93.11498838139677,36.50471129586743,56.61027708552934
2022-06-12 11:00:00,0.0,0.0,100.21372356744128,40.83459746264813,1.1040035198716835,278.30147117395427,726.5090171842696,43.30340678700843,195.06468496413373,83.23678620982054,195.06468496413373,0.0,70.0911440177789,100.0,98.64792171872469,29.643789412662382,69.0041323060623
2022-06-12 12:00:00,0.0,0.0,112.06748152684692,40.83459746264813,1.1039361792241484,292.30507386569553,751.1594439891161,44.07373262465988,201.0666270915391,91.23844677415644,201.0666270915391,0.0,68.78656755165412,100.0,105.5835124470261,33.09296138171351,72.49055106531259
2022-06-12 13:00:00,0.0,0.0,121.15813781579241,40.83459746264813,1.103500832857775,297.8636394168828,716.7300267894357,42.997813337169866,192.6724624758207,105.19117694106208,192.6724624758207,0.0,64.68478759374888,100.0,109.78420804160162,38.89904573443479,70.88516230716682
2022-06-12 14:00:00,0.0,0.0,122.28328684421624,40.83459746264813,1.1034333034327097,298.9887884453066,630.3678409596778,39.69899502998993,171.67232967631207,127.31645876899455,171.67232967631207,0.0,57.417647855285956,100.0,111.97862207139474,47.7972048986087,64.18141717278604
2022-06-12 15:00:00,0.0,0.0,125.45464090787868,40.83459746264813,2.187395077176573,305.0500349307713,503.1600181633936,35.12375056760605,139.48206106790127,165.56797386287002,139.48206106790127,0.0,45.72432227373966,100.0,113.80991912656697,61.951186231826604,51.85873289474036
2022-06-12 16:00:00,0.0,0.0,116.69773495145677,40.83459746264813,0.020000016,279.2400417713614,347.6740445407722,29.76481389189913,98.36484961156815,180.87519215979324,98.36484961156816,0.0,35.22591136557278,100.00000000000003,106.38847212521641,68.91343172020116,37.47504040501525
2022-06-12 17:00:00,0.0,0.0,97.43646726254178,40.83459746264813,1.1031585710810787,216.37230614079292,175.6057780431497,23.28768056384843,50.89488273632787,165.47742340446504,50.89488273632787,0.0,23.521902430161603,100.0,86.29965594016444,66.0470552528975,20.25260068726695
2022-06-12 18:00:00,0.0,0.0,78.93933577645056,40.83459746264813,1.103127014462591,198.27455043207758,0.0,17.2,0.0,198.27455043207758,0.0,0.0,0.0,0.0,82.69074518304235,82.69074518304235,0.0
2022-06-12 19:00:00,0.0,0.0,58.151551538476745,40.83459746264813,0.020000016,170.13693766946736,0.0,17.2,0.0,170.13693766946736,0.0,0.0,0.0,0.0,71.34031760659408,71.34031760659408,0.0
2022-06-12 20:00:00,0.0,0.0,50.53754548705843,40.83459746264813,1.1028463372906168,161.2385349861369,0.0,16.7,0.0,161.2385349861369,0.0,0.0,0.0,0.0,66.07498998634647,66.07498998634647,0.0
2022-06-12 21:00:00,0.0,0.0,4.34851120032712,8.922591071931787,0.020000016,60.9468205780529,0.0,16.7,0.0,60.9468205780529,0.0,0.0,0.0,0.0,24.382329242384287,24.382329242384287,0.0
2022-06-12 22:00:00,0.0,0.0,6.459758220882287,15.853564743600158,0.020000016,65.78158191564633,0.0,16.7,0.0,65.78158191564633,0.0,0.0,0.0,0.0,26.04258239665257,26.04258239665257,0.0
2022-06-12 23:00:00,0.0,0.0,2.725737937180611,11.248493573898282,1.1028692758041367,57.44249046224278,0.0,16.1,0.0,57.44249046224278,0.0,0.0,0.0,0.0,22.512969127239433,22.512969127239433,0.0
2022-06-13 00:00:00,0.0,0.0,1.708929717728425,11.63296186944631,0.020000016,56.810150538338625,0.0,16.0,0.0,56.810150538338625,0.0,0.0,0.0,0.0,22.121212869501814,22.121212869501814,0.0
2022-06-13 01:00:00,0.0,0.0,0.33740362194161805,8.095718625547077,0.020000016,51.90138119865259,0.0,16.1,0.0,51.90138119865259,0.0,0.0,0.0,0.0,20.543572620529886,20.543572620529886,0.0
2022-06-13 02:00:00,0.0,0.0,0.14155512608316775,8.847347854920269,1.1028307929314505,52.457161932167324,0.0,16.1,0.0,52.457161932167324,0.0,0.0,0.0,0.0,21.329359110482777,21.329359110482777,0.0
2022-06-13 03:00:00,0.0,0.0,0.0,3.602771750602846,0.020000016,47.07103070176673,0.0,16.1,0.0,47.07103070176673,0.0,0.0,0.0,0.0,19.195401648887458,19.195401648887458,0.0
2022-06-13 04:00:00,0.0,0.0,0.0,4.517220929926445,1.1027473474597889,40.32026307092043,0.0,16.1,0.0,40.32026307092043,0.0,0.0,0.0,0.0,16.544384765526548,16.544384765526548,0.0
2022-06-13 05:00:00,0.0,0.0,21.771524110370514,40.83459746264813,0.020000016,92.47282563161265,15.748991020898483,17.19215596940308,0.5879717758700167,91.88485385574263,0.5879717758700167,0.0,0.6358319558789532,100.0,36.85772093838603,36.623390666830794,0.2343302715552369
2022-06-13 06:00:00,0.0,0.0,45.703050174549965,40.83459746264813,1.103074646423747,144.47265964354324,98.5057984298663,20.278306200933322,22.74719196571894,121.7254676778243,22.74719196571894,0.0,15.744980414870874,100.0,52.29039357126357,44.08855230014412,8.201841271119449
2022-06-13 07:00:00,0.0,0.0,75.23857271940356,40.83459746264813,1.1035955601201919,262.2192473757907,192.04073703885282,23.801273032464152,55.55303808686277,206.66620928892792,55.553038086862784,0.0,21.18572097312476,100.00000000000003,87.64226635625798,69.1167169802414,18.52554937601657
2022-06-13 08:00:00,0.0,0.0,84.49221087824847,40.83459746264813,1.1035503276901177,263.124307427207,398.6504824146207,30.757827575456897,112.36540253021025,150.75890489699674,112.36540253021025,0.0,42.70430338759029,100.0,83.71961235704244,48.052586285903104,35.66702607113933
2022-06-13 09:00:00,0.0,0.0,91.79177306864987,40.83459746264813,1.1037075719009095,268.49727466974025,471.5656404955471,34.736426265485846,130.91834689052186,137.5789277792184,130.91834689052186,0.0,48.75965577362205,100.0,82.78714220742242,42.51731329563235,40.26982891179007
2022-06-13 10:00:00,0.0,0.0,98.26398980960813,40.83459746264813,1.1038793364092319,276.8960863585666,627.5914666367024,39.612233332396954,170.97424379407025,105.92184256449636,170.97424379407025,0.0,61.74671734892891,100.0,86.01577349633328,33.026580988456054,52.98919250787723
2022-06-13 11:00:00,0.0,0.0,103.54470751932274,40.83459746264813,2.1879890732044216,281.6324551258357,725.9629420030647,42.68634193759577,195.39541881958885,86.23703630624684,195.39541881958885,0.0,69.3795815302198,100.0,87.81829505887356,27.16364914889678,60.65464590997678
2022-06-13 12:00:00,0.0,0.0,115.45988353816642,40.83459746264813,1.1039419014270337,295.697475877015,751.5808216948288,43.486900677963405,201.6494040058363,94.0480718711787,201.6494040058363,0.0,68.19449621873177,100.0,94.03983765346197,30.045391045189806,63.99444660827217
2022-06-13 13:00:00,0.0,0.0,122.46114421928452,40.83459746264813,1.1034598999356706,299.1666458203749,710.6547594638548,42.20796123324547,191.63743405196425,107.52921176841068,191.63743405196425,0.0,64.05708548372964,100.0,93.13030943635593,33.601015109624015,59.529294326731915
2022-06-13 14:00:00,0.0,0.0,128.33481619703707,40.83459746264813,1.1034519930585984,305.04031779812743,625.9606308541644,39.56126971419263,170.56395043825822,134.47636735986922,170.56395043825822,0.0,55.91521529660079,100.0,99.61284176030601,44.02519749272546,55.58764426758055
2022-06-13 15:00:00,0.0,0.0,131.6452491588625,40.83459746264813,1.1037176408740865,311.2406431817551,508.80565015561945,35.900176567363104,140.62613353415912,170.61450964759598,140.62613353415912,0.0,45.18244535693165,100.0,103.44658338099009,56.796676103703476,46.649907277286616
2022-06-13 16:00:00,0.0,0.0,125.69906245104606,40.83459746264813,1.1033248499963493,288.2413692709507,328.9860435638751,29.1808138613711,93.28232296589646,194.95904630505424,93.28232296589647,0.0,32.36257279856655,100.00000000000003,97.74097466428235,66.17377016100815,31.567204503274198
2022-06-13 17:00:00,0.0,0.0,106.67308755843123,40.83459746264813,1.1032238822750808,225.6089264366824,183.1012312745775,24.021913477330546,52.92399168200872,172.6849347546737,52.923991682008705,0.0,23.458287984390516,99.99999999999997,79.53288685369341,60.92242979867346,18.61045705501995
2022-06-13 18:00:00,0.0,0.0,86.80168426819235,40.83459746264813,0.020000016,206.13689892381933,0.0,17.2,0.0,206.13689892381933,0.0,0.0,0.0,0.0,76.39175164536286,76.39175164536286,0.0
2022-06-13 19:00:00,0.0,0.0,64.81720948654012,40.83459746264813,1.1031835797858343,176.80259561753073,0.0,17.2,0.0,176.80259561753073,0.0,0.0,0.0,0.0,66.37849223896238,66.37849223896238,0.0
2022-06-13 20:00:00,0.0,0.0,55.269616948017884,40.83459746264813,0.020000016,165.9706064470964,0.0,17.2,0.0,165.9706064470964,0.0,0.0,0.0,0.0,61.27994891143112,61.27994891143112,0.0
2022-06-13 21:00:00,0.0,0.0,6.665283486064883,13.147910240063235,1.1028783362550316,67.4889120319221,0.0,16.7,0.0,67.4889120319221,0.0,0.0,0.0,0.0,25.313222535601405,25.313222535601405,0.0
2022-06-13 22:00:00,0.0,0.0,10.05302370397952,21.450655247540734,0.020000016,74.97193790268415,0.0,16.7,0.0,74.97193790268415,0.0,0.0,0.0,0.0,27.25365128065173,27.25365128065173,0.0
2022-06-13 23:00:00,0.0,0.0,5.087582106751389,14.327055364346148,0.020000016,62.88289642226143,0.0,16.7,0.0,62.88289642226143,0.0,0.0,0.0,0.0,22.58579235984354,22.58579235984354,0.0
2022-06-14 00:00:00,0.0,0.0,1.6340875276194045,11.718600633682088,1.1029299326768736,56.82094711246536,0.0,16.1,0.0,56.82094711246536,0.0,0.0,0.0,0.0,20.405248203254285,20.405248203254285,0.0
2022-06-14 01:00:00,0.0,0.0,0.04507010216257412,8.994308000535923,0.020000016,52.50763705386238,0.0,15.6,0.0,52.50763705386238,0.0,0.0,0.0,0.0,18.773768566992583,18.773768566992583,0.0
2022-06-14 02:00:00,0.0,0.0,0.041146217278591475,7.2461159657634475,0.020000016,50.75552113420592,0.0,15.6,0.0,50.75552113420592,0.0,0.0,0.0,0.0,18.19133445439448,18.19133445439448,0.0
2022-06-14 03:00:00,0.0,0.0,0.03514299328867929,3.602771750602846,1.1028089696438157,47.1061736950554,0.0,15.6,0.0,47.1061736950554,0.0,0.0,0.0,0.0,17.208836063828134,17.208836063828134,0.0
2022-06-14 04:00:00,0.0,0.0,0.0,4.509000632896842,0.020000016,40.31204277389082,0.0,15.6,0.0,40.31204277389082,0.0,0.0,0.0,0.0,14.961787602843055,14.961787602843055,0.0
2022-06-14 05:00:00,0.0,0.0,27.878092838130396,40.83459746264813,0.020000016,98.5793943593725,24.01377456005863,16.850430455001835,1.368690448327014,97.21070391104548,1.3686904483270155,0.0,1.388414340767236,100.00000000000011,35.69279204805855,35.19727820159848,0.4955138464600708
2022-06-14 06:00:00,0.0,0.0,52.479931714280376,40.83459746264813,1.103172590769456,151.24954118327366,149.78105404472805,22.680657938897753,43.50712607699215,107.74241510628151,43.50712607699215,0.0,28.765129293366414,100.0,49.98316940998985,35.6625813261175,14.320588083872352
2022-06-14 07:00:00,0.0,0.0,83.17661976156002,40.83459746264813,1.1035657334952662,270.15729441794707,282.79060167313327,27.737206302285415,80.61885897689207,189.53843544105501,80.61885897689206,0.0,29.84145186624892,99.99999999999997,83.08835854063452,58.35288022934449,24.735478311290024
2022-06-14 08:00:00,0.0,0.0,93.75971826441645,40.83459746264813,1.1035939968501125,272.39181481337494,367.75940664210714,30.892481457565847,103.60553741266067,168.78627740071425,103.60553741266068,0.0,38.03548116291395,100.00000000000003,83.99051066996509,52.11989327876946,31.87061739119563
2022-06-14 09:00:00,0.0,0.0,104.2170257699927,40.83459746264813,1.103635438540649,280.92252737108305,465.8553689102267,34.55798027844458,129.42161686777428,151.50091050330877,129.42161686777428,0.0,46.07021661058015,100.0,85.06259631127277,45.965620071686836,39.096976239585935
2022-06-14 10:00:00,0.0,0.0,114.84287838486071,40.83459746264813,1.10387287169601,293.4749749338192,610.0932899736326,39.66541531167602,166.17265502722884,127.30231990659038,166.17265502722884,0.0,56.622427539077904,100.0,89.5750890089002,38.9680377836328,50.607051225267405
2022-06-14 11:00:00,0.0,0.0,118.52298443824877,40.83459746264813,2.1879915362791587,296.6107320447617,726.51981726341,43.803744289481564,194.68023369485195,101.93049834990973,194.68023369485195,0.0,65.63492573339276,100.0,87.14220652966047,30.205051982095608,56.93715454756486
2022-06-14 12:00:00,0.0,0.0,130.59910225595476,40.83459746264813,1.1039348635343706,310.8366945948034,752.1211381835184,45.20378556823495,200.41835606032055,110.41833853448287,200.41835606032055,0.0,64.47705806471124,100.0,90.06320652016704,32.12125769134807,57.94194882881897
2022-06-14 13:00:00,0.0,0.0,139.80513259331485,40.83459746264813,1.103535391278991,316.5106341944052,709.3500057268434,43.26718767896386,190.48493833732917,126.02569585707604,190.48493833732917,0.0,60.182792537811125,100.0,91.60063294685172,36.592392453797814,55.008240493053904
2022-06-14 14:00:00,0.0,0.0,147.41549479493636,40.83459746264813,1.1034827258119897,324.1209963960269,610.1134457040537,40.16604517825168,165.85266695122073,158.26832944480617,165.85266695122073,0.0,51.16998552866776,100.0,95.3719512984996,46.671803438277905,48.70014786022169
2022-06-14 15:00:00,0.0,0.0,149.0892547003209,40.83459746264813,2.1874012637193427,328.6846487232135,483.1735350897344,35.699172971554205,133.64529792453664,195.03935079867688,133.64529792453664,0.0,40.66064492019517,100.0,98.13643991743604,58.39366944712696,39.742770470309075
2022-06-14 16:00:00,0.0,0.0,141.95149668057883,40.83459746264813,0.020000016,304.49380350048347,334.3731044328619,30.449159513526936,94.35787505724579,210.13592844323767,94.35787505724579,0.0,30.98843850761514,100.0,93.48167621679406,64.51428036359488,28.96739585319918
2022-06-14 17:00:00,0.0,0.0,120.27883295113807,40.83459746264813,1.1031895841352612,239.21467182938926,190.7862390989228,24.862069971841336,54.9744782857483,184.24019354364097,54.97447828574829,0.0,22.981231822167135,99.99999999999999,76.67675639868686,59.1011408183417,17.575615580345165
2022-06-14 18:00:00,0.0,0.0,100.8053606979082,40.83459746264813,1.1029809033742157,220.1405753535352,0.0,17.8,0.0,220.1405753535352,0.0,0.0,0.0,0.0,76.88236018706498,76.88236018706498,0.0
2022-06-14 19:00:00,0.0,0.0,77.93504894156631,40.83459746264813,0.020000016,189.92043507255693,0.0,17.2,0.0,189.92043507255693,0.0,0.0,0.0,0.0,68.70446959213452,68.70446959213452,0.0
2022-06-14 20:00:00,0.0,0.0,66.49638443335124,40.83459746264813,1.1029151896156517,177.19737393242974,0.0,17.2,0.0,177.19737393242974,0.0,0.0,0.0,0.0,64.9651064957978,64.9651064957978,0.0
2022-06-14 21:00:00,0.0,0.0,12.00954616268406,17.287080072004294,0.020000016,76.97234454048234,0.0,17.2,0.0,76.97234454048234,0.0,0.0,0.0,0.0,27.53814810018447,27.53814810018447,0.0
2022-06-14 22:00:00,0.0,0.0,16.094872559384815,24.702722481925576,0.020000016,84.26585399247429,0.0,17.2,0.0,84.26585399247429,0.0,0.0,0.0,0.0,30.192685862506963,30.192685862506963,0.0
2022-06-14 23:00:00,0.0,0.0,12.656602524129095,21.19796521821409,1.1029141992324902,77.3228266935071,0.0,17.2,0.0,77.3228266935071,0.0,0.0,0.0,0.0,27.679499379312063,27.679499379312063,0.0
2022-06-15 00:00:00,0.0,0.0,12.995015678950626,23.597957474295793,0.020000016,80.0612321044103,0.0,17.2,0.0,80.0612321044103,0.0,0.0,0.0,0.0,28.639902510268602,28.639902510268602,0.0
2022-06-15 01:00:00,0.0,0.0,9.987399832781252,20.409756364764227,0.020000016,73.86541514870936,0.0,16.7,0.0,73.86541514870936,0.0,0.0,0.0,0.0,26.135338255397777,26.135338255397777,0.0
2022-06-15 02:00:00,0.0,0.0,9.821168623483612,22.019408492001485,1.1029185769744738,75.308836066649,0.0,16.7,0.0,75.308836066649,0.0,0.0,0.0,0.0,27.34063855330139,27.34063855330139,0.0
2022-06-15 03:00:00,0.0,0.0,6.238273478769967,16.687080353360262,0.020000016,66.39361278329412,0.0,16.1,0.0,66.39361278329412,0.0,0.0,0.0,0.0,24.458692375697765,24.458692375697765,0.0
2022-06-15 04:00:00,0.0,0.0,1.9876975111777229,13.991749992326104,0.020000016,51.782489644497815,0.0,15.6,0.0,51.782489644497815,0.0,0.0,0.0,0.0,19.82153653545711,19.82153653545711,0.0
2022-06-15 05:00:00,0.0,0.0,45.3331340885817,40.83459746264813,1.1029452250242453,116.03443560982383,52.246800424316376,18.332712513259885,6.444444025352606,109.58999158447122,6.44444402535261,0.0,5.553906468785378,100.00000000000004,43.44171903540392,41.040035858255635,2.4016831771482856
2022-06-15 06:00:00,0.0,0.0,59.09819975647519,40.83459746264813,0.020000016,157.86780922546845,173.93664106422142,23.735520033256922,50.32812004911996,107.53968917634849,50.32812004911996,0.0,31.879912881568412,100.0,52.90589322166374,36.04068855260339,16.865204669060347
2022-06-15 07:00:00,0.0,0.0,93.30010211342214,40.83459746264813,1.1034713722403096,280.2807767698092,281.5514415107415,29.398482547210673,79.7671770723998,200.5135996974094,79.76717707239982,0.0,28.4597388346442,100.00000000000003,86.90914438681284,62.23157281592451,24.677571570888333
2022-06-15 08:00:00,0.0,0.0,106.05161972202978,40.83459746264813,1.1035821830815737,284.68371627098827,369.591961250649,33.74974878908278,102.99650832968858,181.68720794129968,102.9965083296886,0.0,36.179276313664175,100.00000000000003,86.54611841122828,55.30624746975043,31.239870941477847
2022-06-15 09:00:00,0.0,0.0,114.57158997398851,40.83459746264813,2.1872810222064567,291.2770915750789,469.9639600623957,36.88637375194987,129.3970006452032,161.88009092987568,129.3970006452032,0.0,44.42402248164791,100.0,89.59743014870415,49.96959870111067,39.62783144759348
2022-06-15 10:00:00,0.0,0.0,127.89375318061141,40.83459746264813,1.1037948353856337,306.5258497295699,617.4220220246345,42.094438188269834,166.57068569351063,139.9551640360593,166.57068569351063,0.0,54.341480772491565,100.0,94.02936657792888,43.04041398028834,50.98895259764054
2022-06-15 11:00:00,0.0,0.0,133.10319052131658,40.83459746264813,1.1039794864646428,311.19093812782955,663.7627738407576,43.54258668252368,178.0484032482139,133.14253487961565,178.0484032482139,0.0,57.21516324330628,100.0,93.58561654118446,40.15418096841173,53.431435572772735
2022-06-15 12:00:00,0.0,0.0,139.37178718358706,40.83459746264813,2.1878448032227618,319.60937952243575,690.2578629716544,43.770558217864206,184.98779106720104,134.6215884552347,184.98779106720104,0.0,57.87933737852502,100.0,95.99068582489984,40.65991257774467,55.33077324715517
2022-06-15 13:00:00,0.0,0.0,147.07955060474572,40.83459746264813,1.1034974128801418,323.7850522058361,697.8558306031453,44.00799470634829,186.84746578014318,136.93758642569293,186.84746578014318,0.0,57.70725501601007,100.0,98.3508858918421,41.709945115249496,56.6409407765926
2022-06-15 14:00:00,0.0,0.0,153.0187555455528,40.83459746264813,1.1034202357877665,329.72425714664325,614.2535611089613,41.395423784655044,166.1734240013336,163.55083314530967,166.1734240013336,0.0,50.39769455828321,100.0,101.04153807612688,50.21905807955902,50.822479996567864
2022-06-15 15:00:00,0.0,0.0,154.84064510718756,40.83459746264813,1.1036956003070482,334.43603913008013,459.9453485842671,36.07329214325834,127.03704321297124,207.3989959171089,127.03704321297124,0.0,37.98545262747826,100.0,100.9877099625255,62.702556249432355,38.285153713093145
2022-06-15 16:00:00,0.0,0.0,145.94033107824973,40.83459746264813,1.1033375496071804,308.48263789815445,328.5115625490051,30.86598632965641,92.55787157068788,215.92476632746656,92.5578715706879,0.0,30.00424017420581,100.00000000000003,94.9275048284817,66.50483362655487,28.422671201926832
2022-06-15 17:00:00,0.0,0.0,126.74037245562343,40.83459746264813,0.020000016,245.67621133387462,190.01727545986856,25.93803985812089,54.535038762485044,191.14117257138957,54.535038762485044,0.0,22.19793217519615,100.0,79.38772679842137,61.76609239829338,17.621634400127988
2022-06-15 18:00:00,0.0,0.0,107.71801544946656,40.83459746264813,1.103100874660914,227.05323010509355,0.0,19.4,0.0,227.05323010509355,0.0,0.0,0.0,0.0,80.2371479136409,80.2371479136409,0.0
2022-06-15 19:00:00,0.0,0.0,77.13097058753821,40.83459746264813,0.020000016,189.11635671852878,0.0,18.3,0.0,189.11635671852878,0.0,0.0,0.0,0.0,69.16534382669629,69.16534382669629,0.0
2022-06-15 20:00:00,0.0,0.0,63.313018912764115,40.83459746264813,1.102849751033563,174.0140084118426,0.0,17.8,0.0,174.0140084118426,0.0,0.0,0.0,0.0,63.50747502473579,63.50747502473579,0.0
2022-06-15 21:00:00,0.0,0.0,8.918756982578383,14.430989869301538,0.020000016,71.0254651576739,0.0,17.8,0.0,71.0254651576739,0.0,0.0,0.0,0.0,26.768127046529386,26.768127046529386,0.0
2022-06-15 22:00:00,0.0,0.0,12.791503317516437,23.568205095857156,1.1028985864504717,79.82796736453749,0.0,17.2,0.0,79.82796736453749,0.0,0.0,0.0,0.0,30.952301774406372,30.952301774406372,0.0
2022-06-15 23:00:00,0.0,0.0,5.319150170156659,15.844682662400144,0.020000016,64.6320917837207,0.0,17.2,0.0,64.6320917837207,0.0,0.0,0.0,0.0,24.478158367363562,24.478158367363562,0.0
2022-06-16 00:00:00,0.0,0.0,1.479139827838199,11.718600633682088,0.020000016,56.66599941268417,0.0,17.2,0.0,56.66599941268417,0.0,0.0,0.0,0.0,22.53456903764048,22.53456903764048,0.0
2022-06-16 01:00:00,0.0,0.0,0.39521739371729897,9.521289886161902,1.1028917827184224,53.38476623104307,0.0,17.2,0.0,53.38476623104307,0.0,0.0,0.0,0.0,21.184127727626567,21.184127727626567,0.0
2022-06-16 02:00:00,0.0,0.0,0.0,8.847347854920269,0.020000016,52.315606806084155,0.0,17.2,0.0,52.315606806084155,0.0,0.0,0.0,0.0,21.21784114906428,21.21784114906428,0.0
2022-06-16 03:00:00,0.0,0.0,0.0,7.646423938052653,0.020000016,51.11468288921655,0.0,16.1,0.0,51.11468288921655,0.0,0.0,0.0,0.0,21.10757570904841,21.10757570904841,0.0
2022-06-16 04:00:00,0.0,0.0,0.0,3.0023097921690383,1.1029116481384258,38.805351933163024,0.0,17.2,0.0,38.805351933163024,0.0,0.0,0.0,0.0,16.153594173060277,16.153594173060277,0.0
2022-06-16 05:00:00,0.0,0.0,26.610570205566052,40.83459746264813,0.020000016,97.31187172680816,55.216002842205086,19.52550008881891,7.166736082408841,90.14513564439932,7.166736082408846,0.0,7.36470890471476,100.00000000000007,39.3672262433743,36.46820983067909,2.899016412695204
2022-06-16 06:00:00,0.0,0.0,56.79616793281977,40.83459746264813,1.103086042280889,155.56577740181302,177.32454186968835,24.44139193342776,51.175020980678404,104.39075642113463,51.1750209806784,0.0,32.896066111312976,99.99999999999999,55.80637605988327,37.51360893523488,18.292767124648392
2022-06-16 07:00:00,0.0,0.0,91.03596331683356,40.83459746264813,1.1035793305167052,278.01663797322067,281.9728719782565,29.911652249320518,79.7323815423155,198.28425643090517,79.7323815423155,0.0,28.678996380783346,100.0,88.24934932796806,62.997306769701325,25.252042558266737
2022-06-16 08:00:00,0.0,0.0,102.28718286093955,40.83459746264813,1.1035924964250228,280.9192794098981,368.0817146819289,35.402553583810274,101.92736233992689,178.99191706997118,101.9273623399269,0.0,36.28350555150097,100.00000000000003,87.04630211196364,55.53494840776352,31.51135370420012
2022-06-16 09:00:00,0.0,0.0,115.74712911194452,40.83459746264813,1.1036360346021121,292.4526307130349,473.60733891861236,37.60022934120664,130.03988051313098,162.41275019990394,130.03988051313098,0.0,44.46527979456981,100.0,90.3019033845959,50.23726639790281,40.064636986693095
2022-06-16 10:00:00,0.0,0.0,132.1916878638048,40.83459746264813,1.1038308174412736,310.8237844127633,622.1184550228655,42.24120171946455,167.74041509279925,143.08336931996405,167.74041509279925,0.0,53.96640267079618,100.0,96.73439615871027,44.63757803918868,52.096818119521586
2022-06-16 11:00:00,0.0,0.0,143.26760694383108,40.83459746264813,2.1880335705783263,321.35535455034403,721.4532268859515,44.74541334018599,192.59863944629683,128.7567151040472,192.59863944629683,0.0,59.933228657661594,100.0,100.03500435913465,40.31690721921863,59.71809713991602
2022-06-16 12:00:00,0.0,0.0,152.20600923268603,40.83459746264813,1.1039167518833908,332.44360157153454,751.61345002629,45.68792031332157,199.8953191100739,132.54828246146064,199.8953191100739,0.0,60.12909202196236,100.0,104.42980306904936,41.756623668467896,62.67317940058146
2022-06-16 13:00:00,0.0,0.0,162.10615602451628,40.83459746264813,1.1034606661154074,338.81165762560676,696.5653513353295,44.567667229229045,186.08652375594298,152.72513386966378,186.08652375594298,0.0,54.92329427506656,100.0,108.11527367851487,48.843924564390704,59.27134911412416
2022-06-16 14:00:00,0.0,0.0,158.7745178095051,40.83459746264813,1.1034576780877812,335.4800194105955,594.8164935240407,40.78801542262627,161.30013040007927,174.17988901051623,161.30013040007927,0.0,48.08039855353153,100.0,107.53718762241621,55.928404400258856,51.608783222157356
2022-06-16 15:00:00,0.0,0.0,142.16619034280964,40.83459746264813,1.103679178823872,321.76158436570216,477.6773507171997,37.72741720991249,131.09265638215973,190.66892798354243,131.09265638215973,0.0,40.74217145610668,100.0,105.1782612162742,62.407315681748855,42.77094553452534
2022-06-16 16:00:00,0.0,0.0,126.02366031963179,40.83459746264813,1.103264801569352,288.56596713953644,346.2937267846183,33.02167896201932,96.77250878519715,191.7934583543393,96.77250878519715,0.0,33.535662484551644,100.0,94.07059522472902,62.59001425436046,31.480580970368557
2022-06-16 17:00:00,0.0,0.0,103.68066291172008,40.83459746264813,1.1031886018669723,222.6165017899712,190.25690262656906,27.045528207080284,54.37928215906153,168.2372196309097,54.37928215906152,0.0,24.427336572904178,99.99999999999997,74.08615959121454,56.03740394621122,18.048755645003318
2022-06-16 18:00:00,0.0,0.0,90.40685540049842,40.83459746264813,0.020000016,209.74207005612539,0.0,20.0,0.0,209.74207005612539,0.0,0.0,0.0,0.0,75.85157709520946,75.85157709520946,0.0
2022-06-16 19:00:00,0.0,0.0,72.87639475743042,40.83459746264813,1.1031427098637014,184.86178088842104,0.0,18.9,0.0,184.86178088842104,0.0,0.0,0.0,0.0,68.92930712715045,68.92930712715045,0.0
2022-06-16 20:00:00,0.0,0.0,64.82911976826529,40.83459746264813,0.020000016,175.53010926734382,0.0,18.3,0.0,175.53010926734382,0.0,0.0,0.0,0.0,66.65413880106625,66.65413880106625,0.0
2022-06-16 21:00:00,0.0,0.0,12.320624744466919,18.504486413794844,0.020000016,78.50082946405574,0.0,18.3,0.0,78.50082946405574,0.0,0.0,0.0,0.0,29.813113487696334,29.813113487696334,0.0
2022-06-16 22:00:00,0.0,0.0,17.59348471492366,27.423559642495828,1.1029364756201434,88.48530330858338,0.0,17.8,0.0,88.48530330858338,0.0,0.0,0.0,0.0,33.422161002452796,33.422161002452796,0.0
2022-06-16 23:00:00,0.0,0.0,12.792940958866726,21.62487902199091,0.020000016,72.52524261990551,0.0,18.3,0.0,72.52524261990551,0.0,0.0,0.0,0.0,27.811954788913496,27.811954788913496,0.0
2022-06-17 00:00:00,0.0,0.0,12.942389749082366,23.565607409506672,0.020000016,74.6154197976369,0.0,17.8,0.0,74.6154197976369,0.0,0.0,0.0,0.0,29.089064725380982,29.089064725380982,0.0
2022-06-17 01:00:00,0.0,0.0,10.458503648321464,20.38966854119589,1.102928954498778,68.95559482856521,0.0,17.8,0.0,68.95559482856521,0.0,0.0,0.0,0.0,27.50361925521323,27.50361925521323,0.0
2022-06-17 02:00:00,0.0,0.0,11.504810423442025,23.685699801193433,0.020000016,73.29793286368333,0.0,16.7,0.0,73.29793286368333,0.0,0.0,0.0,0.0,29.500521643830893,29.500521643830893,0.0
2022-06-17 03:00:00,0.0,0.0,9.70467470466357,20.38966854119589,0.020000016,68.20176588490732,0.0,17.2,0.0,68.20176588490732,0.0,0.0,0.0,0.0,27.213036519776328,27.213036519776328,0.0
2022-06-17 04:00:00,0.0,0.0,8.644393943210945,23.473444361485623,1.1029678556144276,58.352584778944426,0.0,17.2,0.0,58.352584778944426,0.0,0.0,0.0,0.0,23.214891596442907,23.214891596442907,0.0
2022-06-17 05:00:00,0.0,0.0,41.14158758912317,40.83459746264813,0.020000016,111.84288911036529,18.003469449023363,17.76260842028198,0.7667814347601443,111.07610767560514,0.7667814347601478,0.0,0.6855880073014715,100.00000000000047,43.38354319595496,43.086135514761715,0.297407681193242
2022-06-17 06:00:00,0.0,0.0,51.19794200720784,40.83459746264813,1.1030266305560692,127.03683005609832,114.13776537191754,21.866805167872425,30.363158339979602,96.67367171611872,30.363158339979606,0.0,23.901067372801656,100.00000000000003,48.815595264081374,37.19561456737118,11.619980696710194
2022-06-17 07:00:00,0.0,0.0,72.36468972510029,40.83459746264813,0.020000016,186.5818906071915,272.74468662438227,28.523271457011944,77.52647762423179,109.05541298295971,77.52647762423179,0.0,41.5509122412353,100.0,65.69908469395524,38.40201192246324,27.297072771492005
2022-06-17 08:00:00,0.0,0.0,77.59142774417,40.83459746264813,1.103218375848117,194.0563227321074,360.56655369337716,31.867704802918038,101.2044598499123,92.85186288219509,101.2044598499123,0.0,52.15210637049118,100.0,65.61114019197053,31.497140865762105,34.11399932620843
2022-06-17 09:00:00,0.0,0.0,78.65779226627428,40.83459746264813,1.1031839015268194,194.15938978027762,467.28004036097707,35.70250126128054,129.24751652410728,64.91187325617034,129.24751652410728,0.0,66.56773935598557,100.0,64.96825955511878,21.852580517841822,43.115679037276955
2022-06-17 10:00:00,0.0,0.0,86.39661647054669,40.83459746264813,0.020000016,204.14590809039618,633.4585639458085,41.49558012330651,171.30132803786867,32.844580052527505,171.30132803786867,0.0,83.91122292885544,100.0,67.94437995318744,10.934441475544542,57.00993847764289
2022-06-17 11:00:00,0.0,0.0,89.20947964859532,40.83459746264813,1.103146832422353,205.67437463653272,725.5093688482991,44.37216777650935,193.97002139893212,11.7043532376006,193.97002139893212,0.0,94.30927977377614,100.0,68.40230141722897,4.079902621129081,64.32239879609989
2022-06-17 12:00:00,0.0,0.0,97.17089985284079,40.83459746264813,1.1031509382108344,211.06700157695403,751.201947016525,45.67506084426641,199.79617160482624,11.270829972127785,199.79617160482624,0.0,94.66007007825972,100.0,70.19160651119887,3.936199064464418,66.25540744673445
2022-06-17 13:00:00,0.0,0.0,96.24052257218129,40.83459746264813,0.020000016,171.03765855581966,718.2447098155482,44.64514718173588,191.8188358788322,0.0,171.03765855581966,20.781177323012543,100.0,89.16624781513137,55.981661091604565,0.0036010111631256747,55.97806008044144
2022-06-17 14:00:00,0.0,0.0,94.53940767567124,40.83459746264813,1.1030008227854142,168.05214702739752,602.9396643300687,40.541864510314646,163.66109184509543,4.391055182302097,163.66109184509543,0.0,97.38708772248758,100.0,54.69202521075181,1.6224612636019393,53.06956394714987
2022-06-17 15:00:00,0.0,0.0,85.05577317813149,40.83459746264813,0.020000016,158.88961168783578,509.62254951751794,36.525704672422435,140.51221667048972,18.37739501734606,140.51221667048972,0.0,88.43385994708615,100.0,51.79684773304696,5.994080464967421,45.802767268079535
2022-06-17 16:00:00,0.0,0.0,71.70213387342767,40.83459746264813,1.1029455106214692,134.76173467579179,363.5157094492602,31.95986592028938,101.99653437249303,32.765200303298755,101.99653437249303,0.0,75.68656979510921,100.0,43.711802305401136,10.778141321866862,32.933660983534274
2022-06-17 17:00:00,0.0,0.0,16.910269072658405,18.512699927444448,0.020000016,55.72137739195072,213.6781414923027,26.07744192163446,61.29397615075024,0.0,55.72137739195072,5.572598758799522,100.0,90.90840714086825,18.990660357470333,0.0036010111631256747,18.987059346307205
2022-06-17 18:00:00,0.0,0.0,21.472630684922045,25.561430800422247,0.020000016,70.30063891839215,0.0,18.3,0.0,70.30063891839215,0.0,0.0,0.0,0.0,26.233120894809833,26.233120894809833,0.0
2022-06-17 19:00:00,0.0,0.0,18.21832139810847,26.797863603994845,1.1029303736073377,83.12360764115118,0.0,18.3,0.0,83.12360764115118,0.0,0.0,0.0,0.0,33.32791251392808,33.32791251392808,0.0
2022-06-17 20:00:00,0.0,0.0,13.696414230729113,23.226736854335183,0.020000016,75.03057372411216,0.0,18.3,0.0,75.03057372411216,0.0,0.0,0.0,0.0,29.77610781775945,29.77610781775945,0.0
2022-06-17 21:00:00,0.0,0.0,13.30106232061138,22.53796972485477,1.1029128628264455,73.94645468451402,0.0,18.3,0.0,73.94645468451402,0.0,0.0,0.0,0.0,29.598211371154797,29.598211371154797,0.0
2022-06-17 22:00:00,0.0,0.0,11.738524472014342,20.93693665910074,0.020000016,70.78288377016295,0.0,17.8,0.0,70.78288377016295,0.0,0.0,0.0,0.0,27.63476143410279,27.63476143410279,0.0
2022-06-17 23:00:00,0.0,0.0,12.148905169426131,22.53796972485477,0.020000016,72.79429753332877,0.0,17.8,0.0,72.79429753332877,0.0,0.0,0.0,0.0,28.568811306216674,28.568811306216674,0.0
2022-06-18 00:00:00,0.0,0.0,10.556084423985084,21.337244631389947,1.102928413894887,70.0007516944229,0.0,17.8,0.0,70.0007516944229,0.0,0.0,0.0,0.0,28.43163589481514,28.43163589481514,0.0
2022-06-18 01:00:00,0.0,0.0,10.992399686434448,23.33858566943318,0.020000016,72.4384079949155,0.0,17.2,0.0,72.4384079949155,0.0,0.0,0.0,0.0,29.096314430081087,29.096314430081087,0.0
2022-06-18 02:00:00,0.0,0.0,8.482921476806041,21.337244631389947,0.020000016,67.92758874724386,0.0,17.2,0.0,67.92758874724386,0.0,0.0,0.0,0.0,28.346727053894362,28.346727053894362,0.0
2022-06-18 03:00:00,0.0,0.0,6.764529269514949,21.106410370989533,0.020000016,65.97836227955236,0.0,16.7,0.0,65.97836227955236,0.0,0.0,0.0,0.0,27.296540243534153,27.296540243534153,0.0
2022-06-18 04:00:00,0.0,0.0,5.1453901801803275,20.412138645493723,1.1029556203793505,51.79227529992191,0.0,17.2,0.0,51.79227529992191,0.0,0.0,0.0,0.0,21.120595146357275,21.120595146357275,0.0
2022-06-18 05:00:00,0.0,0.0,6.008729364934971,22.779363597629523,0.020000016,49.08650135441236,13.492692027246065,17.62164662585144,0.4309004414607244,48.65560091295164,0.4309004414607216,0.0,0.8778389772568057,99.99999999999935,19.47646153096528,19.305521171335606,0.17094035962967524
2022-06-18 06:00:00,0.0,0.0,17.347886457112725,24.79742592874354,0.020000016,62.44372077770413,60.728707346484214,19.69777210457763,8.663794569368235,53.779926208335894,8.663794569368235,0.0,13.874564906551326,100.0,23.456213660853244,20.202265696489924,3.25394796436332
2022-06-18 07:00:00,0.0,0.0,26.431771101832325,28.37626816879641,1.1029105329102702,75.10644766247658,156.72695912138224,23.797717472543194,45.33815532503653,29.76829233744005,45.33815532503653,0.0,60.36519731139889,100.0,26.392704184948673,10.580569133788932,15.812135051159741
2022-06-18 08:00:00,0.0,0.0,31.215771494682187,27.145698372679785,0.020000016,78.65987825920985,316.6513370835887,30.99535428386215,89.17261066586076,0.0,78.65987825920985,10.512732406650912,100.0,88.21080561828201,26.64098218486195,0.0036010111631256747,26.637381173698824
2022-06-18 09:00:00,0.0,0.0,37.244135292559136,28.37626816879641,0.020000016,85.91881185320341,388.45224955546314,33.239132798608225,108.46378476761546,0.0,85.91881185320341,22.544972914412057,100.0,79.21428524487243,28.02430312084835,0.0036010111631256747,28.020702109685224
2022-06-18 10:00:00,0.0,0.0,39.07513943956676,27.145698372679785,1.1029680758798468,86.5192462040944,429.28446256111994,34.015139455035,119.50999003192535,0.0,86.5192462040944,32.990743827830954,100.0,72.39499072921188,28.77113832149,0.1985898588188417,28.572548462671158
2022-06-18 11:00:00,0.0,0.0,45.452185721020896,28.37626816879641,0.020000016,94.12686228166517,728.0728093402237,43.352275291881995,195.44664286394053,0.0,94.12686228166517,101.31978058227536,100.0,48.15987673279773,30.642365318156546,0.0036010111631256747,30.63876430699342
2022-06-18 12:00:00,0.0,0.0,48.18201690498451,27.145698372679785,1.1030363765922886,95.62612366951215,750.7022457606914,44.55944518002161,200.5557016024894,0.0,95.62612366951215,104.92957793297724,100.0,47.680580958524686,31.202503972519633,0.19860215639040124,31.003901816129233
2022-06-18 13:00:00,0.0,0.0,55.61787922469677,28.37626816879641,0.020000016,104.29255578534105,719.1594306528302,43.573732207900946,192.88419100929252,0.0,104.29255578534105,88.59163522395147,100.0,54.070038212886296,34.173492525893344,0.0036010111631256747,34.16989151473022
2022-06-18 14:00:00,0.0,0.0,58.683513029675396,27.145698372679785,0.020000016,106.12761979420304,629.8484687149482,40.782764647342134,170.80349563516202,0.0,106.12761979420304,64.67587584095898,100.0,62.13433712205323,34.86758538975676,0.0036010111631256747,34.863984378593635
2022-06-18 15:00:00,0.0,0.0,63.70225236317757,28.37626816879641,1.1028709926015827,112.37692892382185,508.3705320028075,36.48657912508774,140.18820772094458,0.0,112.37692892382185,27.811278797122725,100.0,80.1614706049433,36.9654940995858,0.1985723789343865,36.76692172065141
2022-06-18 16:00:00,0.0,0.0,54.48159839157954,27.145698372679785,0.020000016,101.92570515610718,363.7653225068984,31.967666328340577,102.06354803541583,0.0,101.92570515610718,0.1378428793086499,100.0,99.86494406478911,33.40822199049992,0.0036010111631256747,33.40462097933679
2022-06-18 17:00:00,0.0,0.0,46.39496935622664,28.37626816879641,0.020000016,95.06964591687093,197.31425116250284,26.166070348828214,56.58132863839105,38.488317278479876,56.58132863839105,0.0,59.51566148449303,100.0,32.06821583777577,12.984748221262425,19.083467616513342
2022-06-18 18:00:00,0.0,0.0,37.37400525944984,27.145698372679785,0.020000016,87.78628106517748,0.0,19.4,0.0,87.78628106517748,0.0,0.0,0.0,0.0,32.135574538044715,32.135574538044715,0.0
2022-06-18 19:00:00,0.0,0.0,29.90392590684093,28.37626816879641,1.1028740061038083,96.38761671468521,0.0,18.9,0.0,96.38761671468521,0.0,0.0,0.0,0.0,36.86345844361581,36.86345844361581,0.0
2022-06-18 20:00:00,0.0,0.0,24.287655431422337,27.145698372679785,0.020000016,89.54077644314998,0.0,18.9,0.0,89.54077644314998,0.0,0.0,0.0,0.0,33.862102511493646,33.862102511493646,0.0
2022-06-18 21:00:00,0.0,0.0,23.93197705559297,28.37626816879641,1.1028610531749714,90.41566786343725,0.0,19.4,0.0,90.41566786343725,0.0,0.0,0.0,0.0,34.600828054695754,34.600828054695754,0.0
2022-06-18 22:00:00,0.0,0.0,21.93771995208962,27.145698372679785,0.020000016,87.19084096381727,0.0,18.9,0.0,87.19084096381727,0.0,0.0,0.0,0.0,33.75212386882306,33.75212386882306,0.0
2022-06-18 23:00:00,0.0,0.0,22.099798046974133,28.37626816879641,0.020000016,93.94432516693443,0.0,18.3,0.0,93.94432516693443,0.0,0.0,0.0,0.0,35.29190787361871,35.29190787361871,0.0
2022-06-19 00:00:00,0.0,0.0,20.69429738603013,27.145698372679785,0.020000016,91.30825470987381,0.0,18.3,0.0,91.30825470987381,0.0,0.0,0.0,0.0,34.12093038350747,34.12093038350747,0.0
2022-06-19 01:00:00,0.0,0.0,19.71276854404605,28.275768881244314,1.1028820859524002,91.45679637645426,0.0,18.3,0.0,91.45679637645426,0.0,0.0,0.0,0.0,34.39564239339869,34.39564239339869,0.0
2022-06-19 02:00:00,0.0,0.0,16.78125172289505,24.224212695350992,0.020000016,84.47372336940994,0.0,17.8,0.0,84.47372336940994,0.0,0.0,0.0,0.0,32.28692387125052,32.28692387125052,0.0
2022-06-19 03:00:00,0.0,0.0,15.80278560789069,23.211462557642996,1.1028962406093392,82.48250711669756,0.0,17.8,0.0,82.48250711669756,0.0,0.0,0.0,0.0,32.15312500692844,32.15312500692844,0.0
2022-06-19 04:00:00,0.0,0.0,14.525405959807513,22.66529166004775,0.020000016,72.99373976084924,0.0,17.8,0.0,72.99373976084924,0.0,0.0,0.0,0.0,27.95034918470067,27.95034918470067,0.0
2022-06-19 05:00:00,0.0,0.0,47.540963659027135,40.83459746264813,0.020000016,118.24226518026927,9.744834612304686,18.10452608163452,0.22437408646322984,118.01789109380604,0.22437408646322865,0.0,0.1897579398712917,99.99999999999946,43.67519923284379,43.592328907749454,0.08287032509433345
2022-06-19 06:00:00,0.0,0.0,55.747102867015734,40.83459746264813,1.1030529258677133,154.51671233600902,70.52293768007807,20.50384180250244,11.64953678628641,142.86717554972262,11.649536786286404,0.0,7.539337726105348,99.99999999999996,53.445836790644684,49.43134816640646,4.014488624238226
2022-06-19 07:00:00,0.0,0.0,81.67685070246212,40.83459746264813,1.103485740151552,268.6575253588492,212.2972371073711,26.034288659605345,60.90762343552993,207.7499019233193,60.90762343552993,0.0,22.671102681443543,100.0,87.11745224383382,67.41200883373682,19.705443410097004
2022-06-19 08:00:00,0.0,0.0,90.29579571249184,40.83459746264813,1.103545045334961,268.9278922614504,346.8309677121209,30.23846774100378,97.95126966311201,170.97662259833837,97.95126966311201,0.0,36.42287486040468,100.0,84.19563161134958,53.60153204477317,30.59409956657641
2022-06-19 09:00:00,0.0,0.0,94.08192452081117,40.83459746264813,1.103545647800118,270.78742612190155,466.6279827527877,36.282124461024615,128.77894924780512,142.00847687409643,128.77894924780512,0.0,47.55721160768822,100.0,82.72386983579297,43.4771972630319,39.24667257276107
2022-06-19 10:00:00,0.0,0.0,101.61426687153593,40.83459746264813,1.1037402846182607,280.2463634204944,606.5201559787929,41.15375487433728,164.23750588391883,116.00885753657556,164.23750588391883,0.0,58.60468763246337,100.0,84.7364456529312,35.19338081551767,49.543064837413525
2022-06-19 11:00:00,0.0,0.0,102.35479203383423,40.83459746264813,2.1879281283406935,280.4425396403472,726.2114245237118,45.494107016365994,193.28950722704676,87.15303241330045,193.28950722704676,0.0,68.92303409993733,100.0,84.55754793702829,26.54943392311928,58.00811401390901
2022-06-19 12:00:00,0.0,0.0,103.18910070444927,40.83459746264813,1.103893503681606,283.4266930432979,750.7844467564062,46.2620139611377,199.21554605320392,84.211146990094,199.21554605320392,0.0,70.28820888891033,100.0,86.52202438267503,25.84694552125071,60.67507886142432
2022-06-19 13:00:00,0.0,0.0,103.8225720738226,40.83459746264813,1.1034710798934328,280.52807367491295,719.1542723342341,44.67357101044482,192.03996716656545,88.4881065083475,192.03996716656545,0.0,68.45659496778528,100.0,86.85380238308039,27.53265652532833,59.32114585775206
2022-06-19 14:00:00,0.0,0.0,108.9451123509776,40.83459746264813,1.1033862311290534,285.650613952068,610.1481267003805,41.267128959386895,165.14619872640074,120.50441522566726,165.14619872640074,0.0,57.814053483572124,100.0,87.59918349875888,37.06940107444204,50.529782424316835
2022-06-19 15:00:00,0.0,0.0,114.6568812017301,40.83459746264813,1.103681637963529,294.2522752246227,463.55931004559386,35.58622843892481,128.2758147263237,165.976460498299,128.2758147263237,0.0,43.59382255528936,100.0,89.72644433443509,50.697886324877466,39.02855800955762
2022-06-19 16:00:00,0.0,0.0,108.4915317690163,40.83459746264813,1.103310697555537,271.03383858892096,283.9319788981125,29.472874340566015,80.41910638045202,190.61473220846892,80.41910638045204,0.0,29.671242085171624,100.00000000000003,84.33568606115216,59.37118286746844,24.96450319368372
2022-06-19 17:00:00,0.0,0.0,84.10110909334878,40.83459746264813,1.1031118644141513,203.03694797159994,138.83662678157071,23.73864458692408,40.17155886871201,162.86538910288795,40.171558868712,0.0,19.785344130729865,99.99999999999997,64.9958273236604,52.17547602629964,12.820351297360752
2022-06-19 18:00:00,0.0,0.0,72.97750692246414,40.83459746264813,0.020000016,192.3127215780911,93.04560037265657,22.307675011645514,20.145545072847156,172.16717650524396,20.145545072847142,0.0,10.475409482813012,99.99999999999993,68.00153310674459,60.87847127988729,7.123061826857295
2022-06-19 19:00:00,0.0,0.0,61.017614367784965,40.83459746264813,1.1030915237592906,173.00300049877555,0.0,19.4,0.0,173.00300049877555,0.0,0.0,0.0,0.0,65.18199913301073,65.18199913301073,0.0
2022-06-19 20:00:00,0.0,0.0,55.95932240510431,40.83459746264813,0.020000016,166.66031190418283,0.0,19.4,0.0,166.66031190418283,0.0,0.0,0.0,0.0,62.11039954381637,62.11039954381637,0.0
2022-06-19 21:00:00,0.0,0.0,9.016154617111473,16.007999997718027,0.020000016,72.69987292062348,0.0,19.4,0.0,72.69987292062348,0.0,0.0,0.0,0.0,27.312944774430733,27.312944774430733,0.0
2022-06-19 22:00:00,0.0,0.0,12.192430372172526,23.085237842759625,1.1029352274841147,78.74592716609604,0.0,19.4,0.0,78.74592716609604,0.0,0.0,0.0,0.0,29.148342878159305,29.148342878159305,0.0
2022-06-19 23:00:00,0.0,0.0,10.706361692881751,21.590592458063497,0.020000016,75.76521310210914,0.0,18.9,0.0,75.76521310210914,0.0,0.0,0.0,0.0,28.237507673664098,28.237507673664098,0.0
2022-06-20 00:00:00,0.0,0.0,10.298043046387644,23.994892962110242,0.020000016,77.76119495966176,0.0,18.9,0.0,77.76119495966176,0.0,0.0,0.0,0.0,29.40160957163806,29.40160957163806,0.0
2022-06-20 01:00:00,0.0,0.0,7.696395154681465,19.897114931598445,1.1028296011648429,71.0617690374438,0.0,18.3,0.0,71.0617690374438,0.0,0.0,0.0,0.0,26.470456248377218,26.470456248377218,0.0
2022-06-20 02:00:00,0.0,0.0,4.8517482821426094,15.66866811891008,0.020000016,63.988675352216575,0.0,18.0,0.0,63.988675352216575,0.0,0.0,0.0,0.0,23.099353549415415,23.099353549415415,0.0
2022-06-20 03:00:00,0.0,0.0,2.1397738297786772,11.784129140385696,1.102915281516093,57.392161921328274,0.0,17.8,0.0,57.392161921328274,0.0,0.0,0.0,0.0,20.87037619480541,20.87037619480541,0.0
2022-06-20 04:00:00,0.0,0.0,1.215206611467436,13.955722134351566,0.020000016,50.973970886812985,0.0,17.8,0.0,50.973970886812985,0.0,0.0,0.0,0.0,18.542834222697007,18.542834222697007,0.0
2022-06-20 05:00:00,0.0,0.0,41.35108618244187,40.83459746264813,0.020000016,112.05238770368398,9.745246815820304,18.604538962994386,0.22398825891921523,111.82839944476476,0.22398825891922058,0.0,0.19989601605951002,100.0000000000024,39.891449723982035,39.81171550351326,0.07973422046877232
2022-06-20 06:00:00,0.0,0.0,55.82243789740069,40.83459746264813,1.1030623415932603,154.59204736639398,44.98431926484379,19.705759977026368,4.753678309764266,149.83836905662972,4.753678309764268,0.0,3.0749824397484806,100.00000000000007,50.35135883800511,48.809170520751394,1.5421883172537179
2022-06-20 07:00:00,0.0,0.0,80.30855851540613,40.83459746264813,1.1034846076483766,267.2892331717932,107.18060852812513,22.24939401650391,26.73698866417743,240.5522445076158,26.73698866417743,0.0,10.003017460487428,100.0,82.14287952022018,73.94598722049999,8.19689229972019
2022-06-20 08:00:00,0.0,0.0,89.71604682830872,40.83459746264813,1.1035443946898111,268.34814337726715,172.4046414704289,24.787645045950903,49.691549403470276,218.65659397379687,49.691549403470276,0.0,18.517567805047033,100.0,81.92546243152285,66.79165260294894,15.133809828573902
2022-06-20 09:00:00,0.0,0.0,97.12857369781013,40.83459746264813,1.103548859972622,273.83407529890053,179.5176538804687,26.20992668376465,51.46963258804201,222.36444271085853,51.469632588042,0.0,18.79591958446402,99.99999999999999,84.00150566333429,68.24999665425285,15.751509009081431
2022-06-20 10:00:00,0.0,0.0,110.21844248797147,40.83459746264813,1.1037662259503362,288.85053903692994,265.37228094489546,28.292883779527983,75.49605292345754,213.3544861134724,75.49605292345754,0.0,26.13671872490612,100.0,90.01680867960293,66.54131102305381,23.475497656549123
2022-06-20 11:00:00,0.0,0.0,115.13087542130164,40.83459746264813,2.1879105472286993,293.2186230278146,350.37653123189864,30.349266600996835,98.91123222805015,194.30739079976445,98.91123222805015,0.0,33.7329297868872,100.0,87.75988902432968,58.288792825821,29.471096198508683
2022-06-20 12:00:00,0.0,0.0,128.1427577782843,40.83459746264813,1.1038831935127154,308.38035011713293,390.0248420013292,32.78827631254154,109.09026530489113,199.2900848122418,109.09026530489115,0.0,35.37523232704519,100.00000000000003,90.90729271133168,58.81893662322446,32.08835608810722
2022-06-20 13:00:00,0.0,0.0,140.46355411420515,40.83459746264813,1.1034790486599129,317.16905571529554,715.5020445883782,43.459438893386825,191.9903931039571,125.17866261133844,191.9903931039571,0.0,60.532510862691424,100.0,94.43912338436526,37.393017881386484,57.046105502978776
2022-06-20 14:00:00,0.0,0.0,145.73678456897645,40.83459746264813,1.1034190471599263,322.44228617006684,539.9150769698697,37.872346155308435,148.0896501230975,174.35263604696934,148.0896501230975,0.0,45.927490430020725,100.0,97.82290982866486,52.98654690914525,44.836362919519615
2022-06-20 15:00:00,0.0,0.0,144.72881038400388,40.83459746264813,1.1036450851751576,324.32420440689646,436.4623683113192,33.63944900972872,121.68300358692355,202.6412008199729,121.68300358692355,0.0,37.51893997842366,100.0,98.0862431287123,61.35987898610704,36.726364142605256
2022-06-20 16:00:00,0.0,0.0,138.42386325056245,40.83459746264813,1.1032471846959726,300.96617007046706,307.80344262327554,29.61885758197736,87.13242767341852,213.83374239704852,87.13242767341853,0.0,28.950904233860463,100.00000000000003,92.95641372819472,66.10219951924712,26.854214208947596
2022-06-20 17:00:00,0.0,0.0,118.95420526834687,40.83459746264813,1.1031919211706744,237.8900441465981,96.50012422313304,21.915628881972907,21.700332882386174,216.18971126421192,21.700332882386164,0.0,9.122001284346933,99.99999999999996,75.28267534602617,68.43350778002304,6.849167566003132
2022-06-20 18:00:00,0.0,0.0,102.22641462031895,40.83459746264813,0.020000016,221.56162927594593,86.57414257851556,21.00544195557861,17.52389790099857,204.03773137494736,17.523897900998577,0.0,7.909265678477784,100.00000000000004,77.92350260307418,71.7606105697615,6.162892033312687
2022-06-20 19:00:00,0.0,0.0,73.03505800657135,40.83459746264813,1.103101401084557,185.02044413756195,0.0,18.3,0.0,185.02044413756195,0.0,0.0,0.0,0.0,67.0983060553368,67.0983060553368,0.0
2022-06-20 20:00:00,0.0,0.0,59.42723942023981,40.83459746264813,0.020000016,170.1282289193183,0.0,17.8,0.0,170.1282289193183,0.0,0.0,0.0,0.0,60.32681778023042,60.32681778023042,0.0
2022-06-20 21:00:00,0.0,0.0,11.750971758249406,19.711178453811364,0.020000016,79.13786851785476,0.0,17.8,0.0,79.13786851785476,0.0,0.0,0.0,0.0,27.63260935745917,27.63260935745917,0.0
2022-06-20 22:00:00,0.0,0.0,14.698886297950263,25.038220075258195,1.102870704031527,83.20536532437235,0.0,17.2,0.0,83.20536532437235,0.0,0.0,0.0,0.0,28.786271745125084,28.786271745125084,0.0
2022-06-20 23:00:00,0.0,0.0,12.29004219104699,22.825179764403202,0.020000016,78.58348090661408,0.0,17.2,0.0,78.58348090661408,0.0,0.0,0.0,0.0,25.910217161646592,25.910217161646592,0.0
2022-06-21 00:00:00,0.0,0.0,11.959023875403364,23.10953485038979,0.020000016,78.53681767695704,0.0,16.7,0.0,78.53681767695704,0.0,0.0,0.0,0.0,26.911492799553763,26.911492799553763,0.0
2022-06-21 01:00:00,0.0,0.0,9.989258519439417,22.286849800553906,1.1029341588787311,75.7443672711572,0.0,16.7,0.0,75.7443672711572,0.0,0.0,0.0,0.0,26.80303531237,26.80303531237,0.0
2022-06-21 02:00:00,0.0,0.0,9.200568659161831,23.298635619619834,0.020000016,75.96746322994555,0.0,16.1,0.0,75.96746322994555,0.0,0.0,0.0,0.0,26.84632430614824,26.84632430614824,0.0
2022-06-21 03:00:00,0.0,0.0,6.358873693748244,20.50432400600002,0.020000016,70.33145665091214,0.0,16.1,0.0,70.33145665091214,0.0,0.0,0.0,0.0,24.302415969486766,24.302415969486766,0.0
2022-06-21 04:00:00,0.0,0.0,6.34614721122837,23.176590291924775,1.1029102822034862,65.32577964414715,0.0,16.1,0.0,65.32577964414715,0.0,0.0,0.0,0.0,23.108330374245885,23.108330374245885,0.0
2022-06-21 05:00:00,0.0,0.0,45.25250826087116,40.83459746264813,0.020000016,115.95380978211327,9.745452917578111,16.404545403674316,0.2257789208551479,115.72803086125812,0.2257789208551486,0.0,0.19471453441625228,100.00000000000031,39.93983240726966,39.86207076024334,0.07776164702632116
2022-06-21 06:00:00,0.0,0.0,54.16217928013279,40.83459746264813,1.103164899078571,152.93178874912607,82.85913085970981,18.689347839365933,16.187775268942122,136.74401348018395,16.18777526894212,0.0,10.584964317325179,99.99999999999997,48.998394427819655,43.83295627837657,5.165438149443084
2022-06-21 07:00:00,0.0,0.0,76.76466986183132,40.83459746264813,1.1034366524425316,263.74534451821836,121.57698277790216,20.49928071180944,34.62245017016479,229.12289434805356,34.6224501701648,0.0,13.127227035384973,100.00000000000003,74.91509287478908,65.1068989660831,9.808193908705988
2022-06-21 08:00:00,0.0,0.0,83.15152767827541,40.83459746264813,1.1034982846960637,261.78362422723393,252.4551026901237,25.089221959066364,72.68306742616953,189.10055680106439,72.68306742616954,0.0,27.76455847485672,100.00000000000003,70.31873799052151,50.850214965084874,19.46852302543664
2022-06-21 09:00:00,0.0,0.0,85.8179755865759,40.83459746264813,1.103569090015126,262.5234771876663,461.0882865455966,33.309008954549896,128.71091397575188,133.8125632119144,128.71091397575188,0.0,49.02834419023873,100.0,70.93302376510759,36.25315510348101,34.679868661626585
2022-06-21 10:00:00,0.0,0.0,82.98327018899082,40.83459746264813,1.1037077748184563,261.61536673794933,456.05996059617,33.65187376863031,127.14065271911609,134.47471401883325,127.14065271911608,0.0,48.598312210944506,99.99999999999999,71.90618698795727,37.05756978091116,34.84861720704611
2022-06-21 11:00:00,0.0,0.0,83.45592491317541,40.83459746264813,2.187875954660933,261.5436725196884,462.12953002241363,33.84154781320043,128.73932662485575,132.80434589483266,128.73932662485575,0.0,49.22287944670676,100.0,71.68811766381292,36.59506461914348,35.09305304466944
2022-06-21 12:00:00,0.0,0.0,87.14102352437638,40.83459746264813,1.1038793774784093,267.37861586322504,680.8293088022502,41.275915900070316,184.27079885313225,83.10781701009279,184.27079885313225,0.0,68.9175528335423,100.0,72.51263749233757,22.675678588513694,49.836958903823884
2022-06-21 13:00:00,0.0,0.0,87.70899722668183,40.83459746264813,1.1034614500445015,264.4144988277722,685.5002835285501,42.521883860267195,184.62488688522157,79.78961194255064,184.62488688522157,0.0,69.82404055137611,100.0,70.53557952421718,21.423513363879394,49.11206616033779
2022-06-21 14:00:00,0.0,0.0,90.91469387563795,40.83459746264813,1.1033858459023718,267.6201954767283,514.0180421897752,36.06306381843048,141.9775398411453,125.64265563558303,141.9775398411453,0.0,53.05187808723926,100.0,71.42176580168349,33.63657323606029,37.7851925656232
2022-06-21 15:00:00,0.0,0.0,90.64978781665641,40.83459746264813,1.1036688928372707,270.24518183954893,464.7418907633019,33.92318408635319,129.42664537558898,140.81853646395996,129.42664537558898,0.0,47.89230449719273,100.0,72.85548440467417,38.058483662220205,34.79700074245397
2022-06-21 16:00:00,0.0,0.0,67.31589599923083,40.83459746264813,1.1032384091981455,229.85820281913547,345.4455969655491,29.69517490517341,97.76000598423569,132.0981968348998,97.76000598423568,0.0,42.53057092818149,99.99999999999999,63.4912439697078,36.57253752191859,26.918706447789212
2022-06-21 17:00:00,0.0,0.0,49.62473682472211,40.83459746264813,0.020000016,168.56057570297327,203.87338949932405,24.671043421853877,58.78700116470364,109.77357453826963,58.78700116470364,0.0,34.87589011815809,100.0,47.90093140004149,31.19631108408513,16.70462031595636
2022-06-21 18:00:00,0.0,0.0,47.979593688748174,40.83459746264813,1.1031064090682026,167.31480834437514,83.61644495273433,19.813013904772948,16.41805909266601,150.89674925170914,16.418059092666,0.0,9.812675432095396,99.99999999999993,52.615834497934266,47.472302855088394,5.143531642845872
2022-06-21 19:00:00,0.0,0.0,40.75918874265132,40.83459746264813,1.1030912780391577,152.74457487364194,0.0,17.2,0.0,152.74457487364194,0.0,0.0,0.0,0.0,51.12212585854213,51.12212585854213,0.0
2022-06-21 20:00:00,0.0,0.0,36.397691731159135,40.83459746264813,0.020000016,147.09868123023762,0.0,17.2,0.0,147.09868123023762,0.0,0.0,0.0,0.0,48.18871602175206,48.18871602175206,0.0
2022-06-21 21:00:00,0.0,0.0,2.2924859408797014,6.092698361812762,0.020000016,56.06090260848645,0.0,17.2,0.0,56.06090260848645,0.0,0.0,0.0,0.0,18.28954622399924,18.28954622399924,0.0
2022-06-21 22:00:00,0.0,0.0,6.6599430048299135,18.537633607555012,1.1028962358761984,68.66583556354882,0.0,16.7,0.0,68.66583556354882,0.0,0.0,0.0,0.0,22.954091500578695,22.954091500578695,0.0
2022-06-21 23:00:00,0.0,0.0,8.240832317469483,22.268003993853046,0.020000016,73.97709526248642,0.0,16.7,0.0,73.97709526248642,0.0,0.0,0.0,0.0,24.809970480056382,24.809970480056382,0.0
2022-06-22 00:00:00,0.0,0.0,6.325015677132611,18.65413830596986,0.020000016,68.44741293426635,0.0,16.7,0.0,68.44741293426635,0.0,0.0,0.0,0.0,23.583392529953215,23.583392529953215,0.0
2022-06-22 01:00:00,0.0,0.0,3.2172687481777507,8.847347854920269,1.1028604652920175,55.532875554261906,0.0,16.1,0.0,55.532875554261906,0.0,0.0,0.0,0.0,19.273835571999136,19.273835571999136,0.0
2022-06-22 02:00:00,0.0,0.0,3.4158461023258586,8.994308000535923,0.020000016,55.87841305402568,0.0,16.1,0.0,55.87841305402568,0.0,0.0,0.0,0.0,19.494270876472555,19.494270876472555,0.0
2022-06-22 03:00:00,0.0,0.0,1.9012058908656602,8.994308000535922,0.020000016,54.363772842565474,0.0,16.1,0.0,54.363772842565474,0.0,0.0,0.0,0.0,19.093711663694204,19.093711663694204,0.0
2022-06-22 04:00:00,0.0,0.0,0.24403361169192275,11.81250673692029,1.1029337349639978,47.8595824896062,0.0,16.7,0.0,47.8595824896062,0.0,0.0,0.0,0.0,17.27871147461338,17.27871147461338,0.0
2022-06-22 05:00:00,0.0,0.0,38.570468496790596,40.83459746264813,0.020000016,109.27177001803274,9.745762070214822,17.504555064694213,0.22490258500629415,109.04686743302645,0.22490258500629068,0.0,0.20581947649349489,99.99999999999845,38.644830683789955,38.565299507167104,0.07953117662285081
2022-06-22 06:00:00,0.0,0.0,49.712740761453325,40.83459746264813,1.1030710289923413,148.48235023044663,41.23608399667958,19.088627624896237,4.0034447407767475,144.47890548966987,4.003444740776757,0.0,2.6962428427105016,100.00000000000024,47.04478989327529,45.78170307756022,1.26308681571507
2022-06-22 07:00:00,0.0,0.0,76.89701761963833,40.83459746264813,1.1034205775619224,263.87769227602536,117.81990955435775,21.98187217357368,32.34020465160728,231.53748762441808,32.34020465160728,0.0,12.255755449679425,100.0,78.55319388791568,68.95025521969067,9.602938668225008
2022-06-22 08:00:00,0.0,0.0,87.96680078022158,40.83459746264813,1.1036286084099223,266.59889732918015,270.15775191918345,27.342429747474483,77.13109364173633,189.46780368744382,77.13109364173633,0.0,28.93151262606294,100.0,79.08665550216547,56.263179238107476,22.823476264057994
2022-06-22 09:00:00,0.0,0.0,96.68017279894585,40.83459746264813,1.1035605027850135,273.38567440003624,486.89597652149365,35.81549926629668,134.61456704751902,138.77110735251722,134.61456704751902,0.0,49.23980283273438,100.0,80.45242817403108,40.93564894439664,39.516779229634444
2022-06-22 10:00:00,0.0,0.0,102.34408617391186,40.83459746264813,1.103726528475259,280.9761827228705,627.514709935306,40.70983468547831,170.2193893110388,110.75679341183167,170.2193893110388,0.0,60.5814299495014,100.0,81.18308668382208,32.121603199647915,49.06148348417417
2022-06-22 11:00:00,0.0,0.0,112.57409690918963,40.83459746264813,1.1039400189703286,290.66184451570257,724.6990748229396,43.74684608821686,194.2362816087796,96.42556290692298,194.2362816087796,0.0,66.82551744361695,100.0,85.34669889922728,28.44615138334333,56.90054751588394
2022-06-22 12:00:00,0.0,0.0,128.47815645673168,40.83459746264813,2.187741760705622,308.7157487955803,751.0414194664035,44.07004435832511,201.03798662927932,107.67776216630097,201.03798662927932,0.0,65.12074211102167,100.0,89.42752576263918,31.448170418755012,57.979355343884166
2022-06-22 13:00:00,0.0,0.0,137.40564974204315,40.83459746264813,1.1034651294421605,314.1111513431336,716.2029759871184,42.98134299959745,192.54334980195597,121.56780154117763,192.54334980195597,0.0,61.29783962735614,100.0,88.58484567420622,34.40603519018284,54.17881048402338
2022-06-22 14:00:00,0.0,0.0,134.1512214094293,40.83459746264813,1.1034054033669476,310.8567230105197,635.1028586000375,39.84696433125117,172.8617084620672,137.9950145484525,172.8617084620672,0.0,55.60816146679169,100.0,87.1872596834628,38.81450349598021,48.37275618748259
2022-06-22 15:00:00,0.0,0.0,135.8824607188874,40.83459746264813,1.103663127014291,315.4778547417799,479.92320603127087,34.997600188477215,133.1050489319524,182.37280580982747,133.1050489319524,0.0,42.191566517687754,100.0,90.25975558547304,52.26159174162393,37.99816384384911
2022-06-22 16:00:00,0.0,0.0,125.01893220667921,40.83459746264813,1.1032932555937622,287.5612390265839,356.5272902001066,30.04147781875333,100.76452411000538,186.79671491657854,100.76452411000537,0.0,35.04106619205729,99.99999999999999,84.22691806351908,54.78251647333441,29.44440159018467
2022-06-22 17:00:00,0.0,0.0,106.9308518514245,40.83459746264813,0.020000016,225.86669072967567,211.49844925119856,24.909326539099958,60.93198871135557,164.93470201832008,60.93198871135559,0.0,26.976969695934894,100.00000000000003,70.05389647406473,51.15644949512491,18.89744697893982
2022-06-22 18:00:00,0.0,0.0,94.49924479302976,40.83459746264813,1.102977199035586,213.83445944865676,82.97519368359397,20.39297480261231,16.13316656301687,197.70129288563987,16.133166563016886,0.0,7.544699111927083,100.00000000000009,74.1318558558199,68.5538135166568,5.5780423391630904
2022-06-22 19:00:00,0.0,0.0,75.68112557022697,40.83459746264813,0.020000016,187.6665117012176,0.0,17.2,0.0,187.6665117012176,0.0,0.0,0.0,0.0,66.73687423955761,66.73687423955761,0.0
2022-06-22 20:00:00,0.0,0.0,69.61742849919801,40.83459746264813,1.10285822538491,180.31841799827652,0.0,17.2,0.0,180.31841799827652,0.0,0.0,0.0,0.0,64.47216858358742,64.47216858358742,0.0
2022-06-22 21:00:00,0.0,0.0,15.270481458771284,20.428003932622385,0.020000016,83.37420369718767,0.0,17.2,0.0,83.37420369718767,0.0,0.0,0.0,0.0,29.660222137271266,29.660222137271266,0.0
2022-06-22 22:00:00,0.0,0.0,18.890144940318265,27.489440720475013,0.020000016,89.84784461195719,0.0,16.7,0.0,89.84784461195719,0.0,0.0,0.0,0.0,31.127792863191214,31.127792863191214,0.0
2022-06-22 23:00:00,0.0,0.0,17.26030009309743,26.66023390840235,1.1028454358468316,87.38879295266366,0.0,16.7,0.0,87.38879295266366,0.0,0.0,0.0,0.0,31.062104728487096,31.062104728487096,0.0
2022-06-23 00:00:00,0.0,0.0,15.10850183870574,24.607332225795272,0.020000016,83.1840930156649,0.0,16.7,0.0,83.1840930156649,0.0,0.0,0.0,0.0,29.46116795033546,29.46116795033546,0.0
2022-06-23 01:00:00,0.0,0.0,13.969320953268882,22.664933263026786,0.020000016,80.10251316745955,0.0,16.1,0.0,80.10251316745955,0.0,0.0,0.0,0.0,27.795167954613216,27.795167954613216,0.0
2022-06-23 02:00:00,0.0,0.0,12.128773359817043,22.311128017013242,1.1028878824551587,77.90816032799418,0.0,16.1,0.0,77.90816032799418,0.0,0.0,0.0,0.0,27.902327691792614,27.902327691792614,0.0
2022-06-23 03:00:00,0.0,0.0,8.06083527687321,21.227550999324947,0.020000016,72.75664522736204,0.0,16.7,0.0,72.75664522736204,0.0,0.0,0.0,0.0,25.83948573139939,25.83948573139939,0.0
2022-06-23 04:00:00,0.0,0.0,3.979737180756613,19.545930232015905,0.020000016,59.3287095537665,0.0,17.2,0.0,59.3287095537665,0.0,0.0,0.0,0.0,21.461312039021628,21.461312039021628,0.0
2022-06-23 05:00:00,0.0,0.0,46.65903871325737,40.83459746264813,1.1029349178149022,117.36034023449949,9.745796420507787,17.504556138140867,0.22490416954076836,117.13543606495872,0.2249041695407641,0.0,0.19163558071779585,99.9999999999981,41.81632094095256,41.736566548870854,0.07975439208170343
2022-06-23 06:00:00,0.0,0.0,61.439790524610075,40.83459746264813,0.020000016,160.20939999360334,35.23797323964841,18.301186663739013,2.931820220039724,157.27757977356362,2.931820220039725,0.0,1.8299926347372775,100.00000000000004,52.11250940608259,51.15892022041356,0.9535891856690242
2022-06-23 07:00:00,0.0,0.0,92.01559256282707,40.83459746264813,1.103389452129122,278.99626721921413,149.80296640684122,22.98134270021379,43.46549267270641,235.53077454650773,43.465492672706404,0.0,15.579238068642157,99.99999999999999,85.60918799294113,72.30287939358216,13.306308599358971
2022-06-23 08:00:00,0.0,0.0,103.82524029971677,40.83459746264813,1.1035965867861208,282.45733684867525,331.2584831641704,29.251827598880325,93.90159461035353,188.55574223832173,93.90159461035353,0.0,33.24452310497451,100.0,84.92178121022793,56.75599790685239,28.16578330337554
2022-06-23 09:00:00,0.0,0.0,114.44355644671063,40.83459746264813,2.1871644692657277,291.149058047801,466.2087794313367,35.669024357229276,128.96784172370897,162.18121632409205,128.96784172370897,0.0,44.29615626732853,100.0,85.72231005579026,47.92505984261426,37.797250213176
2022-06-23 10:00:00,0.0,0.0,123.14687960624306,40.83459746264813,1.1037209949964293,301.7789761552015,575.2888755962128,38.57777736238165,157.35964083557238,144.41933531962914,157.35964083557238,0.0,52.14400381378592,100.0,85.76362742638266,41.14666166206863,44.616965764314024
2022-06-23 11:00:00,0.0,0.0,127.81980507300403,40.83459746264813,1.1039328411707492,305.907552679517,694.2324869045605,42.79476521576752,186.77484912929697,119.13270355022001,186.77484912929697,0.0,61.055978348128924,100.0,83.96084010215093,32.819084787812486,51.14175531433844
2022-06-23 12:00:00,0.0,0.0,142.35404834542834,40.83459746264813,1.1038652971182428,322.59164068427697,727.4576694472987,43.833052170228086,194.90882427592263,127.68281640835434,194.90882427592263,0.0,60.41967605313167,100.0,89.05177995574819,35.36706794130944,53.684712014438745
2022-06-23 13:00:00,0.0,0.0,157.6287274671129,40.83459746264813,1.1034385418518953,334.3342290682033,714.1176494774497,43.416176546170306,191.65183996597978,142.6823891022235,191.65183996597978,0.0,57.32342766701382,100.0,91.1726899670154,39.023266053072476,52.149423913942925
2022-06-23 14:00:00,0.0,0.0,163.5401174238211,40.83459746264813,1.1034138951084715,340.2456190249116,629.8164826583135,40.7817650830723,170.7954924360096,169.450126588902,170.7954924360096,0.0,50.197705094772886,100.0,94.98599590481057,47.40493364452483,47.581062260285734
2022-06-23 15:00:00,0.0,0.0,172.16978677063892,40.83459746264813,2.187301802800643,351.7651807935315,496.4427546508254,36.6138360828383,136.8316848890373,214.9334959044942,136.8316848890373,0.0,38.898587000670375,100.0,101.46827281870021,62.15174064110868,39.31653217759153
2022-06-23 16:00:00,0.0,0.0,171.3843766309954,40.83459746264813,0.020000016,333.9266834509,345.12475670818566,30.785148647130804,97.26835508252563,236.65832836837436,97.26835508252563,0.0,29.12865605028171,100.0,97.72891455648626,69.26284409980973,28.466070456676533
2022-06-23 17:00:00,0.0,0.0,146.0779669817384,40.83459746264813,1.1032127231396782,265.0138058599896,186.88553943232492,24.74017310726015,53.87477864303726,211.13902721695234,53.874778643037246,0.0,20.329046054113885,99.99999999999997,81.2213047732339,64.75016869869813,16.471136074535764
2022-06-23 18:00:00,0.0,0.0,130.23003991921345,40.83459746264813,0.020000016,249.56525457484048,82.0809868570312,20.365030839282227,15.788917467966044,233.77633710687445,15.78891746796603,0.0,6.326568774513118,99.99999999999991,87.42131838363825,81.89077637295911,5.530542010679142
2022-06-23 19:00:00,0.0,0.0,105.51429454082918,40.83459746264813,1.1029876970569927,217.4996806718198,0.0,17.2,0.0,217.4996806718198,0.0,0.0,0.0,0.0,83.18777154875946,83.18777154875946,0.0
2022-06-23 20:00:00,0.0,0.0,90.9373595513938,40.83459746264813,0.020000016,201.63834905047233,0.0,16.7,0.0,201.63834905047233,0.0,0.0,0.0,0.0,75.21369701524405,75.21369701524405,0.0
2022-06-23 21:00:00,0.0,0.0,19.571291848286197,22.880944014620546,1.1029268176367966,90.12795416870074,0.0,16.7,0.0,90.12795416870074,0.0,0.0,0.0,0.0,33.576118337320885,33.576118337320885,0.0
2022-06-23 22:00:00,0.0,0.0,21.720387734054324,26.855819111297542,0.020000016,92.04446579651575,0.0,16.7,0.0,92.04446579651575,0.0,0.0,0.0,0.0,33.640330591841845,33.640330591841845,0.0
2022-06-23 23:00:00,0.0,0.0,20.048842962774287,27.114087605233212,0.020000016,85.27035320705535,0.0,17.0,0.0,85.27035320705535,0.0,0.0,0.0,0.0,31.13367520822886,31.13367520822886,0.0
2022-06-24 00:00:00,0.0,0.0,14.159272610887198,21.25718303693211,1.1028808640903602,73.52387828686717,0.0,17.2,0.0,73.52387828686717,0.0,0.0,0.0,0.0,28.407112919230926,28.407112919230926,0.0
2022-06-24 01:00:00,0.0,0.0,14.248717050572022,23.89901683063806,0.020000016,76.25515652025794,0.0,16.7,0.0,76.25515652025794,0.0,0.0,0.0,0.0,29.147940557423112,29.147940557423112,0.0
2022-06-24 02:00:00,0.0,0.0,11.70123146917269,21.137090645245348,0.020000016,70.9457447534659,0.0,17.2,0.0,70.9457447534659,0.0,0.0,0.0,0.0,26.69693747465467,26.69693747465467,0.0
2022-06-24 03:00:00,0.0,0.0,13.107400126654637,23.83897063479468,1.1029335263748832,75.05379340049718,0.0,17.2,0.0,75.05379340049718,0.0,0.0,0.0,0.0,28.0251528103675,28.0251528103675,0.0
2022-06-24 04:00:00,0.0,0.0,11.143705506611287,21.137090645245348,0.020000016,58.51554262610449,0.0,17.8,0.0,58.51554262610449,0.0,0.0,0.0,0.0,21.61192801441786,21.61192801441786,0.0
2022-06-24 05:00:00,0.0,0.0,47.77381650877777,40.83459746264813,1.1028961007842042,118.4751180300199,9.746277324609334,18.10457116639404,0.22444049155821433,118.25067753846169,0.22444049155821233,0.0,0.18944103647260543,99.99999999999912,43.45680437038408,43.37485553590388,0.08194883448019397
2022-06-24 06:00:00,0.0,0.0,51.74855784641049,40.83459746264813,0.020000016,127.58744589530097,47.98076402109375,19.79939887565918,5.4062260390725,122.18121985622847,5.406226039072507,0.0,4.237271152452482,100.00000000000013,44.76574259184104,42.86904927942304,1.8966933124180017
2022-06-24 07:00:00,0.0,0.0,70.7952237348679,40.83459746264813,1.102955220844881,185.01242461695912,231.97550186074565,26.6492344331483,66.40126517234243,118.61115944461669,66.40126517234243,0.0,35.890165382036606,100.0,61.95573488140541,39.79099256687751,22.1647423145279
2022-06-24 08:00:00,0.0,0.0,91.0537763306652,40.83459746264813,0.020000016,207.51867131860263,353.72077169956646,32.153774115611455,99.17514698308823,108.3435243355144,99.17514698308823,0.0,47.79095122039646,100.0,67.57271798585674,35.2807942524283,32.29192373342844
2022-06-24 09:00:00,0.0,0.0,107.58730688536907,40.83459746264813,1.1032086026195425,223.0889043993724,475.79511144763455,35.96859723273858,131.46783354989765,91.62107084947476,131.46783354989765,0.0,58.930691288234,100.0,71.1632136551983,29.343295802975856,41.819917852222446
2022-06-24 10:00:00,0.0,0.0,117.45973797100001,40.83459746264813,1.103183588637427,235.20902959084947,629.047961808617,40.75774880651928,170.6031811185738,64.60584847227568,170.6031811185738,0.0,72.53258151497892,100.0,75.18797147613472,20.796265271911025,54.391706204223695
2022-06-24 11:00:00,0.0,0.0,111.72226339638053,40.83459746264813,0.020000016,228.18715838431797,724.0822895087017,43.22757154714693,194.47163167044872,33.71552671386925,194.47163167044872,0.0,85.22461695364785,100.0,73.61449643436028,10.879892773790209,62.734603660570066
2022-06-24 12:00:00,0.0,0.0,103.57798525328768,40.83459746264813,1.1031400375804845,217.47408697740087,750.0560220921354,44.539250690379234,200.399198773373,17.07488820402787,200.399198773373,0.0,92.14854126238855,100.0,69.62396097682482,5.649522756407091,63.974438220417724
2022-06-24 13:00:00,0.0,0.0,99.44011030950857,40.83459746264813,0.020000016,174.23724629314694,715.645258520232,44.06391432875725,191.56785376229314,0.0,174.23724629314694,17.3306074691462,100.0,90.95327993252414,54.90837087682813,0.0036010111631256747,54.904769865665
2022-06-24 14:00:00,0.0,0.0,107.55096749901821,40.83459746264813,1.1029623489378189,181.0637068507445,622.8494535909213,41.16404542471629,168.65243026752637,12.411276583218125,168.65243026752637,0.0,93.14535375471516,100.0,57.415625511050074,4.120614284360402,53.295011226689674
2022-06-24 15:00:00,0.0,0.0,117.20910984272577,40.83459746264813,0.020000016,191.04294835243002,386.27508464956776,32.671096395298996,108.08968810596654,82.95326024646347,108.08968810596654,0.0,56.57873741906773,100.0,60.28433771954713,26.178257983030978,34.10607973651615
2022-06-24 16:00:00,0.0,0.0,124.55946586436818,40.83459746264813,1.1028509081639801,187.6190666667323,276.649089752034,27.54528405475106,78.92459505776944,108.69447160896286,78.92459505776944,0.0,42.06640426261323,100.0,61.191651145411086,35.53405453808082,25.65759660733027
2022-06-24 17:00:00,0.0,0.0,47.8349814271489,23.059767820679102,0.020000016,91.19315763967586,103.29970904445224,21.528115907639133,24.90141786964229,66.29173977003357,24.901417869642287,0.0,27.306234934898566,99.99999999999999,31.657201993682815,23.01379534404063,8.643406649642184
2022-06-24 18:00:00,0.0,0.0,41.85387570892254,25.784128853099165,1.1029812803352235,90.90458199506958,80.79972092929705,20.324991279040532,15.30207010537518,75.6025118896944,15.30207010537518,0.0,16.833112005514884,100.0,35.05504515647598,29.18761939527092,5.867425761205055
2022-06-24 19:00:00,0.0,0.0,37.56175682518689,29.01728333825646,0.020000016,104.6864628024912,0.0,16.7,0.0,104.6864628024912,0.0,0.0,0.0,0.0,41.646305617052086,41.646305617052086,0.0
2022-06-24 20:00:00,0.0,0.0,27.285842633007164,25.784128853099155,0.020000016,91.17739412515421,0.0,16.1,0.0,91.17739412515421,0.0,0.0,0.0,0.0,35.79619884893366,35.79619884893366,0.0
2022-06-24 21:00:00,0.0,0.0,29.407725564748553,29.017283338256455,1.1028658513236163,96.5324315420529,0.0,16.1,0.0,96.5324315420529,0.0,0.0,0.0,0.0,37.86456091663879,37.86456091663879,0.0
2022-06-24 22:00:00,0.0,0.0,24.421245422662953,25.784128853099155,0.020000016,88.31279691481,0.0,16.1,0.0,88.31279691481,0.0,0.0,0.0,0.0,33.49976175298141,33.49976175298141,0.0
2022-06-24 23:00:00,0.0,0.0,26.624552009268864,29.4976529050035,0.020000016,94.22962755332024,0.0,16.7,0.0,94.22962755332024,0.0,0.0,0.0,0.0,35.26715453044216,35.26715453044216,0.0
2022-06-25 00:00:00,0.0,0.0,20.492307674743298,26.024313636472687,1.1028766336221394,84.62404395026387,0.0,16.7,0.0,84.62404395026387,0.0,0.0,0.0,0.0,32.25754620472044,32.25754620472044,0.0
2022-06-25 01:00:00,0.0,0.0,21.136999854090142,28.37651582213953,0.020000016,87.62093831527754,0.0,16.7,0.0,87.62093831527754,0.0,0.0,0.0,0.0,33.40645511571323,33.40645511571323,0.0
2022-06-25 02:00:00,0.0,0.0,16.309346662503888,23.272693081874984,0.020000016,77.68946238342676,0.0,16.7,0.0,77.68946238342676,0.0,0.0,0.0,0.0,29.584640708276698,29.584640708276698,0.0
2022-06-25 03:00:00,0.0,0.0,17.315111746982243,24.973324557464604,1.102862336737261,80.39585894349472,0.0,16.7,0.0,80.39585894349472,0.0,0.0,0.0,0.0,30.733320026476438,30.733320026476438,0.0
2022-06-25 04:00:00,0.0,0.0,13.87127661702197,22.16348669820361,0.020000016,62.26950978947342,0.0,16.7,0.0,62.26950978947342,0.0,0.0,0.0,0.0,24.445317646178285,24.445317646178285,0.0
2022-06-25 05:00:00,0.0,0.0,19.23434136097483,26.146431425350066,0.020000016,65.67918117817275,9.74620862402339,17.00456901950073,0.22532806372359682,65.45385311444916,0.2253280637235946,0.0,0.3430738015937357,99.999999999999,25.490735663258953,25.403295981490693,0.08743968176825945
2022-06-25 06:00:00,0.0,0.0,25.00095175573146,25.32028217523056,1.1028790960297379,70.61964232280988,56.97765535429687,19.580551729821778,7.629813400387116,62.98982892242277,7.629813400387114,0.0,10.80409521972715,99.99999999999997,26.741319503199684,23.873615987597184,2.8677035156025
2022-06-25 07:00:00,0.0,0.0,36.61615824913658,28.619608326643622,0.020000016,85.53417496762808,177.48399174610975,23.84637474206593,51.33357123967056,34.200603727957514,51.33357123967056,0.0,60.01527606842372,100.0,30.094951435649524,12.03554440567722,18.059407029972306
2022-06-25 08:00:00,0.0,0.0,36.469667126143456,26.902358214832564,0.020000016,83.67043373282391,250.9838313726205,27.243244730394387,71.68339128706545,11.987042445758462,71.68339128706545,0.0,85.67350268072539,100.0,28.224801604907302,4.046710557692997,24.178091047214306
2022-06-25 09:00:00,0.0,0.0,42.67202501068046,28.619608326643622,0.020000016,91.59004172917193,342.2163725495079,30.09426164217212,96.7006124673119,0.0,91.59004172917193,5.11057073813997,100.0,94.71505856297703,30.4124107656655,0.0036010111631256747,30.40880975450237
2022-06-25 10:00:00,0.0,0.0,41.20311502187346,26.902358214832564,1.102890402325556,88.40388162855389,474.6266913477506,34.83208410461721,131.71979059820052,0.0,88.40388162855389,43.31590896964663,100.0,67.11510945095719,28.79944167754112,0.19857587366322577,28.600865803877895
2022-06-25 11:00:00,0.0,0.0,48.46051220495981,28.619608326643622,0.020000016,97.3785289234513,503.12100484044953,35.12253140126405,139.4718997279558,0.0,97.3785289234513,42.09337080450449,100.0,69.81946120572754,30.790796715601484,0.0036010111631256747,30.787195704438357
2022-06-25 12:00:00,0.0,0.0,46.13676978387543,26.902358214832564,1.1029609909321316,93.33753639055585,385.74575374292823,32.65455480446651,107.94836715732028,0.0,93.33753639055585,14.610830766764423,100.0,86.4649821470008,30.17253833195223,0.1985885831710716,29.973949748781155
2022-06-25 13:00:00,0.0,0.0,54.27967072221406,28.619608326643622,0.020000016,103.19768744070554,454.7155654339872,34.8098614198121,126.20476446028793,0.0,103.19768744070554,23.007077019582397,100.0,81.77004083960563,32.71468798768076,0.0036010111631256747,32.711086976517635
2022-06-25 14:00:00,0.0,0.0,52.11994733592532,26.902358214832564,0.020000016,99.32071394260578,476.9196122449002,35.503737882653134,132.0147905563778,0.0,99.32071394260578,32.69407661377201,100.0,75.23453510323922,32.25849946759407,0.0036010111631256747,32.254898456430944
2022-06-25 15:00:00,0.0,0.0,58.82947753629428,28.619608326643622,1.1029176923682988,107.74749425478578,506.0496864637881,35.21405270199338,140.23441706242326,0.0,107.74749425478578,32.486922807637484,100.0,76.83384472359847,35.722929643049596,0.19858078724672287,35.52434885580287
2022-06-25 16:00:00,0.0,0.0,53.410691962136184,26.902358214832564,0.020000016,100.61145856881664,362.1819471541411,29.61818584856691,102.52605313302121,0.0,100.61145856881664,1.9145945642045632,100.0,98.13257751986171,33.818609178849556,0.0036010111631256747,33.81500816768643
2022-06-25 17:00:00,0.0,0.0,55.8858262399686,28.619608326643622,0.020000016,104.80384295846008,178.20759957374355,23.368987486679487,51.63351472102343,53.17032823743665,51.63351472102343,0.0,49.26681432997531,100.0,36.82066702325536,18.682071469333437,18.138595553921924
2022-06-25 18:00:00,0.0,0.0,41.84085120236933,26.902358214832564,1.1029244291325948,92.00978685024975,79.3076816039062,18.57836505012207,14.83580653569155,77.17398031455821,14.835806535691546,0.0,16.124161400175307,99.99999999999997,34.949758395674756,29.34642262520941,5.603335770465346
2022-06-25 19:00:00,0.0,0.0,32.09381799270077,28.619608326643622,0.020000016,98.82084895839226,0.0,16.1,0.0,98.82084895839226,0.0,0.0,0.0,0.0,38.33373780089953,38.33373780089953,0.0
2022-06-25 20:00:00,0.0,0.0,23.66828307025895,26.81554510217844,0.020000016,88.59125081148525,0.0,15.6,0.0,88.59125081148525,0.0,0.0,0.0,0.0,34.04833278550879,34.04833278550879,0.0
2022-06-25 21:00:00,0.0,0.0,21.26325584114016,26.48294335612749,1.1028936006939971,85.85362183631553,0.0,15.6,0.0,85.85362183631553,0.0,0.0,0.0,0.0,31.81030927777135,31.81030927777135,0.0
2022-06-25 22:00:00,0.0,0.0,15.844394965085778,22.40485095844157,0.020000016,76.35666856257522,0.0,15.0,0.0,76.35666856257522,0.0,0.0,0.0,0.0,27.54048817822744,27.54048817822744,0.0
2022-06-25 23:00:00,0.0,0.0,16.05512253149673,24.13920161401159,0.020000016,83.6625830966722,0.0,15.0,0.0,83.6625830966722,0.0,0.0,0.0,0.0,29.75192399576234,29.75192399576234,0.0
2022-06-26 00:00:00,0.0,0.0,10.06741111361469,21.737552603679152,1.1028911424916623,75.27322266845773,0.0,15.0,0.0,75.27322266845773,0.0,0.0,0.0,0.0,27.836268807994728,27.836268807994728,0.0
2022-06-26 01:00:00,0.0,0.0,2.614445561474159,19.526949934758594,0.020000016,65.60965444739665,0.0,15.6,0.0,65.60965444739665,0.0,0.0,0.0,0.0,24.206674488535516,24.206674488535516,0.0
2022-06-26 02:00:00,0.0,0.0,0.24100165458204503,11.93108928600135,0.020000016,55.64034989174729,0.0,15.6,0.0,55.64034989174729,0.0,0.0,0.0,0.0,20.340148896596762,20.340148896596762,0.0
2022-06-26 03:00:00,0.0,0.0,0.367943338250696,11.396155834271152,1.102914979985197,55.232358123685735,0.0,15.0,0.0,55.232358123685735,0.0,0.0,0.0,0.0,21.101266230789893,21.101266230789893,0.0
2022-06-26 04:00:00,0.0,0.0,0.07532444080538583,12.482226050299214,0.020000016,48.36059263209859,0.0,15.6,0.0,48.36059263209859,0.0,0.0,0.0,0.0,18.51724488554627,18.51724488554627,0.0
2022-06-26 05:00:00,0.0,0.0,37.52202054318321,40.83459746264813,0.020000016,108.22332206442532,9.74538421699214,15.904543256781004,0.2261805501885093,107.9971415142368,0.22618055018851635,0.0,0.208994277641811,100.00000000000311,41.129004512255065,41.04305477228068,0.0859497399743816
2022-06-26 06:00:00,0.0,0.0,61.24425484085499,40.83459746264813,1.103080163951239,160.01386430984826,34.471480802344004,17.17723377507325,2.817047648600727,157.19681666124754,2.8170476486007203,0.0,1.760502229447965,99.99999999999977,57.803601191867884,56.78946403837163,1.0141371534962573
2022-06-26 07:00:00,0.0,0.0,94.58807491120639,40.83459746264813,1.1035390423424754,281.56874956759344,234.07402179893444,24.514813181216702,67.53433807581732,214.03441149177613,67.53433807581732,0.0,23.985026100918567,100.0,94.76355720384315,72.0821497610799,22.681407442763245
2022-06-26 08:00:00,0.0,0.0,105.76085420257982,40.83459746264813,1.1036154467747672,284.39295075153836,348.79886012430546,30.899964378884548,98.26117256990258,186.13177818163578,98.26117256990258,0.0,34.55119837191361,100.0,92.25528261173578,60.448632356721156,31.806650255014624
2022-06-26 09:00:00,0.0,0.0,114.35459223991016,40.83459746264813,1.1036110861330526,291.06009384100054,462.9410955717674,35.06690923661773,128.36092821263665,162.6991656283639,128.36092821263665,0.0,44.10117736124873,100.0,94.33481648360682,52.8196832764348,41.51513320717201
2022-06-26 10:00:00,0.0,0.0,119.22910200938287,40.83459746264813,1.1036866335138926,297.86119855834136,630.996538306631,40.31864182208222,171.42690281755586,126.4342957407855,171.42690281755586,0.0,57.55261297787966,100.0,94.07116526707249,40.045119709605665,54.02604555746682
2022-06-26 11:00:00,0.0,0.0,120.26452589445998,40.83459746264813,1.103901045486229,298.352273500973,444.177021013204,34.48053190666263,123.43570377393384,174.9165697270392,123.43570377393382,0.0,41.3724696398304,99.99999999999999,94.22000155011196,55.321091041313316,38.89891050879864
2022-06-26 12:00:00,0.0,0.0,131.43551373609822,40.83459746264813,2.187696730710082,311.6731060749468,615.9762388736252,39.24925746480079,168.04816819198805,143.62493788295876,168.04816819198805,0.0,53.918084337882576,100.0,99.54490257241693,46.084579066340716,53.460323506076215
2022-06-26 13:00:00,0.0,0.0,139.3566747323127,40.83459746264813,1.103426529600113,316.06217633340304,493.3047303660606,34.8157728239394,136.91194901307168,179.15022732033137,136.91194901307168,0.0,43.318042861493176,100.0,102.34048592926689,58.09465136671252,44.24583456255437
2022-06-26 14:00:00,0.0,0.0,144.07670342724273,40.83459746264813,1.1033557195417347,320.7822050283332,508.48046528769686,35.29001454024053,140.86686561900876,179.91533940932442,140.86686561900876,0.0,43.91355362326494,100.0,104.52184446251007,58.70982676022414,45.812017702285935
2022-06-26 15:00:00,0.0,0.0,151.08451419740973,40.83459746264813,1.1036393518687466,330.67990822030225,510.4628357624596,34.25196361757686,141.98069851183925,188.699209708463,141.98069851183925,0.0,42.935991870800414,100.0,105.11848540201723,60.07013947468831,45.04834592732892
2022-06-26 16:00:00,0.0,0.0,145.65575556924443,40.83459746264813,1.1032780145824455,308.1980623891491,276.36058702582636,26.436268344557075,79.16888262624805,229.02917976290104,79.16888262624803,0.0,25.687663969244795,99.99999999999997,99.09015794221686,73.68723857393266,25.402919368284202
2022-06-26 17:00:00,0.0,0.0,128.1381516468891,40.83459746264813,0.020000016,247.07399052514026,129.13827271182097,20.735571022244404,37.77864951838823,209.29534100675204,37.77864951838822,0.0,15.290419456168605,99.99999999999997,83.00069590836823,70.31009196215126,12.690603946216967
2022-06-26 18:00:00,0.0,0.0,107.80636045038253,40.83459746264813,1.1030701705023092,227.14157510600955,77.70901896914052,18.528406842785643,14.246294317566035,212.89528078844353,14.246294317566026,0.0,6.271988873422718,99.99999999999993,81.01671637159163,75.94781362193004,5.068902749661589
2022-06-26 19:00:00,0.0,0.0,78.16838838559559,40.83459746264813,0.020000016,190.1537745165862,0.0,16.1,0.0,190.1537745165862,0.0,0.0,0.0,0.0,70.13136228400754,70.13136228400754,0.0
2022-06-26 20:00:00,0.0,0.0,68.4496988161748,40.83459746264813,1.1029158960768946,179.1506883152533,0.0,15.0,0.0,179.1506883152533,0.0,0.0,0.0,0.0,65.54021101304603,65.54021101304603,0.0
2022-06-26 21:00:00,0.0,0.0,12.241345562703284,18.153783284492278,0.020000016,78.07084715298956,0.0,15.0,0.0,78.07084715298956,0.0,0.0,0.0,0.0,28.885130206940083,28.885130206940083,0.0
2022-06-26 22:00:00,0.0,0.0,15.984981281655214,24.658951202282797,0.020000016,84.1121914351019,0.0,15.6,0.0,84.1121914351019,0.0,0.0,0.0,0.0,30.99263514064054,30.99263514064054,0.0
2022-06-26 23:00:00,0.0,0.0,12.751921431881962,21.978565764178047,1.1028519944191266,78.19874614722389,0.0,15.0,0.0,78.19874614722389,0.0,0.0,0.0,0.0,27.686992203975908,27.686992203975908,0.0
2022-06-27 00:00:00,0.0,0.0,12.1254467005836,23.712532593711284,0.020000016,79.30623824545877,0.0,15.6,0.0,79.30623824545877,0.0,0.0,0.0,0.0,28.555829435484423,28.555829435484423,0.0
2022-06-27 01:00:00,0.0,0.0,6.707280173114857,16.99146955805804,0.020000016,67.16700868233679,0.0,15.6,0.0,67.16700868233679,0.0,0.0,0.0,0.0,24.398322729544436,24.398322729544436,0.0
2022-06-27 02:00:00,0.0,0.0,4.27814860265927,14.094419388112154,1.1027544179379558,61.840826941935305,0.0,15.6,0.0,61.840826941935305,0.0,0.0,0.0,0.0,22.92072643289321,22.92072643289321,0.0
2022-06-27 03:00:00,0.0,0.0,2.5405268874236087,11.396155834271152,0.020000016,57.40494167285864,0.0,15.6,0.0,57.40494167285864,0.0,0.0,0.0,0.0,21.167654907112652,21.167654907112652,0.0
2022-06-27 04:00:00,0.0,0.0,0.8893071200783641,12.247448532696112,0.020000016,48.93979779376846,0.0,15.6,0.0,48.93979779376846,0.0,0.0,0.0,0.0,18.20333301470974,18.20333301470974,0.0
2022-06-27 05:00:00,0.0,0.0,45.94968384800681,40.83459746264813,1.1029869124369578,116.65098536924894,9.744611335400345,16.404519104231262,0.22573994892093352,116.42524542032801,0.22573994892093197,0.0,0.193517395679403,99.99999999999932,43.41661681980178,43.332982426126065,0.08363439367571601
2022-06-27 06:00:00,0.0,0.0,64.86477900861021,40.83459746264813,0.020000016,163.6343884776035,41.24226704941404,17.98882084529419,4.020592650436581,159.6137958271669,4.020592650436583,0.0,2.457058499648366,100.00000000000007,56.58182717117931,55.19166705636436,1.3901601148149538
2022-06-27 07:00:00,0.0,0.0,98.19194726047537,40.83459746264813,1.103414386456797,285.1726219168624,113.31164044125819,20.740988763789318,30.048439737939677,255.12418217892272,30.048439737939674,0.0,10.536930065712909,99.99999999999999,89.23098864277706,79.84971551439361,9.381273128383455
2022-06-27 08:00:00,0.0,0.0,111.6060100052945,40.83459746264813,1.1035791842098441,290.23810655425297,267.0540771615936,27.245439911299798,76.27258304445829,213.96552350979468,76.27258304445829,0.0,26.27931388816478,100.0,90.44823912217169,66.73127942449739,23.716959697674298
2022-06-27 09:00:00,0.0,0.0,119.20628406621742,40.83459746264813,1.1035898705150498,295.9117856673079,483.5615289367944,34.51129777927483,134.36470870859898,161.54707695870894,134.36470870859898,0.0,45.40701493372235,100.0,88.17919392780439,48.22987873456375,39.94931519324064
2022-06-27 10:00:00,0.0,0.0,127.08811001472338,40.83459746264813,2.1874117989688937,305.720206563682,598.3083561814741,38.69713613067107,163.58009629574937,142.1401102679326,163.58009629574937,0.0,53.50647186013705,100.0,94.34013527623311,44.07278958503082,50.267345691202294
2022-06-27 11:00:00,0.0,0.0,137.0089951223242,40.83459746264813,1.1038923400355303,315.0967427288371,725.8538496945156,42.682932802953616,195.36869311301845,119.72804961581866,195.36869311301845,0.0,62.00276506226754,100.0,97.29424206114034,37.09235612182927,60.20188593931107
2022-06-27 12:00:00,0.0,0.0,151.64949412228287,40.83459746264813,1.1038407709005804,331.8870864611315,597.3804211668984,38.66813816146558,163.34485403917904,168.54223242195246,163.34485403917904,0.0,49.21699599128843,100.0,102.20258357631519,51.99935941164371,50.20322416467148
2022-06-27 13:00:00,0.0,0.0,161.462396926175,40.83459746264813,1.1033940899444772,338.1678985272654,645.2053260726358,40.162666439769865,175.394333790244,162.7735647370214,175.394333790244,0.0,51.86605072630882,100.0,104.62998614652506,50.46558495709086,54.164401189434194
2022-06-27 14:00:00,0.0,0.0,165.7594762698909,40.83459746264813,1.1034199224741517,342.4649778709813,633.2393337213687,39.78872917879278,172.3937918912179,170.07118597976338,172.3937918912179,0.0,50.33910123100668,100.0,108.29089217940309,53.878239644777985,54.4126525346251
2022-06-27 15:00:00,0.0,0.0,165.76174392301718,40.83459746264813,1.1036430416585343,345.35713794590976,496.59238874248115,34.91851214820254,137.77004029617402,207.58709764973574,137.77004029617402,0.0,39.89204946380802,100.0,109.10881162361918,65.66234056601922,43.44647105759995
2022-06-27 16:00:00,0.0,0.0,160.93415725542488,40.83459746264813,1.1032843204062068,323.4764640753295,331.4745116948039,29.258578490462618,93.96044751166144,229.51601656366805,93.96044751166144,0.0,29.047073882253276,100.0,102.43661803442542,72.7394789938897,29.697139040535717
2022-06-27 17:00:00,0.0,0.0,131.65394765814187,40.83459746264813,1.1031093294070062,250.58978653639306,186.31627313071164,23.62238353533474,53.93259673432169,196.65718980207137,53.93259673432169,0.0,21.522264526327405,100.0,82.54993684102975,64.8260675762296,17.723869264800143
2022-06-27 18:00:00,0.0,0.0,115.17227741841613,40.83459746264813,0.020000016,234.50749207404314,76.90274889257793,19.60321090289306,13.898015773285017,220.60947630075813,13.89801577328501,0.0,5.9264698327407235,99.99999999999994,83.77202225493207,78.80751204055693,4.964510214375139
2022-06-27 19:00:00,0.0,0.0,94.06838375500652,40.83459746264813,1.10310799618271,206.05376988599716,0.0,17.2,0.0,206.05376988599716,0.0,0.0,0.0,0.0,76.79601320009847,76.79601320009847,0.0
2022-06-27 20:00:00,0.0,0.0,80.22257919003968,40.83459746264813,0.020000016,190.92356868911818,0.0,16.7,0.0,190.92356868911818,0.0,0.0,0.0,0.0,70.70450773243047,70.70450773243047,0.0
2022-06-27 21:00:00,0.0,0.0,17.7497808106908,21.50103201410703,1.1028823611837852,86.92653113059183,0.0,16.7,0.0,86.92653113059183,0.0,0.0,0.0,0.0,31.710311226003164,31.710311226003164,0.0
2022-06-27 22:00:00,0.0,0.0,19.79853996431057,26.58127068487327,0.020000016,89.84806960034774,0.0,16.7,0.0,89.84806960034774,0.0,0.0,0.0,0.0,32.614407112957345,32.614407112957345,0.0
2022-06-27 23:00:00,0.0,0.0,19.556169067078457,26.581320138368625,0.020000016,89.60574815661096,0.0,16.1,0.0,89.60574815661096,0.0,0.0,0.0,0.0,32.48523668919382,32.48523668919382,0.0
2022-06-28 00:00:00,0.0,0.0,19.998433984522446,27.11372811921279,1.1029247631572257,90.58042105489913,0.0,16.7,0.0,90.58042105489913,0.0,0.0,0.0,0.0,32.53171625799671,32.53171625799671,0.0
2022-06-28 01:00:00,0.0,0.0,16.85151165814281,25.652114532060768,0.020000016,85.97188514136747,0.0,16.7,0.0,85.97188514136747,0.0,0.0,0.0,0.0,31.363565554179736,31.363565554179736,0.0
2022-06-28 02:00:00,0.0,0.0,13.340542319902289,22.611358996230145,0.020000016,79.42016026729632,0.0,17.2,0.0,79.42016026729632,0.0,0.0,0.0,0.0,30.01330276976372,30.01330276976372,0.0
2022-06-28 03:00:00,0.0,0.0,12.826039005749868,23.26539522146059,1.1029293103316897,79.55969317837432,0.0,17.2,0.0,79.55969317837432,0.0,0.0,0.0,0.0,30.90862444591833,30.90862444591833,0.0
2022-06-28 04:00:00,0.0,0.0,12.615431376018039,22.724941421436665,0.020000016,74.11158397964867,0.0,17.2,0.0,74.11158397964867,0.0,0.0,0.0,0.0,29.0360729193507,29.0360729193507,0.0
2022-06-28 05:00:00,0.0,0.0,53.22648044787144,40.83459746264813,0.020000016,123.9277819691136,38.95679651683265,19.017399891151022,3.574024060269416,120.35375790884417,3.574024060269423,0.0,2.8839570945925375,100.00000000000017,46.836529456201006,45.48588789370489,1.350641562496115
2022-06-28 06:00:00,0.0,0.0,74.88640281112501,40.83459746264813,1.1030307384018987,173.65601228011832,180.44403078219582,23.43887596194362,52.26805560496721,121.38795667515112,52.2680556049672,0.0,30.098615601431334,99.99999999999999,62.45862294396131,43.71921830819044,18.739404635770867
2022-06-28 07:00:00,0.0,0.0,110.56666371063456,40.83459746264813,1.1034617594933214,297.5473383670217,286.8908543766296,27.96533919926968,81.71802956159081,215.8293088054309,81.71802956159081,0.0,27.4638751635521,100.0,97.52790086330255,70.79752480355837,26.730376059744174
2022-06-28 08:00:00,0.0,0.0,124.13655089695628,40.83459746264813,1.1035245384032766,302.76864744591467,368.9158536275965,32.128620425862394,103.44538586767626,199.3232615782384,103.44538586767626,0.0,34.166478841292616,100.0,94.35065634638272,62.18224470311142,32.1684116432713
2022-06-28 09:00:00,0.0,0.0,135.32744900633654,40.83459746264813,1.1035408108994111,312.03295060742687,454.2333931713733,34.19479353660542,126.36865116895567,185.6642994384712,126.36865116895567,0.0,40.49849572712014,100.0,96.86494091342412,57.71656462453749,39.14837628888663
2022-06-28 10:00:00,0.0,0.0,142.87632871829243,40.83459746264813,1.1036787475295609,321.50842526725097,612.7521331588955,39.748504161215486,166.84259812757318,154.6658271396778,166.84259812757318,0.0,51.893693917628056,100.0,101.441720932201,48.902986781828204,52.53873415037279
2022-06-28 11:00:00,0.0,0.0,146.58764021877792,40.83459746264813,1.1038863135059491,324.6753878252909,724.2073023315754,43.23147819786173,194.50219237971007,130.17319544558083,194.50219237971007,0.0,59.90666360099105,100.0,104.99747687013105,42.21605921380825,62.7814176563228
2022-06-28 12:00:00,0.0,0.0,157.87944033554805,40.83459746264813,2.1876726411787066,338.1170326743967,740.7559069324782,43.748622091639945,198.53848582731018,139.5785468470865,198.53848582731018,0.0,58.71886555283382,100.0,110.6842862530558,45.92301756104551,64.76126869201029
2022-06-28 13:00:00,0.0,0.0,161.97156957078542,40.83459746264813,1.1034392582221852,338.6770711718757,708.2764638656622,43.233639495801945,190.22197546234284,148.45509570953286,190.22197546234284,0.0,56.166180605065776,100.0,112.42270899890742,49.3907552097055,63.03195378920192
2022-06-28 14:00:00,0.0,0.0,156.41994856194424,40.83459746264813,1.1033914318713025,333.12545016303466,607.9611694311963,39.59878654472489,165.63508896187267,167.490361201162,165.63508896187267,0.0,49.72153549985728,100.0,112.82838078436242,56.827157206353284,56.00122357800914
2022-06-28 15:00:00,0.0,0.0,155.7358799589963,40.83459746264813,1.10363804054936,335.33127398188884,413.75744436366284,32.929920136364466,115.66584272218506,219.66543125970378,115.66584272218506,0.0,34.493007869117555,100.0,114.25158339295506,74.91131696628547,39.34026642666959
2022-06-28 16:00:00,0.0,0.0,143.96632423576727,40.83459746264813,0.020000016,306.50863105567186,288.52777602643044,27.31649300082595,82.38378168106755,224.1248493746043,82.38378168106755,0.0,26.87812783520083,100.0,102.89241828393104,75.23783044923029,27.65458783470075
2022-06-28 17:00:00,0.0,0.0,124.98461973458633,40.83459746264813,1.103122752047439,243.92045861283754,169.2338906998533,23.588559084370416,48.99389361383222,194.9265649990053,48.99389361383223,0.0,20.086012420794,100.00000000000003,85.97202737723812,68.74356965740208,17.228457719836044
2022-06-28 18:00:00,0.0,0.0,110.41245227931346,40.83459746264813,1.1029527223225308,229.74766693494044,76.06515134882818,19.57703597965088,13.598210965315467,216.14945596962497,13.598210965315474,0.0,5.918759109386818,100.00000000000004,83.46948023663899,78.54087666331522,4.92860357332377
2022-06-28 19:00:00,0.0,0.0,85.02140178028581,40.83459746264813,0.020000016,197.00678791127643,0.0,16.7,0.0,197.00678791127643,0.0,0.0,0.0,0.0,73.96881449851232,73.96881449851232,0.0
2022-06-28 20:00:00,0.0,0.0,73.76111919871114,40.83459746264813,1.1029533914243692,184.4621086977897,0.0,16.7,0.0,184.4621086977897,0.0,0.0,0.0,0.0,68.57315704588625,68.57315704588625,0.0
2022-06-28 21:00:00,0.0,0.0,16.107246281967353,21.225930588040114,0.020000016,85.00889517580146,0.0,16.7,0.0,85.00889517580146,0.0,0.0,0.0,0.0,32.3307836686169,32.3307836686169,0.0
2022-06-28 22:00:00,0.0,0.0,20.133776856151197,27.729625503848546,0.020000016,91.33166131116361,0.0,16.7,0.0,91.33166131116361,0.0,0.0,0.0,0.0,34.08766369587627,34.08766369587627,0.0
2022-06-28 23:00:00,0.0,0.0,17.61805371475974,26.92763642788717,1.1029174081717672,88.0139490938108,0.0,17.2,0.0,88.0139490938108,0.0,0.0,0.0,0.0,32.317071109135924,32.317071109135924,0.0
2022-06-29 00:00:00,0.0,0.0,14.415385330686338,23.27865735099256,0.020000016,81.16230163284278,0.0,17.2,0.0,81.16230163284278,0.0,0.0,0.0,0.0,29.920837016045304,29.920837016045304,0.0
2022-06-29 01:00:00,0.0,0.0,13.13572390968125,23.265395221460594,0.020000016,79.86937808230574,0.0,16.7,0.0,79.86937808230574,0.0,0.0,0.0,0.0,28.8779785754783,28.8779785754783,0.0
2022-06-29 02:00:00,0.0,0.0,11.80941797193212,22.611358996230145,1.1029391167050593,77.88903591932615,0.0,16.7,0.0,77.88903591932615,0.0,0.0,0.0,0.0,29.785903274202255,29.785903274202255,0.0
2022-06-29 03:00:00,0.0,0.0,11.481149706812994,23.265395221460594,0.020000016,78.21480387943747,0.0,17.2,0.0,78.21480387943747,0.0,0.0,0.0,0.0,30.424466832031538,30.424466832031538,0.0
2022-06-29 04:00:00,0.0,0.0,11.738758926087927,22.78173263403993,0.020000016,73.29170274232185,0.0,17.8,0.0,73.29170274232185,0.0,0.0,0.0,0.0,28.490986491562495,28.490986491562495,0.0
2022-06-29 05:00:00,0.0,0.0,48.602385338449544,40.83459746264813,1.1028583388686664,119.30368685969167,9.745968171972615,18.104561505374146,0.2244262610688022,119.07926059862287,0.2244262610687997,0.0,0.1881134330179909,99.99999999999889,46.307058998158176,46.220322736780304,0.08673626137787238
2022-06-29 06:00:00,0.0,0.0,58.52583363075866,40.83459746264813,0.020000016,157.29544309975194,81.79177185729296,20.855992870540405,15.649848405241165,141.64559469451078,15.649848405241158,0.0,9.949333621392011,99.99999999999996,58.40975846574753,52.598735005155405,5.811023460592125
2022-06-29 07:00:00,0.0,0.0,86.1259098440498,40.83459746264813,1.1033994367372613,273.1065845004369,193.3032823147082,24.94072757233463,55.683554477050535,217.42303002338636,55.683554477050535,0.0,20.38894616140661,100.0,95.43639567251222,76.01842655527516,19.417969117237064
2022-06-29 08:00:00,0.0,0.0,101.16178470454416,40.83459746264813,1.1035899168157453,279.7938812535027,380.84514584171785,32.50141080755368,106.63911505081113,173.15476620269158,106.63911505081114,0.0,38.113455009472666,100.00000000000003,93.49037564789226,57.933695516500315,35.55668013139195
2022-06-29 09:00:00,0.0,0.0,114.14676148691443,40.83459746264813,1.1036120948438337,290.8522630880048,462.891094211743,36.16534669411697,127.80525251010758,163.04701057789723,127.80525251010758,0.0,43.94163935779204,100.0,95.20850607502766,53.45964229007591,41.748863784951745
2022-06-29 10:00:00,0.0,0.0,126.45128569794258,40.83459746264813,1.1037283351346419,305.08338224690107,619.880342739278,41.071260710602445,167.90975594737287,137.1736262995282,167.90975594737287,0.0,55.0373326500901,100.0,99.92743356650199,45.039413444865275,54.888020121636714
2022-06-29 11:00:00,0.0,0.0,135.7167936504543,40.83459746264813,2.1877650678999534,313.8045412569672,721.8762917647574,44.25863411764867,193.08602639633423,120.71851486063295,193.08602639633423,0.0,61.5306667083,100.0,103.44104326442668,40.03545391639845,63.40558934802823
2022-06-29 12:00:00,0.0,0.0,150.92536817637358,40.83459746264813,1.1036409306291974,331.16296051522215,749.4491434386572,45.12028573245804,199.77303141484123,131.38992910038093,199.77303141484123,0.0,60.32469063087099,100.0,109.95439519535262,43.74461825868885,66.20977693666376
2022-06-29 13:00:00,0.0,0.0,159.1900909176942,40.83459746264813,1.1033868989257485,335.89559251878455,719.8063364020841,43.59394801256513,193.04219015678459,142.85340236199997,193.04219015678459,0.0,57.470891091251495,100.0,112.23328119679708,47.84598909190316,64.38729210489393
2022-06-29 14:00:00,0.0,0.0,162.62359248839402,40.83459746264813,1.1034179292608328,339.32909408948433,634.0774682466584,40.91492088270808,171.86102931059736,167.46806477888697,171.86102931059736,0.0,50.64730148522896,100.0,114.63062125490319,56.67392634049044,57.95669491441275
2022-06-29 15:00:00,0.0,0.0,161.52634836702705,40.83459746264813,1.1036324865684841,341.12174238991975,491.1957195675051,35.94986623648454,135.73300841115054,205.3887339787692,135.73300841115054,0.0,39.790195564843444,100.0,118.54407557357331,71.45422296549286,47.08985260808045
2022-06-29 16:00:00,0.0,0.0,151.48455579648956,40.83459746264813,1.103207534573175,314.0268626163942,343.40547638488994,30.73142113702781,96.80346178069625,217.223400835698,96.80346178069624,0.0,30.82649075755931,99.99999999999999,111.61850409837858,77.27166782396975,34.34683627440883
2022-06-29 17:00:00,0.0,0.0,132.5457061224868,40.83459746264813,1.1031941435452108,251.48154500073804,169.05144862157098,24.682857769424093,48.74394759249984,202.7375974082382,48.743947592499836,0.0,19.38271358733572,99.99999999999999,95.08764712207407,76.69558081647205,18.39206630560203
2022-06-29 18:00:00,0.0,0.0,115.30928568235531,40.83459746264813,0.020000016,234.6445003379823,76.07078479687505,20.177212024902346,13.570617939942275,221.07388239804,13.57061793994228,0.0,5.783480081738605,100.00000000000004,90.32178885875759,85.0982544544047,5.22353440435289
2022-06-29 19:00:00,0.0,0.0,88.17429515963701,40.83459746264813,1.1031009550503235,200.15968129062762,0.0,17.2,0.0,200.15968129062762,0.0,0.0,0.0,0.0,78.3009214233714,78.3009214233714,0.0
2022-06-29 20:00:00,0.0,0.0,76.57021631215827,40.83459746264813,0.020000016,187.27120581123677,0.0,17.2,0.0,187.27120581123677,0.0,0.0,0.0,0.0,72.8998542292161,72.8998542292161,0.0
2022-06-29 21:00:00,0.0,0.0,15.640685642251215,21.049711848871333,0.020000016,84.36611579691652,0.0,17.2,0.0,84.36611579691652,0.0,0.0,0.0,0.0,32.85407918016648,32.85407918016648,0.0
2022-06-29 22:00:00,0.0,0.0,18.58605370269454,26.374744093418954,1.1029306870654214,88.42905674727739,0.0,17.8,0.0,88.42905674727739,0.0,0.0,0.0,0.0,33.361247988311284,33.361247988311284,0.0
2022-06-29 23:00:00,0.0,0.0,16.628737421305818,24.55029881662052,0.020000016,84.64729518909022,0.0,17.8,0.0,84.64729518909022,0.0,0.0,0.0,0.0,30.67470194997808,30.67470194997808,0.0
2022-06-30 00:00:00,0.0,0.0,14.506873899825502,22.611358996230145,0.020000016,80.58649184721953,0.0,17.8,0.0,80.58649184721953,0.0,0.0,0.0,0.0,30.93108485228904,30.93108485228904,0.0
2022-06-30 01:00:00,0.0,0.0,14.135685393199973,23.265395221460594,1.1029112694351757,80.86933956582445,0.0,17.8,0.0,80.86933956582445,0.0,0.0,0.0,0.0,31.02111971291328,31.02111971291328,0.0
2022-06-30 02:00:00,0.0,0.0,12.504572984728997,22.611358996230145,0.020000016,78.58419093212304,0.0,17.8,0.0,78.58419093212304,0.0,0.0,0.0,0.0,30.509591010058635,30.509591010058635,0.0
2022-06-30 03:00:00,0.0,0.0,12.347171633613288,23.26539522146059,0.020000016,79.08082580623777,0.0,17.8,0.0,79.08082580623777,0.0,0.0,0.0,0.0,30.352449530822994,30.352449530822994,0.0
2022-06-30 04:00:00,0.0,0.0,7.716898041877787,21.400732746983035,1.1029861994934533,67.88884197105482,0.0,17.2,0.0,67.88884197105482,0.0,0.0,0.0,0.0,26.386713912317372,26.386713912317372,0.0
2022-06-30 05:00:00,0.0,0.0,49.92190336945249,40.83459746264813,0.020000016,120.62320489069462,8.996479129687483,17.481139972802733,0.19166578866135706,120.43153910203327,0.19166578866135353,0.0,0.15889628271362521,99.99999999999815,46.18660746766338,46.1132243871586,0.07338308050477593
2022-06-30 06:00:00,0.0,0.0,66.67422018234298,40.83459746264813,1.1030233882482556,165.44382965133624,34.47800735800779,18.27743772993774,2.806965315394143,162.6368643359421,2.8069653153941374,0.0,1.696627381818749,99.99999999999979,59.98917263467835,58.97474940452148,1.014423230156865
2022-06-30 07:00:00,0.0,0.0,93.67853939831645,40.83459746264813,1.103402227133784,280.6592140547035,92.14837072031247,20.679636585009767,19.876743794552954,260.78247026015055,19.876743794552965,0.0,7.082163278159388,100.00000000000004,95.41791958027115,88.67433671309317,6.743582867177977
2022-06-30 08:00:00,0.0,0.0,103.90320549163127,40.83459746264813,1.1035561022883138,282.5353020405898,225.37896753187005,25.94309273537094,64.68264588787966,217.85265615271013,64.68264588787966,0.0,22.893650959973552,100.0,91.56354903059292,70.64679841659984,20.916750613993088
2022-06-30 09:00:00,0.0,0.0,118.48459427276825,40.83459746264813,1.1035613033578486,295.1900958738586,465.78841670395747,35.15588802199868,129.1062485366198,166.08384733723878,129.1062485366198,0.0,43.73664643267362,100.0,95.66169772479842,53.90938247929825,41.752315245500164
2022-06-30 10:00:00,0.0,0.0,129.0414029151548,40.83459746264813,1.1036775689496046,307.6734994641133,624.757908684886,40.623684646402694,169.5289342078146,138.14456525629873,169.5289342078146,0.0,55.100271717612856,100.0,99.96800327456789,44.994855778999856,54.973147495568035
2022-06-30 11:00:00,0.0,0.0,134.12924253559072,40.83459746264813,1.1038814606481915,312.2169901421036,695.1741336898087,42.824191677806525,187.00638933857755,125.21060080352606,187.00638933857755,0.0,59.89628855670627,100.0,103.37241979153347,41.57522340265383,61.79719638887964
2022-06-30 12:00:00,0.0,0.0,149.32436200478617,40.83459746264813,2.187641811806196,329.5619543436348,748.4327738522771,45.08852418288366,199.52743890474395,130.03451543889085,199.52743890474395,0.0,60.54322602320059,100.0,107.70584938752745,42.73572473136472,64.97012465616274
2022-06-30 13:00:00,0.0,0.0,161.54375864615892,40.83459746264813,0.020000016,338.24926024724925,719.4776445058803,44.68367639080876,192.11857158062662,146.13068866662263,192.11857158062662,0.0,56.79792808421641,100.0,108.73044322503893,46.975849576162304,61.75459364887662
2022-06-30 14:00:00,0.0,0.0,166.70045928731386,40.83459746264813,1.1033976680938427,343.40596088840425,634.1911525206671,40.91847351627085,171.88944156799172,171.51651932041253,171.88944156799172,0.0,50.054297579257856,100.0,114.33307236794491,57.20389756840718,57.12917479953773
2022-06-30 15:00:00,0.0,0.0,170.26351397323143,40.83459746264813,1.1036108041447636,349.858907996124,458.7123625815908,34.93476133067472,127.25301040340605,222.60589759271795,127.25301040340605,0.0,36.372665521729644,100.0,118.80437398207509,75.6643309252164,43.14004305685869
2022-06-30 16:00:00,0.0,0.0,159.27424124663412,40.83459746264813,1.103289675402637,321.81654806653876,337.82367173585465,30.556989741745458,95.29278503787114,226.52376302866762,95.29278503787114,0.0,29.610902736477186,100.0,112.73145829085335,79.40947721881058,33.321981072042774
2022-06-30 17:00:00,0.0,0.0,138.3572332258538,40.83459746264813,1.1031913876923152,257.29307210410497,194.3524891027978,25.47351528446243,55.87545089329715,201.41762121080782,55.87545089329714,0.0,21.71665581057271,99.99999999999999,92.06512146097383,72.11479171952207,19.950329741451753
2022-06-30 18:00:00,0.0,0.0,121.62051026612895,40.83459746264813,0.020000016,240.95572492175603,76.06336513359383,20.676980160424808,13.54332155623459,227.41240336552144,13.543321556234588,0.0,5.62066809602985,99.99999999999999,91.84146600784122,86.67956442989797,5.161901577943254
2022-06-30 19:00:00,0.0,0.0,93.99468262287662,40.83459746264813,1.1030436632621827,205.98006875386724,0.0,17.8,0.0,205.98006875386724,0.0,0.0,0.0,0.0,82.06435189423911,82.06435189423911,0.0
2022-06-30 20:00:00,0.0,0.0,79.65378649220943,40.83459746264813,0.020000016,190.35477599128794,0.0,17.8,0.0,190.35477599128794,0.0,0.0,0.0,0.0,75.07666934048721,75.07666934048721,0.0
2022-06-30 21:00:00,0.0,0.0,15.979934472213436,21.043308806825895,1.1029144577812744,84.69896158483333,0.0,18.0,0.0,84.69896158483333,0.0,0.0,0.0,0.0,33.71819425205578,33.71819425205578,0.0
2022-06-30 22:00:00,0.0,0.0,17.30188936988544,24.509125473929902,0.020000016,85.27927379497923,0.0,18.1,0.0,85.27927379497923,0.0,0.0,0.0,0.0,32.54403990948233,32.54403990948233,0.0
2022-06-30 23:00:00,0.0,0.0,14.469911233774077,22.785025654713543,0.020000016,75.3623595275355,0.0,18.3,0.0,75.3623595275355,0.0,0.0,0.0,0.0,28.446109120450302,28.446109120450302,0.0
2022-07-01 00:00:00,0.0,0.0,12.008212521427856,21.91082004472404,1.1028818007703207,72.02645520519977,0.0,18.4,0.0,72.02645520519977,0.0,0.0,0.0,0.0,28.6760340517055,28.6760340517055,0.0
2022-07-01 01:00:00,0.0,0.0,8.48534294693806,20.569583634936397,0.020000016,67.16234922092231,0.0,18.6,0.0,67.16234922092231,0.0,0.0,0.0,0.0,26.159977915251318,26.159977915251318,0.0
2022-07-01 02:00:00,0.0,0.0,1.9597974342978333,12.995540247322971,0.020000016,53.06276032066867,0.0,18.7,0.0,53.06276032066867,0.0,0.0,0.0,0.0,20.81561155033419,20.81561155033419,0.0
2022-07-01 03:00:00,0.0,0.0,0.4000710020740011,9.447809813354075,1.1028757960526845,47.95530345447594,0.0,18.9,0.0,47.95530345447594,0.0,0.0,0.0,0.0,19.404912053832632,19.404912053832632,0.0
2022-07-01 04:00:00,0.0,0.0,0.0,7.9604111589424456,0.020000016,37.16332667439031,0.0,18.9,0.0,37.16332667439031,0.0,0.0,0.0,0.0,15.300397903608923,15.300397903608923,0.0
2022-07-01 05:00:00,0.0,0.0,29.792687432587723,40.83459746264813,0.020000016,100.49398895382984,11.244224900390648,19.251382028137208,0.29749662841200325,100.19649232541784,0.29749662841200575,0.0,0.2960342519080273,100.00000000000084,41.03479423106708,40.9133278451696,0.12146638589748449
2022-07-01 06:00:00,0.0,0.0,52.02695917339728,40.83459746264813,1.1029073697881677,127.86584722228775,44.2440704513674,20.78262720160523,4.580544928473018,123.28530229381474,4.580544928473017,0.0,3.5823052269070654,99.99999999999997,48.0415036545892,46.32762406142709,1.7138795931621118
2022-07-01 07:00:00,0.0,0.0,73.11972701295247,40.83459746264813,0.020000016,187.33692789504371,98.91977527265648,23.091242977270515,22.70414222164546,164.63278567339825,22.70414222164547,0.0,12.119416324775838,100.00000000000004,63.7168901882675,55.99521141868587,7.721678769581629
2022-07-01 08:00:00,0.0,0.0,85.79775247140275,40.83459746264813,1.1031371315609442,202.26264745934012,225.2298395845918,27.638432487018495,64.23295703014362,138.02969042919648,64.23295703014364,0.0,31.757201755730048,100.00000000000003,66.4750333036035,45.42749910875118,21.047534194852318
2022-07-01 09:00:00,0.0,0.0,97.30518245768896,40.83459746264813,1.1030945087923816,212.8067799716923,461.4295511425627,36.61967347320508,127.17832507097913,85.62845490071317,127.17832507097913,0.0,59.76234642895141,100.0,71.21117106577097,28.772399881210585,42.43877118456038
2022-07-01 10:00:00,0.0,0.0,104.02184003837233,40.83459746264813,0.020000016,221.77113165822186,604.1919596981826,41.080998740568205,163.65390398472996,58.1172276734919,163.65390398472996,0.0,73.7940518953305,100.0,73.84895243071784,19.355475481882458,54.49347694883539
2022-07-01 11:00:00,0.0,0.0,112.37575053263923,40.83459746264813,1.1031391924054137,228.8406455205767,704.3767402248958,43.711773132028,188.81574638498003,40.024899135596655,188.81574638498003,0.0,82.50970711756808,100.0,78.12229307785931,13.827699197577827,64.29459388028148
2022-07-01 12:00:00,0.0,0.0,124.45467218027302,40.83459746264813,1.1030725920457076,238.35077390438624,720.9596440074947,45.32998887523421,192.01777007082725,46.33300383355899,192.01777007082725,0.0,80.56100130300172,100.0,81.6502186433437,16.0319860770399,65.6182325663038
2022-07-01 13:00:00,0.0,0.0,121.80144518749756,40.83459746264813,0.020000016,196.5985811711359,687.0039567721899,43.66887364913093,184.19019077666528,12.408390394470615,184.19019077666528,0.0,93.68846391436095,100.0,65.67735705138108,4.148623822436035,61.52873322894504
2022-07-01 14:00:00,0.0,0.0,126.64317877247643,40.83459746264813,1.1030345787622309,200.1559181242027,593.8205321511117,41.35689162972224,160.67007855679185,39.48583956741086,160.67007855679185,0.0,80.27245962174912,100.0,69.45455106284574,13.861097181410186,55.59345388143555
2022-07-01 15:00:00,0.0,0.0,129.9959500370129,40.83459746264813,0.020000016,203.82978854671723,468.7554303579029,36.84860719868446,129.08311608430856,74.74667246240867,129.08311608430856,0.0,63.32887700304073,100.0,70.5898567848913,25.888373684895246,44.701483099996054
2022-07-01 16:00:00,0.0,0.0,129.4590170899025,40.83459746264813,0.020000016,192.51861789226658,319.6452628085959,31.688914462768622,89.77949783123879,102.73912006102779,89.77949783123879,0.0,46.63418988467879,100.0,67.11655380149672,35.81897196003772,31.297581841459
2022-07-01 17:00:00,0.0,0.0,48.44168151211523,22.984307210101314,1.102964860695596,91.72439711406442,186.2279853100523,25.819624540939135,53.47100975335608,38.25338736070834,53.47100975335608,0.0,58.295297037343175,100.0,33.47023846709375,14.074431744210127,19.395806722883624
2022-07-01 18:00:00,0.0,0.0,43.07385341888825,25.784128853099165,0.020000016,92.12455970503528,0.0,18.9,0.0,92.12455970503528,0.0,0.0,0.0,0.0,35.740099589141884,35.740099589141884,0.0
2022-07-01 19:00:00,0.0,0.0,35.29347048045345,28.777098554882933,1.1029762322814933,102.17799167438426,0.0,18.9,0.0,102.17799167438426,0.0,0.0,0.0,0.0,42.47575716257557,42.47575716257557,0.0
2022-07-01 20:00:00,0.0,0.0,22.649887062681405,25.543944069725637,0.020000016,86.30125377145491,0.0,18.3,0.0,86.30125377145491,0.0,0.0,0.0,0.0,34.62378046785113,34.62378046785113,0.0
2022-07-01 21:00:00,0.0,0.0,19.170690274856486,25.20698554248381,0.020000016,82.48509845638817,0.0,17.8,0.0,82.48509845638817,0.0,0.0,0.0,0.0,32.77493062788615,32.77493062788615,0.0
2022-07-01 22:00:00,0.0,0.0,15.456401797109942,22.52168145095117,1.1028981363716843,76.085505887109,0.0,17.8,0.0,76.085505887109,0.0,0.0,0.0,0.0,30.06784473981325,30.06784473981325,0.0
2022-07-01 23:00:00,0.0,0.0,14.71005377166108,23.438662662505475,0.020000016,76.25613907321443,0.0,17.8,0.0,76.25613907321443,0.0,0.0,0.0,0.0,29.46897314905318,29.46897314905318,0.0
2022-07-02 00:00:00,0.0,0.0,11.818322337610708,21.337244631389947,0.020000016,71.26298960804851,0.0,18.3,0.0,71.26298960804851,0.0,0.0,0.0,0.0,28.549773073407163,28.549773073407163,0.0
2022-07-02 01:00:00,0.0,0.0,11.378744050291063,21.8795239739198,1.1029175676588014,71.36569066325875,0.0,18.3,0.0,71.36569066325875,0.0,0.0,0.0,0.0,28.559663062825067,28.559663062825067,0.0
2022-07-02 02:00:00,0.0,0.0,9.358447290726915,19.16939078884703,0.020000016,66.63526071862181,0.0,18.9,0.0,66.63526071862181,0.0,0.0,0.0,0.0,26.45546728233083,26.45546728233083,0.0
2022-07-02 03:00:00,0.0,0.0,3.2936320158712653,12.26770654826278,0.020000016,53.6687612031819,0.0,18.9,0.0,53.6687612031819,0.0,0.0,0.0,0.0,20.85606148904742,20.85606148904742,0.0
2022-07-02 04:00:00,0.0,0.0,0.6346981738974447,10.910107900306986,1.1029192643993135,40.7477215896523,0.0,18.9,0.0,40.7477215896523,0.0,0.0,0.0,0.0,16.27559462348887,16.27559462348887,0.0
2022-07-02 05:00:00,0.0,0.0,7.554073549893194,17.831540278270023,0.020000016,45.68402222001108,20.263169121679656,20.033224035052488,0.9633981891385981,44.72062403087248,0.9633981891386014,0.0,2.1088296133360207,100.00000000000036,17.691997574529218,17.318979429676645,0.3730181448525727
2022-07-02 06:00:00,0.0,0.0,21.436309567238965,24.578720459349817,0.020000016,66.31343841843665,99.91803560008665,22.522438612502707,23.213107348869595,43.10033106956705,23.2131073488696,0.0,35.005133050702774,100.00000000000003,24.39733090057714,15.85827329675871,8.539057603818428
2022-07-02 07:00:00,0.0,0.0,35.00631144175268,27.697722199562353,1.1029106712715555,83.0024420331629,187.79981430430317,26.468744197009475,53.792422191563105,29.210019841599788,53.792422191563105,0.0,64.808240425108,100.0,29.01536734816884,10.339714211701962,18.675653136466877
2022-07-02 08:00:00,0.0,0.0,42.369049918742384,27.549163036067707,0.020000016,90.21662134665796,350.67577638227726,33.15861801194616,97.9459103438664,0.0,90.21662134665796,7.729288997208442,100.0,92.10861487725968,29.779596886627587,0.0036010111631256747,29.77599587546446
2022-07-02 09:00:00,0.0,0.0,50.590296816480326,27.972803505408493,0.020000016,98.86150871373667,449.9244934050842,36.860140418908884,123.8920338318418,0.0,98.86150871373667,25.030525118105132,100.0,79.79650156354768,31.484565538421865,0.0036010111631256747,31.480964527258738
2022-07-02 10:00:00,0.0,0.0,53.11826853076085,27.549163036067707,0.020000016,100.96583995867643,597.2781491476059,40.86494216086268,161.9187122805012,0.0,100.96583995867643,60.952872321824785,100.0,62.35588125464302,31.676080177000127,0.0036010111631256747,31.672479165837
2022-07-02 11:00:00,0.0,0.0,59.337833144105936,27.972803505408493,1.1029360653182405,107.6090450413623,701.1548838904391,44.111090121576225,187.65374326333895,0.0,107.6090450413623,80.04469822197666,100.0,57.34447028341554,34.53394014187664,0.1985840953039684,34.33535604657267
2022-07-02 12:00:00,0.0,0.0,64.72742481870714,27.549163036067707,0.020000016,112.57499624662273,734.3962376453076,45.14988242641586,195.73736994039564,0.0,112.57499624662273,83.1623736937729,100.0,57.513287463146746,37.320523641974866,0.0036010111631256747,37.31692263081174
2022-07-02 13:00:00,0.0,0.0,74.47363033991938,27.972803505408493,1.1029135090934892,122.74484223717575,685.9886594026148,44.23714560633171,183.5025821623582,0.0,122.74484223717575,60.75773992518246,100.0,66.88998094237954,40.38769627934244,0.19858003404636101,40.189116245296084
2022-07-02 14:00:00,0.0,0.0,79.76614078429566,27.549163036067707,0.020000016,127.61371221221123,590.3101350481556,40.64719172025487,160.16669578810826,0.0,127.61371221221123,32.55298357589703,100.0,79.67556025569583,42.000635631640776,0.0036010111631256747,41.99703462047765
2022-07-02 15:00:00,0.0,0.0,86.35998724959724,27.972803505408493,0.020000016,134.6311991468536,441.53764855913073,35.49805151747283,122.22348310876718,12.407716038086406,122.22348310876718,0.0,90.78392221363767,100.0,44.959651030280476,4.146785550600938,40.81286547967954
2022-07-02 16:00:00,0.0,0.0,82.71296244301635,27.549163036067707,1.1028791953275339,130.56053387093192,312.99242376892533,30.38101324277892,88.34711707391676,42.21341679701516,88.34711707391676,0.0,67.6675519428053,100.0,43.54597670632669,14.213850366615592,29.3321263397111
2022-07-02 17:00:00,0.0,0.0,80.21096690455413,27.972803505408493,0.020000016,128.48217880181048,55.519004513672094,21.134968891052253,7.203316617648172,121.2788621841623,7.20331661764817,0.0,5.606471407026501,99.99999999999997,44.64730367942821,42.144367254294,2.5029364251342088
2022-07-02 18:00:00,0.0,0.0,63.45248001598296,27.549163036067707,0.020000016,114.26822048509854,0.0,18.9,0.0,114.26822048509854,0.0,0.0,0.0,0.0,43.05015369120702,43.05015369120702,0.0
2022-07-02 19:00:00,0.0,0.0,48.39825312526796,27.972803505408493,0.020000016,114.47847926972437,0.0,18.9,0.0,114.47847926972437,0.0,0.0,0.0,0.0,45.03371083190921,45.03371083190921,0.0
2022-07-02 20:00:00,0.0,0.0,36.504060404285596,27.549163036067707,1.1029444686212375,102.16064607940116,0.0,18.3,0.0,102.16064607940116,0.0,0.0,0.0,0.0,40.142376618907214,40.142376618907214,0.0
2022-07-02 21:00:00,0.0,0.0,30.96867553958391,27.972803505408493,0.020000016,97.04890168404027,0.0,18.3,0.0,97.04890168404027,0.0,0.0,0.0,0.0,37.711466515988555,37.711466515988555,0.0
2022-07-02 22:00:00,0.0,0.0,26.71667188733722,27.549163036067707,0.020000016,92.3732575624528,0.0,17.8,0.0,92.3732575624528,0.0,0.0,0.0,0.0,36.4425417881117,36.4425417881117,0.0
2022-07-02 23:00:00,0.0,0.0,25.80943026724691,27.803854700459596,1.1029242635754248,97.08154391887041,0.0,17.8,0.0,97.08154391887041,0.0,0.0,0.0,0.0,36.720658792674335,36.720658792674335,0.0
2022-07-03 00:00:00,0.0,0.0,21.723828175368258,25.141394113777675,0.020000016,90.33348124030982,0.0,17.8,0.0,90.33348124030982,0.0,0.0,0.0,0.0,34.50918417533668,34.50918417533668,0.0
2022-07-03 01:00:00,0.0,0.0,19.078446883722584,23.49239679277645,0.020000016,86.03910262766291,0.0,17.2,0.0,86.03910262766291,0.0,0.0,0.0,0.0,34.28502106212914,34.28502106212914,0.0
2022-07-03 02:00:00,0.0,0.0,16.59976041893396,22.384357424914292,1.1028995761589706,82.45237679501213,0.0,18.0,0.0,82.45237679501213,0.0,0.0,0.0,0.0,33.154792530382075,33.154792530382075,0.0
2022-07-03 03:00:00,0.0,0.0,16.246651517305143,23.49239679277645,0.020000016,83.20730726124548,0.0,17.8,0.0,83.20730726124548,0.0,0.0,0.0,0.0,33.19957227957332,33.19957227957332,0.0
2022-07-03 04:00:00,0.0,0.0,15.108136336140673,22.611522275327335,0.020000016,76.49086979366199,0.0,18.3,0.0,76.49086979366199,0.0,0.0,0.0,0.0,30.919680764365427,30.919680764365427,0.0
2022-07-03 05:00:00,0.0,0.0,61.59745736721474,40.83459746264813,1.102970987688454,132.2987588884569,14.24602830234368,18.74518838444824,0.4784167032738087,131.82034218518308,0.47841670327380825,0.0,0.3616184364036013,99.99999999999991,52.79594646058055,52.605744723943495,0.1902017366370572
2022-07-03 06:00:00,0.0,0.0,83.00860812733407,40.83459746264813,0.020000016,181.77821759632735,75.06899285273458,21.745906026647955,13.14018242766988,168.63803516865747,13.140182427669885,0.0,7.228689224387779,100.00000000000004,69.57739601398146,64.54812259161508,5.029273422366373
2022-07-03 07:00:00,0.0,0.0,123.97002896213586,40.83459746264813,1.1033956447243416,310.95070361852294,265.9035248212195,28.309485150663107,75.64248313449745,235.30822048402547,75.64248313449747,0.0,24.32619777162374,100.00000000000003,109.18066944698626,82.6694919580076,26.51117748897866
2022-07-03 08:00:00,0.0,0.0,134.96346732802044,40.83459746264813,1.103584201648856,313.59556387697893,334.9554694498589,32.16735842030809,93.90894036584172,219.6866235111372,93.90894036584172,0.0,29.945876531174864,100.0,106.28180814082312,74.51429179386618,31.76751634695694
2022-07-03 09:00:00,0.0,0.0,150.98840650515677,40.83459746264813,1.1035073587204642,327.69390810624714,446.09995766248454,35.64062367695264,123.41861715077506,204.2752909554721,123.41861715077505,0.0,37.66277434451404,99.99999999999999,105.64894811596743,65.93345420993377,39.71549390603366
2022-07-03 10:00:00,0.0,0.0,165.78604793599547,40.83459746264813,1.103756542311266,344.418144484954,600.9515368243331,40.979735525760404,162.8410361247361,181.5771083602179,162.8410361247361,0.0,47.28003989692531,100.0,108.80927159513416,57.45816505837925,51.35110653675491
2022-07-03 11:00:00,0.0,0.0,170.90677341849968,40.83459746264813,2.187712769070579,348.9945210250126,704.1262166710018,44.203944270968805,188.37930653559158,160.61521448942102,188.37930653559158,0.0,53.97772606352474,100.0,112.56597256529236,52.01803775515517,60.547934810137185
2022-07-03 12:00:00,0.0,0.0,183.63076900103866,40.83459746264813,1.1038035074678074,363.86836133988726,711.2094388398453,44.42529496374517,190.10657153005337,173.76178980983389,190.10657153005337,0.0,52.245974568939225,100.0,117.51353865821528,56.22127893121077,61.29225972700451
2022-07-03 13:00:00,0.0,0.0,191.60283748480035,40.83459746264813,1.1033832001625552,368.30833908589074,685.6030558916012,43.125095496612545,184.2118729075077,184.09646617838303,184.2118729075077,0.0,50.01566713496239,100.0,120.7017869842396,60.431346406361214,60.27044057787839
2022-07-03 14:00:00,0.0,0.0,199.2814081705724,40.83459746264813,1.1034154060311967,375.9869097716627,598.6426758577859,39.80758362055581,162.9631311482521,213.02377862341058,162.9631311482521,0.0,43.34276723815194,100.0,126.03584929772677,71.49453374937401,54.541315548352756
2022-07-03 15:00:00,0.0,0.0,203.044203758584,40.83459746264813,1.103573181740157,382.6395977814766,436.23581967246736,34.73236936476461,121.11179604533345,261.52780173614315,121.11179604533345,0.0,31.651663013324548,100.0,128.51497472640884,87.9007394815865,40.61423524482234
2022-07-03 16:00:00,0.0,0.0,194.28624139220483,40.83459746264813,1.103256001816511,356.8285482121095,325.667884755283,30.177121398602594,91.99572557983701,264.8328226322725,91.99572557983703,0.0,25.78149255175402,100.00000000000003,120.4034747362163,89.41287466013661,30.990600076079687
2022-07-03 17:00:00,0.0,0.0,172.84824016535083,40.83459746264813,0.020000016,291.7840790436021,178.92699815811096,25.59146869244097,51.418203322415614,240.36587572118648,51.41820332241562,0.0,17.622004425653415,100.00000000000003,103.3797823755209,85.16282712042228,18.216955255098625
2022-07-03 18:00:00,0.0,0.0,155.0005633304283,40.83459746264813,1.1030497921929412,274.3357779860553,0.0,18.9,0.0,274.3357779860553,0.0,0.0,0.0,0.0,107.67924735014152,107.67924735014152,0.0
2022-07-03 19:00:00,0.0,0.0,118.50153085574115,40.83459746264813,1.1030425761608302,230.4869169867318,0.0,17.8,0.0,230.4869169867318,0.0,0.0,0.0,0.0,94.76162313935669,94.76162313935669,0.0
2022-07-03 20:00:00,0.0,0.0,93.16524859647751,40.83459746264813,0.020000016,203.866238095556,0.0,17.2,0.0,203.866238095556,0.0,0.0,0.0,0.0,81.88851420462414,81.88851420462414,0.0
2022-07-03 21:00:00,0.0,0.0,20.749861127383145,22.024609067330516,0.020000016,90.45018850050765,0.0,17.2,0.0,90.45018850050765,0.0,0.0,0.0,0.0,36.467690003257786,36.467690003257786,0.0
2022-07-03 22:00:00,0.0,0.0,25.54831260666772,28.85389539094292,1.1028864570831372,97.87046694877453,0.0,17.2,0.0,97.87046694877453,0.0,0.0,0.0,0.0,38.129253333987755,38.129253333987755,0.0
2022-07-03 23:00:00,0.0,0.0,23.657781001069328,26.66807115053327,0.020000016,88.43327479065046,0.0,16.7,0.0,88.43327479065046,0.0,0.0,0.0,0.0,34.09551277570678,34.09551277570678,0.0
2022-07-04 00:00:00,0.0,0.0,20.47882910975892,26.639772148491403,0.020000016,85.22602389729818,0.0,17.2,0.0,85.22602389729818,0.0,0.0,0.0,0.0,32.80752373935269,32.80752373935269,0.0
2022-07-04 01:00:00,0.0,0.0,15.785340886752952,22.381310117739734,1.1028966912196254,76.27407364354055,0.0,16.7,0.0,76.27407364354055,0.0,0.0,0.0,0.0,29.18310636089483,29.18310636089483,0.0
2022-07-04 02:00:00,0.0,0.0,14.420103217150036,23.49544409995101,0.020000016,76.0229699561489,0.0,16.7,0.0,76.0229699561489,0.0,0.0,0.0,0.0,28.919317748834143,28.919317748834143,0.0
2022-07-04 03:00:00,0.0,0.0,11.74350984924072,21.718729600619906,0.020000016,71.56966208890852,0.0,16.7,0.0,71.56966208890852,0.0,0.0,0.0,0.0,26.866200131303607,26.866200131303607,0.0
2022-07-04 04:00:00,0.0,0.0,11.47771392674371,22.203411437363915,1.1029796379789663,62.884040879555485,0.0,17.2,0.0,62.884040879555485,0.0,0.0,0.0,0.0,23.4373892476193,23.4373892476193,0.0
2022-07-04 05:00:00,0.0,0.0,22.442744785284923,24.07518381111611,0.020000016,66.8163369882489,16.49944187138672,18.315607558480835,0.6427341669115431,66.17360282133737,0.6427341669115378,0.0,0.9619416386513026,99.99999999999919,23.90012985332541,23.670259192200334,0.22987066112507648
2022-07-04 06:00:00,0.0,0.0,35.2772329864575,27.727885046153762,0.020000016,83.30352642445914,159.3318756729114,23.879121114778478,46.0778875468111,37.22563887764804,46.0778875468111,0.0,55.313249660079165,100.0,27.118898862324578,12.120546465837561,14.998352396487016
2022-07-04 07:00:00,0.0,0.0,43.414784508539185,27.229276915746393,0.020000016,90.94246981613344,166.5639129706312,24.605122280332225,48.04049398168008,42.90197583445336,48.04049398168008,0.0,52.825147677216,100.0,27.21313326780117,12.839657670952398,14.37347559684877
2022-07-04 08:00:00,0.0,0.0,50.45765069799545,28.292689625729803,1.1029239432141364,99.04874871557313,327.48639571800607,30.83394986618769,92.28021137983869,6.768537335734436,92.28021137983869,0.0,93.16645851309958,100.0,30.418850389579045,2.2636964965333597,28.155153893045686
2022-07-04 09:00:00,0.0,0.0,60.03764546232839,27.229276915746393,0.020000016,107.56533076992265,413.3129492622882,34.61602966444651,114.79897722623211,0.0,107.56533076992265,7.233646456309458,100.0,93.69885809866211,32.76531163041232,0.0036010111631256747,32.76171061924919
2022-07-04 10:00:00,0.0,0.0,65.4671214067211,28.292689625729803,0.020000016,114.05821942429877,607.0683150989486,41.17088484684214,164.37485876362896,0.0,114.05821942429877,50.316639339330195,100.0,69.38909044984457,34.875190726851116,0.0036010111631256747,34.87158971568799
2022-07-04 11:00:00,0.0,0.0,70.30683975160146,27.229276915746393,1.1028942968994564,117.8345250591957,706.8241084171937,44.288253388037305,189.03758951596996,0.0,117.8345250591957,71.20306445677426,100.0,62.33391219223148,36.00200784149419,0.19857657488286934,35.80343126661132
2022-07-04 12:00:00,0.0,0.0,76.56176950375598,28.292689625729803,0.020000016,125.15286752133363,733.3519943633812,45.71724982385567,195.01567470777601,0.0,125.15286752133363,69.86280718644238,100.0,64.17579905249704,39.239024979101224,0.0036010111631256747,39.2354239679381
2022-07-04 13:00:00,0.0,0.0,84.95944158959844,27.229276915746393,0.020000016,132.48712689719272,692.3487260912891,43.83589769035278,185.49993310263162,0.0,132.48712689719272,53.01280620543889,100.0,71.42165750749436,39.81598264376954,0.0036010111631256747,39.81238163260641
2022-07-04 14:00:00,0.0,0.0,89.05059931620164,28.292689625729803,1.1028783435320948,137.6416973337793,601.1716307021796,39.88661345944311,163.60093867757985,0.0,137.6416973337793,25.959241343800556,100.0,84.13258410762526,42.250176863402054,0.19857370247246936,42.05160316092958
2022-07-04 15:00:00,0.0,0.0,93.53714318040079,27.229276915746393,0.020000016,141.06482848799504,482.46879803968443,36.17714993874014,133.2046314670485,7.8601970209465435,133.2046314670485,0.0,94.42795407955607,100.0,44.208380990303695,2.4667116506320395,41.74166933967165
2022-07-04 16:00:00,0.0,0.0,91.33216783991914,28.292689625729803,0.020000016,139.9232658574968,337.76281848879694,30.555088077774904,95.27630409395042,44.646961763546386,95.27630409395042,0.0,68.09182412236106,100.0,45.54162788448546,14.533954717109294,31.00767316737616
2022-07-04 17:00:00,0.0,0.0,91.31706081662297,27.229276915746393,1.102876881739705,138.84474612421727,187.07816501199113,25.24619265662472,53.82943289607175,85.01531322814552,53.82943289607175,0.0,38.769513718519335,100.0,49.24131466527217,30.227682377721706,19.013632287550465
2022-07-04 18:00:00,0.0,0.0,76.46157693856054,28.292689625729803,0.020000016,128.0208439973382,0.0,18.3,0.0,128.0208439973382,0.0,0.0,0.0,0.0,50.16024737666027,50.16024737666027,0.0
2022-07-04 19:00:00,0.0,0.0,57.05534495109787,27.229276915746393,0.020000016,122.39204450589216,0.0,18.3,0.0,122.39204450589216,0.0,0.0,0.0,0.0,48.48920944217231,48.48920944217231,0.0
2022-07-04 20:00:00,0.0,0.0,47.69254034856256,28.292689625729803,1.1029304647390776,114.09265261334023,0.0,17.8,0.0,114.09265261334023,0.0,0.0,0.0,0.0,43.956538143711754,43.956538143711754,0.0
2022-07-04 21:00:00,0.0,0.0,39.90566734861705,27.229276915746393,0.020000016,105.24236690341131,0.0,17.2,0.0,105.24236690341131,0.0,0.0,0.0,0.0,40.18303184754749,40.18303184754749,0.0
2022-07-04 22:00:00,0.0,0.0,37.33337382005427,28.292689625729803,0.020000016,103.73348608483195,0.0,16.7,0.0,103.73348608483195,0.0,0.0,0.0,0.0,39.15573066416125,39.15573066416125,0.0
2022-07-04 23:00:00,0.0,0.0,35.24275071691784,27.229276915746393,1.1028681164440253,105.94028658382813,0.0,16.1,0.0,105.94028658382813,0.0,0.0,0.0,0.0,39.87532799245634,39.87532799245634,0.0
2022-07-05 00:00:00,0.0,0.0,34.02549472904308,28.292689625729803,0.020000016,105.78644330593677,0.0,16.1,0.0,105.78644330593677,0.0,0.0,0.0,0.0,40.20615199293481,40.20615199293481,0.0
2022-07-05 01:00:00,0.0,0.0,29.507349368072834,27.229276915746393,0.020000016,100.20488523498314,0.0,16.1,0.0,100.20488523498314,0.0,0.0,0.0,0.0,39.09703391231327,39.09703391231327,0.0
2022-07-05 02:00:00,0.0,0.0,28.119207825013635,28.292689625729803,1.1029131264140792,99.88015640190733,0.0,16.1,0.0,99.88015640190733,0.0,0.0,0.0,0.0,39.87846909971251,39.87846909971251,0.0
2022-07-05 03:00:00,0.0,0.0,22.491019421867286,26.514752559983155,0.020000016,92.4740309330143,0.0,16.7,0.0,92.4740309330143,0.0,0.0,0.0,0.0,37.08753689592052,37.08753689592052,0.0
2022-07-05 04:00:00,0.0,0.0,21.646287195753256,25.671888226855817,0.020000016,86.08938660480305,0.0,15.6,0.0,86.08938660480305,0.0,0.0,0.0,0.0,34.45054727334297,34.45054727334297,0.0
2022-07-05 05:00:00,0.0,0.0,67.0738456314067,40.83459746264813,1.1028265120125718,137.77514715264883,15.752013846679702,17.19225043270874,0.5881973056703814,137.18694984697845,0.5881973056703771,0.0,0.4269255506718351,99.99999999999926,53.9542935347349,53.72479659198149,0.22949694275341415
2022-07-05 06:00:00,0.0,0.0,78.70654281755658,40.83459746264813,0.020000016,177.47615228654982,84.35299311399909,19.83603103481247,16.70717878130126,160.76897350524857,16.707178781301252,0.0,9.413759857902566,99.99999999999996,67.66105978584164,61.29194909083399,6.369110695007656
2022-07-05 07:00:00,0.0,0.0,107.04203842517428,40.83459746264813,1.1033844349426705,294.0227130815614,140.5165880365038,22.691143376140744,40.814492791734565,253.20822028982684,40.81449279173455,0.0,13.88140812795394,99.99999999999997,105.26474111700567,90.68009026280725,14.584650854198415
2022-07-05 08:00:00,0.0,0.0,114.79935097057276,40.83459746264813,1.1034849262936486,293.4314475195313,333.73669637345904,29.829271761670594,94.39873549056853,199.03271202896275,94.39873549056853,0.0,32.17062666205373,100.0,99.9140245712746,67.83497428319214,32.079050288082456
2022-07-05 09:00:00,0.0,0.0,120.82867345160933,40.83459746264813,1.103510080006646,297.5341750526997,447.3277672496673,34.57899272655211,124.26435485650101,173.26982019619868,124.26435485650103,0.0,41.76473335692988,100.00000000000003,103.44304619017312,60.32331505496726,43.11973113520586
2022-07-05 10:00:00,0.0,0.0,129.52571019535324,40.83459746264813,1.1036589075754661,308.15780674431176,595.8927044171146,39.72164701303483,162.26909937344163,145.88870737087012,162.26909937344163,0.0,52.65779280032371,100.0,104.70427124455016,49.67395157403491,55.03031967051525
2022-07-05 11:00:00,0.0,0.0,135.09716763102045,40.83459746264813,2.1876938943774746,313.1849152375334,702.6070058278484,43.65646893212026,188.38275622781597,124.80215900971743,188.38275622781597,0.0,60.15064808754856,100.0,105.5629556529815,42.303084197899764,63.259871455081736
2022-07-05 12:00:00,0.0,0.0,155.91634967825414,40.83459746264813,1.1037996743344736,336.15394201710274,724.0316240123917,43.725988250387246,194.07348160732278,142.08046040977996,194.07348160732278,0.0,57.7335135333468,100.0,112.95485635926173,47.85678842371746,65.09806793554426
2022-07-05 13:00:00,0.0,0.0,168.56722683009065,40.83459746264813,1.103374673733659,345.27272843118095,685.9123848671508,42.034762027098466,185.091918955442,160.18080947573895,185.091918955442,0.0,53.6074539673162,100.0,117.47745073315004,54.60727862155505,62.87017211159499
2022-07-05 14:00:00,0.0,0.0,176.62065589524948,40.83459746264813,1.103319025541981,353.32615749633993,593.9397474054164,39.16061710641927,162.0923616058861,191.23379589045382,162.0923616058861,0.0,45.876128377946436,100.0,119.28723443159222,64.65400395232831,54.633230479263915
2022-07-05 15:00:00,0.0,0.0,167.81951046683287,40.83459746264813,1.1036112954260366,347.41490448972553,480.1407354799508,35.60439798374847,132.85491918484786,214.55998530487767,132.85491918484786,0.0,38.240995843279066,100.0,118.7957316164221,73.44304785429058,45.35268376213152
2022-07-05 16:00:00,0.0,0.0,141.82365514263034,40.83459746264813,1.103280911705916,304.365961962535,326.7085723366091,30.209642885519035,92.27838034811998,212.087581614415,92.27838034811998,0.0,30.318232614814768,100.0,105.37382617100266,73.48657044980806,31.887255721194606
2022-07-05 17:00:00,0.0,0.0,118.50532100658096,40.83459746264813,0.020000016,237.4411598848321,187.0100893301486,25.244065291567143,53.81026889582266,183.63089098900946,53.810268895822645,0.0,22.6625699276076,99.99999999999997,84.57420613314319,65.40833360917357,19.165872523969625
2022-07-05 18:00:00,0.0,0.0,107.74840012514078,40.83459746264813,1.1030336628123047,227.08361478076776,0.0,18.3,0.0,227.08361478076776,0.0,0.0,0.0,0.0,87.35669927485357,87.35669927485357,0.0
2022-07-05 19:00:00,0.0,0.0,89.44400421895908,40.83459746264813,0.020000016,201.4293903499497,0.0,18.3,0.0,201.4293903499497,0.0,0.0,0.0,0.0,77.33536540736405,77.33536540736405,0.0
2022-07-05 20:00:00,0.0,0.0,75.70261504337306,40.83459746264813,1.1027875936083993,186.40360454245155,0.0,18.3,0.0,186.40360454245155,0.0,0.0,0.0,0.0,71.19875831510822,71.19875831510822,0.0
2022-07-05 21:00:00,0.0,0.0,17.229167395371316,22.618788010383536,0.020000016,87.52367371154884,0.0,18.3,0.0,87.52367371154884,0.0,0.0,0.0,0.0,33.63982405524846,33.63982405524846,0.0
2022-07-05 22:00:00,0.0,0.0,19.796836102203535,27.6529714740753,0.020000016,90.91806652744275,0.0,18.3,0.0,90.91806652744275,0.0,0.0,0.0,0.0,34.196522061136434,34.196522061136434,0.0
2022-07-05 23:00:00,0.0,0.0,19.76331085933506,27.86899506740088,1.102898052289998,91.10056487789983,0.0,17.8,0.0,91.10056487789983,0.0,0.0,0.0,0.0,33.796921080836334,33.796921080836334,0.0
2022-07-06 00:00:00,0.0,0.0,18.74528129207794,27.6529714740753,0.020000016,89.86651171731714,0.0,17.8,0.0,89.86651171731714,0.0,0.0,0.0,0.0,33.5880644376003,33.5880644376003,0.0
2022-07-06 01:00:00,0.0,0.0,16.570299830846395,25.435049755799888,0.020000016,85.47360853781016,0.0,17.8,0.0,85.47360853781016,0.0,0.0,0.0,0.0,30.93949151729545,30.93949151729545,0.0
2022-07-06 02:00:00,0.0,0.0,14.64940623405654,22.85060214538541,1.1029243782976106,80.96826733060583,0.0,17.8,0.0,80.96826733060583,0.0,0.0,0.0,0.0,30.056845093221924,30.056845093221924,0.0
2022-07-06 03:00:00,0.0,0.0,14.950665233858363,23.915883211988557,0.020000016,82.33480739701082,0.0,17.2,0.0,82.33480739701082,0.0,0.0,0.0,0.0,30.481064991277638,30.481064991277638,0.0
2022-07-06 04:00:00,0.0,0.0,13.49392569040248,22.294520183083392,0.020000016,74.55965705567986,0.0,17.2,0.0,74.55965705567986,0.0,0.0,0.0,0.0,27.818081075784498,27.818081075784498,0.0
2022-07-06 05:00:00,0.0,0.0,47.735172826764234,40.83459746264813,1.1027704830832075,118.43647434800637,21.010597146386683,18.456581160824584,1.0417141264113527,117.39476022159502,1.0417141264113496,0.0,0.879555164189067,99.9999999999997,43.751791176518104,43.36871643224223,0.3830747442758735
2022-07-06 06:00:00,0.0,0.0,59.01452280962375,40.83459746264813,0.020000016,157.78413227861705,75.04426064179717,20.645133145056164,13.184372111765843,144.5997601668512,13.184372111765839,0.0,8.355955647355415,99.99999999999997,57.27135182168718,52.486083963721775,4.785267857965408
2022-07-06 07:00:00,0.0,0.0,85.48982359304964,40.83459746264813,1.1034015900255159,272.4704982494368,154.7936211062978,24.837300659571806,44.607399822865965,227.86309842657082,44.60739982286597,0.0,16.37146043680279,100.00000000000003,93.96938988576396,78.61775323672464,15.351636649039321
2022-07-06 08:00:00,0.0,0.0,89.43058139300716,40.83459746264813,1.1034457824942745,268.06267794196566,336.4878682822205,31.61524588381939,94.53653376061443,173.52614418135124,94.53653376061442,0.0,35.26657813255195,99.99999999999999,88.5534748331542,57.393760622986875,31.159714210167323
2022-07-06 09:00:00,0.0,0.0,91.13105182967037,40.83459746264813,1.1034802000919854,267.8365534307608,446.1093847733088,35.040918274165904,123.70630972034134,144.13024371041945,123.70630972034132,0.0,46.18723924563979,99.99999999999999,86.03226234495122,46.388101268873434,39.644161076077786
2022-07-06 10:00:00,0.0,0.0,94.45405558899097,40.83459746264813,1.1036381058282156,273.08615213794945,563.901429465976,39.32191967081175,153.79766520716905,119.28848693078041,153.79766520716905,0.0,56.31836839880411,100.0,88.51886839168343,38.778396498706854,49.74047189297657
2022-07-06 11:00:00,0.0,0.0,97.19302563549398,40.83459746264813,2.1876860310060127,275.28077324200694,702.8791672022193,44.16497397506936,188.0748638490638,87.20590939294314,188.0748638490638,0.0,68.32110417087574,100.0,90.52219533913762,28.945544540634874,61.576650798502754
2022-07-06 12:00:00,0.0,0.0,106.08324031933947,40.83459746264813,1.1037937198705976,286.3208326581881,733.4575104580293,44.62054720181342,195.90088635403313,90.41994630415499,195.90088635403313,0.0,68.42006029924515,100.0,94.13201408653306,29.862810300365414,64.26920378616765
2022-07-06 13:00:00,0.0,0.0,121.66283112983767,40.83459746264813,1.1034240178251684,298.368332730928,696.725442851865,43.47267008912078,186.9422514141365,111.42608131679148,186.9422514141365,0.0,62.654856734653265,100.0,99.31364840124188,37.21330190397987,62.10034649726201
2022-07-06 14:00:00,0.0,0.0,131.7411867638094,40.83459746264813,1.1033914095989048,308.44668836489984,602.3331133181587,39.92290979119246,163.89372420727696,144.55296415762288,163.89372420727696,0.0,53.13518685387433,100.0,106.13776566603876,49.846827149807424,56.290938516231336
2022-07-06 15:00:00,0.0,0.0,120.42078859008274,40.83459746264813,1.1036015109110067,300.0161826129753,474.8970192120111,35.94053185037535,131.23388250546134,168.78230010751395,131.23388250546134,0.0,43.74226795451055,100.0,105.70539484856356,59.55437538786795,46.15101946069561
2022-07-06 16:00:00,0.0,0.0,99.77869493565136,40.83459746264813,1.103250733110436,262.321001755556,338.3821349194601,30.574441716233128,95.44402264620811,166.87697910934787,95.44402264620811,0.0,36.38443815304872,100.0,95.86711009162154,61.05867503254944,34.8084350590721
2022-07-06 17:00:00,0.0,0.0,80.94728889403768,40.83459746264813,0.020000016,199.88312777228882,186.94867867514475,25.24214620859827,53.79298090395647,146.09014686833234,53.792980903956476,0.0,26.91221690569031,100.00000000000003,74.64795624644667,54.559505457673154,20.088450788773514
2022-07-06 18:00:00,0.0,0.0,68.14069787460416,40.83459746264813,1.102951275577284,187.47591253023114,0.0,18.9,0.0,187.47591253023114,0.0,0.0,0.0,0.0,73.47354724635825,73.47354724635825,0.0
2022-07-06 19:00:00,0.0,0.0,56.683882378704666,40.83459746264813,0.020000016,168.66926850969529,0.0,18.3,0.0,168.66926850969529,0.0,0.0,0.0,0.0,67.30938591727192,67.30938591727192,0.0
2022-07-06 20:00:00,0.0,0.0,52.35303458362696,40.83459746264813,1.1028889771965094,163.05402408270547,0.0,17.8,0.0,163.05402408270547,0.0,0.0,0.0,0.0,65.7373253269912,65.7373253269912,0.0
2022-07-06 21:00:00,0.0,0.0,8.168796372527867,15.607692025428822,0.020000016,71.45220670375066,0.0,17.8,0.0,71.45220670375066,0.0,0.0,0.0,0.0,28.072528631631016,28.072528631631016,0.0
2022-07-06 22:00:00,0.0,0.0,12.02646310438946,23.085237842759625,0.020000016,78.57995989831296,0.0,17.2,0.0,78.57995989831296,0.0,0.0,0.0,0.0,28.826730301864323,28.826730301864323,0.0
2022-07-06 23:00:00,0.0,0.0,11.090572648696105,20.990130499629693,1.102801580730764,75.54896209948969,0.0,16.7,0.0,75.54896209948969,0.0,0.0,0.0,0.0,28.29333016204603,28.29333016204603,0.0
2022-07-07 00:00:00,0.0,0.0,11.784820269167968,24.286161759627237,0.020000016,79.5392409799591,0.0,17.2,0.0,79.5392409799591,0.0,0.0,0.0,0.0,30.291746280126652,30.291746280126652,0.0
2022-07-07 01:00:00,0.0,0.0,9.82510598149361,21.590592458063497,0.020000016,74.88395739072101,0.0,17.2,0.0,74.88395739072101,0.0,0.0,0.0,0.0,27.72414435806023,27.72414435806023,0.0
2022-07-07 02:00:00,0.0,0.0,10.968345421289106,24.286161759627237,1.1028807855430602,78.72276613208024,0.0,16.7,0.0,78.72276613208024,0.0,0.0,0.0,0.0,30.258075162031073,30.258075162031073,0.0
2022-07-07 03:00:00,0.0,0.0,9.649135536146277,21.590592458063497,0.020000016,74.70798694537366,0.0,16.7,0.0,74.70798694537366,0.0,0.0,0.0,0.0,29.096011747495808,29.096011747495808,0.0
2022-07-07 04:00:00,0.0,0.0,9.399006609345177,24.286161759627237,0.020000016,72.4563795511664,0.0,16.1,0.0,72.4563795511664,0.0,0.0,0.0,0.0,28.611191067452403,28.611191067452403,0.0
2022-07-07 05:00:00,0.0,0.0,41.62859623524786,40.83459746264813,1.1029652081844883,112.32989775648997,19.51179081328121,17.809743462915037,0.9004916038439816,111.42940615264598,0.9004916038439887,0.0,0.8016490906063893,100.0000000000008,45.374865972705464,45.012710761929505,0.3621552107759598
2022-07-07 06:00:00,0.0,0.0,53.8076772698516,40.83459746264813,0.020000016,152.57728673884486,93.04340454473842,21.207606392023077,20.225779116818238,132.35150762202662,20.225779116818245,0.0,13.25608781563746,100.00000000000004,59.95197985728897,52.005170113395494,7.946809743893475
2022-07-07 07:00:00,0.0,0.0,77.41131191860013,40.83459746264813,1.1033821896656928,264.3919865749872,198.04242399101136,26.788825749719106,56.65871504361464,207.73327153137254,56.65871504361465,0.0,21.429815546828245,100.00000000000003,93.59513367779171,73.58044258863482,20.014691089156884
2022-07-07 08:00:00,0.0,0.0,84.50895338670138,40.83459746264813,1.1034916742888692,263.14104993565985,362.35697668654353,31.923655521454485,101.68539483506751,161.45565510059234,101.68539483506751,0.0,38.64292358031194,100.0,86.41684914434816,53.099629526638296,33.31721961770987
2022-07-07 09:00:00,0.0,0.0,98.72944025465414,40.83459746264813,1.1034632351663962,275.43494185574457,433.30161629835374,34.64067550932356,120.33951300313392,155.09542885261067,120.3395130031339,0.0,43.69072137047889,99.99999999999999,87.27192718130998,49.228996935629254,38.04293024568072
2022-07-07 10:00:00,0.0,0.0,108.53737575979102,40.83459746264813,1.1036260526330322,287.1694723087495,598.5091328049243,39.803410400153886,162.9294394799992,124.24003282875032,162.9294394799992,0.0,56.73633696858489,100.0,89.37631625856481,38.78020812244586,50.59610813611895
2022-07-07 11:00:00,0.0,0.0,112.00180022385094,40.83459746264813,2.1876770176792584,290.08954783036387,704.599346800226,44.21872958750707,188.49478488179952,101.59476294856435,188.49478488179952,0.0,64.97813736881892,100.0,93.3719435758342,32.95653759944421,60.415405976389984
2022-07-07 12:00:00,0.0,0.0,120.11421811852064,40.83459746264813,1.1037884787232657,300.35181045736925,728.3854292399506,44.96204466374846,194.28111305210246,106.0706974052668,194.28111305210246,0.0,64.6845153875568,100.0,94.28544395751375,33.425913888377394,60.859530069136355
2022-07-07 13:00:00,0.0,0.0,122.56461106312976,40.83459746264813,1.103418932386136,299.2701126642201,685.8271450159392,43.1320982817481,184.2669647379004,115.00314792631971,184.2669647379004,0.0,61.5721239576794,100.0,92.8631723705053,35.80767074388551,57.05550162661979
2022-07-07 14:00:00,0.0,0.0,110.17327270101076,40.83459746264813,1.103386879756331,286.8787743021011,597.5023480680537,39.77194837712668,162.67539883876492,124.20337546333616,162.67539883876492,0.0,56.705275332589665,100.0,90.70031219371407,39.381104122048896,51.31920807166517
2022-07-07 15:00:00,0.0,0.0,110.17828559525296,40.83459746264813,1.1035979441906505,289.7736796181456,485.60103903952756,35.77503246998524,134.2774890074945,155.4961906106511,134.2774890074945,0.0,46.338745873828515,100.0,93.9651193861067,50.51493810561658,43.45018128049011
2022-07-07 16:00:00,0.0,0.0,87.79090492677237,40.83459746264813,1.1032502331830616,250.33321174667702,338.61902418080643,30.581844505650203,95.5081684351201,154.82504331155693,95.5081684351201,0.0,38.15241604129177,100.0,82.90623049034275,51.35128672106343,31.55494376927932
2022-07-07 17:00:00,0.0,0.0,65.97377040401108,40.83459746264813,0.020000016,184.90960928226224,188.13893824009685,24.779341820003026,54.22825195320434,130.6813573290579,54.228251953204335,0.0,29.326897700825043,99.99999999999999,64.22363286293923,45.38988981833159,18.833743044607637
2022-07-07 18:00:00,0.0,0.0,60.06216835532066,40.83459746264813,1.102962641237447,179.39738301094764,0.0,18.3,0.0,179.39738301094764,0.0,0.0,0.0,0.0,68.34537577776285,68.34537577776285,0.0
2022-07-07 19:00:00,0.0,0.0,54.20138355847793,40.83459746264813,0.020000016,166.18676968946855,0.0,17.8,0.0,166.18676968946855,0.0,0.0,0.0,0.0,65.57176005829449,65.57176005829449,0.0
2022-07-07 20:00:00,0.0,0.0,52.5498880580524,40.83459746264813,1.1029059317435375,163.25087755713088,0.0,17.8,0.0,163.25087755713088,0.0,0.0,0.0,0.0,65.68911696494777,65.68911696494777,0.0
2022-07-07 21:00:00,0.0,0.0,7.873931627486302,15.01953525535942,0.020000016,70.56918518863972,0.0,17.8,0.0,70.56918518863972,0.0,0.0,0.0,0.0,28.326190640697735,28.326190640697735,0.0
2022-07-07 22:00:00,0.0,0.0,10.6276811702735,23.685699801193433,0.020000016,77.78163992263082,0.0,17.8,0.0,77.78163992263082,0.0,0.0,0.0,0.0,29.338168691584112,29.338168691584112,0.0
2022-07-07 23:00:00,0.0,0.0,4.711004864959487,13.328758607997678,1.1028735885258845,56.14718611200504,0.0,17.2,0.0,56.14718611200504,0.0,0.0,0.0,0.0,20.752934738214435,20.752934738214435,0.0
2022-07-08 00:00:00,0.0,0.0,1.7604528347232342,11.09382129239238,0.020000016,50.961696766163485,0.0,17.8,0.0,50.961696766163485,0.0,0.0,0.0,0.0,19.543844402213193,19.543844402213193,0.0
2022-07-08 01:00:00,0.0,0.0,1.8387042915223808,7.646423938052653,0.020000016,47.59255086862291,0.0,17.2,0.0,47.59255086862291,0.0,0.0,0.0,0.0,18.55922270657617,18.55922270657617,0.0
2022-07-08 02:00:00,0.0,0.0,0.0,9.745937229909115,1.1028336394746163,47.85335986895698,0.0,17.0,0.0,47.85335986895698,0.0,0.0,0.0,0.0,18.568752706782956,18.568752706782956,0.0
2022-07-08 03:00:00,0.0,0.0,0.0,2.4018478337352307,0.020000016,40.5092704727831,0.0,17.8,0.0,40.5092704727831,0.0,0.0,0.0,0.0,15.451608759606597,15.451608759606597,0.0
2022-07-08 04:00:00,0.0,0.0,0.0,3.0023097921690383,0.020000016,32.20522530761691,0.0,17.8,0.0,32.20522530761691,0.0,0.0,0.0,0.0,12.041270126644172,12.041270126644172,0.0
2022-07-08 05:00:00,0.0,0.0,31.97141513272301,40.83459746264813,1.1029660152699128,102.67271665396514,11.997698576660195,18.674928080520633,0.33941025088569365,102.33330640307945,0.33941025088569177,0.0,0.33057491994645105,99.99999999999945,37.251632837471384,37.1291447690805,0.12248806839088644
2022-07-08 06:00:00,0.0,0.0,44.07894487271125,40.83459746264813,0.020000016,119.91783292160173,46.47841960781236,20.352450612744136,5.0627886127889274,114.85504430881281,5.062788612788921,0.0,4.221881341116966,99.99999999999987,42.334596032488534,40.54743165217405,1.7871643803144863
2022-07-08 07:00:00,0.0,0.0,52.731830141009,40.83459746264813,1.1030549333435913,166.94903102310028,212.76408933046795,26.648877791577124,60.902221823430345,106.04680919966992,60.90222182343035,0.0,36.47952998002335,100.00000000000003,54.988773243857324,35.00157757473483,19.987195669122492
2022-07-08 08:00:00,0.0,0.0,55.92747135414492,40.83459746264813,0.020000016,172.39236634208237,345.6446277762661,31.801394618008317,97.04057051093542,75.35179583114694,97.04057051093542,0.0,56.29052641366699,100.0,53.64176187483863,23.448558766066185,30.193203108772444
2022-07-08 09:00:00,0.0,0.0,62.93885666403042,40.83459746264813,1.1031529820783372,178.44045417803372,436.87013407743467,34.75219168991984,121.27867237447931,57.161781803554405,121.27867237447931,0.0,67.96590657266378,100.0,53.770908506856635,17.360019093228576,36.410889413628055
2022-07-08 10:00:00,0.0,0.0,66.4906541075398,40.83459746264813,1.1031432124102154,184.23994572738928,592.0128115317381,40.700400360366814,160.59511017836172,23.64483554902756,160.59511017836172,0.0,87.16628174434351,100.0,54.67284614544085,7.189689919004641,47.48315622643621
2022-07-08 11:00:00,0.0,0.0,69.9053122856493,40.83459746264813,0.020000016,186.37020727358674,700.22562304992,44.68205072031,186.97901212925626,0.0,186.37020727358674,0.6088048556695185,100.0,99.6743993624008,53.58224004921021,0.0036010111631256747,53.578639038047086
2022-07-08 12:00:00,0.0,0.0,71.05083222177599,40.83459746264813,1.1031406216305992,184.94693394588924,724.3104427478227,44.33470133586946,193.67839763521766,0.0,184.94693394588924,8.731463689328422,100.0,95.49177203243201,54.2512118407783,0.1986209257527186,54.05259091502558
2022-07-08 13:00:00,0.0,0.0,64.44963160064403,40.83459746264813,0.020000016,139.24676758428237,687.4630445818674,43.18322014318336,184.6690458123189,0.0,139.24676758428237,45.42227822803653,100.0,75.40341532159121,40.59681869733312,0.0036010111631256747,40.59321768616999
2022-07-08 14:00:00,0.0,0.0,62.35961795607593,40.83459746264813,1.1030231154748644,135.8723573078022,590.2908664769241,39.54658957740388,160.8537618152592,0.0,135.8723573078022,24.981404507457,100.0,84.46949314362435,40.72864459185158,0.19859976872071738,40.53004482313086
2022-07-08 15:00:00,0.0,0.0,57.338150214592574,40.83459746264813,0.020000016,131.17198872429685,453.8091899505678,34.781537185955244,125.96690002270982,5.20508870158703,125.96690002270982,0.0,96.03185958205809,100.0,40.0517208885782,1.592766642644662,38.45895424593354
2022-07-08 16:00:00,0.0,0.0,55.514217316263505,40.83459746264813,1.1028218824348024,118.57381811862763,295.3150710637425,29.228595970741953,83.72005315811259,34.853764960515036,83.72005315811259,0.0,70.60585084167109,100.0,37.542201814909106,11.175408273293126,26.36679354161598
2022-07-08 17:00:00,0.0,0.0,14.13377896121902,18.205728483998588,0.020000016,52.63791583706547,179.8459877544598,25.020187117326866,51.79177573570201,0.84614010136346,51.79177573570201,0.0,98.3925273485702,100.0,17.624143337620794,0.28684641009454387,17.33729692752625
2022-07-08 18:00:00,0.0,0.0,13.19579449406769,21.932794569301723,1.102935001218066,58.395166496417275,0.0,18.3,0.0,58.395166496417275,0.0,0.0,0.0,0.0,22.116917672310034,22.116917672310034,0.0
2022-07-08 19:00:00,0.0,0.0,10.143889166431851,21.311357333506166,0.020000016,69.56266913898588,0.0,18.3,0.0,69.56266913898588,0.0,0.0,0.0,0.0,28.257522521999324,28.257522521999324,0.0
2022-07-08 20:00:00,0.0,0.0,9.437780419551968,21.76341867958074,0.020000016,69.30862173818059,0.0,17.8,0.0,69.30862173818059,0.0,0.0,0.0,0.0,28.601031426553824,28.601031426553824,0.0
2022-07-08 21:00:00,0.0,0.0,5.855081770479904,20.33684980765078,1.1028847580638026,64.29935421717856,0.0,17.8,0.0,64.29935421717856,0.0,0.0,0.0,0.0,26.502154680574968,26.502154680574968,0.0
2022-07-08 22:00:00,0.0,0.0,2.815685556413728,15.001602407963805,0.020000016,55.924710603425396,0.0,17.8,0.0,55.924710603425396,0.0,0.0,0.0,0.0,21.551951253768966,21.551951253768966,0.0
2022-07-08 23:00:00,0.0,0.0,0.8381171623549059,8.222359290461647,0.020000016,47.16789909186441,0.0,17.8,0.0,47.16789909186441,0.0,0.0,0.0,0.0,18.26606818155119,18.26606818155119,0.0
2022-07-09 00:00:00,0.0,0.0,0.3784058842219773,9.345629257619908,1.1028812362682698,47.83145778088975,0.0,17.8,0.0,47.83145778088975,0.0,0.0,0.0,0.0,18.42068553680748,18.42068553680748,0.0
2022-07-09 01:00:00,0.0,0.0,0.461680938396811,9.79492394511433,0.020000016,48.36402752255902,0.0,17.2,0.0,48.36402752255902,0.0,0.0,0.0,0.0,18.41965541120315,18.41965541120315,0.0
2022-07-09 02:00:00,0.0,0.0,0.30866350842854995,9.79492394511433,0.020000016,48.21101009259075,0.0,16.7,0.0,48.21101009259075,0.0,0.0,0.0,0.0,18.439009160468903,18.439009160468903,0.0
2022-07-09 03:00:00,0.0,0.0,0.017051796287664355,7.646423938052653,0.020000016,45.770898373388185,0.0,16.1,0.0,45.770898373388185,0.0,0.0,0.0,0.0,17.42926858538761,17.42926858538761,0.0
2022-07-09 04:00:00,0.0,0.0,0.0,2.4018478337352307,1.1029467780847566,31.604763349183095,0.0,17.2,0.0,31.604763349183095,0.0,0.0,0.0,0.0,12.472611918430763,12.472611918430763,0.0
2022-07-09 05:00:00,0.0,0.0,0.12078009309259385,5.655949437801788,0.020000016,26.07513792274225,13.494924796288966,18.72171639988403,0.4293352310953407,25.64580269164691,0.4293352310953402,0.0,1.6465310073044026,99.99999999999989,10.013064205566193,9.848255290405625,0.1648089151605685
2022-07-09 06:00:00,0.0,0.0,6.516107803437586,17.35751180782817,0.020000016,44.172028003113624,83.28079783086815,21.502524932214627,16.186622272267908,27.985405730845716,16.186622272267908,0.0,36.64450785716005,100.0,16.04158093853362,10.164542123918586,5.877038814615034
2022-07-09 07:00:00,0.0,0.0,16.86233065204814,23.826982476621403,1.1029188504415843,60.987721520517404,123.83561431893439,22.7698629474667,35.623983456609174,25.36373806390823,35.623983456609174,0.0,58.4117303753094,100.0,21.22196341970346,8.941841962458424,12.280121457245036
2022-07-09 08:00:00,0.0,0.0,22.561200729548307,25.099234838458795,0.020000016,67.95884395985496,197.09328344397318,25.05916510762416,56.750439621963864,11.208404337891096,56.750439621963864,0.0,83.50707033140206,100.0,22.727679254459428,3.7514672536671507,18.976212000792277
2022-07-09 09:00:00,0.0,0.0,27.223864024767195,28.117534840776845,0.020000016,75.63980725739192,445.5636666336713,33.92386458230223,124.08535073822097,0.0,75.63980725739192,48.445543480829045,100.0,60.95788649295668,25.251790474644263,0.0036010111631256747,25.248189463481136
2022-07-09 10:00:00,0.0,0.0,30.811854274872523,26.92406213395231,1.1028909097026502,78.03432480067269,544.7100883682573,38.12219026150804,149.2598210473763,0.0,78.03432480067269,71.22549624670361,100.0,52.28086450398728,27.002196019175745,0.1985759650166817,26.80362005415906
2022-07-09 11:00:00,0.0,0.0,32.39043555467504,28.597904407523888,0.020000016,81.28674835404681,701.0750320537984,43.0085947516812,188.45600841374886,0.0,81.28674835404681,107.16926005970205,100.0,43.13300968127504,28.344225824801544,0.0036010111631256747,28.340624813638417
2022-07-09 12:00:00,0.0,0.0,35.185345793766686,26.92406213395231,0.020000016,82.40781631956686,723.1473530400979,44.29835478250306,193.39539914241027,0.0,82.40781631956686,110.98758282284341,100.0,42.61105315069277,29.077078608706312,0.0036010111631256747,29.073477597543185
2022-07-09 13:00:00,0.0,0.0,41.90536829286424,28.597904407523888,1.1029538061608428,90.801681092236,685.0805563228341,43.10876738508857,184.08340451957594,0.0,90.801681092236,93.28172342733994,100.0,49.32638079419044,32.04500689062449,0.19858728955002572,31.846419601074466
2022-07-09 14:00:00,0.0,0.0,45.66548445295421,26.92406213395231,0.020000016,92.8879549787544,594.0338063797357,40.76355644936674,161.10336679282048,0.0,92.8879549787544,68.21541181406609,100.0,57.65736423013968,33.555659229039,0.0036010111631256747,33.552058217875874
2022-07-09 15:00:00,0.0,0.0,49.37024047861428,28.597904407523888,0.020000016,98.26655327798602,469.1173550328277,35.25991734477587,129.97695325494874,0.0,98.26655327798602,31.71039997696272,100.0,75.60305947873465,35.85418764357077,0.0036010111631256747,35.85058663240764
2022-07-09 16:00:00,0.0,0.0,49.703677115630335,26.92406213395231,1.1029193054737925,96.9261476414305,327.0173797199177,29.619293116247427,92.571321581307,4.3548260601235,92.571321581307,0.0,95.50706783866642,100.0,36.39904332954671,1.82504328875226,34.574000040794445
2022-07-09 17:00:00,0.0,0.0,50.002028460284286,28.597904407523888,0.020000016,98.89834125965604,179.82337634526056,24.519480510789393,51.88120943096849,47.017131828687546,51.88120943096849,0.0,52.459130021963865,100.0,38.059682727878766,18.095793338842093,19.963889389036673
2022-07-09 18:00:00,0.0,0.0,42.061789549512774,26.92406213395231,0.020000016,92.25242911651294,0.0,17.8,0.0,92.25242911651294,0.0,0.0,0.0,0.0,38.55589113895388,38.55589113895388,0.0
2022-07-09 19:00:00,0.0,0.0,30.067687902088146,28.597904407523885,1.10289568845325,96.77301494865989,0.0,17.2,0.0,96.77301494865989,0.0,0.0,0.0,0.0,41.865166141727705,41.865166141727705,0.0
2022-07-09 20:00:00,0.0,0.0,23.19860086642522,26.92406213395231,0.020000016,88.23008563942538,0.0,17.2,0.0,88.23008563942538,0.0,0.0,0.0,0.0,38.15870154593264,38.15870154593264,0.0
2022-07-09 21:00:00,0.0,0.0,22.657023065547445,28.597904407523885,0.020000016,89.36235011211922,0.0,17.2,0.0,89.36235011211922,0.0,0.0,0.0,0.0,38.320836303988166,38.320836303988166,0.0
2022-07-09 22:00:00,0.0,0.0,19.157860468569673,25.698661547784937,1.1029003291679238,82.96394465540246,0.0,16.7,0.0,82.96394465540246,0.0,0.0,0.0,0.0,35.54495146170624,35.54495146170624,0.0
2022-07-09 23:00:00,0.0,0.0,17.542319539406307,25.028134843857668,0.020000016,86.03871333442788,0.0,17.2,0.0,86.03871333442788,0.0,0.0,0.0,0.0,37.339240275504764,37.339240275504764,0.0
2022-07-10 00:00:00,0.0,0.0,14.387537415264848,21.849566905976694,0.020000016,79.70536327240542,0.0,17.2,0.0,79.70536327240542,0.0,0.0,0.0,0.0,35.01936267717991,35.01936267717991,0.0
2022-07-10 01:00:00,0.0,0.0,14.176752474015515,24.027187311714044,1.1029241666424245,81.67219873689345,0.0,17.2,0.0,81.67219873689345,0.0,0.0,0.0,0.0,36.49207362764317,36.49207362764317,0.0
2022-07-10 02:00:00,0.0,0.0,8.227988913395869,21.692984897392847,0.020000016,73.38923276195261,0.0,17.2,0.0,73.38923276195261,0.0,0.0,0.0,0.0,32.84711740295597,32.84711740295597,0.0
2022-07-10 03:00:00,0.0,0.0,2.1459100757872247,15.85607354980024,0.020000016,61.47024257675135,0.0,17.8,0.0,61.47024257675135,0.0,0.0,0.0,0.0,27.727909818129522,27.727909818129522,0.0
2022-07-10 04:00:00,0.0,0.0,0.26134669383950837,11.551840051102891,1.1029848854569215,50.584397927136386,0.0,17.8,0.0,50.584397927136386,0.0,0.0,0.0,0.0,23.009627130632314,23.009627130632314,0.0
2022-07-10 05:00:00,0.0,0.0,43.163044808373584,40.83459746264813,0.020000016,113.86434632961569,11.998007729296898,18.67493774154053,0.339427730872366,113.52491859874331,0.339427730872373,0.0,0.2980983440503791,100.00000000000206,50.70454782308275,50.553409140218555,0.15113868286419319
2022-07-10 06:00:00,0.0,0.0,58.84901299593818,40.83459746264813,1.103132180546421,157.61862246493152,49.48297103320318,19.8463428447876,5.749067404859329,151.8695550600722,5.749067404859318,0.0,3.647454415570993,99.9999999999998,65.1280347441359,62.75976391737815,2.368270826757751
2022-07-10 07:00:00,0.0,0.0,85.28916714019418,40.83459746264813,1.1034862396093614,272.26984179658126,122.89255794157073,23.840392435674087,34.94564155025602,237.32420024632523,34.94564155025603,0.0,12.834929245070292,100.00000000000003,102.76409390839409,89.59989600820488,13.164197900189208
2022-07-10 08:00:00,0.0,0.0,95.01303486523636,40.83459746264813,0.020000016,273.64513141419485,346.7150923558926,31.934846636121645,97.29180091751046,176.3533304966844,97.29180091751044,0.0,35.55400398125395,99.99999999999999,100.47651568685599,64.75437160297827,35.72214408387772
2022-07-10 09:00:00,0.0,0.0,102.87222344261646,40.83459746264813,1.1035022505321983,279.57772504370683,432.12657520778885,34.6039554752434,120.03008111202764,159.5476439316792,120.03008111202763,0.0,42.93263388321195,99.99999999999999,99.80524002713287,57.041522878945216,42.76371714818765
2022-07-10 10:00:00,0.0,0.0,107.72998696590062,40.83459746264813,2.187304415511247,286.3620835148591,593.7353305132685,39.65422907853964,161.7242735218816,124.63780999297748,161.7242735218816,0.0,56.47544938102459,100.0,100.76373533776855,44.07937746834906,56.68435786941949
2022-07-10 11:00:00,0.0,0.0,109.60807558145348,40.83459746264813,1.1038310021252777,287.6958231879664,703.0192876265655,44.169352738330176,188.1090766693502,99.58674651861622,188.1090766693502,0.0,65.38470895576711,100.0,100.58876425137164,34.94904249298523,65.63972175838641
2022-07-10 12:00:00,0.0,0.0,122.28960588232266,40.83459746264813,1.1037798306462487,302.52719822117126,723.4506980052613,44.80783431266441,193.0837620197444,109.44343620142686,193.0837620197444,0.0,63.82360434204165,100.0,106.65503179764863,38.71078678052079,67.94424501712784
2022-07-10 13:00:00,0.0,0.0,132.42757877116074,40.83459746264813,1.1034172365815906,309.1330803722511,684.8421629090747,42.501317590908585,184.4626447284548,124.67043564379628,184.4626447284548,0.0,59.67094964612944,100.0,110.01510620182766,44.486596288491384,65.52850991333628
2022-07-10 14:00:00,0.0,0.0,140.37973992429463,40.83459746264813,1.1033911247117028,317.085241525385,586.4406924866082,39.42627164020651,159.87978068632776,157.20546083905725,159.87978068632776,0.0,50.4217036142088,100.0,115.37512373440944,57.30119159681117,58.07393213759827
2022-07-10 15:00:00,0.0,0.0,145.08446750769068,40.83459746264813,1.1035462747789448,324.67986153058314,419.4298180349542,33.70718181359232,116.90416131994563,207.77570021063752,116.90416131994562,0.0,36.005978556490746,99.99999999999999,119.63542782641039,76.6310630432552,43.0043647831552
2022-07-10 16:00:00,0.0,0.0,140.1120307490828,40.83459746264813,1.1032579547832702,302.65433756898744,296.3652358670402,28.661413620845003,84.1968886276946,218.45744894129285,84.19688862769459,0.0,27.81948849766696,99.99999999999997,109.61575144126364,79.17647128013635,30.439280161127286
2022-07-10 17:00:00,0.0,0.0,125.4701538373737,40.83459746264813,0.020000016,244.40599271562488,188.77435174845854,24.79919849213933,54.40740612307824,189.99858659254664,54.40740612307823,0.0,22.26107695582702,99.99999999999999,92.06278425739397,71.56941863004471,20.493365627349263
2022-07-10 18:00:00,0.0,0.0,112.76499694910072,40.83459746264813,1.1029198311442348,232.1002116047277,0.0,18.3,0.0,232.1002116047277,0.0,0.0,0.0,0.0,91.93618980910283,91.93618980910283,0.0
2022-07-10 19:00:00,0.0,0.0,83.48947477790716,40.83459746264813,0.020000016,195.4748609088978,0.0,17.8,0.0,195.4748609088978,0.0,0.0,0.0,0.0,78.87673001359884,78.87673001359884,0.0
2022-07-10 20:00:00,0.0,0.0,66.13727212048347,40.83459746264813,1.1029263364466146,176.83826161956196,0.0,17.8,0.0,176.83826161956196,0.0,0.0,0.0,0.0,69.53863310726305,69.53863310726305,0.0
2022-07-10 21:00:00,0.0,0.0,8.85778270016119,15.122715523785116,0.020000016,71.65621652974029,0.0,17.2,0.0,71.65621652974029,0.0,0.0,0.0,0.0,28.125799750425,28.125799750425,0.0
2022-07-10 22:00:00,0.0,0.0,13.272760169091029,23.846688885559274,1.1026044184690043,80.58770800581419,0.0,17.2,0.0,80.58770800581419,0.0,0.0,0.0,0.0,31.977078218624165,31.977078218624165,0.0
2022-07-10 23:00:00,0.0,0.0,9.240629415953592,19.452370432708427,0.020000016,72.16125879982593,0.0,17.2,0.0,72.16125879982593,0.0,0.0,0.0,0.0,28.836353577221576,28.836353577221576,0.0
2022-07-11 00:00:00,0.0,0.0,5.215973941080811,15.079349258675157,0.020000016,63.76358215091984,0.0,17.8,0.0,63.76358215091984,0.0,0.0,0.0,0.0,26.18620311397383,26.18620311397383,0.0
2022-07-11 01:00:00,0.0,0.0,3.0567319815014593,11.159115760843585,1.1029077945287837,57.68410669350893,0.0,17.2,0.0,57.68410669350893,0.0,0.0,0.0,0.0,24.780949493108913,24.780949493108913,0.0
2022-07-11 02:00:00,0.0,0.0,1.9840715936227495,10.942654021453,0.020000016,56.39498456623963,0.0,17.2,0.0,56.39498456623963,0.0,0.0,0.0,0.0,24.812882621543267,24.812882621543267,0.0
2022-07-11 03:00:00,0.0,0.0,0.5714460532412234,10.795693875837344,0.020000016,54.83539888024245,0.0,17.8,0.0,54.83539888024245,0.0,0.0,0.0,0.0,23.820808160807637,23.820808160807637,0.0
2022-07-11 04:00:00,0.0,0.0,0.13232020317485244,8.515574047483824,1.102954846452757,47.41910543285267,0.0,17.8,0.0,47.41910543285267,0.0,0.0,0.0,0.0,20.37968455802278,20.37968455802278,0.0
2022-07-11 05:00:00,0.0,0.0,42.58827803579896,40.83459746264813,0.020000016,113.28957955704108,9.746311674902355,18.6045722398407,0.22403718485532,113.06554237218576,0.22403718485531954,0.0,0.1977562152947326,99.99999999999979,47.38640121299777,47.29269878061796,0.09370243237980702
2022-07-11 06:00:00,0.0,0.0,59.18974407654785,40.83459746264813,0.020000016,157.95935354554115,43.48664649140617,19.658957702856444,4.443171473924224,153.51618207161692,4.443171473924224,0.0,2.812857468831826,100.0,62.01844321314258,60.27405409247993,1.7443891206626532
2022-07-11 07:00:00,0.0,0.0,90.80888262367249,40.83459746264813,1.1033149885766895,277.78955728005957,98.16612984492126,21.967691557653787,22.45180528959693,255.33775199046264,22.451805289596933,0.0,8.082307164254436,100.00000000000003,102.62105103753795,94.3429581682371,8.278092869300849
2022-07-11 08:00:00,0.0,0.0,102.89303524157536,40.83459746264813,1.1034983769118996,281.52513179053386,193.3442658541818,25.44200830794318,55.592082633173504,225.93304915736036,55.592082633173504,0.0,19.74675663220585,100.0,101.04521042408534,81.1312925436431,19.91391788044224
2022-07-11 09:00:00,0.0,0.0,113.63324488028094,40.83459746264813,1.103569454107514,290.33874648137134,363.1773095164109,32.449290922387846,101.71217658439265,188.6265698969787,101.71217658439264,0.0,35.0322434800891,99.99999999999999,106.57591146052742,69.30958708177181,37.26632437875561
2022-07-11 10:00:00,0.0,0.0,115.20867175769725,40.83459746264813,1.1037281914539339,293.8407683066557,597.8177057034993,39.281803303234355,163.07349714216602,130.7672711644897,163.07349714216602,0.0,55.49723344446901,100.0,108.8243127417057,48.54011768567547,60.28419505603023
2022-07-11 11:00:00,0.0,0.0,117.03358385454798,40.83459746264813,2.1876428684294487,295.12133146106095,683.0882051924054,43.04650641226267,183.59337288797747,111.52795857308348,183.59337288797747,0.0,62.20945533793149,100.0,108.72702435712479,41.333569037406015,67.39345531971878
2022-07-11 12:00:00,0.0,0.0,132.10084178675248,40.83459746264813,1.1037730343474565,312.3384341256011,722.4795884096661,44.27748713780207,193.2328805212703,119.10555360433082,193.2328805212703,0.0,61.86650741918148,100.0,116.8571399378363,44.684659063141844,72.17248087469446
2022-07-11 13:00:00,0.0,0.0,141.35875288207072,40.83459746264813,1.1034142733952532,318.06425448316116,689.5459138440294,43.748309807625915,184.81333774824202,133.25091673491914,184.81333774824202,0.0,58.105661086799785,100.0,121.60061549054403,51.05921260541754,70.54140288512649
2022-07-11 14:00:00,0.0,0.0,146.24660889169192,40.83459746264813,1.1033890951270369,322.95211049278225,594.1018342245144,39.66568231951608,161.8168526754203,161.13525781736195,161.8168526754203,0.0,50.10552568568423,100.0,127.42242007103529,63.676289128080214,63.74613094295508
2022-07-11 15:00:00,0.0,0.0,149.96777020906498,40.83459746264813,1.103591890726971,329.56316423195756,475.34568649657666,35.454552703018024,131.60403023890836,197.9591339930492,131.60403023890836,0.0,39.93287009050594,100.0,131.30881580334005,78.95278445339515,52.3560313499449
2022-07-11 16:00:00,0.0,0.0,146.8045619518804,40.83459746264813,1.1032725592532406,309.346868771785,326.70936860218814,30.209667768818377,92.27859658931237,217.06827218247264,92.27859658931237,0.0,29.830137591400423,100.0,120.9893165304952,84.95729292026641,36.03202361022879
2022-07-11 17:00:00,0.0,0.0,128.75232252441523,40.83459746264813,0.020000016,247.68816140266645,189.39332953375614,24.81854154792988,54.58190040267024,193.1062609999962,54.58190040267024,0.0,22.036539854618443,100.0,101.25232918853811,78.94061285143658,22.31171633710153
2022-07-11 18:00:00,0.0,0.0,111.79335227988099,40.83459746264813,1.1030575459426797,231.128566935508,0.0,18.3,0.0,231.128566935508,0.0,0.0,0.0,0.0,95.66394925498294,95.66394925498294,0.0
2022-07-11 19:00:00,0.0,0.0,81.69189104160547,40.83459746264813,0.020000016,193.67727717259612,0.0,17.8,0.0,193.67727717259612,0.0,0.0,0.0,0.0,80.01071582477672,80.01071582477672,0.0
2022-07-11 20:00:00,0.0,0.0,67.04440463876102,40.83459746264813,1.1028959319877385,177.7453941378395,0.0,17.8,0.0,177.7453941378395,0.0,0.0,0.0,0.0,71.38471849451523,71.38471849451523,0.0
2022-07-11 21:00:00,0.0,0.0,9.941810337715369,16.059863634126625,0.020000016,73.67739227763599,0.0,17.8,0.0,73.67739227763599,0.0,0.0,0.0,0.0,30.239329254059385,30.239329254059385,0.0
2022-07-11 22:00:00,0.0,0.0,13.719134079587725,23.177634103392126,0.020000016,80.36502713414373,0.0,17.2,0.0,80.36502713414373,0.0,0.0,0.0,0.0,32.55183882562701,32.55183882562701,0.0
2022-07-11 23:00:00,0.0,0.0,12.495507211014262,21.738380980804525,1.1028871643177733,77.70214714298265,0.0,17.2,0.0,77.70214714298265,0.0,0.0,0.0,0.0,31.986135176117074,31.986135176117074,0.0
2022-07-12 00:00:00,0.0,0.0,12.78864454177429,23.297726495078884,0.020000016,79.55462998801706,0.0,17.2,0.0,79.55462998801706,0.0,0.0,0.0,0.0,33.812329890320676,33.812329890320676,0.0
2022-07-12 01:00:00,0.0,0.0,10.704617960706214,21.286988994371843,0.020000016,75.45986590624194,0.0,17.8,0.0,75.45986590624194,0.0,0.0,0.0,0.0,32.28004945524,32.28004945524,0.0
2022-07-12 02:00:00,0.0,0.0,7.841910774759698,19.231451144524982,1.1028621465924429,70.54162087044857,0.0,17.8,0.0,70.54162087044857,0.0,0.0,0.0,0.0,30.843967140955748,30.843967140955748,0.0
2022-07-12 03:00:00,0.0,0.0,3.1426509635717848,11.719101448113651,0.020000016,58.33001136284931,0.0,17.2,0.0,58.33001136284931,0.0,0.0,0.0,0.0,25.733260673372776,25.733260673372776,0.0
2022-07-12 04:00:00,0.0,0.0,3.0583938835287583,12.492453318223637,0.020000016,54.32205838394639,0.0,17.8,0.0,54.32205838394639,0.0,0.0,0.0,0.0,24.275511527986133,24.275511527986133,0.0
2022-07-12 05:00:00,0.0,0.0,45.37363168374816,40.83459746264813,1.1029334370163233,116.0749332049903,16.50428526269541,18.31575891445923,0.643111218518134,115.43182198647217,0.6431112185181291,0.0,0.5540483209948386,99.99999999999925,51.99934406346814,51.71234281998005,0.287001243488092
2022-07-12 06:00:00,0.0,0.0,59.227554381189556,40.83459746264813,0.020000016,157.99716385018283,73.54521385664076,20.598287933020025,12.665064065956471,145.33209978422636,12.665064065956471,0.0,8.016007222740926,100.0,66.57965592853391,61.24291455774151,5.336741370792403
2022-07-12 07:00:00,0.0,0.0,93.80759831307407,40.83459746264813,1.1033587171001877,280.7882729694611,94.42442113242167,21.25076316038818,20.82736565475078,259.9609073147103,20.827365654750793,0.0,7.417462785924825,100.00000000000007,110.29293414252834,102.12673234295711,8.166201799571226
2022-07-12 08:00:00,0.0,0.0,108.18849972112065,40.83459746264813,1.1034966644767008,286.8205962700792,159.68405290527485,23.890126653289837,46.177862538201836,240.64273373187734,46.17786253820185,0.0,16.0999116307252,100.00000000000003,108.22105799865183,90.82955140951425,17.391506589137578
2022-07-12 09:00:00,0.0,0.0,119.46228446879198,40.83459746264813,1.1035665981316334,296.16778606988237,301.0802574470427,29.408758045220083,85.29664735299436,210.87113871688803,85.29664735299434,0.0,28.800109723232403,99.99999999999997,109.1603069570382,77.77924391263483,31.381063044403376
2022-07-12 10:00:00,0.0,0.0,131.022104973846,40.83459746264813,1.1037025664117952,309.6542015228045,580.2547558840413,39.23296112137629,158.31285274781962,151.34134877498488,158.31285274781962,0.0,51.125691810179,100.0,114.65775288402513,56.13978155858482,58.51797132544031
2022-07-12 11:00:00,0.0,0.0,140.46807372569654,40.83459746264813,2.1876419473367865,318.55582133220946,690.7980857383662,43.28744017932395,185.48819990303568,133.06762142917378,185.48819990303568,0.0,58.22784814520695,100.0,115.67923757868203,48.55105803377342,67.12817954490862
2022-07-12 12:00:00,0.0,0.0,151.9902424252295,40.83459746264813,1.1037637188410474,332.2278347640781,680.699792002918,43.47186850009119,182.6429019647109,149.58493279936724,182.6429019647109,0.0,54.975195589619815,100.0,122.93033983320925,55.458398989405744,67.47194084380351
2022-07-12 13:00:00,0.0,0.0,158.6243796120697,40.83459746264813,1.1033428450051197,335.3298812131601,689.8884324352223,44.3590135136007,184.45618435264652,150.87369686051358,184.45618435264652,0.0,55.00738069787248,100.0,124.97993608379012,56.34102304340506,68.63891304038506
2022-07-12 14:00:00,0.0,0.0,165.93629610987392,40.83459746264813,1.1033079343126238,342.6417977109643,600.557759627712,39.867429988366,163.4461582983387,179.19563941262558,163.4461582983387,0.0,47.70175716747021,100.0,129.6452958076956,67.89697166416622,61.74832414352937
2022-07-12 15:00:00,0.0,0.0,169.31761167463165,40.83459746264813,1.1035894920782494,348.91300569752417,480.55842763442394,36.117450863575755,132.7077688956777,216.20523680184647,132.7077688956777,0.0,38.03462947171516,100.0,133.69456228996393,82.91990637163318,50.77465591833075
2022-07-12 16:00:00,0.0,0.0,164.0383045244156,40.83459746264813,0.020000016,326.5806113443203,339.5890453328284,31.21215766665089,95.55367587101884,231.02693547330145,95.55367587101884,0.0,29.258833057384027,100.0,125.04315257961976,88.45803893050342,36.58511364911634
2022-07-12 17:00:00,0.0,0.0,144.0539174380618,40.83459746264813,1.1031471828667971,262.98975631631293,190.19350070440308,25.343546897012594,54.70610148648199,208.28365482983094,54.706101486482,0.0,20.801609253815887,100.00000000000003,104.97374102352508,83.17883019131065,21.794910832214427
2022-07-12 18:00:00,0.0,0.0,124.81854500995887,40.83459746264813,1.103071718120752,244.1537596655859,0.0,18.3,0.0,244.1537596655859,0.0,0.0,0.0,0.0,103.2888712320459,103.2888712320459,0.0
2022-07-12 19:00:00,0.0,0.0,97.16933138256492,40.83459746264813,0.020000016,209.15471751355554,0.0,17.8,0.0,209.15471751355554,0.0,0.0,0.0,0.0,88.47918384015982,88.47918384015982,0.0
2022-07-12 20:00:00,0.0,0.0,82.27684164218186,40.83459746264813,1.1028821404379494,192.97783114126037,0.0,17.8,0.0,192.97783114126037,0.0,0.0,0.0,0.0,80.5005094806082,80.5005094806082,0.0
2022-07-12 21:00:00,0.0,0.0,17.754414729979334,21.485529298363772,0.020000016,86.91566233413711,0.0,17.2,0.0,86.91566233413711,0.0,0.0,0.0,0.0,36.38345521605123,36.38345521605123,0.0
2022-07-12 22:00:00,0.0,0.0,20.006604519238664,26.58127068487327,0.020000016,90.05613415527583,0.0,17.2,0.0,90.05613415527583,0.0,0.0,0.0,0.0,37.59258112690448,37.59258112690448,0.0
2022-07-12 23:00:00,0.0,0.0,17.82581399836591,24.3598071476119,1.1028656273204493,85.6538800971417,0.0,16.7,0.0,85.6538800971417,0.0,0.0,0.0,0.0,36.047718119370494,36.047718119370494,0.0
2022-07-13 00:00:00,0.0,0.0,15.892697520981738,23.27865735099256,0.020000016,82.63961382313819,0.0,16.7,0.0,82.63961382313819,0.0,0.0,0.0,0.0,34.976685581115206,34.976685581115206,0.0
2022-07-13 01:00:00,0.0,0.0,14.443104926665416,23.265395221460594,0.020000016,81.1767590992899,0.0,16.7,0.0,81.1767590992899,0.0,0.0,0.0,0.0,35.27733814257757,35.27733814257757,0.0
2022-07-13 02:00:00,0.0,0.0,12.834235826591668,22.611358996230145,0.020000016,78.9138537739857,0.0,15.0,0.0,78.9138537739857,0.0,0.0,0.0,0.0,35.14630751233218,35.14630751233218,0.0
2022-07-13 03:00:00,0.0,0.0,12.879489451174015,23.26539522146059,1.1029158310771707,79.61314362379849,0.0,15.6,0.0,79.61314362379849,0.0,0.0,0.0,0.0,35.021767538888064,35.021767538888064,0.0
2022-07-13 04:00:00,0.0,0.0,12.957827556841993,22.83852384664319,0.020000016,74.56756258567918,0.0,15.0,0.0,74.56756258567918,0.0,0.0,0.0,0.0,32.973648808421174,32.973648808421174,0.0
2022-07-13 05:00:00,0.0,0.0,56.238137624017874,40.83459746264813,1.1027683850287402,126.93943914525997,45.43833382973049,18.119947932179077,4.87802905422905,122.06141009103092,4.878029054229046,0.0,3.842800225899057,99.99999999999991,55.918620717210274,53.777409863856434,2.14121085335384
2022-07-13 06:00:00,0.0,0.0,76.60459132664286,40.83459746264813,0.020000016,175.37420079563614,157.8327317777759,23.2322728680555,45.75313469554103,129.6210661000951,45.753134695541036,0.0,26.08886283613474,100.00000000000003,72.47260513493987,53.56626605037492,18.906339084564948
2022-07-13 07:00:00,0.0,0.0,110.24863602807696,40.83459746264813,1.1033901413440546,297.2293106844641,254.30196876905887,27.94693652403309,72.44039383414051,224.7889168503236,72.44039383414051,0.0,24.371887707616615,100.0,111.67451882408871,84.50574911659432,27.16876970749439
2022-07-13 08:00:00,0.0,0.0,119.76723646654956,40.83459746264813,1.1035447982192075,298.399333015508,343.606090236649,32.43769031989528,96.23526859560134,202.16406441990665,96.23526859560133,0.0,32.250497218973315,99.99999999999999,105.32925470927357,71.42412605401428,33.90512865525929
2022-07-13 09:00:00,0.0,0.0,128.3839577304696,40.83459746264813,1.1034980935799066,305.08945933155996,416.74286209843285,34.12321444057603,115.97049632380903,189.11896300775095,115.97049632380902,0.0,38.011964286768944,99.99999999999999,106.12727101593951,65.8617348398314,40.265536176108114
2022-07-13 10:00:00,0.0,0.0,135.9307131168195,40.83459746264813,1.1037112579346016,314.562809665778,585.1713331725036,39.98660416164074,159.18431845409822,155.37849121167977,159.18431845409822,0.0,50.60493916087253,100.0,109.47312530480185,54.17488083862494,55.29824446617692
2022-07-13 11:00:00,0.0,0.0,144.73536092064467,40.83459746264813,1.1038246120767188,322.8231085271576,696.0969460263788,43.453029563324336,186.78818453406046,136.03492399309715,186.78818453406046,0.0,57.86084688492702,100.0,113.17714736976512,47.80688642838,65.37026094138513
2022-07-13 12:00:00,0.0,0.0,159.98702405136174,40.83459746264813,2.1875327567000795,340.2246163902104,721.9274373213196,45.36023241629124,192.25226269398217,147.9723536962282,192.25226269398217,0.0,56.507452263090876,100.0,119.33128869950777,52.122781445632,67.20850725387577
2022-07-13 13:00:00,0.0,0.0,168.27134044717238,40.83459746264813,1.1033860096194659,344.9768420482627,689.7633680173153,43.755105250541106,184.86662547638164,160.11021657188107,184.86662547638164,0.0,53.588126199647505,100.0,124.0850237401236,57.6966455321728,66.38837820795081
2022-07-13 14:00:00,0.0,0.0,178.9548663279605,40.83459746264813,0.020000016,355.6603679290509,599.236212290119,40.42613163406622,162.72973282595862,192.93063510309227,162.72973282595862,0.0,45.75424969993307,100.0,128.14447497232084,69.51457953245622,58.62989543986461
2022-07-13 15:00:00,0.0,0.0,184.37769470462146,40.83459746264813,1.1035501986277596,363.97308872751404,476.49637068517694,35.99051158391178,131.65047268498358,232.32261604253046,131.65047268498358,0.0,36.1703864275369,100.0,131.67669351130056,84.12059326330395,47.55610024799661
2022-07-13 16:00:00,0.0,0.0,176.85155294433935,40.83459746264813,1.103194029509501,339.39385976424404,339.63994171814784,31.71374817869212,95.38646131287331,244.00739845137073,95.38646131287331,0.0,28.10494608804425,100.0,126.64829784352666,91.10968701988288,35.53861082364378
2022-07-13 17:00:00,0.0,0.0,153.38291477378428,40.83459746264813,1.103143217325039,272.3187536520355,190.56132138356284,25.955041293236338,54.68772782578966,217.63102582624586,54.687727825789665,0.0,20.082248134724043,100.00000000000003,103.53814202898302,82.78524307365235,20.752898955330664
2022-07-13 18:00:00,0.0,0.0,131.47189707232263,40.83459746264813,0.020000016,250.80711172794963,0.0,18.9,0.0,250.80711172794963,0.0,0.0,0.0,0.0,101.92534103960865,101.92534103960865,0.0
2022-07-13 19:00:00,0.0,0.0,100.88740635983619,40.83459746264813,1.1031218928770985,212.87279249082678,0.0,18.9,0.0,212.87279249082678,0.0,0.0,0.0,0.0,89.82125628415834,89.82125628415834,0.0
2022-07-13 20:00:00,0.0,0.0,86.38591890624875,40.83459746264813,0.020000016,197.08690840532722,0.0,18.3,0.0,197.08690840532722,0.0,0.0,0.0,0.0,81.27534399572588,81.27534399572588,0.0
2022-07-13 21:00:00,0.0,0.0,18.597900874381587,22.585040228535405,1.1028553960663168,88.85865940871096,0.0,18.3,0.0,88.85865940871096,0.0,0.0,0.0,0.0,36.73236309336622,36.73236309336622,0.0
2022-07-13 22:00:00,0.0,0.0,21.197351553804257,27.412786690701783,0.020000016,92.07839719566992,0.0,18.3,0.0,92.07839719566992,0.0,0.0,0.0,0.0,36.765440699548364,36.765440699548364,0.0
2022-07-13 23:00:00,0.0,0.0,20.721249862559514,27.1309539865837,0.020000016,91.32046280030711,0.0,17.8,0.0,91.32046280030711,0.0,0.0,0.0,0.0,37.28152713087649,37.28152713087649,0.0
2022-07-14 00:00:00,0.0,0.0,17.749512334574202,24.81463425903834,1.1028870638053796,86.03240554477642,0.0,17.8,0.0,86.03240554477642,0.0,0.0,0.0,0.0,36.294331342927684,36.294331342927684,0.0
2022-07-14 01:00:00,0.0,0.0,16.90828583202326,24.583181566750977,0.020000016,84.95972634993812,0.0,18.3,0.0,84.95972634993812,0.0,0.0,0.0,0.0,36.7669489986766,36.7669489986766,0.0
2022-07-14 02:00:00,0.0,0.0,14.467104301042928,22.294520183083392,0.020000016,80.2298834352902,0.0,17.8,0.0,80.2298834352902,0.0,0.0,0.0,0.0,34.23769227300146,34.23769227300146,0.0
2022-07-14 03:00:00,0.0,0.0,14.071740536080897,23.58223403460735,1.1029347103661093,81.12223352185212,0.0,17.2,0.0,81.12223352185212,0.0,0.0,0.0,0.0,35.431997925722705,35.431997925722705,0.0
2022-07-14 04:00:00,0.0,0.0,13.819763126219659,22.67312826710513,0.020000016,75.26410257551878,0.0,17.8,0.0,75.26410257551878,0.0,0.0,0.0,0.0,32.926001080259425,32.926001080259425,0.0
2022-07-14 05:00:00,0.0,0.0,60.25382477261407,40.83459746264813,0.020000016,130.95512629385618,42.40400392571826,19.625125122678696,4.225209802616453,126.72991649123973,4.2252098026164475,0.0,3.2264562084689272,99.99999999999987,56.79949406044003,54.96699944299626,1.8324946174437713
2022-07-14 06:00:00,0.0,0.0,79.05069565342917,40.83459746264813,1.1031177752173846,177.8203051224224,155.92340876027458,24.87260652375858,44.92710840183301,132.8931967205894,44.92710840183301,0.0,25.26545456712743,100.0,72.80531469830846,54.46090243121402,18.34441226709444
2022-07-14 07:00:00,0.0,0.0,114.57030047259444,40.83459746264813,1.1034234342027471,301.5509751289815,258.5350726899406,30.279221021560645,73.003702079487,228.54727304949452,73.003702079487,0.0,24.20940673405594,100.0,111.00056214766643,84.17608185557972,26.824480292086704
2022-07-14 08:00:00,0.0,0.0,127.1683435903106,40.83459746264813,1.1034387412480453,305.8004401392692,342.4494541479833,34.601545442124475,95.12170311287312,210.67873702639608,95.12170311287312,0.0,31.105809746235913,100.0,105.08363856348055,72.45832122131176,32.625317342168785
2022-07-14 09:00:00,0.0,0.0,136.04157627648902,40.83459746264813,1.103474798640519,312.74707787757944,414.1230131382038,36.24134416056887,114.30674083320767,198.44033704437177,114.30674083320767,0.0,36.54925942360091,100.0,103.82429787841893,65.9499023707439,37.87439550767503
2022-07-14 10:00:00,0.0,0.0,144.59647199635808,40.83459746264813,1.1036007800996137,323.2285685453166,586.2735280710943,41.1210477522217,158.7754244062291,164.4531441390875,158.7754244062291,0.0,49.12171752663899,100.0,107.49119482040803,54.78728044300433,52.7039143774037
2022-07-14 11:00:00,0.0,0.0,140.78736399833141,40.83459746264813,1.1038205806178394,318.8751116048444,699.194838928575,45.14983871651797,186.35523406732645,132.51987753751794,186.35523406732645,0.0,58.4414484810157,100.0,106.77796627989513,44.49152462140226,62.28644165849286
2022-07-14 12:00:00,0.0,0.0,146.9530872185641,40.83459746264813,1.1037662371375505,327.19067955741275,717.7015786208668,45.22817433190209,191.22789479430446,135.9627847631083,191.22789479430446,0.0,58.44539797190321,100.0,109.09597149177972,45.45054740686534,63.64542408491438
2022-07-14 13:00:00,0.0,0.0,154.95108198119823,40.83459746264813,1.1034046415638283,331.65658358228865,678.7818755970686,43.41193361240839,182.17164508505604,149.4849384972326,182.17164508505604,0.0,54.927794020364054,100.0,114.86064082163777,51.87934882460677,62.981291997031
2022-07-14 14:00:00,0.0,0.0,158.93494343595168,40.83459746264813,1.1033277499105782,335.64044503704207,585.519391496862,40.49748098427694,158.96024975374976,176.6801952832923,158.96024975374976,0.0,47.360278567205015,100.0,118.6310638518225,62.54114492496313,56.089918926859376
2022-07-14 15:00:00,0.0,0.0,160.41052325044834,40.83459746264813,1.103583243643482,340.00591727334097,471.9195859880286,36.947487062125894,129.90471821009058,210.1011990632504,129.90471821009058,0.0,38.206605123773855,100.0,120.93310181420645,74.80458590139433,46.12851591281212
2022-07-14 16:00:00,0.0,0.0,150.78728145330066,40.83459746264813,1.1031461130433078,313.32958827320533,327.9293579585328,31.347792436204152,92.22547283012635,221.10411544307897,92.22547283012636,0.0,29.434013346263065,100.00000000000003,115.03078272073087,81.23106918321785,33.799713537513014
2022-07-14 17:00:00,0.0,0.0,131.3951064011272,40.83459746264813,1.103175822281034,250.33094527937845,191.60686193339984,25.987714435418745,54.981108385519484,195.34983689385896,54.98110838551949,0.0,21.963368661496713,100.00000000000003,94.3305726170491,73.6560264308422,20.674546186206896
2022-07-14 18:00:00,0.0,0.0,117.00102904761569,40.83459746264813,0.020000016,236.3362437032427,0.0,18.3,0.0,236.3362437032427,0.0,0.0,0.0,0.0,96.91564110411481,96.91564110411481,0.0
2022-07-14 19:00:00,0.0,0.0,91.11401352376674,40.83459746264813,1.1031093100602467,203.09939965475735,0.0,18.3,0.0,203.09939965475735,0.0,0.0,0.0,0.0,85.76642335663735,85.76642335663735,0.0
2022-07-14 20:00:00,0.0,0.0,76.91033533693114,40.83459746264813,0.020000016,187.61132483600966,0.0,17.2,0.0,187.61132483600966,0.0,0.0,0.0,0.0,78.09306274765544,78.09306274765544,0.0
2022-07-14 21:00:00,0.0,0.0,15.565714839997966,20.513417292807755,0.020000016,83.75485043859972,0.0,17.2,0.0,83.75485043859972,0.0,0.0,0.0,0.0,35.05291204845615,35.05291204845615,0.0
2022-07-14 22:00:00,0.0,0.0,20.205946380827037,26.865541529387933,1.1029195179314555,90.53974686137886,0.0,17.2,0.0,90.53974686137886,0.0,0.0,0.0,0.0,37.053690473333006,37.053690473333006,0.0
2022-07-14 23:00:00,0.0,0.0,16.81246488679294,24.032306097393043,0.020000016,78.95219362323384,0.0,17.2,0.0,78.95219362323384,0.0,0.0,0.0,0.0,32.353078065378845,32.353078065378845,0.0
2022-07-15 00:00:00,0.0,0.0,14.997974372610937,23.409744897480685,0.020000016,76.51514190913949,0.0,16.7,0.0,76.51514190913949,0.0,0.0,0.0,0.0,31.130725891220163,31.130725891220163,0.0
2022-07-15 01:00:00,0.0,0.0,13.251931231516352,22.747402502233115,1.1029068511977889,74.10675637279732,0.0,17.2,0.0,74.10675637279732,0.0,0.0,0.0,0.0,30.564933860388773,30.564933860388773,0.0
2022-07-15 02:00:00,0.0,0.0,12.086486151361957,22.188627980577994,0.020000016,72.38253677098783,0.0,17.0,0.0,72.38253677098783,0.0,0.0,0.0,0.0,29.60299177292318,29.60299177292318,0.0
2022-07-15 03:00:00,0.0,0.0,9.78713980405916,20.90065832553728,0.020000016,68.7952207686443,0.0,17.2,0.0,68.7952207686443,0.0,0.0,0.0,0.0,29.00594620670435,29.00594620670435,0.0
2022-07-15 04:00:00,0.0,0.0,6.431581150452372,16.081062353778698,1.1029239798756596,51.71555901967893,0.0,17.8,0.0,51.71555901967893,0.0,0.0,0.0,0.0,22.088485163369626,22.088485163369626,0.0
2022-07-15 05:00:00,0.0,0.0,54.314052144437454,40.83459746264813,0.020000016,125.01535366567956,27.833535170056564,18.669797974064267,1.8267278765987949,123.18862578908076,1.8267278765987953,0.0,1.4612028227219955,100.00000000000003,52.47754555879546,51.710794799871884,0.7667507589235782
2022-07-15 06:00:00,0.0,0.0,70.00983109481263,40.83459746264813,1.1029644016361506,145.84871914370314,57.73693423007796,19.604279194689937,7.833842368084318,138.01487677561883,7.833842368084305,0.0,5.371210946573831,99.99999999999983,59.052193589732546,55.89104234815132,3.161151241581223
2022-07-15 07:00:00,0.0,0.0,90.36682442387415,40.83459746264813,0.020000016,204.58402530596538,118.400606411442,22.600018950357562,32.585906773123874,171.99811853284152,32.58590677312387,0.0,15.927884263881333,99.99999999999997,74.67165564720786,62.77861432268697,11.893041324520887
2022-07-15 08:00:00,0.0,0.0,101.62607132538442,40.83459746264813,1.103115960659163,218.09096631332184,327.65326012288597,30.239164378840186,92.53489874498304,125.5560675683388,92.53489874498304,0.0,42.42949642033415,100.0,75.80748314186859,43.72702177046414,32.080461371404446
2022-07-15 09:00:00,0.0,0.0,109.47738613732444,40.83459746264813,0.020000016,224.97898365132775,427.99197300681556,33.97474915646299,119.16859011597128,105.81039353535647,119.16859011597128,0.0,52.9687654295117,100.0,76.32547142503955,35.89871891409745,40.4267525109421
2022-07-15 10:00:00,0.0,0.0,115.05263710094243,40.83459746264813,1.1031178603543466,232.80192872079192,582.2029561985763,39.29384238120551,158.80661632120646,73.99531239958546,158.80661632120646,0.0,68.21533532553727,100.0,79.81105640186831,25.503163785423737,54.307892616444576
2022-07-15 11:00:00,0.0,0.0,119.50117594188572,40.83459746264813,1.1031286792218964,235.96607092982313,688.5920265332862,43.218500829165194,184.94642973017645,51.019641199646685,184.94642973017645,0.0,78.37839948828065,100.0,81.28010023806827,17.72973278633368,63.55036745173459
2022-07-15 12:00:00,0.0,0.0,122.61750952927851,40.83459746264813,0.020000016,236.5136112533917,629.4322250804582,40.76975703376432,170.6993424066581,65.8142688467336,170.6993424066581,0.0,72.17315802758485,100.0,83.57923325171788,23.260060122189145,60.319173129528735
2022-07-15 13:00:00,0.0,0.0,116.62522323683964,40.83459746264813,1.102989094212013,191.422359220478,652.8613692050214,41.00191778765692,176.8917149467271,14.530644273750909,176.8917149467271,0.0,92.40911859360448,100.0,68.3363395195035,5.370849125641257,62.96549039386224
2022-07-15 14:00:00,0.0,0.0,119.07898750501504,40.83459746264813,0.020000016,192.59172685674133,549.9287093624235,37.78527216757574,150.88724724705503,41.7044796096863,150.88724724705503,0.0,78.34565363199218,100.0,70.43728439857628,15.255554771619552,55.18172962695673
2022-07-15 15:00:00,0.0,0.0,119.60120022728171,40.83459746264813,1.103011638083764,193.43503873698597,475.7188593710175,35.4662143553443,131.70143514738433,61.73360358960164,131.70143514738433,0.0,68.08561468869094,100.0,72.52686021155179,23.28171808841759,49.2451421231342
2022-07-15 16:00:00,0.0,0.0,114.64824895696256,40.83459746264813,0.020000016,177.7078497593267,296.862236929631,29.27694490405097,84.14337088318983,93.56447887613687,84.14337088318983,0.0,47.349270725602096,100.0,67.17272552394464,35.36863491437096,31.804090609573677
2022-07-15 17:00:00,0.0,0.0,40.92955638274791,22.88752097785402,0.020000016,84.1154857524498,107.60211268669038,22.262566021459072,26.946396675079097,57.1690890773707,26.9463966750791,0.0,32.035000968052195,100.00000000000003,32.88224150465194,22.349568704280397,10.53267280037154
2022-07-15 18:00:00,0.0,0.0,37.637513549385794,25.784128853099165,1.1029813168260791,86.68821983553283,0.0,17.8,0.0,86.68821983553283,0.0,0.0,0.0,0.0,35.28911675008202,35.28911675008202,0.0
2022-07-15 19:00:00,0.0,0.0,32.409357352768325,29.017283338256455,0.020000016,99.53406333007266,0.0,17.2,0.0,99.53406333007266,0.0,0.0,0.0,0.0,42.30756860771061,42.30756860771061,0.0
2022-07-15 20:00:00,0.0,0.0,22.884478321608004,25.784128853099155,0.020000016,86.77602981375504,0.0,17.2,0.0,86.77602981375504,0.0,0.0,0.0,0.0,35.16524829169668,35.16524829169668,0.0
2022-07-15 21:00:00,0.0,0.0,22.089706427751413,27.91803189521387,1.1028520109735571,88.11516096201316,0.0,17.2,0.0,88.11516096201316,0.0,0.0,0.0,0.0,37.49066738362761,37.49066738362761,0.0
2022-07-15 22:00:00,0.0,0.0,16.455879137981626,23.055874397003382,0.020000016,77.61917617403287,0.0,17.2,0.0,77.61917617403287,0.0,0.0,0.0,0.0,32.099130359125716,32.099130359125716,0.0
2022-07-15 23:00:00,0.0,0.0,17.854769572405143,24.5396871877214,0.020000016,80.5018793991744,0.0,17.2,0.0,80.5018793991744,0.0,0.0,0.0,0.0,33.168765286035,33.168765286035,0.0
2022-07-16 00:00:00,0.0,0.0,13.623411767786537,21.337244631389947,1.1028632495570772,73.06807903822435,0.0,17.2,0.0,73.06807903822435,0.0,0.0,0.0,0.0,30.40893360354507,30.40893360354507,0.0
2022-07-16 01:00:00,0.0,0.0,12.86713975873576,23.152929809631765,0.020000016,74.12749220741539,0.0,16.7,0.0,74.12749220741539,0.0,0.0,0.0,0.0,30.782077050604073,30.782077050604073,0.0
2022-07-16 02:00:00,0.0,0.0,10.940937234678664,21.337244631389947,0.020000016,70.38560450511648,0.0,16.7,0.0,70.38560450511648,0.0,0.0,0.0,0.0,29.411058501423312,29.411058501423312,0.0
2022-07-16 03:00:00,0.0,0.0,8.881326680011549,17.734412893767583,1.1027844649086784,64.723162212827,0.0,17.2,0.0,64.723162212827,0.0,0.0,0.0,0.0,27.772565597118138,27.772565597118138,0.0
2022-07-16 04:00:00,0.0,0.0,10.529211692991154,20.615895672854244,0.020000016,60.348022881293254,0.0,17.2,0.0,60.348022881293254,0.0,0.0,0.0,0.0,25.659959458916138,25.659959458916138,0.0
2022-07-16 05:00:00,0.0,0.0,16.298599615417547,23.90755763468109,0.020000016,60.5045656419465,37.394848151324794,18.9685890047289,3.293754868118859,57.21081077382764,3.29375486811886,0.0,5.443812104380056,100.00000000000004,25.280290876570906,23.90427537409123,1.3760155024796745
2022-07-16 06:00:00,0.0,0.0,23.55819967612512,25.12224255229595,1.102880394667893,68.97885062026893,39.7427393601562,19.24196060500488,3.7166650336013145,65.26218558666761,3.7166650336013163,0.0,5.3881225914616815,100.00000000000004,28.468176421485136,26.944975590764308,1.5232008307208282
2022-07-16 07:00:00,0.0,0.0,33.05558142915841,28.238201402118413,0.020000016,81.5921912231247,171.82654150314696,24.26957942197334,49.619782764771166,31.972408458353534,49.619782764771166,0.0,60.814376989924526,100.0,30.658603175603307,12.01595459305113,18.642648582552177
2022-07-16 08:00:00,0.0,0.0,38.6341714929763,27.231677271765296,0.020000016,86.16425715658946,232.79644938606853,27.27488904331464,66.4810504835196,19.68320667306986,66.4810504835196,0.0,77.1561813185497,100.0,31.019717838534852,7.088866501234719,23.930851337300133
2022-07-16 09:00:00,0.0,0.0,45.74606675665533,28.2902892697109,1.1028770685404243,94.33476441821409,436.21867303961534,35.33183353248798,120.82838394218841,0.0,94.33476441821409,26.493619523974317,100.0,78.07334778502833,33.056315267417844,0.1985734729096911,32.85774179450815
2022-07-16 10:00:00,0.0,0.0,47.9230709921964,27.231677271765296,0.020000016,95.45315665580956,578.6539869944841,39.78293709357763,157.53698688566615,0.0,95.45315665580956,62.08383022985659,100.0,60.59094980982817,32.946871701999406,0.0036010111631256747,32.94327069083628
2022-07-16 11:00:00,0.0,0.0,52.48307919411814,28.2902892697109,0.020000016,101.07177685567692,681.529604788973,42.997800149655404,183.20984075048554,0.0,101.07177685567692,82.13806389480862,100.0,55.16722051700656,35.02648776830801,0.0036010111631256747,35.02288675714488
2022-07-16 12:00:00,0.0,0.0,54.06032188873158,27.231677271765296,1.1030094193922813,101.59040755234471,716.0066396957383,44.07520749049182,191.65597384138673,0.0,101.59040755234471,90.06556628904201,100.0,53.00664806640481,35.543931898347154,0.1985973027353765,35.345334595611774
2022-07-16 13:00:00,0.0,0.0,62.1126791317758,28.2902892697109,0.020000016,110.70137679333456,678.894184857126,42.91544327678518,182.5609624980657,0.0,110.70137679333456,71.85958570473113,100.0,60.638033059508814,38.58192380987229,0.0036010111631256747,38.578322798709166
2022-07-16 14:00:00,0.0,0.0,61.07372869256072,27.231677271765296,0.020000016,108.60381435617388,585.6140408765152,39.4004387773911,159.67053332584433,0.0,108.60381435617388,51.06671896967045,100.0,68.01744322763857,38.17512666199935,0.0036010111631256747,38.17152565083622
2022-07-16 15:00:00,0.0,0.0,67.154672714841,28.2902892697109,1.1028708874233064,115.74337037639975,470.58288372763684,34.70571511648865,130.66090937782823,0.0,115.74337037639975,14.91753900142848,100.0,88.58301302779711,40.57506839895217,0.1985723599969943,40.376496038955175
2022-07-16 16:00:00,0.0,0.0,63.23426920839659,27.231677271765296,0.020000016,110.76435487200976,321.8503159685622,30.05782237401757,90.9582415403206,19.80611333168916,90.9582415403206,0.0,82.11869391143433,100.0,40.76986800003196,7.293141992324663,33.4767260077073
2022-07-16 17:00:00,0.0,0.0,60.416393065844915,28.2902892697109,0.020000016,109.0050907274037,175.8784622284665,24.39620194463958,50.76615859209153,58.23893213531217,50.76615859209153,0.0,46.57228231573684,100.0,42.15968477362559,22.526634430513077,19.633050343112515
2022-07-16 18:00:00,0.0,0.0,47.458670851057406,27.231677271765296,0.020000016,97.95692555587055,0.0,18.3,0.0,97.95692555587055,0.0,0.0,0.0,0.0,39.42685548575101,39.42685548575101,0.0
2022-07-16 19:00:00,0.0,0.0,38.35245812454578,28.2902892697109,1.1028902895123829,104.75017003330453,0.0,17.8,0.0,104.75017003330453,0.0,0.0,0.0,0.0,43.14771681955652,43.14771681955652,0.0
2022-07-16 20:00:00,0.0,0.0,32.28041063676588,27.231677271765296,0.020000016,97.61951054757904,0.0,17.8,0.0,97.61951054757904,0.0,0.0,0.0,0.0,40.65919856891337,40.65919856891337,0.0
2022-07-16 21:00:00,0.0,0.0,28.173234959315177,28.290289269710886,0.020000016,94.57094686807395,0.0,17.8,0.0,94.57094686807395,0.0,0.0,0.0,0.0,40.59865280901821,40.59865280901821,0.0
2022-07-16 22:00:00,0.0,0.0,24.09243620337164,27.154218999829897,1.1029094374772197,89.35407784224941,0.0,17.2,0.0,89.35407784224941,0.0,0.0,0.0,0.0,37.22958978111359,37.22958978111359,0.0
2022-07-16 23:00:00,0.0,0.0,23.719881865548228,27.985578379243993,0.020000016,95.17371919595611,0.0,17.2,0.0,95.17371919595611,0.0,0.0,0.0,0.0,39.28655360929401,39.28655360929401,0.0
2022-07-17 00:00:00,0.0,0.0,19.8350329622962,24.490259172094056,0.020000016,87.79355108555416,0.0,17.2,0.0,87.79355108555416,0.0,0.0,0.0,0.0,36.23073193110619,36.23073193110619,0.0
2022-07-17 01:00:00,0.0,0.0,17.03670231040503,23.21579404173528,1.1029225580634303,83.72075530330419,0.0,17.8,0.0,83.72075530330419,0.0,0.0,0.0,0.0,34.84348601915397,34.84348601915397,0.0
2022-07-17 02:00:00,0.0,0.0,15.009540221125055,22.66096017595546,0.020000016,81.1387593482444,0.0,17.2,0.0,81.1387593482444,0.0,0.0,0.0,0.0,33.72527509009024,33.72527509009024,0.0
2022-07-17 03:00:00,0.0,0.0,12.506610220143868,23.21579404173528,0.020000016,79.19066321304302,0.0,16.7,0.0,79.19066321304302,0.0,0.0,0.0,0.0,32.74022927680298,32.74022927680298,0.0
2022-07-17 04:00:00,0.0,0.0,13.405536062318888,22.717751388558717,1.1029722410025098,77.8626676742716,0.0,16.1,0.0,77.8626676742716,0.0,0.0,0.0,0.0,32.165887449099856,32.165887449099856,0.0
2022-07-17 05:00:00,0.0,0.0,55.40340507396897,40.83459746264813,0.020000016,126.1047065952111,24.885423820242984,17.977669494382592,1.4639038839153347,124.64080271129576,1.4639038839153358,0.0,1.160863795999608,100.00000000000007,50.318117895586404,49.73403488494302,0.5840830106433827
2022-07-17 06:00:00,0.0,0.0,70.36910329104091,40.83459746264813,1.103117349285027,169.1387127600342,113.93370563046099,21.860428300951906,30.25539228519377,138.88332047484042,30.25539228519378,0.0,17.887916841438106,100.00000000000003,65.91915496559615,54.163119739261255,11.756035226334895
2022-07-17 07:00:00,0.0,0.0,105.8026243923656,40.83459746264813,1.1034474348365542,292.7832990487527,262.4356691388383,28.2011146605887,74.68627635862671,218.097022690126,74.68627635862671,0.0,25.50906305150635,100.0,104.23043798560033,77.69291026985309,26.537527715747245
2022-07-17 08:00:00,0.0,0.0,121.20574362587946,40.83459746264813,1.1034749099477257,299.837840174838,338.8930367618907,32.29040739880908,94.9684504441593,204.86938973067868,94.96845044415932,0.0,31.673270588122705,100.00000000000003,104.14496435711462,71.22177679938568,32.92318755772894
2022-07-17 09:00:00,0.0,0.0,134.0251489159309,40.83459746264813,1.1035446131965627,310.7306505170213,411.2053083630556,34.55016588634549,114.24243352396822,196.48821699305307,114.2424335239682,0.0,36.765743364512474,99.99999999999999,107.95852961065187,68.33982487670731,39.618704733944554
2022-07-17 10:00:00,0.0,0.0,140.03311208162464,40.83459746264813,1.1036083750046641,318.66520863058315,577.8431896588967,39.75759967684052,157.3318510052229,161.33335762536026,157.3318510052229,0.0,49.372145670163796,100.0,109.31763921026888,55.443280129805416,53.874359080463464
2022-07-17 11:00:00,0.0,0.0,138.86010264344728,40.83459746264813,1.1038122929339609,316.9478502499602,688.3507065242065,44.31095957888145,184.08028885805024,132.86756139190996,184.08028885805024,0.0,58.07904635190797,100.0,109.35558148653534,45.95833000382284,63.397251482712505
2022-07-17 12:00:00,0.0,0.0,149.26295868965792,40.83459746264813,1.1037597613281958,329.50055102850655,723.8214787157157,44.81942120986612,193.17378368916877,136.32676733933778,193.17378368916877,0.0,58.626239952010415,100.0,114.00163271633727,47.28327130577215,66.71836141056511
2022-07-17 13:00:00,0.0,0.0,154.75290373792313,40.83459746264813,1.1034055889126189,331.45840533901355,684.6906934981401,44.19658417181688,183.18496900013923,148.27343633887432,183.18496900013923,0.0,55.26635199152027,100.0,115.73512498224153,51.88234033786299,63.85278464437854
2022-07-17 14:00:00,0.0,0.0,153.3482504457,40.83459746264813,1.1033857445011677,330.05375204679035,597.221896716069,41.463184272377156,161.52274149369654,168.5310105530938,161.52274149369654,0.0,48.93831398432281,100.0,116.76209840183176,59.71791940221044,57.04417899962132
2022-07-17 15:00:00,0.0,0.0,151.7972148642789,40.83459746264813,1.1035445433334616,331.3926088871715,471.00205544716897,36.41881423272403,129.91749150008275,201.47511738708874,129.91749150008275,0.0,39.2034970050631,100.0,120.38319415408864,73.26666709921112,47.11652705487752
2022-07-17 16:00:00,0.0,0.0,143.83117957052474,40.83459746264813,1.1031675925333124,306.37348639042943,322.62446095523455,31.78201440485108,90.5842653441058,215.78922104632363,90.5842653441058,0.0,29.566613746944487,100.0,115.23727431918532,81.22424144645376,34.01303287273156
2022-07-17 17:00:00,0.0,0.0,126.11356868182634,40.83459746264813,0.020000016,245.04940756007755,176.52061210406103,26.616269128251908,50.53391547420629,194.51549208587127,50.53391547420628,0.0,20.62192925800775,99.99999999999999,94.78871185540113,75.24219334997814,19.546518505422995
2022-07-17 18:00:00,0.0,0.0,111.92295542433592,40.83459746264813,1.1030415400389941,231.2581700799629,0.0,19.4,0.0,231.2581700799629,0.0,0.0,0.0,0.0,95.40065396288944,95.40065396288944,0.0
2022-07-17 19:00:00,0.0,0.0,89.33983221524807,40.83459746264813,0.020000016,201.3252183462387,0.0,19.4,0.0,201.3252183462387,0.0,0.0,0.0,0.0,85.4842754687926,85.4842754687926,0.0
2022-07-17 20:00:00,0.0,0.0,79.32626473198505,40.83459746264813,1.1028305231112792,190.02725423106358,0.0,19.4,0.0,190.02725423106358,0.0,0.0,0.0,0.0,78.82044125794613,78.82044125794613,0.0
2022-07-17 21:00:00,0.0,0.0,16.058418667104615,21.820920482053605,0.020000016,85.5550574549522,0.0,18.9,0.0,85.5550574549522,0.0,0.0,0.0,0.0,35.42296702222607,35.42296702222607,0.0
2022-07-17 22:00:00,0.0,0.0,16.964890724629345,25.131473072185095,0.020000016,85.56462274797833,0.0,17.8,0.0,85.56462274797833,0.0,0.0,0.0,0.0,34.104525761142405,34.104525761142405,0.0
2022-07-17 23:00:00,0.0,0.0,16.108957579367825,24.266342753604217,1.1028997591124983,83.84355928413594,0.0,17.8,0.0,83.84355928413594,0.0,0.0,0.0,0.0,34.135935049796295,34.135935049796295,0.0
2022-07-18 00:00:00,0.0,0.0,14.666454848236045,22.611358996230145,0.020000016,80.74607279563008,0.0,17.8,0.0,80.74607279563008,0.0,0.0,0.0,0.0,32.43849099243977,32.43849099243977,0.0
2022-07-18 01:00:00,0.0,0.0,13.732503106570627,23.265395221460594,0.020000016,80.46615727919512,0.0,17.2,0.0,80.46615727919512,0.0,0.0,0.0,0.0,31.97119597504176,31.97119597504176,0.0
2022-07-18 02:00:00,0.0,0.0,12.104000945776582,22.611358996230148,1.1029051634397624,78.18361889317063,0.0,17.8,0.0,78.18361889317063,0.0,0.0,0.0,0.0,30.693317244500218,30.693317244500218,0.0
2022-07-18 03:00:00,0.0,0.0,11.934569663657259,23.26539522146059,0.020000016,78.66822383628174,0.0,17.8,0.0,78.66822383628174,0.0,0.0,0.0,0.0,30.245632959425738,30.245632959425738,0.0
2022-07-18 04:00:00,0.0,0.0,12.639011219916227,22.781732634039933,0.020000016,77.16012407735015,0.0,17.8,0.0,77.16012407735015,0.0,0.0,0.0,0.0,29.651607086644148,29.651607086644148,0.0
2022-07-18 05:00:00,0.0,0.0,52.46282232392888,40.83459746264813,1.1029755225129394,123.164123845171,40.99105996457116,20.180970623892847,3.9403626492370636,119.22376119593395,3.940362649237059,0.0,3.1992779441117682,99.99999999999989,46.47443163131509,44.9939388749305,1.4804927563845922
2022-07-18 06:00:00,0.0,0.0,68.55952081351997,40.83459746264813,0.020000016,167.32913028251323,153.35555451117017,25.392361078474067,44.1022817472093,123.22684853530393,44.102281747209304,0.0,26.356607288132317,100.00000000000003,62.70517271062649,46.179165694312225,16.526007016314267
2022-07-18 07:00:00,0.0,0.0,100.01675679842486,40.83459746264813,1.1033802625068274,286.99743145481193,255.94838426680775,30.798387008337745,72.13169072393232,214.86574073087962,72.13169072393231,0.0,25.133218216724533,99.99999999999997,104.13908883602369,78.01551506499074,26.12357377103295
2022-07-18 08:00:00,0.0,0.0,110.67143285494403,40.83459746264813,1.10343674425299,289.3035294039025,339.0412959974059,33.395040499918935,94.61091282524524,194.69261657865724,94.61091282524524,0.0,32.702992950064235,100.0,99.58022266358209,67.07948188985384,32.50074077372825
2022-07-18 09:00:00,0.0,0.0,122.41123965091793,40.83459746264813,1.10350231020914,299.11674125200835,411.7577209054723,36.76742877829601,113.42304034076113,185.69370091124722,113.42304034076113,0.0,37.91932202323684,100.0,99.23175232535225,61.67908501413136,37.55266731122089
2022-07-18 10:00:00,0.0,0.0,132.8370371677056,40.83459746264813,1.1036261260156794,311.46913371666415,575.1270578965426,41.87272055926695,155.2960548866547,156.17307883000944,155.2960548866547,0.0,49.85921174068045,100.0,100.70512575438008,50.59341828327991,50.11170747110017
2022-07-18 11:00:00,0.0,0.0,138.44763119460413,40.83459746264813,2.187608660504707,316.53537880111713,686.5933364016759,44.75604176255237,183.28469180505456,133.25068699606257,183.28469180505456,0.0,57.903382711672954,100.0,101.67253964645293,43.02876965650769,58.64376998994524
2022-07-18 12:00:00,0.0,0.0,146.27414433431866,40.83459746264813,1.103748915693992,326.51173667316726,719.0706036241734,46.37095636325542,190.7170172937248,135.79471937944245,190.7170172937248,0.0,58.41046304703874,100.0,107.79904071130964,44.9492012472491,62.849839464060544
2022-07-18 13:00:00,0.0,0.0,143.04153182727765,40.83459746264813,1.103352008721788,319.747033428368,679.069678841016,45.12092746378175,181.01222938454558,138.73480404382244,181.01222938454558,0.0,56.61107389917262,100.0,105.15562270894783,45.738358413470735,59.417264295477096
2022-07-18 14:00:00,0.0,0.0,144.75330912298264,40.83459746264813,1.1033313059189247,321.458810724073,597.5048134897786,42.57202542155558,160.89325785585936,160.56555286821362,160.89325785585936,0.0,50.05097153612116,100.0,110.95728849351715,55.5215164992808,55.435771994236354
2022-07-18 15:00:00,0.0,0.0,146.52441965015962,40.83459746264813,1.1035343788459975,326.11981367305214,477.68679448845285,38.22771232776415,130.840586362792,195.27922731026013,130.840586362792,0.0,40.12040387523489,100.0,114.61945904816113,68.71338511984374,45.9060739283174
2022-07-18 16:00:00,0.0,0.0,132.4762927464643,40.83459746264813,0.020000016,295.01859956636895,329.6475011336536,32.50148441042667,92.30341606505276,202.71518350131618,92.30341606505277,0.0,31.28732093526453,100.00000000000003,106.13654220516436,72.93038827576163,33.20615392940273
2022-07-18 17:00:00,0.0,0.0,110.03894358105035,40.83459746264813,1.10305393951875,228.9747824593015,177.08195166756337,27.233810989611356,50.57808523536531,178.3966972239362,50.57808523536531,0.0,22.088932541885992,100.0,86.91479005767697,67.76011050776559,19.15467954991138
2022-07-18 18:00:00,0.0,0.0,96.84613992070645,40.83459746264813,1.1030391501177885,216.18135457633343,0.0,21.1,0.0,216.18135457633343,0.0,0.0,0.0,0.0,87.63855604802728,87.63855604802728,0.0
2022-07-18 19:00:00,0.0,0.0,80.47909324663877,40.83459746264813,0.020000016,192.46447937762935,0.0,20.0,0.0,192.46447937762935,0.0,0.0,0.0,0.0,79.57996465463776,79.57996465463776,0.0
2022-07-18 20:00:00,0.0,0.0,72.7846778858149,40.83459746264813,0.020000016,183.4856673848934,0.0,20.0,0.0,183.4856673848934,0.0,0.0,0.0,0.0,73.88043527034274,73.88043527034274,0.0
2022-07-18 21:00:00,0.0,0.0,12.543416835523548,18.05792325539787,1.102909484954625,78.2770583967154,0.0,19.4,0.0,78.2770583967154,0.0,0.0,0.0,0.0,31.416644353984545,31.416644353984545,0.0
2022-07-18 22:00:00,0.0,0.0,17.025087318278874,24.55061374465065,0.020000016,85.04396001409341,0.0,19.4,0.0,85.04396001409341,0.0,0.0,0.0,0.0,31.724147656819827,31.724147656819827,0.0
2022-07-18 23:00:00,0.0,0.0,14.456321809718924,22.046665017180377,0.020000016,79.97124577806318,0.0,19.4,0.0,79.97124577806318,0.0,0.0,0.0,0.0,30.353888352624775,30.353888352624775,0.0
2022-07-19 00:00:00,0.0,0.0,13.71913306415832,23.28967343791993,1.1029339792154793,80.47706545324212,0.0,18.9,0.0,80.47706545324212,0.0,0.0,0.0,0.0,31.398334839940475,31.398334839940475,0.0
2022-07-19 01:00:00,0.0,0.0,11.776456751807082,22.286849800553906,0.020000016,77.53156550352487,0.0,20.0,0.0,77.53156550352487,0.0,0.0,0.0,0.0,29.90132330063239,29.90132330063239,0.0
2022-07-19 02:00:00,0.0,0.0,11.18256009864911,23.177494991284423,0.020000016,77.82831404109743,0.0,17.8,0.0,77.82831404109743,0.0,0.0,0.0,0.0,30.083855246477075,30.083855246477075,0.0
2022-07-19 03:00:00,0.0,0.0,9.577005310528827,20.84458034436319,1.102845264680667,73.8898446060559,0.0,18.9,0.0,73.8898446060559,0.0,0.0,0.0,0.0,28.717092170764904,28.717092170764904,0.0
2022-07-19 04:00:00,0.0,0.0,9.052067831977135,22.869337830061113,0.020000016,73.66078588543222,0.0,17.8,0.0,73.66078588543222,0.0,0.0,0.0,0.0,28.682691387797306,28.682691387797306,0.0
2022-07-19 05:00:00,0.0,0.0,41.35159820804524,40.83459746264813,0.020000016,112.05289972928735,38.45923120733799,20.10185097522931,3.469636556211531,108.58326317307582,3.469636556211526,0.0,3.0964272808592606,99.99999999999986,43.429142036749795,42.0845017375728,1.3446402991769943
2022-07-19 06:00:00,0.0,0.0,54.94732089259979,40.83459746264813,1.1030403810489045,153.71693036159309,153.23950439329724,25.38873451229054,44.06950002311497,109.64743033847812,44.06950002311497,0.0,28.669255832424522,100.0,57.00930600043205,40.72210018188922,16.28720581854283
2022-07-19 07:00:00,0.0,0.0,87.58525299491457,40.83459746264813,1.1033342139550255,274.5659276513016,250.0626910814366,29.514459096294893,70.81510154600718,203.7508261052944,70.81510154600718,0.0,25.79165672586377,100.0,93.22021924075362,69.22841691247412,23.991802328279505
2022-07-19 08:00:00,0.0,0.0,97.71593458366073,40.83459746264813,1.103451294310199,276.34803113261927,339.9316850327199,33.9228651572725,94.66818510420396,181.6798460284153,94.66818510420396,0.0,34.25686975811047,100.0,94.94736281662718,62.48942887179981,32.45793394482737
2022-07-19 09:00:00,0.0,0.0,108.25288650322537,40.83459746264813,1.1034849178861328,284.95838810431576,410.71515120039413,38.434848475012316,112.40609375697079,172.55229434734497,112.40609375697079,0.0,39.446494102086895,100.0,97.7598862517107,59.275411932136606,38.48447431957409
2022-07-19 10:00:00,0.0,0.0,116.62944913380561,40.83459746264813,1.1036199047301496,295.26154568276417,569.8910008216786,42.809093775677454,153.31357566781958,141.9479700149446,153.31357566781958,0.0,51.92466743791392,100.0,101.41584138865325,48.85918108184636,52.55666030680689
2022-07-19 11:00:00,0.0,0.0,117.96843242095166,40.83459746264813,1.1038119274725358,296.0561800274646,682.2942842931853,46.32169638416204,180.99875504681168,115.05742498065294,180.99875504681168,0.0,61.13662448458963,100.0,102.38697317382737,39.912537888094626,62.474435285732746
2022-07-19 12:00:00,0.0,0.0,126.31800243168978,40.83459746264813,2.1874972110382997,306.5555947705384,718.9030090100802,48.06571903156501,189.37427160614962,117.18132316438877,189.37427160614962,0.0,61.77485416565279,100.0,103.5206946375079,39.814242797841146,63.706451839666755
2022-07-19 13:00:00,0.0,0.0,130.47455795568226,40.83459746264813,0.020000016,307.1800595567726,678.6637547736954,45.60824233667798,180.5516082480268,126.62845130874581,180.5516082480268,0.0,58.777125217223784,100.0,102.30838394624847,42.17657357728438,60.13181036896409
2022-07-19 14:00:00,0.0,0.0,131.75807013377266,40.83459746264813,1.1033745011323568,308.4635717348631,592.1785538799553,43.50557980874861,158.86993137623782,149.59364035862527,158.86993137623782,0.0,51.5036282834697,100.0,102.66254997688202,49.88993052198021,52.77261945490181
2022-07-19 15:00:00,0.0,0.0,131.84606634352212,40.83459746264813,1.1035607065418662,311.44146036641473,475.96315519109675,39.273848599721774,129.83788769212669,181.60357267428805,129.83788769212669,0.0,41.68933947951914,100.0,103.61750509878847,60.502886922302416,43.114618176486054
2022-07-19 16:00:00,0.0,0.0,127.24286897135832,40.83459746264813,1.103232365774271,289.78517579126304,329.94604699775294,34.71081396867978,91.61023152211087,198.17494426915218,91.61023152211087,0.0,31.613153182169402,100.0,98.62707025358418,67.510739014784,31.116331238800186
2022-07-19 17:00:00,0.0,0.0,110.16765002329004,40.83459746264813,1.1031302863267962,229.1034889015413,178.84552135195898,27.788922542248716,50.97600346160672,178.1274854399346,50.97600346160672,0.0,22.25020828186252,100.0,84.21086844507218,65.517967975701,18.69290046937118
2022-07-19 18:00:00,0.0,0.0,93.59832412233953,40.83459746264813,0.020000016,212.9335387779665,0.0,20.6,0.0,212.9335387779665,0.0,0.0,0.0,0.0,84.5414099090975,84.5414099090975,0.0
2022-07-19 19:00:00,0.0,0.0,70.32917943614474,40.83459746264813,1.1030699024802868,182.3145655671353,0.0,20.6,0.0,182.3145655671353,0.0,0.0,0.0,0.0,76.35596009427202,76.35596009427202,0.0
2022-07-19 20:00:00,0.0,0.0,60.38506692395459,40.83459746264813,0.020000016,171.08605642303309,0.0,20.0,0.0,171.08605642303309,0.0,0.0,0.0,0.0,68.76479794814436,68.76479794814436,0.0
2022-07-19 21:00:00,0.0,0.0,8.2823585180455,14.508362174598698,0.020000016,70.46643899843818,0.0,20.0,0.0,70.46643899843818,0.0,0.0,0.0,0.0,27.71417581510395,27.71417581510395,0.0
2022-07-19 22:00:00,0.0,0.0,12.935300234983448,23.985930780410335,1.1029113702515314,80.38948996655766,0.0,19.4,0.0,80.38948996655766,0.0,0.0,0.0,0.0,31.601528062033235,31.601528062033235,0.0
2022-07-19 23:00:00,0.0,0.0,10.598154229045445,20.786890432827843,0.020000016,74.85330361303717,0.0,18.9,0.0,74.85330361303717,0.0,0.0,0.0,0.0,28.910075533927756,28.910075533927756,0.0
2022-07-20 00:00:00,0.0,0.0,7.037438825773019,18.558680033182412,0.020000016,69.06437781011932,0.0,18.9,0.0,69.06437781011932,0.0,0.0,0.0,0.0,26.546768013037234,26.546768013037234,0.0
2022-07-20 01:00:00,0.0,0.0,1.2243390119217414,10.195231917403536,1.1029207824360128,54.88782988048916,0.0,18.3,0.0,54.88782988048916,0.0,0.0,0.0,0.0,21.112491162977477,21.112491162977477,0.0
2022-07-20 02:00:00,0.0,0.0,0.14918427656878616,8.24688589648646,0.020000016,51.864329124219125,0.0,18.3,0.0,51.864329124219125,0.0,0.0,0.0,0.0,19.989520239180965,19.989520239180965,0.0
2022-07-20 03:00:00,0.0,0.0,0.0,6.972481906811018,0.020000016,50.4407408579749,0.0,18.3,0.0,50.4407408579749,0.0,0.0,0.0,0.0,19.259858241103625,19.259858241103625,0.0
2022-07-20 04:00:00,0.0,0.0,0.0,6.747834563063808,1.102920263139001,48.48721478645779,0.0,17.8,0.0,48.48721478645779,0.0,0.0,0.0,0.0,18.599964133723653,18.599964133723653,0.0
2022-07-20 05:00:00,0.0,0.0,27.685145497438402,40.83459746264813,0.020000016,98.38644701868053,35.45163751470812,20.007863672334626,2.9491964438267293,95.43725057485379,2.949196443826736,0.0,2.99756372264035,100.00000000000023,37.1985973065753,36.0836535909866,1.1149437155887014
2022-07-20 06:00:00,0.0,0.0,48.44667321453502,40.83459746264813,1.1029989450902042,147.2162826835283,146.0293075420072,25.663415860687728,41.953207206135545,105.26307547739276,41.953207206135545,0.0,28.49766781322865,100.0,54.258622662464795,38.85277567826373,15.405846984201062
2022-07-20 07:00:00,0.0,0.0,78.67497159338491,40.83459746264813,1.10349439143211,265.6556462497721,256.89695469632426,29.728029834260134,72.69202764622814,192.96361860354392,72.69202764622815,0.0,27.363253396798648,100.00000000000003,92.86070231230374,67.50535960916113,25.35534270314261
2022-07-20 08:00:00,0.0,0.0,88.44632188554107,40.83459746264813,1.1035298177481974,267.07841843449955,335.808915850381,32.6940286203244,93.95975209973274,173.11866633476683,93.95975209973273,0.0,35.180585780942145,99.99999999999999,88.87139670511306,57.67581941048079,31.195577294632265
2022-07-20 09:00:00,0.0,0.0,96.76116738171014,40.83459746264813,0.020000016,273.46666898280057,410.00327176298106,35.612602242593155,113.44430179868152,160.02236718411905,113.44430179868152,0.0,41.48377651311374,100.0,88.83788109688099,51.986066879088284,36.85181421779271
2022-07-20 10:00:00,0.0,0.0,104.69643811538286,40.83459746264813,2.187338889167885,283.3285346643413,568.1147624303663,41.65358632594895,153.53525201627522,129.79328264806608,153.53525201627522,0.0,54.18983026124358,100.0,94.32999029809564,43.426145168359675,50.90384512973596
2022-07-20 11:00:00,0.0,0.0,107.08693505490936,40.83459746264813,1.103804460837382,285.17468266142225,681.8937924472268,45.70918101397584,181.33758233881093,103.83710032261132,181.33758233881093,0.0,63.5882472618043,100.0,95.69518643310727,34.97067023530966,60.724516197797605
2022-07-20 12:00:00,0.0,0.0,118.06825803402378,40.83459746264813,1.103753730033582,298.3058503728724,718.6236777783829,46.856989930574464,190.2262927590165,108.07955761385588,190.2262927590165,0.0,63.768877654005095,100.0,99.31532469031701,36.10978552674239,63.20553916357462
2022-07-20 13:00:00,0.0,0.0,126.98722815091716,40.83459746264813,1.1033632775816247,303.6927297520075,684.6865335531945,45.29645417353733,182.38138871116104,121.31134104084646,182.38138871116104,0.0,60.05457847479322,100.0,100.46433420632295,40.250206816389564,60.21412738993338
2022-07-20 14:00:00,0.0,0.0,131.86015104812492,40.83459746264813,1.1033409700102355,308.5656526492153,590.4116153148767,41.2503629785899,159.81474931459206,148.75090333462322,159.81474931459206,0.0,51.79278637868138,100.0,105.14800677761254,50.79181424073349,54.35619253687905
2022-07-20 15:00:00,0.0,0.0,135.83330082548196,40.83459746264813,1.1035654602154994,315.42869484837456,455.720645374637,37.04127016795741,125.40011338079164,190.0285814675829,125.40011338079165,0.0,39.755455172228714,100.00000000000003,110.1303290031971,66.42650848829051,43.703820514906596
2022-07-20 16:00:00,0.0,0.0,128.36991239109403,40.83459746264813,1.1032456393110812,290.9122192109987,322.7130252002589,32.284782037508094,90.43623855879511,200.47598065220362,90.43623855879511,0.0,31.08712270803643,100.0,103.7255712848477,71.54202706892929,32.18354421591842
2022-07-20 17:00:00,0.0,0.0,105.86132896787842,40.83459746264813,0.020000016,224.7971678461296,91.81272141789678,23.969147544309276,19.4958201950107,205.3013476511189,19.495820195010708,0.0,8.67262714286299,100.00000000000004,81.8882173707943,74.7866699065597,7.101547464234599
2022-07-20 18:00:00,0.0,0.0,87.41721132588198,40.83459746264813,1.1030303304851812,206.752425981509,0.0,20.0,0.0,206.752425981509,0.0,0.0,0.0,0.0,81.60426751161576,81.60426751161576,0.0
2022-07-20 19:00:00,0.0,0.0,67.0173602328197,40.83459746264813,0.020000016,179.0027463638103,0.0,19.4,0.0,179.0027463638103,0.0,0.0,0.0,0.0,73.40367715764354,73.40367715764354,0.0
2022-07-20 20:00:00,0.0,0.0,58.905995158715875,40.83459746264813,1.1028890349548366,169.60698465779436,0.0,19.4,0.0,169.60698465779436,0.0,0.0,0.0,0.0,67.20011884668264,67.20011884668264,0.0
2022-07-20 21:00:00,0.0,0.0,8.105124960686288,14.206744546581664,0.020000016,69.98758781306194,0.0,18.9,0.0,69.98758781306194,0.0,0.0,0.0,0.0,27.82086766334272,27.82086766334272,0.0
2022-07-20 22:00:00,0.0,0.0,12.45252841025672,23.546457906342372,0.020000016,79.46724526776296,0.0,18.3,0.0,79.46724526776296,0.0,0.0,0.0,0.0,33.03455884293514,33.03455884293514,0.0
2022-07-20 23:00:00,0.0,0.0,6.6599288402080035,16.20099794100576,1.1029276522194644,66.32918573237765,0.0,18.3,0.0,66.32918573237765,0.0,0.0,0.0,0.0,27.55207548469727,27.55207548469727,0.0
2022-07-21 00:00:00,0.0,0.0,2.396893751419239,11.543115979886808,0.020000016,57.40826868246993,0.0,18.0,0.0,57.40826868246993,0.0,0.0,0.0,0.0,23.435646997943465,23.435646997943465,0.0
2022-07-21 01:00:00,0.0,0.0,0.7436960786950614,8.5450133130415,0.020000016,52.75696834290046,0.0,18.3,0.0,52.75696834290046,0.0,0.0,0.0,0.0,21.774819137227862,21.774819137227862,0.0
2022-07-21 02:00:00,0.0,0.0,0.33363845497829514,7.948758479931423,1.1027488808715564,51.7506558860736,0.0,18.0,0.0,51.7506558860736,0.0,0.0,0.0,0.0,21.901222951609515,21.901222951609515,0.0
2022-07-21 03:00:00,0.0,0.0,0.02430735344358816,8.24688589648646,0.020000016,51.73945220109393,0.0,18.3,0.0,51.73945220109393,0.0,0.0,0.0,0.0,21.280415939818987,21.280415939818987,0.0
2022-07-21 04:00:00,0.0,0.0,0.0,3.602771750602846,0.020000016,45.342151973996835,0.0,18.3,0.0,45.342151973996835,0.0,0.0,0.0,0.0,18.58866897302482,18.58866897302482,0.0
2022-07-21 05:00:00,0.0,0.0,23.788235259396636,40.83459746264813,1.102816665143263,94.48953678063876,15.762112832812598,18.792566026025394,0.5855623938588361,93.90397438677992,0.5855623938588366,0.0,0.6197113604422075,100.00000000000007,39.310144109178914,39.06776519530089,0.2423789138780208
2022-07-21 06:00:00,0.0,0.0,48.050752715524176,40.83459746264813,0.020000016,146.82036218451745,66.06426965273425,21.464508426647946,10.187322578308743,136.6330396062087,10.187322578308738,0.0,6.938630600506047,99.99999999999994,55.340195518507755,51.50059363874319,3.8396018797645652
2022-07-21 07:00:00,0.0,0.0,79.00479962382,40.83459746264813,1.1033715920714087,265.9854742802071,93.66830248359362,22.9271344526123,20.369760934214714,245.61571334599236,20.369760934214725,0.0,7.65822306249545,100.00000000000004,93.35076538711898,86.21696956154297,7.133795825576016
2022-07-21 08:00:00,0.0,0.0,89.50499824908464,40.83459746264813,1.1035469216710279,268.1370947980431,248.7426987543415,28.373209336073174,70.74379363322424,197.39330116481887,70.74379363322424,0.0,26.383441532588925,100.0,93.85361855130377,69.1442263110912,24.709392240212566
2022-07-21 09:00:00,0.0,0.0,96.00447532729979,40.83459746264813,1.1035285182824541,272.70997692839023,433.7190782979305,35.753721196810325,119.94103593464905,152.76894099374118,119.94103593464905,0.0,43.98116903737037,100.0,94.8113266123566,53.199583310369114,41.61174330198748
2022-07-21 10:00:00,0.0,0.0,101.51419031210193,40.83459746264813,1.1036673395415613,280.1462868610604,556.5635186781383,39.592609958691824,151.63579457294452,128.51049228811587,151.63579457294452,0.0,54.1273619122244,100.0,96.4191601782648,44.33757199526842,52.081588182996384
2022-07-21 11:00:00,0.0,0.0,109.38833203411876,40.83459746264813,2.1878100406041505,287.4760796406317,673.3214258008818,43.84129455627756,180.39810549225115,107.07797414838058,180.39810549225115,0.0,62.7523882048772,100.0,99.52716740709327,37.31868470914538,62.20848269794789
2022-07-21 12:00:00,0.0,0.0,120.81044184877203,40.83459746264813,1.1037528552922429,301.04803418762054,704.3979516863567,45.31243599019865,187.61996446758977,113.42806972003078,187.61996446758977,0.0,62.32226859540309,100.0,104.22286889186742,39.39266636973647,64.83020252213095
2022-07-21 13:00:00,0.0,0.0,128.648223663122,40.83459746264813,1.1033266878668444,305.35372526421236,614.1965015885586,41.393640674642455,166.15915476799591,139.19457049621644,166.15915476799591,0.0,54.41530298155818,100.0,108.77175175062527,49.69137188554281,59.08037986508246
2022-07-21 14:00:00,0.0,0.0,134.70973802876938,40.83459746264813,0.020000016,311.41523962985974,349.9987209165873,33.13746002864335,97.7646956229814,213.65054400687833,97.7646956229814,0.0,31.393677374036688,100.0,114.09835943055299,78.27981907168318,35.81854035886981
2022-07-21 15:00:00,0.0,0.0,136.17534502400417,40.83459746264813,2.187084590702859,315.77073904689684,442.21157496321405,34.919111717600444,122.68284327595362,193.08789577094322,122.68284327595362,0.0,38.85187197719841,100.0,116.99686744041503,71.69438731812002,45.30248012229501
2022-07-21 16:00:00,0.0,0.0,128.9189516767064,40.83459746264813,0.020000016,291.46125849661104,255.54475103318742,27.985773469787105,72.78383684236836,218.67742165424266,72.78383684236837,0.0,24.972045073089763,100.00000000000003,113.1342884966227,84.88324222625742,28.25104627036528
2022-07-21 17:00:00,0.0,0.0,111.20378889684191,40.83459746264813,1.1031034215380542,230.1396277750931,127.81417541051296,23.394192981578527,37.029191483590964,193.11043629150214,37.02919148359095,0.0,16.089880670085293,99.99999999999997,92.61233245908814,77.74307547289477,14.869256986193363
2022-07-21 18:00:00,0.0,0.0,94.88614096507322,40.83459746264813,0.020000016,214.22135562070022,0.0,18.3,0.0,214.22135562070022,0.0,0.0,0.0,0.0,90.24006263927068,90.24006263927068,0.0
2022-07-21 19:00:00,0.0,0.0,73.15316054657777,40.83459746264813,1.1030675979063633,185.13854667756837,0.0,18.3,0.0,185.13854667756837,0.0,0.0,0.0,0.0,77.92532382944447,77.92532382944447,0.0
2022-07-21 20:00:00,0.0,0.0,60.519507332113285,40.83459746264813,0.020000016,171.22049683119178,0.0,18.3,0.0,171.22049683119178,0.0,0.0,0.0,0.0,69.09535199496979,69.09535199496979,0.0
2022-07-21 21:00:00,0.0,0.0,7.7549671531811715,13.843737985687104,1.102785943316109,69.27442344466226,0.0,18.3,0.0,69.27442344466226,0.0,0.0,0.0,0.0,27.909019187874666,27.909019187874666,0.0
2022-07-21 22:00:00,0.0,0.0,11.918372096699953,23.266136718650728,0.020000016,78.65276776651457,0.0,18.3,0.0,78.65276776651457,0.0,0.0,0.0,0.0,32.16235816785794,32.16235816785794,0.0
2022-07-21 23:00:00,0.0,0.0,6.703067662818234,15.12926357573163,0.020000016,59.93975387759774,0.0,18.3,0.0,59.93975387759774,0.0,0.0,0.0,0.0,25.313162085978774,25.313162085978774,0.0
2022-07-22 00:00:00,0.0,0.0,5.153842267705261,11.971772485608927,1.1028983152291234,55.23303739236205,0.0,18.3,0.0,55.23303739236205,0.0,0.0,0.0,0.0,22.74912180493837,22.74912180493837,0.0
2022-07-22 01:00:00,0.0,0.0,3.9234329190271526,10.583205223518082,0.020000016,52.614060781593096,0.0,17.8,0.0,52.614060781593096,0.0,0.0,0.0,0.0,21.244423489300075,21.244423489300075,0.0
2022-07-22 02:00:00,0.0,0.0,0.8803666473970729,7.646423938052653,0.020000016,46.63421322449759,0.0,17.2,0.0,46.63421322449759,0.0,0.0,0.0,0.0,18.396834220103344,18.396834220103344,0.0
2022-07-22 03:00:00,0.0,0.0,0.11572269510583952,7.646423938052653,1.1029129558886672,45.86956927220636,0.0,17.2,0.0,45.86956927220636,0.0,0.0,0.0,0.0,18.309950013725924,18.309950013725924,0.0
2022-07-22 04:00:00,0.0,0.0,0.062436188717582934,3.602771750602846,0.020000016,35.836292495968294,0.0,17.2,0.0,35.836292495968294,0.0,0.0,0.0,0.0,14.108407374651286,14.108407374651286,0.0
2022-07-22 05:00:00,0.0,0.0,39.53405025602177,40.83459746264813,0.020000016,110.23535177726389,32.11366509028767,18.80355203407149,2.4305625601380565,107.80478921712583,2.430562560138057,0.0,2.204884840435881,100.00000000000003,43.305700719549044,42.350939287488416,0.9547614320606286
2022-07-22 06:00:00,0.0,0.0,50.65781468562336,40.83459746264813,1.1029264759008939,126.49670273451382,140.39712717323815,23.28741022416369,40.690588350552986,85.80611438396083,40.690588350552986,0.0,32.16731145629365,100.0,48.40584329733495,32.898863529880956,15.506979767453991
2022-07-22 07:00:00,0.0,0.0,67.33045528688231,40.83459746264813,0.020000016,181.54765616897356,248.42431463230253,28.363259832259455,70.6558772773131,110.89177889166046,70.6558772773131,0.0,38.91863919826697,100.0,66.49633782133054,40.61826948912823,25.87806833220231
2022-07-22 08:00:00,0.0,0.0,79.17373288759158,40.83459746264813,1.1031610589024556,195.638627875529,334.93528517218715,31.56672766163085,94.11765079818252,101.52097707734649,94.11765079818252,0.0,48.1079078401955,100.0,72.18385773229289,37.553268121101624,34.63058961119127
2022-07-22 09:00:00,0.0,0.0,91.0661011501722,40.83459746264813,0.020000016,206.56769866417554,409.30576121055157,34.99080503782974,113.52250747711457,93.04519118706096,113.52250747711457,0.0,54.95656301117637,100.0,74.97631440283232,33.77388792655097,41.202426476281346
2022-07-22 10:00:00,0.0,0.0,102.49921429529086,40.83459746264813,1.1031752529088337,220.24850591514036,556.0333471093999,39.576042097168745,151.50116587745774,68.74734003768262,151.50116587745774,0.0,68.78646701731984,100.0,79.3724588249738,24.911577221174667,54.46088160379914
2022-07-22 11:00:00,0.0,0.0,108.1969530383451,40.83459746264813,1.1031145663320703,224.6618480262825,668.0315746213264,43.67598670691645,179.09850932174638,45.563338704536136,179.09850932174638,0.0,79.71914719618712,100.0,82.04629739818056,16.798023974628514,65.24827342355204
2022-07-22 12:00:00,0.0,0.0,115.4864153342508,40.83459746264813,0.020000016,229.38251705836407,694.6192200202182,45.00685062563182,185.24153980991807,44.140977248446006,185.24153980991807,0.0,80.7566078642276,100.0,86.20440400911104,16.591559556242892,69.61284445286816
2022-07-22 13:00:00,0.0,0.0,116.77199949122921,40.83459746264813,1.1030684697983322,191.5691354748676,669.5857953611819,43.72455610503694,179.4805393620643,12.088596112803316,179.4805393620643,0.0,93.6896953244385,100.0,73.94985155557735,4.852536109273025,69.09731544630432
2022-07-22 14:00:00,0.0,0.0,121.56159729903945,40.83459746264813,0.020000016,195.07433665076576,577.7440563819863,40.85450176193707,156.6295583012686,38.44477834949717,156.6295583012686,0.0,80.292241916822,100.0,75.20475779003333,14.824063064894284,60.380694725139044
2022-07-22 15:00:00,0.0,0.0,125.10384699567945,40.83459746264813,1.102943665961735,198.93768550538374,465.9635017252531,36.76135942891416,128.3576123791965,70.58007312618724,128.3576123791965,0.0,64.52151690270009,100.0,76.6931096059056,27.337682281918866,49.35542732398674
2022-07-22 16:00:00,0.0,0.0,123.5187916350857,40.83459746264813,0.020000016,186.57839243744976,312.13601806609915,31.454250564565598,87.7484111051661,98.82998133228367,87.7484111051661,0.0,47.030317904890126,100.0,73.69087132040953,39.03551383853523,34.6553574818743
2022-07-22 17:00:00,0.0,0.0,42.923416291298274,21.489493173179852,1.102913403681153,84.71131785632599,164.0163735028605,26.22551167196439,47.022525727606855,37.688792128719136,47.022525727606855,0.0,55.50914201023181,100.0,34.418140419718995,15.423156039423567,18.994984380295428
2022-07-22 18:00:00,0.0,0.0,39.340982848961126,27.28926338757193,0.020000016,92.86499271078091,34.48205803032955,21.077564313447798,2.779242569188651,90.08575014159226,2.7792425691886535,0.0,2.9927774590413603,100.00000000000009,39.17869818620605,38.00627470839382,1.1724234778122309
2022-07-22 19:00:00,0.0,0.0,32.576221654350704,26.431317278602837,0.020000016,97.11496157200143,0.0,19.4,0.0,97.11496157200143,0.0,0.0,0.0,0.0,41.44886758643832,41.44886758643832,0.0
2022-07-22 20:00:00,0.0,0.0,25.257673573244094,27.16917099588516,1.1029942026784174,90.53426720817713,0.0,18.9,0.0,90.53426720817713,0.0,0.0,0.0,0.0,38.45792321379936,38.45792321379936,0.0
2022-07-22 21:00:00,0.0,0.0,23.26992252110276,25.896115967753467,0.020000016,87.2734611279041,0.0,18.9,0.0,87.2734611279041,0.0,0.0,0.0,0.0,36.73176439223029,36.73176439223029,0.0
2022-07-22 22:00:00,0.0,0.0,17.757414614738963,24.627814757347405,0.020000016,80.49265201113424,0.0,18.9,0.0,80.49265201113424,0.0,0.0,0.0,0.0,33.36619541673805,33.36619541673805,0.0
2022-07-22 23:00:00,0.0,0.0,13.746908128653292,21.737353780276354,1.102885727796914,73.59168454797752,0.0,19.4,0.0,73.59168454797752,0.0,0.0,0.0,0.0,31.40549682300502,31.40549682300502,0.0
2022-07-23 00:00:00,0.0,0.0,12.645776696560143,22.338014562112964,0.020000016,73.09121389772096,0.0,18.9,0.0,73.09121389772096,0.0,0.0,0.0,0.0,30.619317776501507,30.619317776501507,0.0
2022-07-23 01:00:00,0.0,0.0,11.628306146442174,21.446084982759356,0.020000016,71.18181376824941,0.0,18.9,0.0,71.18181376824941,0.0,0.0,0.0,0.0,29.856185978360408,29.856185978360408,0.0
2022-07-23 02:00:00,0.0,0.0,8.62285242762564,19.623992739175325,1.102788032421444,66.35426780584882,0.0,18.9,0.0,66.35426780584882,0.0,0.0,0.0,0.0,28.224609535075967,28.224609535075967,0.0
2022-07-23 03:00:00,0.0,0.0,3.077528215183027,9.899579048136525,0.020000016,51.084529902367414,0.0,18.9,0.0,51.084529902367414,0.0,0.0,0.0,0.0,22.350528616953756,22.350528616953756,0.0
2022-07-23 04:00:00,0.0,0.0,1.4647718266225482,12.76048049081363,0.020000016,46.39633687408404,0.0,18.9,0.0,46.39633687408404,0.0,0.0,0.0,0.0,20.399662682694842,20.399662682694842,0.0
2022-07-23 05:00:00,0.0,0.0,6.0828001400055,15.709701058766374,0.020000016,42.09090959061973,31.554839583704236,20.386088736990757,2.3332748552814238,39.75763473533831,2.3332748552814238,0.0,5.543417516929621,100.0,18.61998941399833,17.588005278255906,1.031984135742423
2022-07-23 06:00:00,0.0,0.0,20.40514277574141,25.95884926139645,1.1028335607716788,66.66240042898575,47.988801989648344,21.49965006217651,5.374658254273481,61.287742174712264,5.374658254273484,0.0,8.062503329742844,100.00000000000007,29.835335622036396,27.445870055351488,2.3894655666849083
2022-07-23 07:00:00,0.0,0.0,25.95517812086766,23.74500694574279,0.020000016,69.99859345845832,247.52079878317818,29.935024961974317,69.98433693032098,0.01425652813733791,69.98433693032098,0.0,99.97963312199151,100.0,29.917849918602585,0.009693609745257717,29.908156308857325
2022-07-23 08:00:00,0.0,0.0,36.555657068318354,29.9426061821102,0.020000016,86.79667164227642,341.0241197613133,34.55700374254104,94.74197622985366,0.0,86.79667164227642,7.94530458757724,100.0,91.61374408287503,35.52427091404833,0.0036010111631256747,35.5206699028852
2022-07-23 09:00:00,0.0,0.0,41.66779436591063,25.579360359365992,1.1028864435739663,87.5455631171245,413.5498125560054,37.32343164237517,113.6716724236973,0.0,87.5455631171245,26.1261093065728,100.0,77.01616528593782,35.50482531039351,0.19857516088836266,35.306250149505146
2022-07-23 10:00:00,0.0,0.0,51.318242599610954,29.9426061821102,0.020000016,101.55925717356902,555.0859558492525,41.74643612028914,149.95924510922657,0.0,101.55925717356902,48.39998793565755,100.0,67.72457216598802,40.496800235122706,0.0036010111631256747,40.49319922395958
2022-07-23 11:00:00,0.0,0.0,49.48842487740518,25.579360359365992,0.020000016,95.36619362861903,672.4814067537426,46.01504396105446,178.61534477217577,0.0,95.36619362861903,83.24915114355674,100.0,53.39193771411902,37.74286481581653,0.0036010111631256747,37.739263804653405
2022-07-23 12:00:00,0.0,0.0,62.604680585851554,29.9426061821102,1.1029545147793745,112.84569515980964,622.2889455019103,44.4465295469347,166.324006699144,0.0,112.84569515980964,53.47831153933437,100.0,67.84690761083644,45.503312881421664,0.19858741713708578,45.30472546428458
2022-07-23 13:00:00,0.0,0.0,62.820660260603546,25.579360359365992,0.020000016,108.69842901181741,667.1523483771097,45.84851088678468,177.318304209636,0.0,108.69842901181741,68.6198751978186,100.0,61.30130191370869,42.99219920890174,0.0036010111631256747,42.98859819773861
2022-07-23 14:00:00,0.0,0.0,76.49350058377887,29.9426061821102,0.020000016,126.73451515773694,581.8844909678842,42.58389034274638,156.6797346912917,0.0,126.73451515773694,29.945219533554777,100.0,80.88762430408995,50.260806669539505,0.0036010111631256747,50.25720565837638
2022-07-23 15:00:00,0.0,0.0,68.11201514824226,25.579360359365992,1.1028595266168135,113.9897838994561,456.7623130772396,37.57382228366374,125.42754093706327,0.0,113.9897838994561,11.43775703760717,100.0,90.88098438974708,45.87940626326662,0.19857031447908058,45.68083594878754
2022-07-23 16:00:00,0.0,0.0,77.03619303934602,29.9426061821102,0.020000016,127.2772076133041,312.4981327837844,31.96556664949326,87.67994240687561,39.59726520642849,87.67994240687561,0.0,68.88895824401364,100.0,51.45541218884131,16.010795470861844,35.444616717979464
2022-07-23 17:00:00,0.0,0.0,63.35595331142945,25.579360359365992,0.020000016,109.23372206264328,173.8310964251404,26.53222176328564,49.77953556639849,59.45418649624479,49.77953556639849,0.0,45.57158231580808,100.0,46.32962253793014,25.21812150422054,21.1115010337096
2022-07-23 18:00:00,0.0,0.0,59.05848726919279,29.9426061821102,1.10290478451446,115.23583992555085,37.17083652495316,21.161588641404787,3.228580798518465,112.00725912703238,3.2285807985184647,0.0,2.8017158555917314,99.99999999999999,50.98013222237441,49.55737737898728,1.4227548433871249
2022-07-23 19:00:00,0.0,0.0,37.9498270583972,25.579360359365992,0.020000016,101.63661005681104,0.0,20.0,0.0,101.63661005681104,0.0,0.0,0.0,0.0,45.109420371325584,45.109420371325584,0.0
2022-07-23 20:00:00,0.0,0.0,33.312082120029544,29.9426061821102,0.020000016,101.36211094118764,0.0,20.0,0.0,101.36211094118764,0.0,0.0,0.0,0.0,42.67400885407489,42.67400885407489,0.0
2022-07-23 21:00:00,0.0,0.0,23.371401835783733,24.95750668645192,1.1028984226364813,86.43633116128352,0.0,20.0,0.0,86.43633116128352,0.0,0.0,0.0,0.0,36.730892683040004,36.730892683040004,0.0
2022-07-23 22:00:00,0.0,0.0,21.246073725560443,26.10332143492961,0.020000016,85.45681779953792,0.0,19.4,0.0,85.45681779953792,0.0,0.0,0.0,0.0,35.98946698654854,35.98946698654854,0.0
2022-07-23 23:00:00,0.0,0.0,16.383016638765707,21.292599326572457,0.020000016,81.14387491650204,0.0,18.9,0.0,81.14387491650204,0.0,0.0,0.0,0.0,33.8239623569866,33.8239623569866,0.0
2022-07-24 00:00:00,0.0,0.0,17.129336414834068,24.58415489111828,1.1028742504368736,85.18175025711625,0.0,18.0,0.0,85.18175025711625,0.0,0.0,0.0,0.0,35.96553808096952,35.96553808096952,0.0
2022-07-24 01:00:00,0.0,0.0,11.280462529762351,21.292599326572457,0.020000016,76.04132080749869,0.0,18.3,0.0,76.04132080749869,0.0,0.0,0.0,0.0,32.36982879966687,32.36982879966687,0.0
2022-07-24 02:00:00,0.0,0.0,10.144265110948993,24.313509290119256,0.020000016,77.92603335223215,0.0,18.3,0.0,77.92603335223215,0.0,0.0,0.0,0.0,33.51763980512437,33.51763980512437,0.0
2022-07-24 03:00:00,0.0,0.0,3.822329388701229,15.567865124722678,1.1029020549463364,62.85845346458779,0.0,18.3,0.0,62.85845346458779,0.0,0.0,0.0,0.0,27.417231198690903,27.417231198690903,0.0
2022-07-24 04:00:00,0.0,0.0,2.3610651777522205,14.115833615951724,0.020000016,58.21627901709794,0.0,18.3,0.0,58.21627901709794,0.0,0.0,0.0,0.0,24.932393849074636,24.932393849074636,0.0
2022-07-24 05:00:00,0.0,0.0,50.903721290141604,40.83459746264813,0.020000016,121.6050228113837,13.508149659082024,18.722129676846315,0.43017648720675455,121.17484632417695,0.43017648720675083,0.0,0.353748946599006,99.99999999999913,50.557241094311564,50.37840812504997,0.17883296926159176
2022-07-24 06:00:00,0.0,0.0,63.51378620043711,40.83459746264813,1.103042252627569,162.28339566943035,71.49785374297196,21.134307929467873,11.946377138598086,150.33701853083227,11.94637713859808,0.0,7.3614291156026415,99.99999999999996,67.63303403386972,62.66889620958237,4.964137824287349
2022-07-24 07:00:00,0.0,0.0,96.32203897178968,40.83459746264813,1.1034553912511005,283.3027136281767,169.32327491061736,25.891352340956793,48.60427568543371,234.698437942743,48.60427568543372,0.0,17.156304315963897,100.00000000000003,111.36241288714537,92.29082417231645,19.07158871482892
2022-07-24 08:00:00,0.0,0.0,110.04231117115388,40.83459746264813,1.1035093653955357,288.6744077201124,286.84010678845215,29.563753337139133,81.21500843284853,207.45939928726386,81.21500843284855,0.0,28.133775028505987,100.00000000000003,105.41617881608546,75.81452646743867,29.601652348646795
2022-07-24 09:00:00,0.0,0.0,119.88473181276157,40.83459746264813,1.1034713981179045,296.59023341385205,378.18620678784026,33.518318962120006,105.48478571409095,191.1054476997611,105.48478571409095,0.0,35.565832529252916,100.0,110.43533843745676,71.22875328324345,39.206585154213315
2022-07-24 10:00:00,0.0,0.0,131.65814653761404,40.83459746264813,1.103647003010383,310.2902430865726,551.4834057671907,38.93385643022471,150.638840798005,159.65140228856762,150.638840798005,0.0,48.54772077250781,100.0,116.5777221231952,60.07836529929146,56.49935682390374
2022-07-24 11:00:00,0.0,0.0,135.86254407357075,40.83459746264813,1.1038043385973457,313.95029168008364,649.4361132907848,43.09487854033702,174.51523676415604,139.4350549159276,174.51523676415604,0.0,55.58690066196454,100.0,121.81837417075664,54.213789176874045,67.6045849938826
2022-07-24 12:00:00,0.0,0.0,145.78339503101827,40.83459746264813,1.1037367708896324,326.02098736986693,662.2868766343669,42.896464894823964,178.108496476936,147.91249089293092,178.108496476936,0.0,54.63099106404277,100.0,130.2061173961555,59.181792256047736,71.02432514010775
2022-07-24 13:00:00,0.0,0.0,156.55890239802957,40.83459746264813,1.1033558802114452,333.26440399911996,666.2053107599337,43.61891596124793,178.6494050473598,154.61499895176016,178.6494050473598,0.0,53.60590657255779,100.0,131.62814268828228,61.174176819755,70.45396586852729
2022-07-24 14:00:00,0.0,0.0,165.8828594766811,40.83459746264813,1.1033339290370825,342.5883610777714,572.657398295016,40.09554369671925,155.71367182423634,186.87468925353508,155.71367182423634,0.0,45.45211966173234,100.0,136.2147997877335,74.39257923171607,61.82222055601744
2022-07-24 15:00:00,0.0,0.0,169.40265249906136,40.83459746264813,1.1035686746152964,348.998046521954,455.00125387474725,35.91878918358585,125.7463934289339,223.25165309302008,125.74639342893391,0.0,36.03068689985454,100.00000000000003,139.0877055809793,89.04504212003363,50.042663460945676
2022-07-24 16:00:00,0.0,0.0,160.73622709172542,40.83459746264813,1.1032271439357215,323.2785339116301,307.1530863749326,30.698533949216646,86.59494544342174,236.68358846820837,86.59494544342175,0.0,26.786481736239544,100.00000000000003,128.28805721059567,93.9774079270031,34.31064928359257
2022-07-24 17:00:00,0.0,0.0,141.26480440749674,40.83459746264813,0.020000016,260.20064328574796,156.78686464954143,24.89958952029817,45.17139280706378,215.02925047868416,45.171392807063796,0.0,17.36021565383193,100.00000000000003,105.68018927202037,87.33450565432351,18.345683617696864
2022-07-24 18:00:00,0.0,0.0,121.27646699078444,40.83459746264813,1.102907033683356,243.57985068761144,30.305561417034813,20.347048794282337,2.1524857781152873,241.42736490949616,2.1524857781152775,0.0,0.8836879454679597,99.99999999999955,103.82353684692318,102.90781558476849,0.9157212621546904
2022-07-24 19:00:00,0.0,0.0,92.94637782026578,40.83459746264813,0.020000016,204.9317639512564,0.0,18.9,0.0,204.9317639512564,0.0,0.0,0.0,0.0,85.87103476555933,85.87103476555933,0.0
2022-07-24 20:00:00,0.0,0.0,74.57994129731291,40.83459746264813,1.1029815055432322,185.28093079639143,0.0,18.3,0.0,185.28093079639143,0.0,0.0,0.0,0.0,75.53381873864805,75.53381873864805,0.0
2022-07-24 21:00:00,0.0,0.0,12.792679666950256,18.196545551047475,0.020000016,78.66494352379172,0.0,18.3,0.0,78.66494352379172,0.0,0.0,0.0,0.0,31.487278032972668,31.487278032972668,0.0
2022-07-24 22:00:00,0.0,0.0,16.16722062158634,24.49212661359219,0.020000016,84.1276061863424,0.0,18.3,0.0,84.1276061863424,0.0,0.0,0.0,0.0,33.56630949920443,33.56630949920443,0.0
2022-07-24 23:00:00,0.0,0.0,13.713393148251631,21.978565764178047,1.1028252379998913,79.16021786359357,0.0,18.3,0.0,79.16021786359357,0.0,0.0,0.0,0.0,32.176521550065985,32.176521550065985,0.0
2022-07-25 00:00:00,0.0,0.0,13.962447605372356,23.898188453512695,0.020000016,81.32889501004895,0.0,18.3,0.0,81.32889501004895,0.0,0.0,0.0,0.0,33.467594796472916,33.467594796472916,0.0
2022-07-25 01:00:00,0.0,0.0,12.231107146125611,21.978565764178047,0.020000016,77.67793186146754,0.0,18.3,0.0,77.67793186146754,0.0,0.0,0.0,0.0,32.0306007073055,32.0306007073055,0.0
2022-07-25 02:00:00,0.0,0.0,12.377776612557367,23.898188453512695,1.102789104155251,79.74422401723395,0.0,17.8,0.0,79.74422401723395,0.0,0.0,0.0,0.0,32.90644855779439,32.90644855779439,0.0
2022-07-25 03:00:00,0.0,0.0,10.953728697672108,21.479792978348655,0.020000016,75.90178062718464,0.0,17.8,0.0,75.90178062718464,0.0,0.0,0.0,0.0,30.884619968236333,30.884619968236333,0.0
2022-07-25 04:00:00,0.0,0.0,8.004404045102946,20.91681538927426,0.020000016,70.6605996577712,0.0,18.3,0.0,70.6605996577712,0.0,0.0,0.0,0.0,29.129546887098126,29.129546887098126,0.0
2022-07-25 05:00:00,0.0,0.0,48.03784523078427,40.83459746264813,1.1029434161558722,118.73914675202639,25.57015961278872,18.59906748789965,1.5421088689072426,117.19703788311914,1.542108868907249,0.0,1.298736693912559,100.00000000000043,49.43496001102059,48.79550914743951,0.6394508635810823
2022-07-25 06:00:00,0.0,0.0,60.0905972345519,40.83459746264813,0.020000016,158.86020670354517,99.95439957123922,22.023574986601226,23.2724950378275,135.58771166571768,23.272495037827497,0.0,14.649669367015964,99.99999999999999,64.9543908229411,55.43931486425013,9.515075958690964
2022-07-25 07:00:00,0.0,0.0,89.06790010986259,40.83459746264813,1.1033512012159055,276.04857476624966,203.4752548907905,27.458601715337203,58.06779143938236,217.9807833268673,58.06779143938235,0.0,21.035352741289305,99.99999999999997,106.97148707453198,84.51144602369328,22.460041050838697
2022-07-25 08:00:00,0.0,0.0,102.1935609018686,40.83459746264813,1.1034777254017942,280.8256574508271,335.10352913825585,32.6719852855705,93.77025539411449,187.05540205671264,93.77025539411449,0.0,33.39091457857043,100.0,108.54683677910444,72.36839684294719,36.17843993615725
2022-07-25 09:00:00,0.0,0.0,115.1779164042957,40.83459746264813,1.1034536543107194,291.88341800538603,409.9621684824689,35.01131776507715,113.69560342556676,178.18781457981927,113.69560342556676,0.0,38.95240236753318,100.0,112.3388270679957,68.65754470991007,43.681282358085625
2022-07-25 10:00:00,0.0,0.0,125.05605781489955,40.83459746264813,1.1036278691851444,303.688154363858,546.4813970624427,39.27754365820134,149.07239212150463,154.61576224235338,149.07239212150463,0.0,49.087325264223665,100.0,109.9455338788877,56.073752814018356,53.871781064869346
2022-07-25 11:00:00,0.0,0.0,127.84968484825635,40.83459746264813,2.1875895496528077,305.9374324547693,664.940383208484,43.57938697526512,178.3382111529326,127.5992213018367,178.3382111529326,0.0,58.292380151715705,100.0,110.68432080427503,46.39339568364285,64.29092512063218
2022-07-25 12:00:00,0.0,0.0,139.9880427340791,40.83459746264813,1.1037400666398531,320.22563507292773,658.585694051878,43.38080293912119,176.77323612477446,143.45239894815327,176.77323612477446,0.0,55.202712326424574,100.0,120.26893185484451,53.986923103679686,66.28200875116482
2022-07-25 13:00:00,0.0,0.0,150.7899959181658,40.83459746264813,1.103356474700095,327.49549751925616,656.5426197507743,43.3169568672117,176.26951503796846,151.2259824812877,176.26951503796846,0.0,53.82349265049182,100.0,121.07397296956952,56.01465766420576,65.05931530536377
2022-07-25 14:00:00,0.0,0.0,153.41796779575134,40.83459746264813,1.1033416609698228,330.1234693968417,576.5111839422051,40.21597449819391,156.68758652915201,173.43588286768968,156.68758652915201,0.0,47.463328437517944,100.0,125.68849154479042,66.12683927746387,59.56165226732655
2022-07-25 15:00:00,0.0,0.0,155.73938211141734,40.83459746264813,1.103540518163166,335.33477613430995,461.22735032997326,37.21335469781167,126.83081012950069,208.50396600480926,126.83081012950069,0.0,37.82214645065676,100.0,130.95913553310183,81.50272943120434,49.456406101897485
2022-07-25 16:00:00,0.0,0.0,150.0978306201506,40.83459746264813,0.020000016,312.6401374400553,313.98913277646244,32.01216039926445,88.08269379109656,224.55744364895872,88.08269379109657,0.0,28.17382774724032,100.00000000000003,124.95335834045561,89.75022893990597,35.20312940054964
2022-07-25 17:00:00,0.0,0.0,132.25284254251696,40.83459746264813,1.1031119516885919,251.18868142076815,176.91429451418557,26.6285717035683,50.64429869060434,200.54438273016382,50.64429869060433,0.0,20.161855384626055,99.99999999999999,102.36458815798682,81.76603255155732,20.5985556064295
2022-07-25 18:00:00,0.0,0.0,115.71162910278862,40.83459746264813,0.020000016,238.0150127996156,36.548837214421674,21.14215116295068,3.1216550748130043,234.8933577248026,3.121655074812992,0.0,1.3115370489008218,99.9999999999996,99.84732865540987,98.53784117635195,1.3094874790579212
2022-07-25 19:00:00,0.0,0.0,90.53179720722575,40.83459746264813,1.1030436782678859,202.5171833382163,0.0,19.4,0.0,202.5171833382163,0.0,0.0,0.0,0.0,84.41739933409075,84.41739933409075,0.0
2022-07-25 20:00:00,0.0,0.0,79.28692000194242,40.83459746264813,0.020000016,189.98790950102097,0.0,19.4,0.0,189.98790950102097,0.0,0.0,0.0,0.0,76.31794449953321,76.31794449953321,0.0
2022-07-25 21:00:00,0.0,0.0,14.847542060413566,19.213742620997376,1.1028601283205226,81.73700298720492,0.0,18.9,0.0,81.73700298720492,0.0,0.0,0.0,0.0,33.03109846773149,33.03109846773149,0.0
2022-07-25 22:00:00,0.0,0.0,17.47402973126144,25.061736800312136,0.020000016,86.00402548273746,0.0,18.9,0.0,86.00402548273746,0.0,0.0,0.0,0.0,34.80728002338991,34.80728002338991,0.0
2022-07-25 23:00:00,0.0,0.0,14.168646501774626,22.046665017180384,0.020000016,79.68357047011891,0.0,18.9,0.0,79.68357047011891,0.0,0.0,0.0,0.0,32.21608279156104,32.21608279156104,0.0
2022-07-26 00:00:00,0.0,0.0,13.826352343103174,23.349719633763314,1.1028922437190076,80.64433092803037,0.0,18.9,0.0,80.64433092803037,0.0,0.0,0.0,0.0,33.547426373875275,33.547426373875275,0.0
2022-07-26 01:00:00,0.0,0.0,11.408196585097679,21.63149500614066,0.020000016,76.50795054240221,0.0,18.9,0.0,76.50795054240221,0.0,0.0,0.0,0.0,31.866867173557374,31.866867173557374,0.0
2022-07-26 02:00:00,0.0,0.0,10.999950541255881,21.910819293975877,0.020000016,76.37902878639564,0.0,18.3,0.0,76.37902878639564,0.0,0.0,0.0,0.0,31.62375513844306,31.62375513844306,0.0
2022-07-26 03:00:00,0.0,0.0,5.97546747384785,14.606212612508955,1.1028405024669856,64.0499390375207,0.0,18.9,0.0,64.0499390375207,0.0,0.0,0.0,0.0,26.927567198615982,26.927567198615982,0.0
2022-07-26 04:00:00,0.0,0.0,2.789428859552582,12.438482702137527,0.020000016,56.9672917850841,0.0,17.8,0.0,56.9672917850841,0.0,0.0,0.0,0.0,24.076839173703966,24.076839173703966,0.0
2022-07-26 05:00:00,0.0,0.0,48.22757205880784,40.83459746264813,0.020000016,118.92887358004995,22.649146511961405,19.60778582849879,1.2054953709676048,117.72337820908234,1.2054953709676113,0.0,1.0136271661197591,100.00000000000054,50.49247571210173,49.98070676226485,0.5117689498368776
2022-07-26 06:00:00,0.0,0.0,62.524174823852356,40.83459746264813,1.1031118390939967,161.29378429284563,124.86058881923672,23.901893400601146,36.06568565833309,125.22809863451255,36.06568565833308,0.0,22.360245198818127,99.99999999999997,66.16293470569016,51.413151242001675,14.749783463688487
2022-07-26 07:00:00,0.0,0.0,94.68866472795196,40.83459746264813,1.1033786464863498,281.66933938433897,240.21352789460286,28.60667274670634,68.25829047325821,213.41104891108074,68.25829047325823,0.0,24.233482644030172,100.00000000000003,105.08810072886362,79.66973723097935,25.418363497884272
2022-07-26 08:00:00,0.0,0.0,105.23616272614039,40.83459746264813,1.103543843355225,283.8682592750989,336.37571974519483,33.81174124203734,93.71770942347347,190.15054985162544,93.71770942347348,0.0,33.014508090054164,100.00000000000003,98.54627129314564,66.07730227483613,32.46896901830951
2022-07-26 09:00:00,0.0,0.0,121.91540020561565,40.83459746264813,1.103521642809967,298.62090180670606,409.50987516687053,36.097183598964705,113.0963247264101,185.52457708029596,113.0963247264101,0.0,37.872876293038615,100.0,102.63312437101919,63.83825758174236,38.79486678927683
2022-07-26 10:00:00,0.0,0.0,134.0785854610488,40.83459746264813,1.1037080694831305,312.7106820100073,545.5777328441786,40.34930415138058,148.20279844996475,164.50788356004256,148.20279844996475,0.0,47.39294401373279,100.0,108.93448144349331,57.40140436647156,51.53307707702175
2022-07-26 11:00:00,0.0,0.0,130.6442393462163,40.83459746264813,1.1038013759726253,308.7319869527292,666.3406662986441,43.62314582183263,178.68269852216815,130.04928843056103,178.68269852216815,0.0,57.87631540412001,100.0,109.50375621552463,46.24204021724361,63.26171599828102
2022-07-26 12:00:00,0.0,0.0,138.6256894468155,40.83459746264813,1.1037468369813845,318.8632817856641,700.9926461436567,44.70602019198927,187.16592319432934,131.6973585913348,187.16592319432934,0.0,58.697860144379966,100.0,120.46120543335876,49.869705841385496,70.59149959197326
2022-07-26 13:00:00,0.0,0.0,147.96422677623903,40.83459746264813,1.1034047499774846,324.66972837732936,666.0385063675607,44.11370332398627,178.25350908650023,146.41621929082913,178.25350908650023,0.0,54.903027140040294,100.0,122.14137176341211,55.191136285613474,66.95023547779863
2022-07-26 14:00:00,0.0,0.0,155.26071181367746,40.83459746264813,1.103346134835415,331.9662134147679,572.872684337571,41.202271385549096,155.09660576942917,176.8696076453387,155.09660576942917,0.0,46.72059971827529,100.0,127.61227013027948,68.08386638688603,59.528403743393454
2022-07-26 15:00:00,0.0,0.0,158.90759173305128,40.83459746264813,1.103523804416484,338.5029857559438,462.49166736369654,37.75286460511552,126.91259164472494,211.59039411121887,126.91259164472496,0.0,37.492310846624925,100.00000000000003,130.30400500819778,81.52451584658954,48.77948916160824
2022-07-26 16:00:00,0.0,0.0,153.93241343234277,40.83459746264813,1.1032249299887305,316.47472025224744,307.75530521787863,31.317353288058708,86.56178945971297,229.91293079253447,86.56178945971297,0.0,27.351881183659334,100.0,122.30249504683087,88.90479262853712,33.39770241829375
2022-07-26 17:00:00,0.0,0.0,134.9293673165003,40.83459746264813,1.1031461650865857,253.86520619475152,159.32552946917082,26.078922795911588,45.70257590496732,208.1626302897842,45.70257590496732,0.0,18.002693866565863,100.0,102.50249204224622,84.08503949118295,18.417452551063263
2022-07-26 18:00:00,0.0,0.0,114.0856056144458,40.83459746264813,0.020000016,236.3889893112728,30.393115862870378,20.949784870714698,2.1601946727648618,234.22879463850794,2.1601946727648738,0.0,0.9138304956836919,100.00000000000055,97.53297022120807,96.64171710311875,0.891253118089324
2022-07-26 19:00:00,0.0,0.0,86.69768662323438,40.83459746264813,1.1028995599312992,198.683072754225,0.0,20.0,0.0,198.683072754225,0.0,0.0,0.0,0.0,82.68284859177422,82.68284859177422,0.0
2022-07-26 20:00:00,0.0,0.0,74.13041676733458,40.83459746264813,0.020000016,184.83140626641304,0.0,20.0,0.0,184.83140626641304,0.0,0.0,0.0,0.0,76.48498861014218,76.48498861014218,0.0
2022-07-26 21:00:00,0.0,0.0,13.22003277703824,17.91852721739932,0.020000016,78.81427830023154,0.0,20.0,0.0,78.81427830023154,0.0,0.0,0.0,0.0,33.244311027068775,33.244311027068775,0.0
2022-07-26 22:00:00,0.0,0.0,16.887851665701167,24.418766418909275,1.102856760299285,84.77487703577432,0.0,20.0,0.0,84.77487703577432,0.0,0.0,0.0,0.0,34.27383164093195,34.27383164093195,0.0
2022-07-26 23:00:00,0.0,0.0,13.32711174199139,21.738380980804525,0.020000016,78.5337516739598,0.0,20.0,0.0,78.5337516739598,0.0,0.0,0.0,0.0,32.125476120846166,32.125476120846166,0.0
2022-07-27 00:00:00,0.0,0.0,13.722044617148455,23.297726495078884,0.020000016,80.48803006339121,0.0,20.0,0.0,80.48803006339121,0.0,0.0,0.0,0.0,33.18036456314267,33.18036456314267,0.0
2022-07-27 01:00:00,0.0,0.0,11.56956542986905,21.286988994371843,1.1028056593110718,76.32481337540476,0.0,19.4,0.0,76.32481337540476,0.0,0.0,0.0,0.0,32.5335678021386,32.5335678021386,0.0
2022-07-27 02:00:00,0.0,0.0,11.918579997127814,22.806303711417286,0.020000016,78.193142659709,0.0,18.9,0.0,78.193142659709,0.0,0.0,0.0,0.0,33.678259828993404,33.678259828993404,0.0
2022-07-27 03:00:00,0.0,0.0,7.121979792776583,16.462816081376793,0.020000016,67.05305482531726,0.0,19.4,0.0,67.05305482531726,0.0,0.0,0.0,0.0,28.61346317875537,28.61346317875537,0.0
2022-07-27 04:00:00,0.0,0.0,2.932359147621729,12.168238829409422,1.102980217838453,56.839978200425136,0.0,19.0,0.0,56.839978200425136,0.0,0.0,0.0,0.0,24.6227306777062,24.6227306777062,0.0
2022-07-27 05:00:00,0.0,0.0,48.40492811193096,40.83459746264813,0.020000016,119.10622963317307,9.750914614160168,19.704716081692503,0.22335713762317835,118.88287249554989,0.2233571376231822,0.0,0.18752767030833248,100.00000000000173,51.350296606024045,51.25400734399469,0.09628926202935872
2022-07-27 06:00:00,0.0,0.0,65.04652603805592,40.83459746264813,1.103073131715938,163.81613550704918,67.565927060156,22.711435220629877,10.607180108908215,153.20895539814097,10.60718010890821,0.0,6.475052091832414,99.99999999999994,66.72925588764352,62.42136183001263,4.3078940576308895
2022-07-27 07:00:00,0.0,0.0,98.13348439435639,40.83459746264813,0.020000016,285.1141590507435,145.34238008481634,25.641949377650512,41.75918237323644,243.35497667750707,41.759182373236456,0.0,14.646477927391995,100.00000000000004,103.32612110956207,88.1930110093249,15.133110100237161
2022-07-27 08:00:00,0.0,0.0,108.14068711533938,40.83459746264813,1.103522213854131,286.77278366429783,196.57957369127485,27.843111677852338,56.01935585358603,230.7534278107118,56.019355853586035,0.0,19.53440460345897,100.00000000000003,100.14904178602663,80.62433559359701,19.52470619242962
2022-07-27 09:00:00,0.0,0.0,119.45422299890251,40.83459746264813,1.1035252156656448,296.1597245999929,320.5426482831687,31.716957758849023,90.02196979142008,206.13775480857282,90.02196979142008,0.0,30.3964254130125,100.0,103.9804616650205,72.43451290086213,31.545948764158368
2022-07-27 10:00:00,0.0,0.0,128.9722966037022,40.83459746264813,1.1037060005732242,307.6043931526607,465.7102209043639,37.35344440326138,127.99401327736274,179.61037987529795,127.99401327736274,0.0,41.609943201897224,100.0,109.3275332812349,63.91909719082492,45.408436090409985
2022-07-27 11:00:00,0.0,0.0,134.11856322621736,40.83459746264813,2.187642207917158,312.2063108327303,638.0726145636044,42.73976920511264,171.70310855960585,140.50320227312446,171.70310855960585,0.0,54.99668091321788,100.0,112.48219560063987,50.83734556557016,61.64485003506971
2022-07-27 12:00:00,0.0,0.0,148.96470745145106,40.83459746264813,1.1037477178166626,329.20229979029966,704.9416587976709,45.32942683742722,187.75202032860426,141.4502794616954,187.75202032860426,0.0,57.03241455123534,100.0,120.93038165876692,52.074205723454604,68.85617593531231
2022-07-27 13:00:00,0.0,0.0,154.50958815624762,40.83459746264813,1.103375420978915,331.21508975733803,668.5648175384554,43.69265054807673,179.22959944629432,151.98549031104372,179.22959944629432,0.0,54.112751800531,100.0,121.8771507256259,56.03357277704075,65.84357794858514
2022-07-27 14:00:00,0.0,0.0,162.01494372158757,40.83459746264813,1.1033594149317592,338.7204453226779,572.4623628084119,41.18944883776287,154.99333938578542,183.72710593689249,154.99333938578542,0.0,45.758483589064994,100.0,128.36200881854543,69.71640402844889,58.64560479009654
2022-07-27 15:00:00,0.0,0.0,168.99098181896485,40.83459746264813,1.103561487863726,348.5863758418574,422.6461671202056,36.00769272250643,116.7645422331618,231.82183360869556,116.76454223316182,0.0,33.49658802676046,100.00000000000003,133.87634304260695,89.0988925643229,44.77745047828405
2022-07-27 16:00:00,0.0,0.0,161.41616564729372,40.83459746264813,0.020000016,323.95847246719836,277.3425293848023,31.466954043275074,77.9634294437453,245.99504302345306,77.9634294437453,0.0,24.065871421726527,100.0,126.43001468384963,96.0043965262808,30.425618157568834
2022-07-27 17:00:00,0.0,0.0,145.10842700615575,40.83459746264813,1.103111787885819,264.0442658844069,160.54313357820024,26.11697292431876,46.04533659205901,217.9989292923479,46.045336592059016,0.0,17.438491397581306,100.00000000000003,106.60449422165276,88.04891425510185,18.55557996655091
2022-07-27 18:00:00,0.0,0.0,122.80125717462593,40.83459746264813,1.1030798302714835,245.10464087145292,29.39358678972958,20.91854958717905,2.0206777362777935,243.0839631351751,2.020677736277804,0.0,0.8244143110034235,100.00000000000054,105.25413562736114,104.38804283942642,0.8660927879347184
2022-07-27 19:00:00,0.0,0.0,92.63362415130388,40.83459746264813,0.020000016,204.61901028229448,0.0,20.0,0.0,204.61901028229448,0.0,0.0,0.0,0.0,90.29992405863685,90.29992405863685,0.0
2022-07-27 20:00:00,0.0,0.0,80.20096455559938,40.83459746264813,1.1029021424615169,190.90195405467787,0.0,20.0,0.0,190.90195405467787,0.0,0.0,0.0,0.0,82.73503782301955,82.73503782301955,0.0
2022-07-27 21:00:00,0.0,0.0,16.701043384239476,20.724819923154094,0.020000016,85.10158161318756,0.0,20.0,0.0,85.10158161318756,0.0,0.0,0.0,0.0,36.73429465123101,36.73429465123101,0.0
2022-07-27 22:00:00,0.0,0.0,18.869075024396842,24.928911441292005,0.020000016,87.26624541685274,0.0,19.4,0.0,87.26624541685274,0.0,0.0,0.0,0.0,37.289849690421796,37.289849690421796,0.0
2022-07-27 23:00:00,0.0,0.0,16.744649665791336,23.664937740031437,0.020000016,83.87784635698664,0.0,18.9,0.0,83.87784635698664,0.0,0.0,0.0,0.0,35.574098705002235,35.574098705002235,0.0
2022-07-28 00:00:00,0.0,0.0,15.72393635101475,22.64898214871058,1.1028070955656493,81.84117745088922,0.0,18.9,0.0,81.84117745088922,0.0,0.0,0.0,0.0,35.94924242011854,35.94924242011854,0.0
2022-07-28 01:00:00,0.0,0.0,15.073730221504329,22.987587285606637,0.020000016,81.52957645827487,0.0,18.9,0.0,81.52957645827487,0.0,0.0,0.0,0.0,35.490164460391846,35.490164460391846,0.0
2022-07-28 02:00:00,0.0,0.0,14.173095779952916,22.889166932084102,0.020000016,80.53052166320089,0.0,18.9,0.0,80.53052166320089,0.0,0.0,0.0,0.0,35.03437793465551,35.03437793465551,0.0
2022-07-28 03:00:00,0.0,0.0,13.145146803708034,22.987587285606637,1.102915573207246,79.60099304047857,0.0,18.9,0.0,79.60099304047857,0.0,0.0,0.0,0.0,34.26780542701572,34.26780542701572,0.0
2022-07-28 04:00:00,0.0,0.0,13.231118839503017,23.00274935729062,0.020000016,77.97324842018763,0.0,18.9,0.0,77.97324842018763,0.0,0.0,0.0,0.0,33.84360095928246,33.84360095928246,0.0
2022-07-28 05:00:00,0.0,0.0,56.549774932539705,40.83459746264813,1.1028788475751705,127.25107645378186,27.252139025523576,20.25162934454761,1.7411954435178019,125.50988101026407,1.741195443517796,0.0,1.3683149031357749,99.99999999999967,54.95025820361209,54.201082746106906,0.7491754575051814
2022-07-28 06:00:00,0.0,0.0,75.51005098593667,40.83459746264813,0.020000016,174.27966045492997,137.22280382139363,24.888212619418553,39.53651356777997,134.74314688715,39.53651356777996,0.0,22.685672822965135,99.99999999999997,70.1494215476679,54.23637020177213,15.913051345895767
2022-07-28 07:00:00,0.0,0.0,113.14873544404539,40.83459746264813,1.103400190785236,300.12941010043244,239.51812828591562,28.584941508934865,68.06623446980574,232.0631756306267,68.06623446980575,0.0,22.678961867492,100.00000000000003,109.7894211124089,84.93537592693168,24.85404518547722
2022-07-28 08:00:00,0.0,0.0,128.89189506104788,40.83459746264813,1.1035071518959252,307.52399161000636,330.23196735007235,33.11974897968976,92.24950603226434,215.27448557774204,92.24950603226432,0.0,29.997498910346042,99.99999999999999,109.06064232966298,76.40477844177157,32.655863887891414
2022-07-28 09:00:00,0.0,0.0,140.92392596093194,40.83459746264813,1.103479995051999,317.62942756202233,410.4029282993182,35.625091509353695,113.54942137663767,204.08000618538466,113.54942137663767,0.0,35.74902434204252,100.0,113.54156696130984,73.02259143727045,40.51897552403939
2022-07-28 10:00:00,0.0,0.0,149.27912843929232,40.83459746264813,1.103604583759041,327.91122498825075,537.0098481595514,39.58155775498598,146.31471928241075,181.59650570584,146.31471928241075,0.0,44.620222832461224,100.0,115.59558320406633,64.10523876779676,51.49034443626957
2022-07-28 11:00:00,0.0,0.0,156.03945144396167,40.83459746264813,1.1038013370045767,334.12719905047453,662.8557316526225,43.51424161414445,177.82511855599154,156.302080494483,177.82511855599154,0.0,53.22078509661483,100.0,118.77547092285707,55.668003724114016,63.10746719874305
2022-07-28 12:00:00,0.0,0.0,175.66622492317282,40.83459746264813,2.1874756555516233,355.90381726202145,699.8992363958691,44.67185113737091,186.89946512099746,169.004352141024,186.89946512099746,0.0,52.514037797858016,100.0,127.8768237218204,60.93036981280471,66.94645390901569
2022-07-28 13:00:00,0.0,0.0,186.45301065761652,40.83459746264813,0.020000016,363.15851225870693,667.3840018410428,43.655750057532586,178.9392873765013,184.21922488220562,178.9392873765013,0.0,49.273053318664466,100.0,133.2718802547408,67.60652996618613,65.66535028855468
2022-07-28 14:00:00,0.0,0.0,192.41686144704127,40.83459746264813,1.10336886850723,369.12236304813166,576.8652879721662,40.82704024913019,156.40820020432471,212.71416284380695,156.40820020432471,0.0,42.37299493662211,100.0,140.77891398857832,81.21085094076125,59.56806304781708
2022-07-28 15:00:00,0.0,0.0,194.93640012744248,40.83459746264813,1.1035551400374182,374.53179415033514,463.1275045827806,36.6727345182119,127.62012564552863,246.91166850480653,127.62012564552862,0.0,34.07457728256377,99.99999999999999,146.4140353372836,96.59177638589746,49.82225895138613
2022-07-28 16:00:00,0.0,0.0,185.18556532386475,40.83459746264813,1.1032381832166238,347.7278721437694,308.42150096328635,31.338171905102698,86.7423270359942,260.9855451077752,86.74232703599421,0.0,24.945462812981027,100.00000000000003,136.99304475375484,102.86904700942989,34.12399774432495
2022-07-28 17:00:00,0.0,0.0,161.22698574079368,40.83459746264813,1.103146956450754,280.16282461904495,108.39938218941366,23.387480693419178,27.234507750694025,252.92831686835092,27.234507750694036,0.0,9.720957014095825,100.00000000000004,112.87870931399648,101.9251264692061,10.953582844790375
2022-07-28 18:00:00,0.0,0.0,135.1978440386507,40.83459746264813,0.020000016,257.5012277354777,15.64179911888901,19.88880622246528,0.5743707451689335,256.92685699030875,0.5743707451689488,0.0,0.22305553655805496,100.00000000000267,108.7952947171251,108.55262882099868,0.2426658961264252
2022-07-28 19:00:00,0.0,0.0,107.99680907231102,40.83459746264813,1.103123580968843,219.9821952033016,0.0,19.4,0.0,219.9821952033016,0.0,0.0,0.0,0.0,94.40599295338842,94.40599295338842,0.0
2022-07-28 20:00:00,0.0,0.0,94.19877880698992,40.83459746264813,0.020000016,204.8997683060684,0.0,18.9,0.0,204.8997683060684,0.0,0.0,0.0,0.0,87.4066706786412,87.4066706786412,0.0
2022-07-28 21:00:00,0.0,0.0,21.619574790852475,22.384168063159258,0.020000016,91.67946115980573,0.0,18.9,0.0,91.67946115980573,0.0,0.0,0.0,0.0,39.80257189524639,39.80257189524639,0.0
2022-07-28 22:00:00,0.0,0.0,27.03417930134081,27.412786690701783,1.1029004325302432,97.9152249432065,0.0,19.4,0.0,97.9152249432065,0.0,0.0,0.0,0.0,41.56824979423519,41.56824979423519,0.0
2022-07-28 23:00:00,0.0,0.0,27.153873460556348,27.62881028402736,0.020000016,92.89010638363158,0.0,19.4,0.0,92.89010638363158,0.0,0.0,0.0,0.0,38.7671068555845,38.7671068555845,0.0
2022-07-29 00:00:00,0.0,0.0,23.007894775551623,27.17260190732826,0.020000016,88.28791932192775,0.0,18.9,0.0,88.28791932192775,0.0,0.0,0.0,0.0,36.88323067031879,36.88323067031879,0.0
2022-07-29 01:00:00,0.0,0.0,18.337329037936207,25.43504975579988,1.1029214628294122,81.87980143278396,0.0,18.9,0.0,81.87980143278396,0.0,0.0,0.0,0.0,34.54879576320133,34.54879576320133,0.0
2022-07-29 02:00:00,0.0,0.0,15.335393842489987,22.294520183083392,0.020000016,75.73733666462125,0.0,18.3,0.0,75.73733666462125,0.0,0.0,0.0,0.0,32.62291453924886,32.62291453924886,0.0
2022-07-29 03:00:00,0.0,0.0,15.607371117896498,23.58223403460735,0.020000016,77.2970277915517,0.0,18.3,0.0,77.2970277915517,0.0,0.0,0.0,0.0,33.78781294801662,33.78781294801662,0.0
2022-07-29 04:00:00,0.0,0.0,12.521157358529607,22.29452018308339,1.1029697560626495,66.98676209826087,0.0,18.3,0.0,66.98676209826087,0.0,0.0,0.0,0.0,29.69688071892661,29.69688071892661,0.0
2022-07-29 05:00:00,0.0,0.0,56.52368841471777,40.83459746264813,0.020000016,127.22498993595988,6.74821810458982,18.510881815768432,0.1074396988797579,127.11755023708012,0.1074396988797588,0.0,0.08444858115833985,100.00000000000082,55.92470921256461,55.877484630120506,0.04722458244410177
2022-07-29 06:00:00,0.0,0.0,75.36461617445418,40.83459746264813,1.1029918115889141,151.20350422334468,66.9829662340742,21.493217694814817,10.471526444502047,140.73197777884263,10.471526444502047,0.0,6.925452223008283,100.0,65.72565675771398,61.18761134246012,4.538045415253855
2022-07-29 07:00:00,0.0,0.0,98.95941693538664,40.83459746264813,0.020000016,213.17661781747793,192.7061984886083,26.62206870276901,55.16629704663431,158.01032077084363,55.1662970466343,0.0,25.87821197813906,99.99999999999997,87.73217454158981,65.0295883179884,22.702586223601415
2022-07-29 08:00:00,0.0,0.0,111.83443922380624,40.83459746264813,1.1031276899215279,228.2993342117437,337.2912473587306,32.24035147996033,94.53756982618431,133.7617643855594,94.53756982618432,0.0,41.40948117636749,100.00000000000003,89.74674944860752,52.66533305998496,37.08141638862256
2022-07-29 09:00:00,0.0,0.0,122.37775362800105,40.83459746264813,0.020000016,237.87935114200445,404.9274365843143,34.35398239325983,112.58294554615435,125.2964055958501,112.58294554615435,0.0,47.327750393495414,100.0,90.57140637145848,47.70770151367114,42.86370485778734
2022-07-29 10:00:00,0.0,0.0,135.5103360042502,40.83459746264813,1.1031596634719172,253.25962762409972,530.7956894226928,38.28736529445915,145.35361365148324,107.90601397261648,145.35361365148324,0.0,57.393124603035496,100.0,93.34245020183553,39.88429817309302,53.45815202874251
2022-07-29 11:00:00,0.0,0.0,146.39060703482127,40.83459746264813,0.020000016,262.8555020227587,641.4326685845559,41.14477089326738,173.69748567845664,89.15801634430204,173.69748567845664,0.0,66.08097770135984,100.0,92.67593680430693,31.437151253510255,61.23878555079668
2022-07-29 12:00:00,0.0,0.0,151.21830918620347,40.83459746264813,1.1030141970647251,265.1144109103167,558.5498643389899,39.65468326059344,152.14002922212168,112.974381688195,152.14002922212168,0.0,57.38655575142909,100.0,94.79539669192192,40.50955216503058,54.285844526891346
2022-07-29 13:00:00,0.0,0.0,146.49482474997586,40.83459746264813,1.1030682225463206,221.29196073361422,233.5664839002778,28.398952621883684,66.42118732976091,154.87077340385332,66.4211873297609,0.0,30.015183158739816,99.99999999999997,79.9688274357172,56.02564993302164,23.943177502695562
2022-07-29 14:00:00,0.0,0.0,153.87703377636805,40.83459746264813,0.020000016,227.38977312809436,244.8818815104548,28.752558797201715,69.54676616826045,157.84300695983393,69.54676616826043,0.0,30.584825874769223,99.99999999999997,83.12138478267546,57.69995534519123,25.421429437484235
2022-07-29 15:00:00,0.0,0.0,156.59647378612186,40.83459746264813,1.1029725910441965,230.4303122958262,296.596663765244,30.968645742663874,83.53342835473025,146.89688394109595,83.53342835473026,0.0,36.25105895247416,100.00000000000003,85.96820936296699,54.87581432791108,31.092395035055908
2022-07-29 16:00:00,0.0,0.0,150.35211607358414,40.83459746264813,0.020000016,213.41171687594826,290.5765505319322,30.180517204122886,82.08195963871518,131.32975723723308,82.08195963871518,0.0,38.46178684107944,100.0,82.18631906292205,50.57737722564922,31.60894183727283
2022-07-29 17:00:00,0.0,0.0,55.720202427589534,24.179191030658217,0.020000016,100.19780185009563,80.41719606679717,22.51303737708741,15.036900549011637,85.160901301084,15.036900549011634,0.0,15.007215998119506,99.99999999999997,40.76907669387453,34.65131370550915,6.117762988365378
2022-07-29 18:00:00,0.0,0.0,46.119557082465576,26.024313636472687,1.102967086160091,98.37861719318612,10.50112501259765,19.228160156643675,0.25949631481789626,98.11912087836822,0.2594963148178948,0.0,0.2637730862879703,99.99999999999945,42.74389836507063,42.6316752912829,0.11222307378772456
2022-07-29 19:00:00,0.0,0.0,42.068340733728384,29.497652905003505,0.020000016,109.67341627777976,0.0,18.3,0.0,109.67341627777976,0.0,0.0,0.0,0.0,47.5497688029876,47.5497688029876,0.0
2022-07-29 20:00:00,0.0,0.0,31.41364345089853,26.024313636472687,0.020000016,95.54537972641909,0.0,18.3,0.0,95.54537972641909,0.0,0.0,0.0,0.0,40.711187770502605,40.711187770502605,0.0
2022-07-29 21:00:00,0.0,0.0,32.75721047113242,29.4976529050035,1.102930939004435,100.3622860151838,0.0,18.3,0.0,100.3622860151838,0.0,0.0,0.0,0.0,43.82305803452898,43.82305803452898,0.0
2022-07-29 22:00:00,0.0,0.0,25.548275558721507,26.024313636472687,0.020000016,89.68001183424207,0.0,18.3,0.0,89.68001183424207,0.0,0.0,0.0,0.0,37.95842401971023,37.95842401971023,0.0
2022-07-29 23:00:00,0.0,0.0,26.267184561265235,29.4976529050035,0.020000016,93.87226010531658,0.0,17.8,0.0,93.87226010531658,0.0,0.0,0.0,0.0,38.9798327681911,38.9798327681911,0.0
2022-07-30 00:00:00,0.0,0.0,20.52496416329608,26.024313636472687,1.1028477161325339,84.65670043881664,0.0,17.8,0.0,84.65670043881664,0.0,0.0,0.0,0.0,36.06676559691872,36.06676559691872,0.0
2022-07-30 01:00:00,0.0,0.0,21.606065895635354,28.71970253838295,0.020000016,88.43319107306618,0.0,17.8,0.0,88.43319107306618,0.0,0.0,0.0,0.0,38.6648234844862,38.6648234844862,0.0
2022-07-30 02:00:00,0.0,0.0,16.81286869745847,23.876984052145023,0.020000016,78.79727538865137,0.0,18.3,0.0,78.79727538865137,0.0,0.0,0.0,0.0,35.13103239304696,35.13103239304696,0.0
2022-07-30 03:00:00,0.0,0.0,16.73381840558153,24.13920161401159,1.1028272333082758,78.980442658641,0.0,18.3,0.0,78.980442658641,0.0,0.0,0.0,0.0,35.56600672259494,35.56600672259494,0.0
2022-07-30 04:00:00,0.0,0.0,14.456522360868524,21.737552603679152,0.020000016,68.36515952119555,0.0,18.3,0.0,68.36515952119555,0.0,0.0,0.0,0.0,30.564878271923174,30.564878271923174,0.0
2022-07-30 05:00:00,0.0,0.0,17.144235052456143,25.50140506558708,0.020000016,62.94404850989109,8.251438450341825,18.557857451573184,0.16060984725177024,62.78343866263932,0.16060984725177008,0.0,0.25516288045331514,99.9999999999999,28.037306616255872,27.965775005536116,0.07153161071975589
2022-07-30 06:00:00,0.0,0.0,20.419814418724595,26.41328881978296,1.1028304507320992,67.13151163035543,49.52219906777349,20.547568720867922,5.743525989192752,61.38798564116268,5.743525989192754,0.0,8.555633337765709,100.00000000000004,29.6632568490333,27.142365857116708,2.520890991916591
2022-07-30 07:00:00,0.0,0.0,32.56574310882823,29.04356788720263,0.020000016,81.90771938787871,202.75456613630126,26.336080191759415,58.10464788646129,23.803071501417428,58.10464788646129,0.0,70.93915972840531,100.0,33.967455932540915,9.873782639940876,24.093673292600037
2022-07-30 08:00:00,0.0,0.0,34.575897153837474,26.478398654273555,0.020000016,81.35270419995891,330.3106052682755,31.422206414633614,92.86897264783671,0.0,81.35270419995891,11.516268447877806,100.0,87.59944455125178,32.218051583783854,0.0036010111631256747,32.21445057262073
2022-07-30 09:00:00,0.0,0.0,42.765928272764995,29.04356788720263,0.020000016,92.10790455181551,407.72165902670054,35.541301844584396,112.84397736310436,0.0,92.10790455181551,20.73607281128885,100.0,81.62412093596699,35.31592945823816,0.0036010111631256747,35.31232844707503
2022-07-30 10:00:00,0.0,0.0,42.26537441312965,26.478398654273555,1.1028705474984517,89.04218145925105,526.9967421771753,40.86864819303673,142.86374102746854,0.0,89.04218145925105,53.82155956821748,100.0,62.326648328585236,34.00032001344698,0.19857229879338345,33.801747714653594
2022-07-30 11:00:00,0.0,0.0,56.168618036314115,29.04356788720263,0.020000016,105.51059431536463,646.7875932883738,43.51211229026168,173.5159669733476,0.0,105.51059431536463,68.00537265798296,100.0,60.80742663386781,39.15752745565178,0.0036010111631256747,39.153926444488654
2022-07-30 12:00:00,0.0,0.0,56.7493324922897,26.478398654273555,1.1029507269425742,103.52613953841114,681.5513370099798,44.598479281561865,182.05317184505745,0.0,103.52613953841114,78.5270323066463,100.0,56.865880714520365,39.188601408091905,0.1985867351355013,38.990014672956406
2022-07-30 13:00:00,0.0,0.0,61.386681482086104,29.04356788720263,0.020000016,110.72865776113659,631.7349618384741,42.541717557452316,170.13099215031605,0.0,110.72865776113659,59.40233438917946,100.0,65.08435433286863,41.86955286736006,0.0036010111631256747,41.865951856196936
2022-07-30 14:00:00,0.0,0.0,56.826309595029,26.478398654273555,0.020000016,103.60311664115044,556.3292968144765,39.58529052545239,151.57631993863544,0.0,103.60311664115044,47.973203297485,100.0,68.35046310867912,39.81206254935877,0.0036010111631256747,39.808461538195644
2022-07-30 15:00:00,0.0,0.0,62.820184891527,29.04356788720263,0.020000016,112.16216117057748,400.6688366304994,34.220901144703106,111.45573619587854,0.7064249746989333,111.45573619587854,0.0,99.37017531819434,100.0,42.823188470448635,0.27328934162906393,42.54989912881957
2022-07-30 16:00:00,0.0,0.0,48.42097964182643,26.478398654273555,1.1028741581525066,95.19778668794785,197.72572030561946,26.77892875955061,56.57019333560862,38.62759335233923,56.57019333560862,0.0,59.423853540883286,100.0,36.85590867988778,15.072707183111646,21.783201496776137
2022-07-30 17:00:00,0.0,0.0,47.3147720915287,29.04356788720263,0.020000016,96.6567483705792,119.31266319149674,23.728520724734274,32.952918948098855,63.70382942248034,32.952918948098855,0.0,34.09272451599376,100.0,38.96931926553657,25.684844285394735,13.284474980141834
2022-07-30 18:00:00,0.0,0.0,37.95228800764569,26.478398654273555,0.020000016,90.66543313616714,16.89062529064844,19.427832040332763,0.6708674746401295,89.994565661527,0.6708674746401329,0.0,0.7399374286698451,100.00000000000048,38.59987589722947,38.31428761327516,0.28558828395430425
2022-07-30 19:00:00,0.0,0.0,38.807996638430424,29.04356788720263,1.1026803544821489,105.95898716468093,0.0,18.3,0.0,105.95898716468093,0.0,0.0,0.0,0.0,45.41335705737469,45.41335705737469,0.0
2022-07-30 20:00:00,0.0,0.0,32.21772226840327,26.478398654273555,0.020000016,96.8035435617247,0.0,18.9,0.0,96.8035435617247,0.0,0.0,0.0,0.0,40.169327305793935,40.169327305793935,0.0
2022-07-30 21:00:00,0.0,0.0,32.41439327177688,29.04356788720263,0.020000016,99.56538379802737,0.0,19.4,0.0,99.56538379802737,0.0,0.0,0.0,0.0,41.835997013904326,41.835997013904326,0.0
2022-07-30 22:00:00,0.0,0.0,25.52759087191284,26.478398654273555,1.102832264707987,90.1134121652343,0.0,18.9,0.0,90.1134121652343,0.0,0.0,0.0,0.0,36.82606291464224,36.82606291464224,0.0
2022-07-30 23:00:00,0.0,0.0,16.388896470413254,26.549437649665695,0.020000016,86.40659307124285,0.0,18.9,0.0,86.40659307124285,0.0,0.0,0.0,0.0,35.694708345170696,35.694708345170696,0.0
2022-07-31 00:00:00,0.0,0.0,4.167919641984438,21.737552603679152,0.020000016,69.37373119682748,0.0,19.4,0.0,69.37373119682748,0.0,0.0,0.0,0.0,28.764562490743863,28.764562490743863,0.0
2022-07-31 01:00:00,0.0,0.0,7.8142339630122235,24.13920161401159,1.1028623319664301,75.42169452818769,0.0,19.4,0.0,75.42169452818769,0.0,0.0,0.0,0.0,31.797243959112958,31.797243959112958,0.0
2022-07-31 02:00:00,0.0,0.0,7.125310688250613,21.737552603679152,0.020000016,72.33112224309365,0.0,19.4,0.0,72.33112224309365,0.0,0.0,0.0,0.0,30.652105783617984,30.652105783617984,0.0
2022-07-31 03:00:00,0.0,0.0,5.97129251095109,24.13920161401159,0.020000016,73.57875307612657,0.0,18.9,0.0,73.57875307612657,0.0,0.0,0.0,0.0,31.719354630862103,31.719354630862103,0.0
2022-07-31 04:00:00,0.0,0.0,8.112099664786482,21.737552603679152,1.1029015573513214,74.55720153305963,0.0,19.4,0.0,74.55720153305963,0.0,0.0,0.0,0.0,32.285387919905446,32.285387919905446,0.0
2022-07-31 05:00:00,0.0,0.0,46.32279084258759,40.83459746264813,0.020000016,117.02409236382971,9.002335854638691,19.681322995457457,0.1903953850234244,116.83369697880629,0.19039538502342168,0.0,0.1626975960056836,99.99999999999856,49.79325646873994,49.712249896250945,0.08100657248899523
2022-07-31 06:00:00,0.0,0.0,51.00660211898296,40.83459746264813,1.103137406553629,149.7762115879763,93.08220484511779,22.90881890140993,20.116997521865546,129.65921406611074,20.116997521865557,0.0,13.431370248037776,100.00000000000004,66.37798831808205,57.489192378058135,8.888795940023911
2022-07-31 07:00:00,0.0,0.0,71.89143116314806,40.83459746264813,0.020000016,258.8721058195352,82.45018380585933,23.176568243933104,15.768338873619955,243.10376694591523,15.768338873619967,0.0,6.0911695463289455,100.00000000000009,110.94324196012494,104.1857203358351,6.757521624289836
2022-07-31 08:00:00,0.0,0.0,76.04859855736656,40.83459746264813,1.1033992769636896,254.68069510632503,150.52912528148576,25.804035165046432,43.223417756395996,211.45727734992903,43.223417756396,0.0,16.9716113497927,100.00000000000003,103.56974142998328,86.0260045139285,17.543736916054783
2022-07-31 09:00:00,0.0,0.0,81.16582216284185,40.83459746264813,1.1034592116147364,257.8713237639323,411.8751236380931,36.17109761369041,113.71710641992959,144.15421734400272,113.71710641992959,0.0,44.098391694003034,100.0,98.73131109820982,55.280004735154726,43.45130636305509
2022-07-31 10:00:00,0.0,0.0,95.27723092047808,40.83459746264813,1.103605142456134,273.90932746943656,521.9116545581945,43.00973920494358,140.29445699934448,133.6148704700921,140.29445699934448,0.0,51.21930614611831,100.0,103.99801375410004,50.832727801913464,53.16528595218658
2022-07-31 11:00:00,0.0,0.0,98.18165235715593,40.83459746264813,2.187576058734983,276.26939996366883,639.9456560048234,46.69830175015073,169.50771083472978,106.76168912893905,169.50771083472978,0.0,61.355948525975414,100.0,103.97141606266428,40.42043265506156,63.550983407602715
2022-07-31 12:00:00,0.0,0.0,112.05118481724098,40.83459746264813,1.1037458724845515,292.2887771560897,654.2241347069071,46.54450420959085,173.39698846003228,118.8917886960574,173.39698846003228,0.0,59.323861198897085,100.0,109.34374362316082,44.59470717735789,64.74903644580293
2022-07-31 13:00:00,0.0,0.0,108.1974428367604,40.83459746264813,1.1033457303614285,284.9029444378508,626.5484609993894,43.479639406230916,168.10802477831174,116.79491965953906,168.10802477831174,0.0,59.0053658834625,100.0,105.93611213960642,43.54534036350768,62.390771776098745
2022-07-31 14:00:00,0.0,0.0,114.5908718863482,40.83459746264813,1.1033286959262367,291.2963734874386,530.9056263339086,40.490800822934645,144.13716261349833,147.15921087394025,144.13716261349833,0.0,49.48127602409505,100.0,110.82427854793208,56.08530830220382,54.73897024572826
2022-07-31 15:00:00,0.0,0.0,116.16241684710836,40.83459746264813,1.103547543667181,295.75781087000087,456.9073431440029,37.57835447325009,125.46515975243531,170.29265111756555,125.46515975243531,0.0,42.42158791457346,100.0,113.74307536333596,65.5757458827785,48.167329480557456
2022-07-31 16:00:00,0.0,0.0,104.66635694938765,40.83459746264813,1.1032569099586926,267.20866376929234,305.0567608867527,31.233023777711022,85.83018754272933,181.378476226563,85.83018754272933,0.0,32.12103467454746,100.0,102.82814544402416,69.86248701261268,32.965658431411484
2022-07-31 17:00:00,0.0,0.0,80.27938568882973,40.83459746264813,0.020000016,199.2152245670809,167.65602560198965,26.339250800062178,48.045672511552986,151.1695520555279,48.04567251155299,0.0,24.117470246544727,100.00000000000003,76.8289602132122,58.30062706585691,18.52833314735529
2022-07-31 18:00:00,0.0,0.0,65.85995249907465,40.83459746264813,1.1029799558607356,188.16333619590165,29.191906361243564,21.512247073788863,1.9887306613261988,186.17460553457545,1.9887306613262012,0.0,1.0569171983938908,100.00000000000013,78.24686221851235,77.42195662750086,0.8249055910114862
2022-07-31 19:00:00,0.0,0.0,48.37927621343558,40.83459746264813,0.020000016,160.3646623444262,0.0,21.1,0.0,160.3646623444262,0.0,0.0,0.0,0.0,67.91803551402762,67.91803551402762,0.0
2022-07-31 20:00:00,0.0,0.0,39.86052896528831,40.83459746264813,1.1029431316663119,150.56151846436677,0.0,21.7,0.0,150.56151846436677,0.0,0.0,0.0,0.0,62.28036908360754,62.28036908360754,0.0
2022-07-31 21:00:00,0.0,0.0,2.4181166556034146,11.726115075939836,0.020000016,61.81995003733724,0.0,21.3,0.0,61.81995003733724,0.0,0.0,0.0,0.0,26.770402978329408,26.770402978329408,0.0
2022-07-31 22:00:00,0.0,0.0,3.692695636763936,16.56689846178625,0.020000016,63.727853049714064,0.0,20.9,0.0,63.727853049714064,0.0,0.0,0.0,0.0,26.327983909673762,26.327983909673762,0.0
2022-07-31 23:00:00,0.0,0.0,4.512165013025658,10.795693875837346,1.1028339612809424,58.77611784002687,0.0,20.5,0.0,58.77611784002687,0.0,0.0,0.0,0.0,24.58830357032732,24.58830357032732,0.0
2022-08-01 00:00:00,0.0,0.0,2.7251477985438304,10.34219206301919,0.020000016,56.53559881272691,0.0,20.1,0.0,56.53559881272691,0.0,0.0,0.0,0.0,22.940658805474563,22.940658805474563,0.0
2022-08-01 01:00:00,0.0,0.0,3.0706714295104613,10.795693875837346,0.020000016,57.3346242565117,0.0,19.7,0.0,57.3346242565117,0.0,0.0,0.0,0.0,24.361069434056997,24.361069434056997,0.0
2022-08-01 02:00:00,0.0,0.0,2.2441212275848064,10.342192063019192,1.1028596909909547,56.054572241767886,0.0,19.3,0.0,56.054572241767886,0.0,0.0,0.0,0.0,24.704788509592007,24.704788509592007,0.0
2022-08-01 03:00:00,0.0,0.0,2.168001408594904,10.321905830740311,0.020000016,55.958166190499085,0.0,18.9,0.0,55.958166190499085,0.0,0.0,0.0,0.0,24.60141191435176,24.60141191435176,0.0
2022-08-01 04:00:00,0.0,0.0,1.8287463587173836,9.49469296589743,0.020000016,56.030988589208796,0.0,18.3,0.0,56.030988589208796,0.0,0.0,0.0,0.0,24.544893858293634,24.544893858293634,0.0
2022-08-01 05:00:00,0.0,0.0,43.05300533641682,40.83459746264813,1.1029089207468858,113.75430685765895,23.35934365380866,19.02997948918152,1.2849685345905626,112.46933832306838,1.2849685345905613,0.0,1.1295998983128135,99.9999999999999,49.27048087170387,48.716164720409516,0.5543161512943513
2022-08-01 06:00:00,0.0,0.0,58.744525578502554,40.83459746264813,0.020000016,157.5141350474958,139.62941165482945,23.76341911421342,40.39726031497429,117.11687473252152,40.39726031497429,0.0,25.646752466242575,100.0,67.82288699721292,50.42944259599759,17.393444401215326
2022-08-01 07:00:00,0.0,0.0,92.16415257095409,40.83459746264813,1.1033707686335776,279.1448272273411,255.3835974331967,29.080737419787397,72.43995739511466,206.70486983222645,72.43995739511467,0.0,25.95067159747801,100.00000000000003,107.42656484665446,79.60020401246905,27.826360834185408
2022-08-01 08:00:00,0.0,0.0,106.26764713216832,40.83459746264813,1.1035402092257998,284.8997436811268,330.08994631855427,32.51531082245482,92.42244020117786,192.47730347994892,92.42244020117786,0.0,32.440338136850485,100.0,100.21274789092426,67.76785025830078,32.44489763262348
2022-08-01 09:00:00,0.0,0.0,118.54668719466154,40.83459746264813,1.1035210573396943,295.2521887957519,406.26926432672326,34.395914510210105,112.93786385466792,182.314324941084,112.93786385466791,0.0,38.25132146024343,99.99999999999999,103.61076854907179,64.05428173397436,39.55648681509743
2022-08-01 10:00:00,0.0,0.0,131.44806640698218,40.83459746264813,1.103631138917103,310.08016295594075,526.892113293804,38.66537854043138,144.07241663080265,166.0077463251381,144.07241663080265,0.0,46.46295824195432,100.0,109.98414133895889,58.97458186874006,51.00955947021883
2022-08-01 11:00:00,0.0,0.0,138.13574494858702,40.83459746264813,1.1037956509180915,316.2234925551,658.0459233699675,43.363935105311484,176.64018238873967,139.58331016636032,176.64018238873967,0.0,55.85928514086006,100.0,113.68660698968425,50.29309513310141,63.39351185658284
2022-08-01 12:00:00,0.0,0.0,150.407986159002,40.83459746264813,2.1875018234785086,330.64557849785064,705.4249766097698,44.84453051905531,188.24524270387053,142.4003357939801,188.24524270387053,0.0,56.93263571195592,100.0,120.62651231837013,52.17489471396169,68.45161760440844
2022-08-01 13:00:00,0.0,0.0,160.37928594440442,40.83459746264813,0.020000016,337.08478754549475,511.04413476573137,38.170129211429106,140.00867159085593,197.07611595463882,140.00867159085593,0.0,41.5351498388101,100.0,122.71594706922502,71.74719026328984,50.968756805935186
2022-08-01 14:00:00,0.0,0.0,165.113506622847,40.83459746264813,1.103332618703351,341.8190082239374,391.77942900077426,35.043107156274196,108.63967757431195,233.17933064962543,108.63967757431195,0.0,31.782807556196047,100.0,122.930479492751,83.92286006130642,39.00761943144458
2022-08-01 15:00:00,0.0,0.0,164.37533120708156,40.83459746264813,1.103531516977026,343.97072522997416,335.15175751884544,32.67349242246392,93.78321263238789,250.18751259758628,93.78321263238789,0.0,27.264882082533536,100.0,128.70099469166163,93.664993200391,35.03600149127064
2022-08-01 16:00:00,0.0,0.0,155.13410032748672,40.83459746264813,1.103175217207702,317.6764071473914,297.9233014485424,30.41010317026695,84.08438121519038,233.592025932201,84.08438121519038,0.0,26.46856339450414,100.0,120.47885681088177,88.64240797328031,31.836448837601452
2022-08-01 17:00:00,0.0,0.0,134.7798510269671,40.83459746264813,1.1030560035289139,253.7156899052183,176.80153004898136,26.12504781403067,50.706881971734376,203.00880793348392,50.70688197173439,0.0,19.98570998532932,100.00000000000003,100.1448274145911,80.16986539946578,19.974962015125328
2022-08-01 18:00:00,0.0,0.0,114.78105366562332,40.83459746264813,0.020000016,237.0844373624503,31.503320603638112,21.584478768863693,2.315523090594827,234.76891427185546,2.315523090594837,0.0,0.976665999824741,100.00000000000044,99.79955323013934,98.82488009561526,0.9746731345240818
2022-08-01 19:00:00,0.0,0.0,89.52153407846852,40.83459746264813,1.1029988647787055,201.50692020945914,0.0,20.0,0.0,201.50692020945914,0.0,0.0,0.0,0.0,86.58662716537006,86.58662716537006,0.0
2022-08-01 20:00:00,0.0,0.0,73.27301769082726,40.83459746264813,0.020000016,183.9740071899058,0.0,20.6,0.0,183.9740071899058,0.0,0.0,0.0,0.0,76.54138735234368,76.54138735234368,0.0
2022-08-01 21:00:00,0.0,0.0,15.448561876547915,20.725115790973103,0.020000016,83.849395973315,0.0,20.6,0.0,83.849395973315,0.0,0.0,0.0,0.0,36.66255693069644,36.66255693069644,0.0
2022-08-01 22:00:00,0.0,0.0,20.505195558550326,27.392629460518037,1.1028348809337194,91.36608397023225,0.0,19.4,0.0,91.36608397023225,0.0,0.0,0.0,0.0,38.94737891920899,38.94737891920899,0.0
2022-08-01 23:00:00,0.0,0.0,19.651528404479876,27.37005359486988,0.020000016,90.48984095051365,0.0,20.0,0.0,90.48984095051365,0.0,0.0,0.0,0.0,38.07674914188699,38.07674914188699,0.0
2022-08-02 00:00:00,0.0,0.0,19.76602032097323,27.872999027265095,0.020000016,91.10727829940221,0.0,19.4,0.0,91.10727829940221,0.0,0.0,0.0,0.0,37.91880594824235,37.91880594824235,0.0
2022-08-02 01:00:00,0.0,0.0,18.65571724180652,27.648967514211105,1.1028568539019483,89.77294370718151,0.0,19.4,0.0,89.77294370718151,0.0,0.0,0.0,0.0,37.518977991205155,37.518977991205155,0.0
2022-08-02 02:00:00,0.0,0.0,15.838967118481706,24.92083470399638,0.020000016,84.22806077364199,0.0,19.4,0.0,84.22806077364199,0.0,0.0,0.0,0.0,35.49351555844105,35.49351555844105,0.0
2022-08-02 03:00:00,0.0,0.0,13.471390035254528,22.62416540060039,0.020000016,79.56381438701881,0.0,18.9,0.0,79.56381438701881,0.0,0.0,0.0,0.0,33.05798987917816,33.05798987917816,0.0
2022-08-02 04:00:00,0.0,0.0,12.561057266832474,23.25258881709034,1.1027668963092352,80.52119534851681,0.0,18.3,0.0,80.52119534851681,0.0,0.0,0.0,0.0,33.71509859419723,33.71509859419723,0.0
2022-08-02 05:00:00,0.0,0.0,45.02515011433467,40.83459746264813,0.020000016,115.7264516355768,12.468402757018376,19.28963758615682,0.36575009681565607,115.36070153876113,0.36575009681565973,0.0,0.3160471021503439,100.000000000001,47.87847678828489,47.72716963073322,0.15130715755167046
2022-08-02 06:00:00,0.0,0.0,54.93554264029231,40.83459746264813,1.103113872643458,153.7051521092856,87.23723261603894,22.726163519251216,17.681730012629572,136.02342209665602,17.681730012629572,0.0,11.503667749574015,100.0,61.51160128598053,54.45835918394259,7.053242102037942
2022-08-02 07:00:00,0.0,0.0,79.82422477354687,40.83459746264813,1.1033662935069917,266.804899429934,182.88669133248408,25.71520910414013,52.531984251019,214.27291517891499,52.531984251019,0.0,19.689287701710477,100.0,95.96161008595656,77.10656763865957,18.855042447296995
2022-08-02 08:00:00,0.0,0.0,88.18007750066829,40.83459746264813,1.103457038302098,266.81217404962683,214.27273961316016,26.696023112911256,61.323297694102784,205.48887635552404,61.32329769410279,0.0,22.98369552009149,100.00000000000003,91.0202078823282,70.14606396374407,20.874143918584124
2022-08-02 09:00:00,0.0,0.0,99.87021720023914,40.83459746264813,1.103486079094674,276.5757188013295,304.242054486599,31.207564202706216,85.6092173088846,190.96650149244493,85.60921730888458,0.0,30.953265774708004,99.99999999999999,95.57720263274469,66.0544359976893,29.52276663505539
2022-08-02 10:00:00,0.0,0.0,117.61022362239144,40.83459746264813,1.1036089117174341,296.24232017135,411.7623664564378,34.567573951763684,114.38955905973832,181.8527611116117,114.3895590597383,0.0,38.613510383517806,99.99999999999999,104.22567718134718,64.05721156972479,40.168465611622395
2022-08-02 11:00:00,0.0,0.0,123.92128708946893,40.83459746264813,1.1037966345300971,302.0090346959819,428.6648987155492,35.59577808486091,118.61549498856375,183.39353970741814,118.61549498856374,0.0,39.27547899617252,99.99999999999999,109.0065540614153,66.27176352693556,42.73479053447974
2022-08-02 12:00:00,0.0,0.0,138.8227850234384,40.83459746264813,1.1037492361579766,319.060377362287,411.36833873638835,33.855260585512134,114.5923417562891,204.4680356059979,114.5923417562891,0.0,35.91556642151516,100.0,116.16601056503406,74.51570506858444,41.65030549644962
2022-08-02 13:00:00,0.0,0.0,145.17691578958582,40.83459746264813,1.1033571614199171,321.8824173906762,678.6910357907635,42.209094868461364,183.0171742940052,138.865243096671,183.0171742940052,0.0,56.858394371965026,100.0,118.2377706072533,51.12262753602717,67.11514307122613
2022-08-02 14:00:00,0.0,0.0,152.2979061408344,40.83459746264813,1.1033373871954395,329.00340774192483,598.8933609330671,41.51541752915835,161.94146614889476,167.06194159303007,161.94146614889476,0.0,49.22182030282315,100.0,125.26107672137333,63.7030769015247,61.557999819848625
2022-08-02 15:00:00,0.0,0.0,152.16628802688413,40.83459746264813,1.1035621955727837,331.76168204977677,478.9102888067445,37.765946525210765,131.4113584892567,200.35032356052005,131.4113584892567,0.0,39.61016765930794,100.0,129.24072068039675,78.12695868241546,51.113761997981285
2022-08-02 16:00:00,0.0,0.0,140.61665252333825,40.83459746264813,1.1032484502858433,303.1589593432429,336.48411771114166,32.71512867847318,94.14110883612874,209.01785050711413,94.14110883612875,0.0,31.053381711058137,100.00000000000003,118.93539415151797,82.06361675921559,36.87177739230238
2022-08-02 17:00:00,0.0,0.0,117.89926733971957,40.83459746264813,0.020000016,236.8351062179708,188.1273846119696,29.178980769124053,53.34293259041621,183.4921736275546,53.34293259041621,0.0,22.52323713416124,100.0,91.93943671838613,71.23251043077542,20.706926287610713
2022-08-02 18:00:00,0.0,0.0,100.21610909644392,40.83459746264813,1.1030442578503257,222.51949279327093,31.87425047510408,23.796070327347003,2.3512170528738,220.16827574039712,2.351217052873807,0.0,1.0566341956649061,100.00000000000028,90.57712076832908,89.62215045013386,0.9549703181952225
2022-08-02 19:00:00,0.0,0.0,80.29106636475252,40.83459746264813,0.020000016,192.27645249574314,0.0,22.8,0.0,192.27645249574314,0.0,0.0,0.0,0.0,80.24537154894915,80.24537154894915,0.0
2022-08-02 20:00:00,0.0,0.0,71.97544332878492,40.83459746264813,1.102920415159492,182.6764328278634,0.0,20.0,0.0,182.6764328278634,0.0,0.0,0.0,0.0,75.15254843108704,75.15254843108704,0.0
2022-08-02 21:00:00,0.0,0.0,16.508231316898335,22.263496641497873,0.020000016,86.44744626419019,0.0,20.6,0.0,86.44744626419019,0.0,0.0,0.0,0.0,36.02236173436929,36.02236173436929,0.0
2022-08-02 22:00:00,0.0,0.0,19.331339467522668,27.412786690701783,0.020000016,90.21238510938834,0.0,20.6,0.0,90.21238510938834,0.0,0.0,0.0,0.0,37.31950304973606,37.31950304973606,0.0
2022-08-02 23:00:00,0.0,0.0,17.856371213746897,27.130953986583712,1.1028374277563602,88.45558415149449,0.0,20.0,0.0,88.45558415149449,0.0,0.0,0.0,0.0,37.28047404563887,37.28047404563887,0.0
2022-08-03 00:00:00,0.0,0.0,15.698468496500272,25.616029257339747,0.020000016,84.7827567050039,0.0,20.0,0.0,84.7827567050039,0.0,0.0,0.0,0.0,35.984555129199734,35.984555129199734,0.0
2022-08-03 01:00:00,0.0,0.0,14.62818506043028,25.151093692783576,0.020000016,83.24753770437775,0.0,19.4,0.0,83.24753770437775,0.0,0.0,0.0,0.0,35.58859347827644,35.58859347827644,0.0
2022-08-03 02:00:00,0.0,0.0,11.72640152257617,22.294520183083392,1.1028284007818114,77.48918065682344,0.0,19.4,0.0,77.48918065682344,0.0,0.0,0.0,0.0,33.68396434749271,33.68396434749271,0.0
2022-08-03 03:00:00,0.0,0.0,11.343407941554736,23.58223403460735,0.020000016,78.39390092732599,0.0,19.4,0.0,78.39390092732599,0.0,0.0,0.0,0.0,33.843896224461936,33.843896224461936,0.0
2022-08-03 04:00:00,0.0,0.0,10.745617414611603,22.29452018308339,0.020000016,77.747686862289,0.0,18.9,0.0,77.747686862289,0.0,0.0,0.0,0.0,33.78147230691889,33.78147230691889,0.0
2022-08-03 05:00:00,0.0,0.0,46.52892929913038,40.83459746264813,1.102862902103598,117.23023082037251,27.37985608903628,20.25562050278238,1.7575283935492636,115.47270242682325,1.757528393549265,0.0,1.4992108957306924,100.00000000000007,51.0295990059504,50.26753469450744,0.7620643114429626
2022-08-03 06:00:00,0.0,0.0,63.1123427013617,40.83459746264813,0.020000016,161.881952170355,134.27194777424958,25.2959983679453,38.627969456984296,123.2539827133707,38.62796945698429,0.0,23.86181346289579,99.99999999999997,67.44200346581131,51.34997766972623,16.092025796085082
2022-08-03 07:00:00,0.0,0.0,89.04340095164855,40.83459746264813,1.103380773971964,276.0240756080356,242.43951600830079,30.3762348752594,68.43366501644532,207.59041059159028,68.43366501644533,0.0,24.792643491585736,100.00000000000003,100.34571927738871,75.516616936122,24.829102341266704
2022-08-03 08:00:00,0.0,0.0,96.02314263968634,40.83459746264813,1.1034002574466242,274.6552391886449,331.97331720332073,34.77416616260377,92.15069657958877,182.5045426090561,92.15069657958878,0.0,33.551406793407565,100.00000000000003,96.3211350083349,64.07069497289334,32.25044003544157
2022-08-03 09:00:00,0.0,0.0,108.62577327876072,40.83459746264813,1.1035521687106589,285.33127487985104,394.2060452858172,36.21893891518179,108.81864667589944,176.51262820395158,108.81864667589946,0.0,38.13765130433789,100.00000000000003,99.27998022700318,61.492705168797094,37.787275058206085
2022-08-03 10:00:00,0.0,0.0,120.32822351904662,40.83459746264813,1.1036043201133903,298.9603200680051,512.5152870439878,41.01610272012462,138.85742775085757,160.10289231714754,138.85742775085757,0.0,46.44677518383423,100.0,103.59413111037614,55.570289722742054,48.023841387634086
2022-08-03 11:00:00,0.0,0.0,127.96726914798026,40.83459746264813,1.1038057403536092,306.05501675449324,649.6139519817298,45.300435999429055,173.0362752266478,133.01874152784544,173.0362752266478,0.0,56.53763727240306,100.0,106.04786822519574,46.203272438059585,59.84459578713616
2022-08-03 12:00:00,0.0,0.0,137.13220055903696,40.83459746264813,2.187489992162494,317.36979289788565,697.8878326781983,46.808994771193696,184.77301649221204,132.5967764056736,184.77301649221204,0.0,58.220101795151976,100.0,111.9287116460318,46.993006595091266,64.93570505094053
2022-08-03 13:00:00,0.0,0.0,130.1932624201941,40.83459746264813,1.1033510569810638,306.8987640212843,673.4806573769879,45.44627054303087,179.2889385955038,127.60982542578051,179.2889385955038,0.0,58.41957010392834,100.0,109.0188225613917,45.44655071419797,63.57227184719373
2022-08-03 14:00:00,0.0,0.0,129.3136112028973,40.83459746264813,0.020000016,306.0191128039877,595.826467894035,43.61957712168859,159.77621706470745,146.24289573928024,159.77621706470745,0.0,52.21118890278197,100.0,114.40731623736991,54.675776368814354,59.73153986855556
2022-08-03 15:00:00,0.0,0.0,124.65125852542045,40.83459746264813,1.1035256558185786,304.24665254831297,478.2013071110962,38.843790847221754,130.6675777710511,173.57907477726187,130.6675777710511,0.0,42.94790975565514,100.0,118.93398887482233,67.93965997389193,50.9943289009304
2022-08-03 16:00:00,0.0,0.0,123.36933715349971,40.83459746264813,1.1031757382898404,285.9116439734044,274.15089553019186,31.867215485318496,76.94930258274991,208.9623413906545,76.94930258274991,0.0,26.913665184586797,100.0,113.10370589539929,82.71681105198427,30.38689484341502
2022-08-03 17:00:00,0.0,0.0,109.90460797027195,40.83459746264813,1.1031458842889814,228.84044684852316,95.29492617100041,25.777966442843763,20.8626812027755,207.97776564574767,20.86268120277549,0.0,9.116693089043464,99.99999999999994,93.34011634734819,84.84869215760052,8.491424189747661
2022-08-03 18:00:00,0.0,0.0,91.22472532920263,40.83459746264813,0.020000016,213.52810902602963,11.02175473374881,22.54442983542965,0.2824307455885528,213.24567828044107,0.28243074558855596,0.0,0.1322686492550388,100.00000000000111,91.36800830122068,91.24716183379824,0.12084646742243876
2022-08-03 19:00:00,0.0,0.0,69.43902261926257,40.83459746264813,1.103059362166532,181.42440875025318,0.0,21.1,0.0,181.42440875025318,0.0,0.0,0.0,0.0,80.47255731263336,80.47255731263336,0.0
2022-08-03 20:00:00,0.0,0.0,63.18096679262271,40.83459746264813,0.020000016,173.88195629170121,0.0,20.6,0.0,173.88195629170121,0.0,0.0,0.0,0.0,76.18911075059056,76.18911075059056,0.0
2022-08-03 21:00:00,0.0,0.0,12.943425499988638,20.790201092323407,1.1029293140204326,81.40934489810604,0.0,20.6,0.0,81.40934489810604,0.0,0.0,0.0,0.0,35.789120282284,35.789120282284,0.0
2022-08-03 22:00:00,0.0,0.0,14.5272451602265,24.872547358936142,0.020000016,82.86805147032653,0.0,20.0,0.0,82.86805147032653,0.0,0.0,0.0,0.0,34.868676306273606,34.868676306273606,0.0
2022-08-03 23:00:00,0.0,0.0,12.904004067801933,22.901973336454347,0.020000016,79.27423635542014,0.0,19.4,0.0,79.27423635542014,0.0,0.0,0.0,0.0,31.834585134954978,31.834585134954978,0.0
2022-08-04 00:00:00,0.0,0.0,11.966704769872008,22.974780881236388,1.1027604311710375,78.4097446022723,0.0,19.4,0.0,78.4097446022723,0.0,0.0,0.0,0.0,31.624394011447748,31.624394011447748,0.0
2022-08-04 01:00:00,0.0,0.0,11.309032329504753,22.901973336454347,0.020000016,77.679264617123,0.0,20.0,0.0,77.679264617123,0.0,0.0,0.0,0.0,32.03309219074145,32.03309219074145,0.0
2022-08-04 02:00:00,0.0,0.0,10.437877719747453,22.974780881236388,0.020000016,76.88091755214772,0.0,19.4,0.0,76.88091755214772,0.0,0.0,0.0,0.0,32.6310936111191,32.6310936111191,0.0
2022-08-04 03:00:00,0.0,0.0,9.689536742595214,22.46507014017885,1.1028653114990816,75.62286583393794,0.0,18.9,0.0,75.62286583393794,0.0,0.0,0.0,0.0,32.66838314483829,32.66838314483829,0.0
2022-08-04 04:00:00,0.0,0.0,9.966001198754881,22.75632928309864,0.020000016,77.42987974644751,0.0,18.9,0.0,77.42987974644751,0.0,0.0,0.0,0.0,33.730508031120735,33.730508031120735,0.0
2022-08-04 05:00:00,0.0,0.0,42.91673918747698,40.83459746264813,0.020000016,113.6180407087191,10.988284475213556,19.24338388985042,0.28411579216137284,113.33392491655773,0.28411579216137284,0.0,0.25006221757489755,100.0,50.35002721001074,50.22412982018819,0.12589738982254772
2022-08-04 06:00:00,0.0,0.0,51.039962738751775,40.83459746264813,1.1030320244021488,149.80957220774505,60.168574165166426,21.88026794266145,8.437353934367854,141.3722182733772,8.437353934367849,0.0,5.632052618551996,99.99999999999993,63.175549337468624,59.62865449053907,3.546894846929554
2022-08-04 07:00:00,0.0,0.0,79.94743971700642,40.83459746264813,1.103364064035203,266.92811437339356,261.9101629447757,29.284692592024243,74.23430577565765,192.6938085977359,74.23430577565765,0.0,27.81059835151522,100.0,101.99436685408757,73.68437200348278,28.309994850604795
2022-08-04 08:00:00,0.0,0.0,95.70733066957496,40.83459746264813,1.1034987904377627,274.33942721853344,334.2286501169377,34.3446453161543,92.92971796258475,181.4097092559487,92.92971796258473,0.0,33.87399285067353,99.99999999999999,98.05281570877347,64.90571460869911,33.14710110007435
2022-08-04 09:00:00,0.0,0.0,108.25868687918086,40.83459746264813,1.1034131216073622,284.96418848027116,394.3532256215463,37.92353830067332,108.1429635642866,176.82122491598454,108.14296356428662,0.0,37.94966804110322,100.00000000000003,99.92901185286928,62.08167817945808,37.8473336734112
2022-08-04 10:00:00,0.0,0.0,122.2500131628736,40.83459746264813,1.103633146959855,300.88210971183213,523.3999021556966,39.65624694236552,142.5648708742932,158.31723883753892,142.5648708742932,0.0,47.38230232792298,100.0,106.36496201696217,56.06094732896781,50.30401468799435
2022-08-04 11:00:00,0.0,0.0,132.1188923989682,40.83459746264813,1.1038059706193846,310.2066400054812,514.6413811355919,38.28254316048725,140.932546448918,169.27409355656317,140.932546448918,0.0,45.43182777983985,100.0,108.58338970682877,59.342262640309066,49.2411270665197
2022-08-04 12:00:00,0.0,0.0,141.73511256337147,40.83459746264813,1.1037353201099454,321.97270490222,351.995514617559,33.19985983179872,98.2990521379588,223.67365276426122,98.2990521379588,0.0,30.530243912387313,100.0,114.16901621922354,79.37360923868957,34.79540698053397
2022-08-04 13:00:00,0.0,0.0,152.41199566687644,40.83459746264813,1.1033443091382502,329.1174972679669,329.4420945486569,32.49506545464553,92.24815429977792,236.86934296818896,92.24815429977792,0.0,28.028942570825894,100.0,121.22832604509496,87.30498978289462,33.92333626220034
2022-08-04 14:00:00,0.0,0.0,166.06394170685138,40.83459746264813,1.103319550010749,342.76944330794174,245.63484491046017,29.37608890345188,69.59740066840487,273.17204263953687,69.59740066840487,0.0,20.30443554032879,100.0,130.88635879190062,104.35095783905788,26.535400952842735
2022-08-04 15:00:00,0.0,0.0,171.39480045207492,40.83459746264813,1.1035662480722777,350.9901944749675,336.3069166458065,31.109591145181454,94.6669060609336,256.32328841403387,94.66690606093363,0.0,26.971381979072707,100.00000000000003,134.47175140734103,98.25645315920053,36.2152982481405
2022-08-04 16:00:00,0.0,0.0,163.92930832236127,40.83459746264813,1.103207286366418,326.4716151422658,331.2425167235817,30.35132864761193,93.50897550281188,232.96263963945393,93.5089755028119,0.0,28.642298798951842,100.00000000000003,132.02787112321295,94.26894681517749,37.75892430803546
2022-08-04 17:00:00,0.0,0.0,138.43856987655926,40.83459746264813,0.020000016,257.3744087548105,183.69394154146931,25.740435673170914,52.75891912798006,204.61548962683042,52.75891912798005,0.0,20.498898621362624,99.99999999999999,107.62342315994336,85.56254492117414,22.06087823876922
2022-08-04 18:00:00,0.0,0.0,115.13998027087632,40.83459746264813,1.10305135002059,240.41153300890332,28.531569527202684,20.291611547725083,1.908246673350665,238.50328633555264,1.9082466733506749,0.0,0.7937417350439697,100.00000000000054,107.82964612278336,106.97533362835762,0.8543124944257414
2022-08-04 19:00:00,0.0,0.0,94.25502241115704,40.83459746264813,0.020000016,206.24040854214763,0.0,19.4,0.0,206.24040854214763,0.0,0.0,0.0,0.0,91.44956695670868,91.44956695670868,0.0
2022-08-04 20:00:00,0.0,0.0,79.72494681134339,40.83459746264813,1.102805818978475,190.4259363104219,0.0,19.4,0.0,190.4259363104219,0.0,0.0,0.0,0.0,81.5780366563369,81.5780366563369,0.0
2022-08-04 21:00:00,0.0,0.0,18.556708844620285,22.783036923017804,0.020000016,89.01546407343207,0.0,18.9,0.0,89.01546407343207,0.0,0.0,0.0,0.0,37.96513581991897,37.96513581991897,0.0
2022-08-04 22:00:00,0.0,0.0,21.13780846396349,27.10329746951314,1.1029216107123156,91.70936488464052,0.0,18.9,0.0,91.70936488464052,0.0,0.0,0.0,0.0,39.41167173012078,39.41167173012078,0.0
2022-08-04 23:00:00,0.0,0.0,20.39338893379641,27.938299505216,0.020000016,86.4391110780603,0.0,18.9,0.0,86.4391110780603,0.0,0.0,0.0,0.0,36.43855072167632,36.43855072167632,0.0
2022-08-05 00:00:00,0.0,0.0,16.88766845468573,26.151955977642928,0.020000016,81.1470470713765,0.0,18.9,0.0,81.1470470713765,0.0,0.0,0.0,0.0,34.343814126063585,34.343814126063585,0.0
2022-08-05 01:00:00,0.0,0.0,14.64482430842612,24.652486004566097,0.020000016,77.40473295204009,0.0,20.0,0.0,77.40473295204009,0.0,0.0,0.0,0.0,32.89171097149068,32.89171097149068,0.0
2022-08-05 02:00:00,0.0,0.0,12.308083488681127,21.5046613951477,1.1028020252429664,71.92016752287668,0.0,19.4,0.0,71.92016752287668,0.0,0.0,0.0,0.0,31.06202105126259,31.06202105126259,0.0
2022-08-05 03:00:00,0.0,0.0,12.702194706496877,23.891723255796,0.020000016,74.70134060134075,0.0,19.4,0.0,74.70134060134075,0.0,0.0,0.0,0.0,31.779683769458448,31.779683769458448,0.0
2022-08-05 04:00:00,0.0,0.0,10.666763928263645,21.985030961894743,1.1029429140814746,67.79104848800625,0.0,19.4,0.0,67.79104848800625,0.0,0.0,0.0,0.0,28.806068835122822,28.806068835122822,0.0
2022-08-05 05:00:00,0.0,0.0,49.316673103918426,40.83459746264813,0.020000016,120.01797462516058,15.866842390890337,19.895838824715323,0.5910018331009205,119.42697279205966,0.5910018331009184,0.0,0.49242776754626283,99.99999999999964,50.391947477790545,50.143821268181455,0.24812620960909015
2022-08-05 06:00:00,0.0,0.0,60.1309349270032,40.83459746264813,0.020000016,135.96982297589363,83.46528282064659,22.608290088145207,16.19274668209198,119.77707629380166,16.19274668209198,0.0,11.909073886904173,100.0,55.36235473756846,48.76963985342153,6.592714884146929
2022-08-05 07:00:00,0.0,0.0,75.58036327618042,40.83459746264813,1.1029441059671312,189.79756415827165,160.7491305258635,25.023410328933235,46.29173953616195,143.5058246221097,46.29173953616194,0.0,24.390059873244414,99.99999999999999,73.08085017980244,55.304822197916266,17.776027981886173
2022-08-05 08:00:00,0.0,0.0,83.79265406071903,40.83459746264813,0.020000016,200.25754904865641,251.40149277398103,28.45629664918691,71.47771075203912,128.7798382966173,71.47771075203912,0.0,35.692892024096544,100.0,74.52844660187537,47.928373934057774,26.6000726678176
2022-08-05 09:00:00,0.0,0.0,94.25532555814188,40.83459746264813,1.1031907982883635,209.75692307214518,279.01710658863465,29.819284580894838,78.92405397566128,130.8328690964839,78.92405397566128,0.0,37.62643579040088,100.0,75.65343911220815,47.2624837958134,28.390955316394745
2022-08-05 10:00:00,0.0,0.0,103.41731559333948,40.83459746264813,1.1031847802892554,221.166607213189,405.8094024102257,34.381543825319554,112.81624221441716,108.35036499877184,112.81624221441716,0.0,51.00961833070499,100.0,80.24324735913487,39.412792976893,40.83045438224187
2022-08-05 11:00:00,0.0,0.0,108.3980154411515,40.83459746264813,0.020000016,224.86291042908894,651.8002499894179,42.06875781216931,175.86322379602242,48.99968663306652,175.86322379602242,0.0,78.20908457532454,100.0,83.27483400126334,18.14916496512032,65.12566903614302
2022-08-05 12:00:00,0.0,0.0,118.56132659129563,40.83459746264813,1.1031383697830999,232.4574283154089,696.6833995116009,43.47135623473753,186.93194592019273,45.52548239521616,186.93194592019273,0.0,80.41556136745818,100.0,87.51311745699897,17.29867459018576,70.21444286681322
2022-08-05 13:00:00,0.0,0.0,110.01200856637159,40.83459746264813,0.020000016,184.80914455000996,672.7510050796565,42.12346890873927,181.4767576358629,3.3323869141470652,181.4767576358629,0.0,98.19684955402988,100.0,71.20409608622272,1.287453055641995,69.91664303058073
2022-08-05 14:00:00,0.0,0.0,103.58945150981192,40.83459746264813,1.1029116024955936,177.10219086153825,591.5206514836108,39.085020358862835,161.4798155329699,15.622375328568353,161.4798155329699,0.0,91.17889211162712,100.0,70.45324778362622,6.3958197598524,64.05742802377382
2022-08-05 15:00:00,0.0,0.0,93.28451082901121,40.83459746264813,0.020000016,167.1183493387155,474.40901958024864,34.82528186188277,131.66282043072738,35.45552890798811,131.66282043072738,0.0,78.78417956598719,100.0,67.19520454628707,14.258850963908824,52.936353582378246
2022-08-05 16:00:00,0.0,0.0,81.25872810383468,40.83459746264813,1.1027590187184007,144.31832890619881,331.8405179710857,30.37001618659643,93.67118174749092,50.647147158707895,93.67118174749092,0.0,64.90594954738803,100.0,60.14261331246909,21.235351261831262,38.907262050637826
2022-08-05 17:00:00,0.0,0.0,24.57569166907514,21.99645875835181,0.020000016,66.8705588192748,185.48794719796348,25.196498349936356,53.381689723699424,13.488869095575382,53.381689723699424,0.0,79.82838885490614,100.0,28.986638614613213,5.849946654567407,23.136691960045805
2022-08-05 18:00:00,0.0,0.0,24.106580095846535,26.938513666431756,0.020000016,80.24800927772615,27.669628051976893,20.264675876624278,1.7948674013115333,78.45314187641462,1.794867401311535,0.0,2.236650376085682,100.00000000000009,36.52045763299242,35.7037032220256,0.8167544109668157
2022-08-05 19:00:00,0.0,0.0,22.125208534326752,27.202390370646675,1.1029230724245678,87.43502154402132,0.0,19.4,0.0,87.43502154402132,0.0,0.0,0.0,0.0,39.91025701589941,39.91025701589941,0.0
2022-08-05 20:00:00,0.0,0.0,17.920085081382688,27.1186522539619,0.020000016,83.14615997439245,0.0,19.4,0.0,83.14615997439245,0.0,0.0,0.0,0.0,36.75461945064446,36.75461945064446,0.0
2022-08-05 21:00:00,0.0,0.0,18.276420698930373,27.45420992990395,1.1029148893249345,83.8380532678822,0.0,19.4,0.0,83.8380532678822,0.0,0.0,0.0,0.0,36.52309362193293,36.52309362193293,0.0
2022-08-05 22:00:00,0.0,0.0,16.338189419954084,26.97341799408302,0.020000016,81.41903005308498,0.0,20.0,0.0,81.41903005308498,0.0,0.0,0.0,0.0,34.99017241527427,34.99017241527427,0.0
2022-08-05 23:00:00,0.0,0.0,14.785278067245075,24.453291621529832,0.020000016,77.34599232782277,0.0,20.0,0.0,77.34599232782277,0.0,0.0,0.0,0.0,33.49248203930219,33.49248203930219,0.0
2022-08-06 00:00:00,0.0,0.0,12.44055420065662,23.305543896092278,0.020000016,73.85352073579678,0.0,20.0,0.0,73.85352073579678,0.0,0.0,0.0,0.0,31.88838151842867,31.88838151842867,0.0
2022-08-06 01:00:00,0.0,0.0,11.464140197237976,22.33781573871016,1.1029013542279764,71.909378574996,0.0,19.4,0.0,71.909378574996,0.0,0.0,0.0,0.0,31.77003096201691,31.77003096201691,0.0
2022-08-06 02:00:00,0.0,0.0,10.669869589106753,22.638245541329866,0.020000016,71.4155377694845,0.0,20.0,0.0,71.4155377694845,0.0,0.0,0.0,0.0,31.846360991820877,31.846360991820877,0.0
2022-08-06 03:00:00,0.0,0.0,10.11069975730608,22.33781573871016,0.020000016,70.55593813506412,0.0,20.0,0.0,70.55593813506412,0.0,0.0,0.0,0.0,31.496243997749,31.496243997749,0.0
2022-08-06 04:00:00,0.0,0.0,9.42985440874937,22.638245541329866,1.1029060993028046,67.2073535479271,0.0,20.0,0.0,67.2073535479271,0.0,0.0,0.0,0.0,30.476499583554858,30.476499583554858,0.0
2022-08-06 05:00:00,0.0,0.0,12.699639041158214,23.77387096999228,0.020000016,56.77191840299835,6.74698149404298,20.210843171688843,0.10674063222879251,56.66517777076956,0.10674063222879226,0.0,0.18801660262929368,99.99999999999977,24.448169777534144,24.402209929812233,0.04595984772191031
2022-08-06 06:00:00,0.0,0.0,19.056660371059138,25.56938123128945,0.020000016,64.92444999419646,105.93805138430736,23.310564105759603,26.01912710593721,38.905322888259256,26.01912710593721,0.0,40.07600697158472,100.0,28.022396650658553,16.793582156820293,11.22881449383826
2022-08-06 07:00:00,0.0,0.0,28.39440690432716,28.012772925119588,1.1029049415958103,76.70558822129462,112.16288178568689,24.605090055802716,29.027852414032257,47.677735807262366,29.027852414032253,0.0,37.84320423994048,99.99999999999999,32.307537720898786,20.156478700384884,12.151059020513902
2022-08-06 08:00:00,0.0,0.0,31.10540850065178,27.509193616356608,0.020000016,78.91301050885626,284.6182112599517,30.594319101873488,80.27334846857637,0.0,78.91301050885626,1.3603379597201126,100.0,98.30536786408925,32.28612448023113,0.0036010111631256747,32.282523469068
2022-08-06 09:00:00,0.0,0.0,40.01666260052418,28.012772925119588,0.020000016,88.32784391749163,380.359014514162,32.986219203567565,106.30649715554846,0.0,88.32784391749163,17.978653238056822,100.0,83.08790740066402,34.97038622200012,0.0036010111631256747,34.966785210836996
2022-08-06 10:00:00,0.0,0.0,41.7153558527523,27.509193616356608,1.1029266051803943,89.5229578609568,485.79535023033327,36.281104694697916,134.06924444186697,0.0,89.5229578609568,44.54628658091018,100.0,66.77367224201399,35.62371204716145,0.1985823920022316,35.42512965515922
2022-08-06 11:00:00,0.0,0.0,50.93875653564769,28.012772925119588,0.020000016,99.24993785261515,600.7675915924058,40.973987237262676,162.79487204600755,0.0,99.24993785261515,63.54493419339241,100.0,60.96625563523037,39.768584861502646,0.0036010111631256747,39.76498385033952
2022-08-06 12:00:00,0.0,0.0,46.42325360871397,27.509193616356608,0.020000016,94.23085561691846,498.65040104688035,38.38282503271501,136.50019260162543,0.0,94.23085561691846,42.26933698470697,100.0,69.0334964522214,37.319962144019,0.0036010111631256747,37.316361132855874
2022-08-06 13:00:00,0.0,0.0,56.47082757259583,28.012772925119588,1.102886044839998,104.7820088895633,586.5360326870449,40.52925102147015,159.216396806456,0.0,104.7820088895633,54.4343879168927,100.0,65.81106656806,41.60632936207377,0.19857508909614655,41.40775427297763
2022-08-06 14:00:00,0.0,0.0,53.21547377612695,27.509193616356608,0.020000016,101.02307578433141,534.4236151579228,38.90073797368508,145.99778382295534,0.0,101.02307578433141,44.97470803862393,100.0,69.19493785387685,41.04068974089531,0.0036010111631256747,41.03708872973218
2022-08-06 15:00:00,0.0,0.0,57.253725058204665,28.012772925119588,0.020000016,105.56490637517213,397.440418468613,34.12001307714416,110.60040089015459,0.0,105.56490637517213,5.03549451498246,100.0,95.4471281528323,43.4646729658215,0.0036010111631256747,43.46107195465837
2022-08-06 16:00:00,0.0,0.0,45.21498037353316,27.509193616356608,1.1028646731633862,93.02258238173764,269.7492721025883,29.029664753205886,76.52948408836063,16.493098293377003,76.52948408836063,0.0,82.26979097860976,100.0,38.54247969886918,6.997026357646923,31.545453341222256
2022-08-06 17:00:00,0.0,0.0,45.473411050630325,28.012772925119588,0.020000016,93.78459236759778,148.02701781534645,24.625844306729576,42.6907995482299,51.093792819367884,42.6907995482299,0.0,45.52005662177341,100.0,39.38750273001214,21.459928367728477,17.92757436228366
2022-08-06 18:00:00,0.0,0.0,36.59410335985793,27.509193616356608,0.020000016,93.3062124916624,18.81957580431356,19.988111743884797,0.8311548129909517,92.47505767867145,0.8311548129909454,0.0,0.8907818577087943,99.99999999999923,42.356690454316066,41.97941681737728,0.37727363693878857
2022-08-06 19:00:00,0.0,0.0,33.28741626805412,28.012772925119588,1.1029010253591676,99.40761183222158,0.0,19.4,0.0,99.40761183222158,0.0,0.0,0.0,0.0,46.08861067451244,46.08861067451244,0.0
2022-08-06 20:00:00,0.0,0.0,27.8701541671414,27.509193616356608,0.020000016,93.48677042254589,0.0,18.9,0.0,93.48677042254589,0.0,0.0,0.0,0.0,42.846718160407455,42.846718160407455,0.0
2022-08-06 21:00:00,0.0,0.0,26.918552184168863,28.012772925119577,0.020000016,93.03874774833632,0.0,19.4,0.0,93.03874774833632,0.0,0.0,0.0,0.0,42.73722823945148,42.73722823945148,0.0
2022-08-06 22:00:00,0.0,0.0,23.44043609294159,27.509193616356608,1.102893810178321,89.05705234834606,0.0,19.4,0.0,89.05705234834606,0.0,0.0,0.0,0.0,39.461604441325605,39.461604441325605,0.0
2022-08-06 23:00:00,0.0,0.0,22.941483275476152,28.012772925119577,0.020000016,94.42251515175965,0.0,18.9,0.0,94.42251515175965,0.0,0.0,0.0,0.0,41.77281692627129,41.77281692627129,0.0
2022-08-07 00:00:00,0.0,0.0,20.40699903190107,27.509193616356608,0.020000016,91.38445159942157,0.0,18.3,0.0,91.38445159942157,0.0,0.0,0.0,0.0,39.09284326055771,39.09284326055771,0.0
2022-08-07 01:00:00,0.0,0.0,19.02476375486434,27.81223776983763,0.020000016,90.30526047586588,0.0,17.2,0.0,90.30526047586588,0.0,0.0,0.0,0.0,38.69127765162883,38.69127765162883,0.0
2022-08-07 02:00:00,0.0,0.0,15.928358503396828,24.373876507770518,1.1029217151143067,83.77049396233123,0.0,17.2,0.0,83.77049396233123,0.0,0.0,0.0,0.0,36.937388196133604,36.937388196133604,0.0
2022-08-07 03:00:00,0.0,0.0,14.181284111020524,22.93827769714397,0.020000016,80.5878207593284,0.0,17.2,0.0,80.5878207593284,0.0,0.0,0.0,0.0,35.43242465158667,35.43242465158667,0.0
2022-08-07 04:00:00,0.0,0.0,12.96838979699671,22.99526773315003,1.102982587497013,80.67120679474073,0.0,17.2,0.0,80.67120679474073,0.0,0.0,0.0,0.0,35.73385570869084,35.73385570869084,0.0
2022-08-07 05:00:00,0.0,0.0,50.43022238796637,40.83459746264813,0.020000016,121.13152390920848,21.793701764169644,18.481053180130303,1.1207154860890396,120.01080842311944,1.1207154860890398,0.0,0.925205470814557,100.00000000000003,52.125890091676,51.64365182158931,0.4822382700866896
2022-08-07 06:00:00,0.0,0.0,63.37109123781646,40.83459746264813,0.020000016,162.14070070680972,124.19951695389697,22.78123490480928,35.83216454740009,126.30853615940964,35.83216454740008,0.0,22.099426233634855,99.99999999999997,69.3909031751388,54.05670751790167,15.334195657237132
2022-08-07 07:00:00,0.0,0.0,96.04565798125452,40.83459746264813,1.103346408172815,283.02633263764164,225.45616576047544,27.045505180014857,64.43995111696422,218.58638152067743,64.43995111696421,0.0,22.768182209909995,99.99999999999997,113.8323154000548,87.95999722634926,25.872318173705537
2022-08-07 08:00:00,0.0,0.0,105.52297919176877,40.83459746264813,1.1034005181516584,284.1550757407273,326.4448601974006,30.801401881168772,91.99804614941561,192.15702959131167,91.99804614941561,0.0,32.3759995874076,100.0,106.95430890064152,72.39110295253681,34.56320594810471
2022-08-07 09:00:00,0.0,0.0,115.28986209627878,40.83459746264813,1.10345600832227,291.99536369736916,397.20640947610065,33.012700296128145,111.00396516227079,180.99139853509837,111.00396516227079,0.0,38.01566016552164,100.0,107.33907653591433,66.60894661874812,40.73012991716621
2022-08-07 10:00:00,0.0,0.0,127.05579552824467,40.83459746264813,1.1036142990768705,305.68789207720323,493.1440745314233,37.11075232910698,135.66136183468456,170.02653024251867,135.66136183468456,0.0,44.37904324991141,100.0,114.19583492500372,63.604999869613145,50.59083505539058
2022-08-07 11:00:00,0.0,0.0,127.75656607392591,40.83459746264813,2.187603276650919,305.8443136804389,629.5680672791984,41.874002102474954,169.9953798478445,135.8489338325944,169.9953798478445,0.0,55.582324811656946,100.0,113.5516872729396,50.65594665993486,62.89574061300474
2022-08-07 12:00:00,0.0,0.0,136.71181882724974,40.83459746264813,1.1037369833570643,316.9494111660984,681.9693718765708,43.51154287114284,182.95471941081487,133.99469175528353,182.95471941081487,0.0,57.72363442408695,100.0,117.6760275496429,49.86386080002436,67.81216674961854
2022-08-07 13:00:00,0.0,0.0,126.70791317228019,40.83459746264813,1.103312851399869,303.4134147733706,667.5649035138324,43.06140323480726,179.41058367986557,124.00283109350505,179.41058367986557,0.0,59.130735473206805,100.0,114.29119829302456,46.827436511884706,67.46376178113985
2022-08-07 14:00:00,0.0,0.0,126.05164230318844,40.83459746264813,1.103290847868329,302.75714390427885,590.4994560682193,40.15310800213185,160.5289589412804,142.22818496299845,160.5289589412804,0.0,53.02235213053602,100.0,117.29754230762649,55.208954213112754,62.08858809451373
2022-08-07 15:00:00,0.0,0.0,132.96082069332138,40.83459746264813,1.103577275192363,312.55621471621396,469.3062107391276,35.76581908559774,129.77628117841084,182.77993353780312,129.77628117841084,0.0,41.52094089578141,100.0,124.67577483721311,72.99172197650512,51.68405286070799
2022-08-07 16:00:00,0.0,0.0,129.31305103670994,40.83459746264813,0.020000016,291.8553578566146,314.6012422388711,30.431288819964728,88.78437747731832,203.0709803792963,88.78437747731832,0.0,30.420677601860962,100.0,114.21243964761356,79.46933705318936,34.7431025944242
2022-08-07 17:00:00,0.0,0.0,112.12349802067082,40.83459746264813,1.1031613372710098,231.05933689892203,140.252545135583,24.382892035486968,40.4849617048439,190.57437519407813,40.4849617048439,0.0,17.521456716788826,100.0,92.56112869090295,76.37787252381717,16.183256167085773
2022-08-07 18:00:00,0.0,0.0,93.96415751177302,40.83459746264813,1.1029778609932608,219.23571024980006,16.66522056014484,19.920788142504524,0.6519144304280732,218.583795819372,0.6519144304280644,0.0,0.2973577751933134,99.99999999999865,95.47185422388819,95.18855176985706,0.28330245403112997
2022-08-07 19:00:00,0.0,0.0,72.38990668257152,40.83459746264813,0.020000016,184.3752928135621,0.0,18.9,0.0,184.3752928135621,0.0,0.0,0.0,0.0,81.58044931652368,81.58044931652368,0.0
2022-08-07 20:00:00,0.0,0.0,62.83240672503162,40.83459746264813,0.020000016,173.53339622411013,0.0,18.3,0.0,173.53339622411013,0.0,0.0,0.0,0.0,75.26850562148418,75.26850562148418,0.0
2022-08-07 21:00:00,0.0,0.0,12.914939763883348,20.847605531902275,1.1029318480409964,81.4382636015796,0.0,18.3,0.0,81.4382636015796,0.0,0.0,0.0,0.0,35.189347675036146,35.189347675036146,0.0
2022-08-07 22:00:00,0.0,0.0,17.10781013842757,27.74784981686707,0.020000016,88.32391890645853,0.0,18.3,0.0,88.32391890645853,0.0,0.0,0.0,0.0,35.37423919603804,35.37423919603804,0.0
2022-08-07 23:00:00,0.0,0.0,14.21715184589291,24.189358636111344,0.020000016,81.87476943316815,0.0,18.3,0.0,81.87476943316815,0.0,0.0,0.0,0.0,32.78175557988483,32.78175557988483,0.0
2022-08-08 00:00:00,0.0,0.0,13.460991708989818,23.589904417136836,1.1029285393129158,80.51915507729053,0.0,17.8,0.0,80.51915507729053,0.0,0.0,0.0,0.0,32.934853024242216,32.934853024242216,0.0
2022-08-08 01:00:00,0.0,0.0,12.233179555466574,22.286849800553906,0.020000016,77.98828830718436,0.0,17.8,0.0,77.98828830718436,0.0,0.0,0.0,0.0,31.251168487202683,31.251168487202683,0.0
2022-08-08 02:00:00,0.0,0.0,11.83231155271823,23.589904417136836,0.020000016,78.89047492101896,0.0,17.2,0.0,78.89047492101896,0.0,0.0,0.0,0.0,31.83196311804823,31.83196311804823,0.0
2022-08-08 03:00:00,0.0,0.0,10.223905356004337,22.286849800553906,1.1029041673112572,75.97901410772212,0.0,17.2,0.0,75.97901410772212,0.0,0.0,0.0,0.0,31.291090400287185,31.291090400287185,0.0
2022-08-08 04:00:00,0.0,0.0,11.037211249371905,23.589904417136836,0.020000016,79.33466493110274,0.0,17.2,0.0,79.33466493110274,0.0,0.0,0.0,0.0,32.81602175334257,32.81602175334257,0.0
2022-08-08 05:00:00,0.0,0.0,44.53878107135224,40.83459746264813,1.1029303176843672,115.24008259259438,19.243430933438244,18.401357216669947,0.8740240952140218,114.36605849738035,0.8740240952140255,0.0,0.7584375813959999,100.00000000000043,47.97654510291678,47.61417908316152,0.36236601975526384
2022-08-08 06:00:00,0.0,0.0,56.67623916163368,40.83459746264813,0.020000016,155.44584863062695,126.00277492444249,22.837586716388827,36.57914328937993,118.86670534124703,36.57914328937993,0.0,23.531759523729644,100.0,62.802169399450115,48.02456130197351,14.777608097476602
2022-08-08 07:00:00,0.0,0.0,87.13618743381045,40.83459746264813,1.1034123368426356,274.11686209019746,230.25068827978546,27.195334008743295,65.77356175593752,208.34330033425994,65.77356175593752,0.0,23.994715704244015,100.0,103.1747808453032,78.46595576825894,24.708825077044267
2022-08-08 08:00:00,0.0,0.0,97.66637422363625,40.83459746264813,1.1035214212215374,276.2984707725948,316.7652314805221,30.898913483766314,89.23723773361849,187.0612330389763,89.23723773361849,0.0,32.297405586100574,100.0,99.86369237361328,67.6744821645311,32.18921020908218
2022-08-08 09:00:00,0.0,0.0,102.80054629877823,40.83459746264813,1.1034733373499794,279.50604789986863,396.7907590404043,34.09971122001264,110.4281965868735,169.07785131299514,110.4281965868735,0.0,39.50833887731608,100.0,100.09553988100832,60.62795027987679,39.46758960113153
2022-08-08 10:00:00,0.0,0.0,114.82589886268666,40.83459746264813,1.1036106899373075,293.45799541164513,494.8227380684352,37.663210564638604,135.8318515185816,157.62614389306353,135.8318515185816,0.0,46.28664191890389,100.0,105.33883615783024,56.67300039575281,48.665835762077435
2022-08-08 11:00:00,0.0,0.0,117.28533383198858,40.83459746264813,1.1038115435689284,295.3730814385016,627.7484244161382,42.41713826300432,169.14072220908884,126.23235922941274,169.14072220908884,0.0,57.26341797477065,100.0,106.08556082500678,45.45114902388158,60.634411801125204
2022-08-08 12:00:00,0.0,0.0,126.2897475459244,40.83459746264813,2.1875199800229135,306.527339884773,676.5142538643308,43.34107043326034,181.61414502369954,124.91319486107349,181.61414502369954,0.0,59.248922165301884,100.0,111.01345029590694,45.47253763975425,65.54091265615268
2022-08-08 13:00:00,0.0,0.0,119.06836492733015,40.83459746264813,0.020000016,295.77386652842057,666.6391027086117,43.03247195964412,179.18232315248704,116.59154337593353,179.18232315248704,0.0,60.58085024738642,100.0,107.71852772348333,42.4639092778106,65.25461844567273
2022-08-08 14:00:00,0.0,0.0,105.7321777817495,40.83459746264813,1.1033492884846388,282.4376793828398,586.1125986867405,40.016018708960644,159.4219999741117,123.01567940872809,159.4219999741117,0.0,56.44501835678154,100.0,104.93078657665394,45.814717656253706,59.11606892040024
2022-08-08 15:00:00,0.0,0.0,95.54128835719888,40.83459746264813,1.103543728570917,275.1366823800915,469.29418912195223,36.365443410061005,129.4730968003629,145.6635855797286,129.4730968003629,0.0,47.05773715098463,100.0,102.56192050142538,54.39210220233438,48.169818299091
2022-08-08 16:00:00,0.0,0.0,89.47481583759676,40.83459746264813,1.103180428350455,252.01712265750137,316.18343847567945,30.480732452364983,89.21423410465238,162.802888552849,89.21423410465238,0.0,35.40006852070013,100.0,94.31568263502629,60.998180837473335,33.31750179755296
2022-08-08 17:00:00,0.0,0.0,76.39101511877668,40.83459746264813,1.1030459658572929,195.32685399702785,142.7615749823433,24.461299218198228,41.19728438561587,154.12956961141197,41.19728438561589,0.0,21.091459542087723,100.00000000000004,75.39944267179726,59.53848818333514,15.86095448846212
2022-08-08 18:00:00,0.0,0.0,67.17981713926893,40.83459746264813,0.020000016,192.45136987729592,17.294646263117684,19.940457695722426,0.7020382987161259,191.74933157857978,0.7020382987161327,0.0,0.3647873741630115,100.00000000000095,79.45618680815537,79.1663538067219,0.2898330014334647
2022-08-08 19:00:00,0.0,0.0,55.47766281275348,40.83459746264813,1.102969657196419,167.4630489437441,0.0,18.3,0.0,167.4630489437441,0.0,0.0,0.0,0.0,71.45411746909865,71.45411746909865,0.0
2022-08-08 20:00:00,0.0,0.0,52.82463833332834,40.83459746264813,0.020000016,163.52562783240685,0.0,18.9,0.0,163.52562783240685,0.0,0.0,0.0,0.0,66.6729994784354,66.6729994784354,0.0
2022-08-08 21:00:00,0.0,0.0,8.368846665698843,15.419843227648624,0.020000016,71.46440819914146,0.0,18.3,0.0,71.46440819914146,0.0,0.0,0.0,0.0,29.274350643408486,29.274350643408486,0.0
2022-08-08 22:00:00,0.0,0.0,11.84622192206494,23.085237842759625,1.1029233805775749,78.39971871598847,0.0,18.3,0.0,78.39971871598847,0.0,0.0,0.0,0.0,32.257010791566,32.257010791566,0.0
2022-08-08 23:00:00,0.0,0.0,9.943802799590678,20.89005350655739,0.020000016,74.30211525731195,0.0,18.3,0.0,74.30211525731195,0.0,0.0,0.0,0.0,30.3188640361464,30.3188640361464,0.0
2022-08-09 00:00:00,0.0,0.0,9.943699956531084,23.700197927536625,0.020000016,77.11215683523159,0.0,17.8,0.0,77.11215683523159,0.0,0.0,0.0,0.0,31.76686953316337,31.76686953316337,0.0
2022-08-09 01:00:00,0.0,0.0,6.707683997796829,18.355799890703,1.1029214238349132,68.5317428396637,0.0,18.3,0.0,68.5317428396637,0.0,0.0,0.0,0.0,29.028857695602756,29.028857695602756,0.0
2022-08-09 02:00:00,0.0,0.0,3.5101158474728993,13.5654157782347,0.020000016,60.54379057687149,0.0,17.2,0.0,60.54379057687149,0.0,0.0,0.0,0.0,25.80918086874306,25.80918086874306,0.0
2022-08-09 03:00:00,0.0,0.0,1.6439939227990605,10.195231917403536,0.020000016,55.30748479136648,0.0,17.2,0.0,55.30748479136648,0.0,0.0,0.0,0.0,23.462270685421217,23.462270685421217,0.0
2022-08-09 04:00:00,0.0,0.0,1.6281731446364358,10.942654021452995,1.102919504461372,57.278376430683416,0.0,17.2,0.0,57.278376430683416,0.0,0.0,0.0,0.0,24.287861497085203,24.287861497085203,0.0
2022-08-09 05:00:00,0.0,0.0,35.554973115960244,40.83459746264813,0.020000016,106.25627463720238,18.26074366542258,18.370648239544458,0.7871245934420269,105.46915004376035,0.7871245934420301,0.0,0.7407793997385661,100.0000000000004,44.77468232954835,44.443027382101555,0.33165494744679336
2022-08-09 06:00:00,0.0,0.0,46.92478454449795,40.83459746264813,1.103083236767617,145.6943940134912,129.95662867287606,22.961144646027375,37.70985338353313,107.98454062995808,37.70985338353313,0.0,25.882844455937832,100.0,60.19337663242985,44.66502465689167,15.528351975538186
2022-08-09 07:00:00,0.0,0.0,74.91357366780625,40.83459746264813,1.1033944482894236,261.89424832419337,238.7160207938328,27.459875649807273,68.12448117257813,193.76976715161524,68.12448117257813,0.0,26.01220974056989,100.0,99.59277175134561,73.73816865672876,25.85460309461685
2022-08-09 08:00:00,0.0,0.0,83.64688688685489,40.83459746264813,1.103447023551434,262.2789834358133,329.5278340792751,31.99774481497735,92.44679409149614,169.83218934431716,92.44679409149614,0.0,35.247503585860265,100.0,94.50633016756085,61.26523641608158,33.24109375147927
2022-08-09 09:00:00,0.0,0.0,94.73059775140635,40.83459746264813,1.1035075301053363,271.43609935249674,389.33426448187856,33.86669576505871,108.44970138080808,162.98639797168866,108.44970138080808,0.0,39.954045036570975,100.0,97.1760193839388,58.429652323110595,38.7463670608282
2022-08-09 10:00:00,0.0,0.0,105.87669367377471,40.83459746264813,1.1036509646665595,284.5087902227332,484.6265504611875,37.34457970191211,133.19748272828542,151.31130749444776,133.19748272828542,0.0,46.816649363982464,100.0,100.97599394197314,53.79544759737351,47.180546344599634
2022-08-09 11:00:00,0.0,0.0,109.15936870766248,40.83459746264813,1.103814483396586,287.2471163141754,633.4132593701995,41.99416435531874,170.95254967937402,116.29456663480138,170.95254967937402,0.0,59.51410474470885,100.0,104.23533907709235,42.31888987146828,61.91644920562407
2022-08-09 12:00:00,0.0,0.0,123.25485923058521,40.83459746264813,1.1037585238480352,303.4924515694339,688.1825564781827,43.20570488994321,184.84583526826083,118.64661630117308,184.84583526826083,0.0,60.90623813290171,100.0,108.60623587990463,42.57930352208187,66.02693235782276
2022-08-09 13:00:00,0.0,0.0,136.49059054824104,40.83459746264813,1.103396913861923,313.1960921493315,666.6761369144451,42.53362927857641,179.54666025130922,133.64943189802227,179.54666025130922,0.0,57.32723515774316,100.0,115.41254750978892,49.363615336441065,66.04893217334785
2022-08-09 14:00:00,0.0,0.0,143.2382376553817,40.83459746264813,1.103374068045404,319.9437392564721,585.9832816667364,40.01197755208551,159.38934927745137,160.55438997902073,159.38934927745137,0.0,49.81793037984165,100.0,117.7747876972373,59.2007957312667,58.5739919659706
2022-08-09 15:00:00,0.0,0.0,142.269448505234,40.83459746264813,1.1035300715975531,321.8648425281266,464.17462492720307,36.2054570289751,128.1397986193024,193.72504390882418,128.1397986193024,0.0,39.81167921690756,100.0,116.28568380099996,70.06950263297615,46.21618116802381
2022-08-09 16:00:00,0.0,0.0,132.380853553668,40.83459746264813,1.1032613168133716,294.92316037357267,290.85799449364055,29.689312327926267,82.31370502187441,212.60945535169827,82.3137050218744,0.0,27.91022072244494,99.99999999999997,108.96335497114022,78.60688369612316,30.356471275017057
2022-08-09 17:00:00,0.0,0.0,114.28839791341775,40.83459746264813,0.020000016,233.22423679166897,144.80839984531133,23.925262495165978,41.870659568580784,191.3535772230882,41.87065956858078,0.0,17.952962412728297,99.99999999999997,89.82058684200277,73.69577713554662,16.124809706456148
2022-08-09 18:00:00,0.0,0.0,99.90693742170838,40.83459746264813,1.1029961742340268,225.1784901597354,15.457399552009141,19.383043736000285,0.5619383320348627,224.61655182770053,0.5619383320348561,0.0,0.24955240246802998,99.99999999999883,92.36752861767124,92.1375188292944,0.23000978837684727
2022-08-09 19:00:00,0.0,0.0,81.79295431394657,40.83459746264813,0.020000016,193.7783404449372,0.0,18.9,0.0,193.7783404449372,0.0,0.0,0.0,0.0,81.97668347788267,81.97668347788267,0.0
2022-08-09 20:00:00,0.0,0.0,71.8724339915769,40.83459746264813,1.1029280203517275,182.57342349065541,0.0,18.9,0.0,182.57342349065541,0.0,0.0,0.0,0.0,77.09394428548121,77.09394428548121,0.0
2022-08-09 21:00:00,0.0,0.0,12.294044357381631,17.896984512607915,0.020000016,77.86674717578352,0.0,18.9,0.0,77.86674717578352,0.0,0.0,0.0,0.0,32.862589651872014,32.862589651872014,0.0
2022-08-09 22:00:00,0.0,0.0,15.874388320886768,24.25194183021867,0.020000016,83.59458910226932,0.0,18.9,0.0,83.59458910226932,0.0,0.0,0.0,0.0,33.713955012544254,33.713955012544254,0.0
2022-08-09 23:00:00,0.0,0.0,13.30244122535891,21.738380980804525,1.1028918981897868,78.5090811573273,0.0,18.3,0.0,78.5090811573273,0.0,0.0,0.0,0.0,31.564131701563817,31.564131701563817,0.0
2022-08-10 00:00:00,0.0,0.0,12.713888652845958,23.197649502006588,0.020000016,79.37979710601644,0.0,18.9,0.0,79.37979710601644,0.0,0.0,0.0,0.0,31.88570272082357,31.88570272082357,0.0
2022-08-10 01:00:00,0.0,0.0,10.31503786610197,20.725121686995532,0.020000016,74.5084185042614,0.0,18.9,0.0,74.5084185042614,0.0,0.0,0.0,0.0,29.78536097150145,29.78536097150145,0.0
2022-08-10 02:00:00,0.0,0.0,10.626065937347109,22.018644868063756,1.1029309385074908,76.11296975657476,0.0,18.9,0.0,76.11296975657476,0.0,0.0,0.0,0.0,31.50803384643538,31.50803384643538,0.0
2022-08-10 03:00:00,0.0,0.0,7.167002555099939,16.669034402393475,0.020000016,67.30429590865731,0.0,18.9,0.0,67.30429590865731,0.0,0.0,0.0,0.0,28.3663043500304,28.3663043500304,0.0
2022-08-10 04:00:00,0.0,0.0,6.861086320333598,16.482478939032962,0.020000016,68.05111452396055,0.0,19.4,0.0,68.05111452396055,0.0,0.0,0.0,0.0,29.52247321379411,29.52247321379411,0.0
2022-08-10 05:00:00,0.0,0.0,48.47299158900042,40.83459746264813,1.1029717766811487,119.17429311024254,2.998029163513177,20.093688411359786,0.021084697608070274,119.15320841263447,0.02108469760807452,0.0,0.017692320262869154,100.00000000002014,51.95598602292798,51.946828938756795,0.009157084171185659
2022-08-10 06:00:00,0.0,0.0,61.9418646709096,40.83459746264813,0.020000016,160.71147413990286,86.11030845676342,22.090947139273855,17.268010866943584,143.44346327295926,17.268010866943598,0.0,10.744728065845141,100.00000000000009,65.66950578735674,58.61388288717792,7.055622900178818
2022-08-10 07:00:00,0.0,0.0,92.94576640719912,40.83459746264813,1.1033668925022277,279.92644106358625,191.86667591596884,25.995833622374025,55.05400136288876,224.8724397006975,55.054001362888755,0.0,19.667310152520763,99.99999999999999,100.96938118439728,81.15049123377096,19.818889950626314
2022-08-10 08:00:00,0.0,0.0,107.61555843812171,40.83459746264813,1.1034826006516423,286.24765498708024,290.21328766769346,30.169165239615424,81.98285588483155,204.26479910224867,81.98285588483157,0.0,28.640533627614122,100.00000000000003,94.07073847568017,67.1852807168085,26.885457758871667
2022-08-10 09:00:00,0.0,0.0,123.144470355013,40.83459746264813,1.1035691285491047,299.8499719561034,409.1944158886415,33.88732549652005,113.97278396644033,185.87718798966307,113.97278396644032,0.0,38.00993651022432,99.99999999999999,100.88681941160058,62.61532841958976,38.271490992010825
2022-08-10 10:00:00,0.0,0.0,139.13468999078586,40.83459746264813,1.1037212887629069,317.76678653974443,480.81559827233843,36.725487446010575,132.46725554069803,185.2995309990464,132.46725554069803,0.0,41.68694185543202,100.0,110.23977481989115,64.36702656242512,45.87274825746603
2022-08-10 11:00:00,0.0,0.0,143.91621029376265,40.83459746264813,2.18761678447126,322.00395790027557,631.1488125347538,41.923400391711056,170.3889882743106,151.61496962596496,170.3889882743106,0.0,52.91518445468299,100.0,112.46252879579346,53.16119726174377,59.30133153404969
2022-08-10 12:00:00,0.0,0.0,156.27185322981563,40.83459746264813,1.1037598138501905,336.5094455686642,681.5695561440108,43.49904862950034,182.85653352933485,153.65291203932935,182.85653352933485,0.0,54.33919788501844,100.0,115.86039394797383,53.01077480860616,62.849619139367675
2022-08-10 13:00:00,0.0,0.0,163.95588255527318,40.83459746264813,1.1034055774605562,340.6613841563636,661.912888210633,42.38477775658228,178.36883047420514,162.29255368215848,178.36883047420514,0.0,52.35956840718225,100.0,119.12185453322539,56.85418765883275,62.26766687439264
2022-08-10 14:00:00,0.0,0.0,165.88709568691456,40.83459746264813,1.1033860898770247,342.592597288005,586.6999031631753,39.43437197384923,159.9453843833792,182.64721290462577,159.9453843833792,0.0,46.68676020717372,100.0,117.42186117346235,62.694148725923405,54.72771244753894
2022-08-10 15:00:00,0.0,0.0,163.91384190978494,40.83459746264813,1.1035787242772193,343.5092359326775,465.50090917473824,35.146903411710575,129.03101451358214,214.47822141909535,129.03101451358214,0.0,37.56260415043694,100.0,117.63935493315911,73.52558653618308,44.11376839697603
2022-08-10 16:00:00,0.0,0.0,152.5206756827344,40.83459746264813,0.020000016,315.06298250263904,317.7551151162777,30.52984734738368,89.64106766744754,225.4219148351915,89.64106766744754,0.0,28.4517930210023,100.0,107.53932288405139,76.94348187313652,30.595841010914867
2022-08-10 17:00:00,0.0,0.0,132.82491079149082,40.83459746264813,1.1031368374820925,251.76074966974204,169.46373331579,25.295741666118438,48.752150000973515,203.0085996687685,48.75215000097353,0.0,19.364476021352118,100.00000000000003,92.44753533465375,74.58401629204704,17.86351904260671
2022-08-10 18:00:00,0.0,0.0,110.81905009305082,40.83459746264813,1.1030696585746211,236.09060283107786,18.66456265426094,19.983267582945654,0.8175334706397083,235.27306936043814,0.8175334706397166,0.0,0.34627954727391647,100.00000000000102,95.29354206315496,94.96424775651599,0.3292943066389711
2022-08-10 19:00:00,0.0,0.0,83.55055765435736,40.83459746264813,0.020000016,195.535943785348,0.0,18.9,0.0,195.535943785348,0.0,0.0,0.0,0.0,81.35828578249502,81.35828578249502,0.0
2022-08-10 20:00:00,0.0,0.0,72.27504051932216,40.83459746264813,1.1028989822727526,182.97603001840062,0.0,18.9,0.0,182.97603001840062,0.0,0.0,0.0,0.0,74.33772014149193,74.33772014149193,0.0
2022-08-10 21:00:00,0.0,0.0,14.567921609995945,19.964309464066368,0.020000016,82.20794937985629,0.0,18.9,0.0,82.20794937985629,0.0,0.0,0.0,0.0,33.43305258673479,33.43305258673479,0.0
2022-08-10 22:00:00,0.0,0.0,20.484865715429745,27.65248678862913,0.020000016,91.60561145522276,0.0,18.3,0.0,91.60561145522276,0.0,0.0,0.0,0.0,36.467672678971816,36.467672678971816,0.0
2022-08-10 23:00:00,0.0,0.0,19.02992900845995,26.69385805510601,1.1029379499926013,89.19204601472985,0.0,17.8,0.0,89.19204601472985,0.0,0.0,0.0,0.0,35.1257436937785,35.1257436937785,0.0
2022-08-11 00:00:00,0.0,0.0,17.003660379140197,25.645441663719883,0.020000016,86.11736099402397,0.0,17.8,0.0,86.11736099402397,0.0,0.0,0.0,0.0,34.765734950010845,34.765734950010845,0.0
2022-08-11 01:00:00,0.0,0.0,13.179483610774854,22.286849800553902,0.020000016,78.93459236249264,0.0,17.8,0.0,78.93459236249264,0.0,0.0,0.0,0.0,33.11468914241973,33.11468914241973,0.0
2022-08-11 02:00:00,0.0,0.0,13.606562641700796,23.589904417136832,0.020000016,80.66472601000153,0.0,18.3,0.0,80.66472601000153,0.0,0.0,0.0,0.0,34.37968064758538,34.37968064758538,0.0
2022-08-11 03:00:00,0.0,0.0,12.483225771995576,22.286849800553902,1.1029308274921663,78.23833452371335,0.0,17.8,0.0,78.23833452371335,0.0,0.0,0.0,0.0,33.98619910796945,33.98619910796945,0.0
2022-08-11 04:00:00,0.0,0.0,13.472752140581283,23.646695629740094,0.020000016,81.82699703491537,0.0,17.8,0.0,81.82699703491537,0.0,0.0,0.0,0.0,35.70226500758566,35.70226500758566,0.0
2022-08-11 05:00:00,0.0,0.0,52.240720008404686,40.83459746264813,1.1028263183660345,122.94202152964682,14.687447701651157,18.7589827406766,0.508498562651959,122.43352296699486,0.5084985626519654,0.0,0.41360842804211057,100.00000000000125,54.57028806691373,54.345402035088085,0.2248860318256476
2022-08-11 06:00:00,0.0,0.0,65.96266848074391,40.83459746264813,0.020000016,164.73227794973715,76.22468396700432,21.782021373968885,13.546095535456034,151.18618241428112,13.546095535456033,0.0,8.22309732133322,99.99999999999999,69.28093684153534,63.58419409457698,5.696742746958357
2022-08-11 07:00:00,0.0,0.0,94.97456814135262,40.83459746264813,1.1033972420185532,281.95524279773974,163.1555014019191,25.698609418809973,46.867325216510004,235.08791758122973,46.86732521651001,0.0,16.622257047417357,100.00000000000003,105.75284160033567,88.2073553956569,17.545486204678767
2022-08-11 08:00:00,0.0,0.0,105.48552581333166,40.83459746264813,1.1034042403560285,284.11762236229015,208.90325283891886,26.528226651216215,59.82394239947991,224.29367996281024,59.823942399479904,0.0,21.056047809380836,99.99999999999999,98.76759511656273,78.01287477991116,20.754720336651573
2022-08-11 09:00:00,0.0,0.0,114.33173343006503,40.83459746264813,1.1034533853530455,291.03723503115543,410.75518345556446,33.43609948298639,114.6050059880637,176.43222904309175,114.60500598806368,0.0,39.37812492473524,99.99999999999999,96.03578354857478,58.296928101735354,37.73885544683943
2022-08-11 10:00:00,0.0,0.0,121.42713178192089,40.83459746264813,1.1036384396023813,300.05922833087936,478.9672817793367,36.66772755560427,131.98751444087802,168.07171389000135,131.98751444087802,0.0,43.98715386128155,100.0,98.7306596612372,55.38925960671388,43.34140005452332
2022-08-11 11:00:00,0.0,0.0,122.93770777861714,40.83459746264813,1.103815170249259,301.02545538513004,613.388900546269,40.8684031420709,166.28398324598353,134.7414721391465,166.28398324598353,0.0,55.23917671123223,100.0,95.2264581344887,42.733930303396626,52.49252783109207
2022-08-11 12:00:00,0.0,0.0,131.14709144978076,40.83459746264813,2.187530505723907,311.3846837886294,665.4556808821618,42.495490027567556,179.24501662160034,132.13966716702905,179.24501662160034,0.0,57.563851388166995,100.0,98.62794889166472,42.08062727296536,56.54732161869936
2022-08-11 13:00:00,0.0,0.0,139.32094729564812,40.83459746264813,1.1034045497895861,316.0264488967385,651.7760391836771,42.06800122448991,175.8572169162107,140.1692319805278,175.8572169162107,0.0,55.646360464491366,100.0,100.10094947136402,44.50896605981149,55.591983411552526
2022-08-11 14:00:00,0.0,0.0,144.57135744581234,40.83459746264813,0.020000016,321.27685904690276,581.2594052837559,39.86435641511737,158.19587467072742,163.08098437617534,158.19587467072742,0.0,49.23973520533971,100.0,101.53030123857488,51.5388228838783,49.99147835469658
2022-08-11 15:00:00,0.0,0.0,142.91662854432766,40.83459746264813,1.1035608654202518,322.5120225672202,460.0497198638795,35.47655374574624,127.35840904852684,195.15361351869336,127.35840904852682,0.0,39.48950740959801,99.99999999999999,106.82762149199542,64.72038429237148,42.10723719962394
2022-08-11 16:00:00,0.0,0.0,133.5887472781012,40.83459746264813,1.1032545472003707,296.13105409800585,318.6593756214491,31.058105488170284,89.71678909610064,206.41426500190522,89.71678909610063,0.0,30.296312343658656,99.99999999999999,100.44936783716713,70.07709464051871,30.372273196648422
2022-08-11 17:00:00,0.0,0.0,118.48042729395274,40.83459746264813,1.103073871763051,237.41626617220393,172.55165382580373,26.492239182056366,49.42049672804083,187.9957694441631,49.42049672804083,0.0,20.815969151917717,100.0,83.88072024512815,66.46147776339559,17.419242481732553
2022-08-11 18:00:00,0.0,0.0,102.04555932166001,40.83459746264813,0.020000016,227.317112059687,17.817820422675023,20.556806888208595,0.7434868612610902,226.5736251984259,0.7434868612610899,0.0,0.3270703443856314,99.99999999999996,88.47996736703449,88.19058741089445,0.28937995614003853
2022-08-11 19:00:00,0.0,0.0,81.45797484136708,40.83459746264813,1.102954893779465,193.4433609723577,0.0,19.4,0.0,193.4433609723577,0.0,0.0,0.0,0.0,79.08672452351341,79.08672452351341,0.0
2022-08-11 20:00:00,0.0,0.0,72.92239403147832,40.83459746264813,0.020000016,183.62338353055682,0.0,18.9,0.0,183.62338353055682,0.0,0.0,0.0,0.0,75.45720365462189,75.45720365462189,0.0
2022-08-11 21:00:00,0.0,0.0,15.621893491572678,20.99624914281289,1.1028494922946461,84.29386094017957,0.0,18.9,0.0,84.29386094017957,0.0,0.0,0.0,0.0,36.71382612847161,36.71382612847161,0.0
2022-08-11 22:00:00,0.0,0.0,19.828730910900596,27.489440720475013,0.020000016,90.7864305825395,0.0,19.4,0.0,90.7864305825395,0.0,0.0,0.0,0.0,38.82887198193905,38.82887198193905,0.0
2022-08-11 23:00:00,0.0,0.0,16.980674497620083,25.49656458684224,0.020000016,80.5846617235102,0.0,18.9,0.0,80.5846617235102,0.0,0.0,0.0,0.0,34.7650036155251,34.7650036155251,0.0
2022-08-12 00:00:00,0.0,0.0,14.138126710312154,22.558103000871995,1.1028918609735703,74.80365235023203,0.0,18.9,0.0,74.80365235023203,0.0,0.0,0.0,0.0,33.084505819025914,33.084505819025914,0.0
2022-08-12 01:00:00,0.0,0.0,13.075647512118099,23.025210438087072,0.020000016,74.20828058925304,0.0,18.9,0.0,74.20828058925304,0.0,0.0,0.0,0.0,32.45228482302285,32.45228482302285,0.0
2022-08-12 02:00:00,0.0,0.0,11.71280385151005,22.07094323363972,0.020000016,71.89116972419764,0.0,18.9,0.0,71.89116972419764,0.0,0.0,0.0,0.0,31.606959221920413,31.606959221920413,0.0
2022-08-12 03:00:00,0.0,0.0,11.099635373322222,22.96516424224369,1.1028942277177658,72.17222225461377,0.0,18.9,0.0,72.17222225461377,0.0,0.0,0.0,0.0,31.73386821546889,31.73386821546889,0.0
2022-08-12 04:00:00,0.0,0.0,10.201169798508937,21.728250265579874,0.020000016,70.03684270313667,0.0,18.3,0.0,70.03684270313667,0.0,0.0,0.0,0.0,29.887971608378024,29.887971608378024,0.0
2022-08-12 05:00:00,0.0,0.0,45.836031443703725,40.83459746264813,0.020000016,116.53733296494586,17.597521347453537,19.44992254210792,0.7281376736285565,115.80919529131731,0.7281376736285523,0.0,0.6248106551808374,99.99999999999942,48.106133252439,47.80558350558371,0.3005497468552889
2022-08-12 06:00:00,0.0,0.0,53.608767324490834,40.83459746264813,1.102876376700669,129.44765537338134,130.94444960196196,24.092014050061312,37.83869676508833,91.60895860829301,37.83869676508833,0.0,29.230886149266787,100.0,51.896083474810965,36.78444314773763,15.111640327073331
2022-08-12 07:00:00,0.0,0.0,68.15992670971222,40.83459746264813,0.020000016,182.37712759180346,236.81476350113448,29.100461359410453,67.16790123522034,115.20922635658312,67.16790123522034,0.0,36.82912551707446,100.0,64.90523752162026,41.00253234854858,23.902705173071688
2022-08-12 08:00:00,0.0,0.0,78.75097178645161,40.83459746264813,1.1031492515163586,195.21586677438904,324.5599757473778,32.942499242105555,90.72635083494619,104.48951593944285,90.72635083494619,0.0,46.474885640212136,100.0,67.28162685858439,36.104877289417665,31.176749569166724
2022-08-12 09:00:00,0.0,0.0,90.48459173392779,40.83459746264813,0.020000016,205.98618924793112,384.73187677656114,35.32287114926754,106.57071005470097,99.41547919323015,106.57071005470097,0.0,51.7368229607031,100.0,69.75258455240508,33.66667642078279,36.08590813162229
2022-08-12 10:00:00,0.0,0.0,97.98543177811158,40.83459746264813,1.1031632538105487,215.73472339796106,466.1396451638531,37.866863911370416,127.85700967637396,87.8777137215871,127.85700967637396,0.0,59.26584634246337,100.0,73.26905448919248,29.963246026756245,43.30580846243624
2022-08-12 11:00:00,0.0,0.0,103.3396652296033,40.83459746264813,1.1031481686506903,219.8045602175407,621.7984815784823,42.23120254932758,167.66076669954987,52.143793517990844,167.66076669954987,0.0,76.27720122531393,100.0,75.2849590777098,18.011202869310075,57.273756208399725
2022-08-12 12:00:00,0.0,0.0,111.10501047935081,40.83459746264813,0.020000016,225.00111220346403,680.5837759701697,44.068242999067806,182.17926424250123,42.8218479609628,182.17926424250123,0.0,80.96816164969005,100.0,79.3423681907876,15.103226929918023,64.23914126086957
2022-08-12 13:00:00,0.0,0.0,108.7574990829758,40.83459746264813,1.1029475568137372,183.5546350666142,661.5967801419471,43.47489937943585,177.51511427134653,6.039520795267663,177.51511427134653,0.0,96.70968766706662,100.0,66.17729973904696,2.3694919142114528,63.80780782483551
2022-08-12 14:00:00,0.0,0.0,111.55911982436893,40.83459746264813,0.020000016,185.07185917609522,580.8833655554728,40.952605173608525,157.4199171416927,27.65194203440251,157.4199171416927,0.0,85.05880788278472,100.0,68.37377258729211,10.218919697222272,58.15485289006983
2022-08-12 15:00:00,0.0,0.0,109.86829098129085,40.83459746264813,1.102963468476647,183.7021294909951,454.71419431736825,37.00981857241776,125.13840909291818,58.563720398076924,125.13840909291818,0.0,68.12028224150353,100.0,69.00422163010619,22.133630504353697,46.87059112575249
2022-08-12 16:00:00,0.0,0.0,103.31342166162935,40.83459746264813,0.020000016,166.3730224639935,300.5813977149651,31.093168678592658,84.61580343282567,81.75721903116782,84.61580343282567,0.0,50.859088919381904,100.0,63.2602878821981,31.08851325900345,32.17177462319465
2022-08-12 17:00:00,0.0,0.0,35.18196728533471,22.405533942019115,1.1029580683722457,77.88590961920168,165.69756765737156,26.278048989292863,47.49523779010816,30.39067182909352,47.49523779010816,0.0,60.98052654494373,100.0,31.438236975676656,12.38813457425322,19.050102401423437
2022-08-12 18:00:00,0.0,0.0,31.127462655145347,26.06808491611546,0.020000016,86.39846308670867,15.43695248169339,21.08240476505292,0.5570004731834285,85.84146261352525,0.5570004731834217,0.0,0.6446879415255586,99.99999999999878,36.92598421126808,36.68795005905314,0.2380341522149365
2022-08-12 19:00:00,0.0,0.0,28.61420889760074,28.132865316806342,0.020000016,94.85449685345496,0.0,20.6,0.0,94.85449685345496,0.0,0.0,0.0,0.0,41.9150604458622,41.9150604458622,0.0
2022-08-12 20:00:00,0.0,0.0,21.09839851300075,26.008038720272086,1.102956768552576,85.2138598723207,0.0,20.6,0.0,85.2138598723207,0.0,0.0,0.0,0.0,37.35097858866298,37.35097858866298,0.0
2022-08-12 21:00:00,0.0,0.0,20.932068884540968,27.823526154405858,0.020000016,86.86301767799468,0.0,20.0,0.0,86.86301767799468,0.0,0.0,0.0,0.0,37.19487066017333,37.19487066017333,0.0
2022-08-12 22:00:00,0.0,0.0,15.12556171879458,23.860709135944422,0.020000016,77.0936934937869,0.0,20.0,0.0,77.0936934937869,0.0,0.0,0.0,0.0,32.61847351217714,32.61847351217714,0.0
2022-08-12 23:00:00,0.0,0.0,13.06306235294797,23.438662662505475,1.1028777276473682,74.60914765450131,0.0,20.0,0.0,74.60914765450131,0.0,0.0,0.0,0.0,32.234995502948486,32.234995502948486,0.0
2022-08-13 00:00:00,0.0,0.0,10.475492301547888,21.337244631389947,0.020000016,69.9201595719857,0.0,20.0,0.0,69.9201595719857,0.0,0.0,0.0,0.0,30.304900564874572,30.304900564874572,0.0
2022-08-13 01:00:00,0.0,0.0,6.633149945109166,20.101352948097517,0.020000016,64.84192553225455,0.0,20.0,0.0,64.84192553225455,0.0,0.0,0.0,0.0,28.059081140831367,28.059081140831367,0.0
2022-08-13 02:00:00,0.0,0.0,1.6457076512821234,12.539802835140739,1.1028520493790817,52.29293312547073,0.0,19.4,0.0,52.29293312547073,0.0,0.0,0.0,0.0,23.31178394499177,23.31178394499177,0.0
2022-08-13 03:00:00,0.0,0.0,0.8755768386815803,10.195231917403536,0.020000016,49.17823139513299,0.0,18.9,0.0,49.17823139513299,0.0,0.0,0.0,0.0,21.641285151550715,21.641285151550715,0.0
2022-08-13 04:00:00,0.0,0.0,0.23152125540050006,10.044064646464152,0.020000016,48.38300854091252,0.0,18.9,0.0,48.38300854091252,0.0,0.0,0.0,0.0,21.685962458687662,21.685962458687662,0.0
2022-08-13 05:00:00,0.0,0.0,2.0435140537144068,12.397026632224442,1.1029180602175777,34.738949077786714,15.188948194929555,19.87465463109155,0.5416224064578992,34.19732667132882,0.5416224064578969,0.0,1.5591214496590198,99.99999999999959,15.994380999147756,15.74810529093135,0.24627570821640532
2022-08-13 06:00:00,0.0,0.0,14.58927307314118,21.988121660539683,0.020000016,56.87580312552873,130.99819426448468,24.69369357076515,37.770237775939314,19.10556534958942,37.770237775939314,0.0,66.40827153258452,100.0,25.233422898632046,8.478734272414243,16.754688626217803
2022-08-13 07:00:00,0.0,0.0,21.49323107843449,24.16633779155731,0.020000016,65.95797726183967,232.88362491353925,29.4776132785481,65.95931592341077,0.0,65.95797726183967,0.0013386615710970773,100.0,99.9979704738408,26.870263889228283,0.0036010111631256747,26.866662878065156
2022-08-13 08:00:00,0.0,0.0,32.016427646729795,28.46378424824631,0.020000016,80.77862028682398,329.1604994117219,34.18626560661631,91.5761096769463,0.0,80.77862028682398,10.797489390122323,100.0,88.2092726714285,30.969277311914233,0.0036010111631256747,30.965676300751106
2022-08-13 09:00:00,0.0,0.0,35.96289722138731,27.058182293229883,1.1029193345307378,83.31948790646504,398.7371612407925,35.760536288774766,110.26421169865878,0.0,83.31948790646504,26.94472379219374,100.0,75.56349120253904,32.267002185798546,0.19858108291875004,32.068421102879796
2022-08-13 10:00:00,0.0,0.0,41.57728143739741,28.463784248246313,0.020000016,90.33947407749157,468.1930154523861,39.031031732887065,127.83941583602417,0.0,90.33947407749157,37.4999417585326,100.0,70.66636959086807,33.997893409152816,0.0036010111631256747,33.99429239798969
2022-08-13 11:00:00,0.0,0.0,42.33284694783887,27.058182293229883,0.020000016,89.68943763291662,620.1076688944403,42.67836465295126,166.90937983593193,0.0,89.68943763291662,77.21994220301531,100.0,53.735408831474466,34.20532271091138,0.0036010111631256747,34.201721699748255
2022-08-13 12:00:00,0.0,0.0,47.71852286645488,28.463784248246313,1.1030061519566634,96.48071550654906,674.5063978413247,44.378324932541396,180.3295936798473,0.0,96.48071550654906,83.84887817329825,100.0,53.50243048727683,37.58149714817728,0.19859671443224045,37.382900433745036
2022-08-13 13:00:00,0.0,0.0,49.78102726093592,27.058182293229883,0.020000016,97.13761794601366,617.5468958544159,42.0983404954505,166.60180673126635,0.0,97.13761794601366,69.46418878525269,100.0,58.305260820310025,37.77410668520135,0.0036010111631256747,37.770505674038226
2022-08-13 14:00:00,0.0,0.0,55.41285952968738,28.463784248246313,0.020000016,104.17505216978154,575.6171115414821,40.78803473567132,156.09370136286714,0.0,104.17505216978154,51.9186491930856,100.0,66.73879295591075,41.400162367130065,0.0036010111631256747,41.39656135596694
2022-08-13 15:00:00,0.0,0.0,52.5037962350315,27.058182293229883,1.1028733381493014,99.86038692010926,460.4145140241318,36.58795356325412,126.9141248428417,0.0,99.86038692010926,27.053737922732438,100.0,78.68343026732983,39.77124692995213,0.1985728012512246,39.5726741287009
2022-08-13 16:00:00,0.0,0.0,52.41018133772263,28.463784248246313,0.020000016,101.17237397781682,314.4060651045281,32.0251895345165,88.1952897517439,12.977084226072918,88.1952897517439,0.0,87.17329275191437,100.0,41.035574863476405,5.266652175310388,35.768922688166015
2022-08-13 17:00:00,0.0,0.0,44.457872127979876,27.058182293229883,0.020000016,91.81446281305763,111.39114835028145,24.580973385946297,28.632326990567943,63.182135822489684,28.632326990567947,0.0,31.18498558213633,100.00000000000003,39.05458740712687,26.876542929863554,12.178044477263313
2022-08-13 18:00:00,0.0,0.0,35.55575070749099,28.463784248246313,1.1028751396501137,93.22245047118518,6.964073189253126,20.81762728716416,0.11346927229336769,93.10898119889181,0.11346927229337211,0.0,0.12171882601224387,100.00000000000391,41.9459170078707,41.89510263100592,0.05081437686477841
2022-08-13 19:00:00,0.0,0.0,25.75474066507204,27.058182293229883,0.020000016,90.92034559734978,0.0,20.6,0.0,90.92034559734978,0.0,0.0,0.0,0.0,41.15414942852364,41.15414942852364,0.0
2022-08-13 20:00:00,0.0,0.0,21.447015934702097,27.106583612328297,0.020000016,86.66102218607827,0.0,20.6,0.0,86.66102218607827,0.0,0.0,0.0,0.0,38.5668892737461,38.5668892737461,0.0
2022-08-13 21:00:00,0.0,0.0,17.69084715873437,23.76216633765351,1.1028358898370823,79.56043613543575,0.0,20.6,0.0,79.56043613543575,0.0,0.0,0.0,0.0,37.02351172613422,37.02351172613422,0.0
2022-08-13 22:00:00,0.0,0.0,17.707205752971255,24.867193593432194,0.020000016,80.68182198545132,0.0,20.0,0.0,80.68182198545132,0.0,0.0,0.0,0.0,34.779079923332354,34.779079923332354,0.0
2022-08-13 23:00:00,0.0,0.0,14.469030060965649,22.84463109985519,0.020000016,80.78192011198472,0.0,20.0,0.0,80.78192011198472,0.0,0.0,0.0,0.0,34.889677121124286,34.889677121124286,0.0
2022-08-14 00:00:00,0.0,0.0,10.855794175176326,23.365772295216757,1.1028577206360097,77.68982542155699,0.0,20.0,0.0,77.68982542155699,0.0,0.0,0.0,0.0,33.97266779482496,33.97266779482496,0.0
2022-08-14 01:00:00,0.0,0.0,8.487136995835087,22.510981922473974,0.020000016,74.46637786947294,0.0,19.4,0.0,74.46637786947294,0.0,0.0,0.0,0.0,32.84923096183025,32.84923096183025,0.0
2022-08-14 02:00:00,0.0,0.0,4.119250242313946,22.276351887849515,0.020000016,69.86386108132734,0.0,19.4,0.0,69.86386108132734,0.0,0.0,0.0,0.0,30.508258675103086,30.508258675103086,0.0
2022-08-14 03:00:00,0.0,0.0,1.7881952921806246,13.553348081104879,1.102933108096514,58.8098023244494,0.0,19.4,0.0,58.8098023244494,0.0,0.0,0.0,0.0,26.14076356421609,26.14076356421609,0.0
2022-08-14 04:00:00,0.0,0.0,1.726061858651138,11.543115979886808,0.020000016,60.94489614433193,0.0,19.0,0.0,60.94489614433193,0.0,0.0,0.0,0.0,26.659374962290304,26.659374962290304,0.0
2022-08-14 05:00:00,0.0,0.0,38.85238192163458,40.83459746264813,0.020000016,109.55368344287672,4.498222389697256,19.54056944967804,0.04756084853102069,109.5061225943457,0.04756084853102038,0.0,0.043413281084081004,99.99999999999936,46.528311527266794,46.508113623916884,0.020197903349910007
2022-08-14 06:00:00,0.0,0.0,47.27752823091422,40.83459746264813,1.1030931569845506,146.0471376999075,36.005977089843995,20.525186784057624,3.036430394149088,143.01070730575842,3.036430394149079,0.0,2.079075592969325,99.99999999999969,59.373991632972064,58.143690765870744,1.2303008671013203
2022-08-14 07:00:00,0.0,0.0,70.87888947425469,40.83459746264813,1.1034174425817227,257.85956413064184,77.22371803007819,22.413241188439944,13.871414834761753,243.98814929588008,13.871414834761765,0.0,5.3794455449145016,100.00000000000009,96.02186339406741,90.86710692732159,5.154756466745823
2022-08-14 08:00:00,0.0,0.0,79.15437869358826,40.83459746264813,1.103423235458534,257.7864752425467,204.9588121158181,27.004962878619317,58.59024575588554,199.19622948666117,58.59024575588555,0.0,22.72820779319746,100.00000000000003,94.34615936619618,72.94812276246043,21.398036603735747
2022-08-14 09:00:00,0.0,0.0,87.07297088057534,40.83459746264813,1.1034628022771735,263.77847248166574,332.4290402606388,32.08840750814497,93.22859174183303,170.5498807398327,93.22859174183304,0.0,35.34351793940008,100.00000000000003,94.6498365760216,61.26747473102345,33.38236184499815
2022-08-14 10:00:00,0.0,0.0,95.18723858939002,40.83459746264813,1.1036442980252823,273.81933513834844,472.2471291522327,38.057722786007275,129.43618052719378,144.38315461115465,129.43618052719378,0.0,47.27065035849115,100.0,100.85880649978013,53.27612499527578,47.58268150450435
2022-08-14 11:00:00,0.0,0.0,99.24037575449094,40.83459746264813,1.1038298350972573,277.32812336100386,611.4679825007356,41.908374453147985,165.0856155632848,112.24250779771907,165.0856155632848,0.0,59.527181579197205,100.0,103.96383565567602,42.19540173651738,61.76843391915864
2022-08-14 12:00:00,0.0,0.0,109.55873810547449,40.83459746264813,1.103767812553151,289.79633044432313,667.9837310720596,43.674491596001864,179.0867467454476,110.70958369887552,179.0867467454476,0.0,61.79745149666569,100.0,110.68068687033181,42.40565554109736,68.27503132923445
2022-08-14 13:00:00,0.0,0.0,117.07928126248198,40.83459746264813,1.103367684363547,293.78478286357233,655.7709459767333,42.69284206177292,176.49845982893663,117.2863230346357,176.49845982893663,0.0,60.07746831152209,100.0,114.26647945093104,45.73742245314982,68.52905699778123
2022-08-14 14:00:00,0.0,0.0,121.6586765702704,40.83459746264813,1.1033884892189525,298.3641781713608,575.8479439498655,39.695248248433295,156.8268571789442,141.53732099241657,156.8268571789442,0.0,52.56222718830313,100.0,118.0167122307216,56.0889228679001,61.92778936282149
2022-08-14 15:00:00,0.0,0.0,122.40062775577657,40.83459746264813,1.10357390056455,301.9960217786691,454.678848326881,35.308714010215034,125.95287678781442,176.04314499085467,125.95287678781443,0.0,41.706799992260976,100.00000000000003,121.65696895685825,71.0006112059511,50.65635775090715
2022-08-14 16:00:00,0.0,0.0,113.76510888990303,40.83459746264813,1.1032244439056254,276.30741570980774,154.83830754815457,24.83869711087983,44.620046857055335,231.6873688527524,44.62004685705534,0.0,16.148696821050077,100.00000000000003,111.72736129509485,93.71692558171303,18.010435713381824
2022-08-14 17:00:00,0.0,0.0,93.901306969663,40.83459746264813,1.1030958912544897,212.8371458479142,78.30904988671873,21.84715780895996,14.293656169742073,198.54348967817214,14.293656169742064,0.0,6.715771400146382,99.99999999999993,87.61827797187303,81.74737310499403,5.870904866879002
2022-08-14 18:00:00,0.0,0.0,75.4880460190666,40.83459746264813,0.020000016,203.72776779829354,2.997333570080579,18.993666674065018,0.02115916195904869,203.7066086363345,0.02115916195904788,0.0,0.010385998034395149,99.99999999999616,90.27843083910398,90.2690548970525,0.009375942051477182
2022-08-14 19:00:00,0.0,0.0,57.37372955426834,40.83459746264813,1.1030081514510943,169.35911568525893,0.0,18.3,0.0,169.35911568525893,0.0,0.0,0.0,0.0,75.80812747654745,75.80812747654745,0.0
2022-08-14 20:00:00,0.0,0.0,48.593274589369905,40.83459746264813,0.020000016,159.2942640884484,0.0,18.3,0.0,159.2942640884484,0.0,0.0,0.0,0.0,68.9087243565828,68.9087243565828,0.0
2022-08-14 21:00:00,0.0,0.0,3.1089604466500576,9.99265858861042,0.020000016,60.77733734105446,0.0,18.3,0.0,60.77733734105446,0.0,0.0,0.0,0.0,26.2618418359923,26.2618418359923,0.0
2022-08-14 22:00:00,0.0,0.0,2.4412946305692844,11.375257950065087,1.1029073818620057,57.284811531798255,0.0,20.0,0.0,57.284811531798255,0.0,0.0,0.0,0.0,24.684112347929982,24.684112347929982,0.0
2022-08-14 23:00:00,0.0,0.0,0.5452639353222921,10.195231917403536,0.020000016,54.208754803889725,0.0,18.9,0.0,54.208754803889725,0.0,0.0,0.0,0.0,23.643767937365418,23.643767937365418,0.0
2022-08-15 00:00:00,0.0,0.0,0.0,10.195231917403536,0.020000016,53.66349086856743,0.0,18.9,0.0,53.66349086856743,0.0,0.0,0.0,0.0,23.990913111958427,23.990913111958427,0.0
2022-08-15 01:00:00,0.0,0.0,0.0,7.19712925055823,1.1027491011438384,50.665388201722116,0.0,18.3,0.0,50.665388201722116,0.0,0.0,0.0,0.0,22.76060777937683,22.76060777937683,0.0
2022-08-15 02:00:00,0.0,0.0,0.0,3.602771750602846,0.020000016,47.07103070176674,0.0,18.3,0.0,47.07103070176674,0.0,0.0,0.0,0.0,21.248169297791513,21.248169297791513,0.0
2022-08-15 03:00:00,0.0,0.0,0.0,3.602771750602846,0.020000016,47.07103070176674,0.0,18.9,0.0,47.07103070176674,0.0,0.0,0.0,0.0,21.175679910510787,21.175679910510787,0.0
2022-08-15 04:00:00,0.0,0.0,0.0,3.602771750602846,1.10290957990722,51.27849005639683,0.0,18.3,0.0,51.27849005639683,0.0,0.0,0.0,0.0,23.051351205128558,23.051351205128558,0.0
2022-08-15 05:00:00,0.0,0.0,4.824404196060571,40.83459746264813,0.020000016,75.5257057173027,2.2484800082153322,18.970265000256727,0.011908118644747497,75.51379759865794,0.011908118644754495,0.0,0.01576697434556561,100.00000000005878,33.64728187999279,33.641977289461295,0.0053045905314945685
2022-08-15 06:00:00,0.0,0.0,17.632433632029358,40.83459746264813,1.1030739588858618,116.40204310102261,38.25248625000012,20.595390195312504,3.426277054409869,112.97576604661275,3.4262770544098657,0.0,2.9434853230507994,99.99999999999991,50.28582605925245,48.81151617412516,1.4743098851272904
2022-08-15 07:00:00,0.0,0.0,56.345584332346256,40.83459746264813,1.103431544433961,243.32625898873334,98.20748759765597,23.66898398742675,22.330848379509085,220.99541060922425,22.330848379509092,0.0,9.177327787110338,100.00000000000003,97.93188186064363,88.96258495477191,8.969296905871715
2022-08-15 08:00:00,0.0,0.0,71.15651627630486,40.83459746264813,1.103440135055496,249.78861282526336,300.8588286298303,30.001838394682203,85.0437774259998,164.74483539926354,85.04377742599982,0.0,34.04629877403226,100.00000000000003,93.1025536213691,61.472221483316986,31.63033213805211
2022-08-15 09:00:00,0.0,0.0,81.37508773604056,40.83459746264813,1.1035679688802595,258.08058933713096,389.5385926706041,33.27308102095638,108.75302225861101,149.32756707851996,108.753022258611,0.0,42.13917154247769,99.99999999999999,96.53243945167286,55.938198833201135,40.59424061847172
2022-08-15 10:00:00,0.0,0.0,91.35866821276066,40.83459746264813,1.1037070224376972,269.9907647617191,457.8051088399954,36.006409651249854,126.47853611630836,143.51222864541074,126.47853611630836,0.0,46.84550459640064,100.0,101.6423529503733,54.120572575392764,47.52178037498053
2022-08-15 11:00:00,0.0,0.0,95.88736538785041,40.83459746264813,1.1038344928482111,273.9751129943633,610.2484194320303,40.77026310725095,165.4964468155267,108.47866617883662,165.4964468155267,0.0,60.405649625165616,100.0,102.59420458806615,40.74156255523119,61.85264203283496
2022-08-15 12:00:00,0.0,0.0,107.62323896703612,40.83459746264813,1.1037637854522018,287.8608313058848,671.5514938536209,43.18598418292565,180.39284407475293,107.46798723113187,180.39284407475293,0.0,62.66668627905999,100.0,107.88027359740572,40.39982045014251,67.4804531472632
2022-08-15 13:00:00,0.0,0.0,117.27628565458824,40.83459746264813,1.1033444371846262,293.9817872556786,654.9595918527523,42.167487245398505,176.6467449293856,117.33504232629303,176.6467449293856,0.0,60.08764916302598,100.0,110.6402655501047,44.278499648757766,66.36176590134693
2022-08-15 14:00:00,0.0,0.0,124.6156647017936,40.83459746264813,1.1033968697908443,301.3211663028841,570.9141461542422,39.54106706732007,155.5769816251986,145.74418467768547,155.5769816251986,0.0,51.63161404626141,100.0,114.89204919903837,55.674004798130895,59.21804440090747
2022-08-15 15:00:00,0.0,0.0,126.62514704348081,40.83459746264813,1.1035712242848537,306.22054106637336,455.7335924268884,35.341674763340265,126.22905003972684,179.99149102664651,126.22905003972684,0.0,41.22161420006331,100.0,119.82681502892834,70.51417434040866,49.31264068851968
2022-08-15 16:00:00,0.0,0.0,119.6411712289611,40.83459746264813,1.1032590498995032,282.1834780488657,310.29120612142964,29.696600191294678,87.81095384373019,194.3725242051355,87.8109538437302,0.0,31.118389514117474,100.00000000000003,112.32424725152836,77.43256474172217,34.89168250980619
2022-08-15 17:00:00,0.0,0.0,100.90764886996337,40.83459746264813,1.1031642154648933,219.84348774821453,164.9249690337061,24.553905282303315,47.57678957274174,172.26669817547278,47.576789572741745,0.0,21.64120941677889,100.00000000000003,90.09372653151601,70.63933939127405,19.454387140241963
2022-08-15 18:00:00,0.0,0.0,77.48017227659473,40.83459746264813,0.020000016,205.71989405582173,11.615043538996025,19.262970110593624,0.317428891091492,205.40246516473024,0.3174288910914811,0.0,0.15430150426061728,99.99999999999656,88.73059131743904,88.59368423671128,0.13690708072775237
2022-08-15 19:00:00,0.0,0.0,57.1314094340887,40.83459746264813,1.1031070118764794,169.1167955650793,0.0,18.9,0.0,169.1167955650793,0.0,0.0,0.0,0.0,73.06681416340612,73.06681416340612,0.0
2022-08-15 20:00:00,0.0,0.0,46.42966339545185,40.83459746264813,0.020000016,157.13065289453039,0.0,19.4,0.0,157.13065289453039,0.0,0.0,0.0,0.0,66.22317206050506,66.22317206050506,0.0
2022-08-15 21:00:00,0.0,0.0,0.47870382510913145,2.6957681249665386,0.020000016,50.850190255869656,0.0,18.9,0.0,50.850190255869656,0.0,0.0,0.0,0.0,20.81480412623162,20.81480412623162,0.0
2022-08-15 22:00:00,0.0,0.0,0.547886488960983,8.994308000535923,1.1028399397454451,53.01045344066079,0.0,20.0,0.0,53.01045344066079,0.0,0.0,0.0,0.0,21.437204958855524,21.437204958855524,0.0
2022-08-15 23:00:00,0.0,0.0,0.06109060344443682,7.646423938052653,0.020000016,51.17577349266096,0.0,18.3,0.0,51.17577349266096,0.0,0.0,0.0,0.0,20.46597816333615,20.46597816333615,0.0
2022-08-16 00:00:00,0.0,0.0,0.0,3.602771750602846,0.020000016,47.07103070176672,0.0,18.3,0.0,47.07103070176672,0.0,0.0,0.0,0.0,18.856254872681227,18.856254872681227,0.0
2022-08-16 01:00:00,0.0,0.0,0.0,3.602771750602846,1.1028928987165905,47.07103070176673,0.0,18.3,0.0,47.07103070176673,0.0,0.0,0.0,0.0,19.603138019635782,19.603138019635782,0.0
2022-08-16 02:00:00,0.0,0.0,0.0,3.602771750602846,0.020000016,47.07103070176674,0.0,17.8,0.0,47.07103070176674,0.0,0.0,0.0,0.0,19.033241948119876,19.033241948119876,0.0
2022-08-16 03:00:00,0.0,0.0,0.0,0.0,0.020000016,43.46825895116388,0.0,17.8,0.0,43.46825895116388,0.0,0.0,0.0,0.0,17.490229563332086,17.490229563332086,0.0
2022-08-16 04:00:00,0.0,0.0,0.0,3.602771750602846,1.1028362456295533,51.278490056396826,0.0,17.2,0.0,51.278490056396826,0.0,0.0,0.0,0.0,21.189928812214287,21.189928812214287,0.0
2022-08-16 05:00:00,0.0,0.0,0.6704351345077104,40.83459746264813,0.020000016,71.37173665574983,13.21960703316492,18.213112719786405,0.412753404442247,70.95898325130759,0.41275340444224184,0.0,0.5783149237815131,99.99999999999875,28.864903880015245,28.69799465832689,0.16690922168835343
2022-08-16 06:00:00,0.0,0.0,10.824858902010792,40.83459746264813,1.103136010549736,109.59446837100408,125.6438074525975,23.32636898289367,36.409492377693944,73.18497599331013,36.40949237769395,0.0,33.22201651130686,100.00000000000003,42.54153889534684,28.474367420301007,14.067171475045832
2022-08-16 07:00:00,0.0,0.0,62.030038834761704,40.83459746264813,1.1034913010867948,249.01071349114878,231.2176917655007,27.225552867671897,66.0423511113781,182.96836237977067,66.04235111137811,0.0,26.52189144212288,100.00000000000003,91.65907407746553,67.4020487260119,24.257025351453635
2022-08-16 08:00:00,0.0,0.0,79.39861051515861,40.83459746264813,0.020000016,258.0307070641171,319.81309884953896,31.094159339048097,90.02932661147177,168.00138045264532,90.02932661147179,0.0,34.89093512777172,100.00000000000003,90.75558099268376,59.091366530163015,31.664214462520746
2022-08-16 09:00:00,0.0,0.0,90.52602322457054,40.83459746264813,1.1035077683078367,267.23152482566087,379.6100786183885,34.06281495682464,105.66168070890565,161.56984411675523,105.66168070890564,0.0,39.539377241453174,99.99999999999999,93.9515228852506,56.882235442145245,37.06928744310535
2022-08-16 10:00:00,0.0,0.0,102.50918793368712,40.83459746264813,2.1874129351152543,281.14128448264563,442.05141364694447,36.61410667646702,121.83998233852898,159.30130214411665,121.83998233852898,0.0,43.33763451452465,100.0,97.75166571472788,55.559089030806966,42.19257668392091
2022-08-16 11:00:00,0.0,0.0,111.5728118485347,40.83459746264813,1.103835061769882,289.66055945504763,609.7133034720374,41.25354073350117,165.0373353853051,124.62322406974252,165.0373353853051,0.0,56.97611566303601,100.0,103.79150014069333,44.76837270016974,59.02312744052359
2022-08-16 12:00:00,0.0,0.0,124.87196565859355,40.83459746264813,1.1037798525585292,305.10955799744215,624.9088833809011,41.72840260565316,168.83426650367093,136.27529149377122,168.83426650367093,0.0,55.33562029711515,100.0,111.12284137730609,49.74229961856401,61.380541758742076
2022-08-16 13:00:00,0.0,0.0,133.50165277040827,40.83459746264813,1.1033135698543055,310.20715437149863,648.795195874385,42.47484987107453,174.77167129573297,135.43548307576566,174.77167129573297,0.0,56.340309639161156,100.0,114.60770370467628,50.14928975574053,64.45841394893574
2022-08-16 14:00:00,0.0,0.0,139.53393964341984,40.83459746264813,1.1033924271679045,316.23944124451026,544.975615039266,39.23048796997706,148.68896255550771,167.55047868900255,148.68896255550771,0.0,47.01784254688974,100.0,117.58832805061242,62.39424170519518,55.19408634541724
2022-08-16 15:00:00,0.0,0.0,140.23304872141387,40.83459746264813,1.1035480540938427,319.82844274430647,439.68620148118544,35.94019379628705,121.50382122497746,198.324621519329,121.50382122497746,0.0,37.99031136268147,100.0,119.90248469226175,74.4266420032833,45.475842688978446
2022-08-16 16:00:00,0.0,0.0,130.88316953086726,40.83459746264813,1.1032600278925098,293.4254763507719,266.33733063526404,29.423041582352006,75.44985195122904,217.97562439954282,75.44985195122905,0.0,25.71346322397495,100.00000000000003,112.72877973280238,83.79338426024628,28.935395472556095
2022-08-16 17:00:00,0.0,0.0,107.1221486459281,40.83459746264813,0.020000016,226.05798752417934,146.31970980346276,25.17249093135821,42.1131819335871,183.94480559059224,42.1131819335871,0.0,18.629371337335577,100.0,89.24338245614578,72.61857219013326,16.624810266012517
2022-08-16 18:00:00,0.0,0.0,82.44558234760142,40.83459746264813,1.1029891652069506,210.6853041268284,9.876648939115231,19.70864527934735,0.2291512182450102,210.4561529085834,0.22915121824502194,0.0,0.10876469015944151,100.00000000000513,87.4412712418393,87.34638201387622,0.09488922796307975
2022-08-16 19:00:00,0.0,0.0,61.511178718117264,40.83459746264813,0.020000016,173.49656484910784,0.0,19.4,0.0,173.49656484910784,0.0,0.0,0.0,0.0,73.28594755495354,73.28594755495354,0.0
2022-08-16 20:00:00,0.0,0.0,55.44591234599807,40.83459746264813,1.102850991768851,166.14690184507657,0.0,20.0,0.0,166.14690184507657,0.0,0.0,0.0,0.0,67.87103263378509,67.87103263378509,0.0
2022-08-16 21:00:00,0.0,0.0,2.407831471509396,6.21951890593291,0.020000016,56.30306868323629,0.0,19.4,0.0,56.30306868323629,0.0,0.0,0.0,0.0,23.547292211745212,23.547292211745212,0.0
2022-08-16 22:00:00,0.0,0.0,0.6417434622679411,8.24688589648646,1.1027911123119731,52.35688830991828,0.0,18.9,0.0,52.35688830991828,0.0,0.0,0.0,0.0,21.71933336736397,21.71933336736397,0.0
2022-08-16 23:00:00,0.0,0.0,0.3463483735983236,8.994308000535923,0.020000016,52.80891532529814,0.0,18.9,0.0,52.80891532529814,0.0,0.0,0.0,0.0,21.2628860536684,21.2628860536684,0.0
2022-08-17 00:00:00,0.0,0.0,0.0,6.298539875569383,0.020000016,49.76679882673327,0.0,18.9,0.0,49.76679882673327,0.0,0.0,0.0,0.0,20.114364417046044,20.114364417046044,0.0
2022-08-17 01:00:00,0.0,0.0,0.0,5.097615958701768,1.102898776410684,48.56587490986565,0.0,19.4,0.0,48.56587490986565,0.0,0.0,0.0,0.0,19.79053697880962,19.79053697880962,0.0
2022-08-17 02:00:00,0.0,0.0,0.0,3.602771750602846,0.020000016,47.07103070176673,0.0,18.9,0.0,47.07103070176673,0.0,0.0,0.0,0.0,18.783294775093488,18.783294775093488,0.0
2022-08-17 03:00:00,0.0,0.0,0.0,2.4018478337352307,0.020000016,45.87010678489912,0.0,17.8,0.0,45.87010678489912,0.0,0.0,0.0,0.0,18.505537933386112,18.505537933386112,0.0
2022-08-17 04:00:00,0.0,0.0,0.0,2.4018478337352307,1.1028754263140002,50.077566139529225,0.0,18.3,0.0,50.077566139529225,0.0,0.0,0.0,0.0,20.401866460557812,20.401866460557812,0.0
2022-08-17 05:00:00,0.0,0.0,5.52250502249812,40.83459746264813,0.020000016,76.22380654374024,10.37862651869155,19.22433207870911,0.25348095097206785,75.97032559276818,0.2534809509720617,0.0,0.3325482712892386,99.99999999999757,30.568585197137526,30.46694187060724,0.10164332653028652
2022-08-17 06:00:00,0.0,0.0,37.216964004891715,40.83459746264813,1.1031495564056537,135.986573473885,97.21422047455162,23.63794438982974,21.883926491469673,114.10264698241531,21.88392649146968,0.0,16.092711164365276,100.00000000000003,53.01240800738275,44.51323805625821,8.499169951124543
2022-08-17 07:00:00,0.0,0.0,78.27831398896474,40.83459746264813,0.020000016,265.2589886453518,240.71311219135785,27.522284755979932,68.67840045358435,196.58058819176745,68.67840045358435,0.0,25.891073778241147,100.0,94.47824240709161,70.01774330154302,24.460499105548593
2022-08-17 08:00:00,0.0,0.0,92.60254863311602,40.83459746264813,1.103487493402659,271.23464518207453,311.9903832007428,30.349699475023215,88.07468557841973,183.15995960365478,88.07468557841975,0.0,32.47176831680073,100.00000000000003,90.14958493511621,60.94093658331698,29.208648351799226
2022-08-17 09:00:00,0.0,0.0,104.95153074153285,40.83459746264813,1.1035563419636112,281.65703234262327,399.70221466297016,33.59069420821782,111.45526632318447,170.2017660194388,111.45526632318447,0.0,39.571270561284656,100.0,91.92453321423125,55.627453907091365,36.29707930713988
2022-08-17 10:00:00,0.0,0.0,115.61803767667509,40.83459746264813,1.103715744776074,294.2501342256336,437.16793206543184,35.36149787704475,121.07750055707584,173.17263366855775,121.07750055707584,0.0,41.147814894192216,100.0,96.70394099889428,56.99415314119012,39.709787857704164
2022-08-17 11:00:00,0.0,0.0,123.2167873130373,40.83459746264813,2.1877143052195747,301.3045349195502,609.6116979499186,39.65036556093496,166.05125893921561,135.25327598033456,166.05125893921561,0.0,55.11077321937824,100.0,102.2664686455967,46.123707741953204,56.1427609036435
2022-08-17 12:00:00,0.0,0.0,140.6841479295999,40.83459746264813,1.103775355106056,320.92174026844856,614.0610685441707,41.389408392005336,166.12528530619147,154.7964549622571,166.12528530619147,0.0,51.76504563611955,100.0,109.0794586393557,52.7173024670976,56.3621561722581
2022-08-17 13:00:00,0.0,0.0,149.8564863534293,40.83459746264813,1.1034017575139834,326.5619879545196,649.6160486800843,42.00050152125264,175.32115020632608,151.24083774819354,175.32115020632608,0.0,53.686943573709236,100.0,111.89593030334053,51.929084086768775,59.96684621657176
2022-08-17 14:00:00,0.0,0.0,152.7076122757716,40.83459746264813,1.1033688353859659,329.4131138768619,565.35955833338,38.76748619791813,154.5293700412938,174.88374383556814,154.5293700412938,0.0,46.910509488416565,100.0,111.02641004846531,59.036548791772425,51.98986125669288
2022-08-17 15:00:00,0.0,0.0,152.59655398417786,40.83459746264813,1.1035876744079345,332.1919480070704,445.5166563153836,35.02239550985574,123.55073942769938,208.64120857937098,123.5507394276994,0.0,37.19257500638448,100.00000000000003,113.00278216229135,71.04803982113032,41.95474234116104
2022-08-17 16:00:00,0.0,0.0,141.28969735407637,40.83459746264813,1.1032355999453136,303.8320041739811,299.6857974139195,29.965181169184987,84.72390295258079,219.10810122140032,84.72390295258077,0.0,27.885114730726634,99.99999999999997,106.48059224671708,76.84374737438955,29.63684487232753
2022-08-17 17:00:00,0.0,0.0,118.01447845540415,40.83459746264813,0.020000016,236.95031733365533,136.5786990280617,24.86808434462693,39.35386409525371,197.59645323840164,39.3538640952537,0.0,16.608487609593954,99.99999999999997,88.37540661233655,73.6981862286912,14.677220383645349
2022-08-17 18:00:00,0.0,0.0,94.42630135429432,40.83459746264813,1.1029954361588272,222.66602313352132,7.174980231213753,19.62421813222543,0.12096991995104941,222.54505321357027,0.120969919951051,0.0,0.05432796537553086,100.00000000000131,91.86574318865645,91.815942292011,0.04980089664545062
2022-08-17 19:00:00,0.0,0.0,72.01167672631796,40.83459746264813,0.020000016,183.99706285730855,0.0,19.4,0.0,183.99706285730855,0.0,0.0,0.0,0.0,76.89229363797521,76.89229363797521,0.0
2022-08-17 20:00:00,0.0,0.0,59.44653086231422,40.83459746264813,1.102828426893208,170.1475203613927,0.0,19.4,0.0,170.1475203613927,0.0,0.0,0.0,0.0,70.21086639326684,70.21086639326684,0.0
2022-08-17 21:00:00,0.0,0.0,5.528060266177288,10.866099025736624,0.020000016,64.0698775977079,0.0,19.4,0.0,64.0698775977079,0.0,0.0,0.0,0.0,26.961322359786713,26.961322359786713,0.0
2022-08-17 22:00:00,0.0,0.0,10.391313856584478,21.39460716736839,0.020000016,75.25417997511677,0.0,18.9,0.0,75.25417997511677,0.0,0.0,0.0,0.0,31.38835676978558,31.38835676978558,0.0
2022-08-17 23:00:00,0.0,0.0,4.767163917144634,11.56174220316426,1.102852819451985,59.79716507147278,0.0,18.9,0.0,59.79716507147278,0.0,0.0,0.0,0.0,25.031135817732494,25.031135817732494,0.0
2022-08-18 00:00:00,0.0,0.0,3.0818402631528907,11.244988563331766,0.020000016,57.79508777764854,0.0,18.9,0.0,57.79508777764854,0.0,0.0,0.0,0.0,24.010813547681668,24.010813547681668,0.0
2022-08-18 01:00:00,0.0,0.0,1.0684699365568289,8.095718625547077,0.020000016,52.63244751326778,0.0,18.3,0.0,52.63244751326778,0.0,0.0,0.0,0.0,21.92606804938942,21.92606804938942,0.0
2022-08-18 02:00:00,0.0,0.0,0.20454337580110848,8.847347854920269,1.1028680669864632,52.52015018188526,0.0,18.9,0.0,52.52015018188526,0.0,0.0,0.0,0.0,22.394375121293614,22.394375121293614,0.0
2022-08-18 03:00:00,0.0,0.0,0.07324289125395426,3.602771750602846,0.020000016,47.144273593020685,0.0,18.3,0.0,47.144273593020685,0.0,0.0,0.0,0.0,20.059482161738025,20.059482161738025,0.0
2022-08-18 04:00:00,0.0,0.0,0.0,4.803695667470461,0.020000016,52.47941397326444,0.0,17.8,0.0,52.47941397326444,0.0,0.0,0.0,0.0,22.6760198329627,22.6760198329627,0.0
2022-08-18 05:00:00,0.0,0.0,19.54568757397921,40.83459746264813,1.1029361188576838,90.24698909522134,9.007815143497336,18.58149422323429,0.19138798552319702,90.05560110969815,0.19138798552319258,0.0,0.21207132497379544,99.99999999999768,38.854979413990876,38.77300028427187,0.08197912971900223
2022-08-18 06:00:00,0.0,0.0,46.899822762121396,40.83459746264813,0.020000016,145.66943223111468,104.28110786843875,23.25878462088871,25.216378466624047,120.45305376449063,25.21637846662405,0.0,17.310686312428615,100.00000000000003,58.92178791852092,48.722645402017825,10.199142516503095
2022-08-18 07:00:00,0.0,0.0,81.59463201817361,40.83459746264813,1.1033863086724172,268.57530667456064,228.50235533910896,27.740698604347156,65.14133985202972,203.43396682253092,65.14133985202972,0.0,24.25440397279825,100.0,99.33249660845343,75.28817665567074,24.044319952782686
2022-08-18 08:00:00,0.0,0.0,97.95755240693614,40.83459746264813,1.1034850970007932,276.5896489558947,315.0883148068709,30.94650983771472,88.74884577052894,187.84080318536576,88.74884577052893,0.0,32.08682830523456,99.99999999999999,96.1559298609543,65.36629279778471,30.789637063169593
2022-08-18 09:00:00,0.0,0.0,110.32171043168016,40.83459746264813,1.1035493955328617,287.02721203277065,381.07971244342207,32.50874101385694,106.7018185836988,180.32539344907184,106.70181858369881,0.0,37.17480925519926,100.00000000000003,95.97249950069785,60.36877018478214,35.60372931591571
2022-08-18 10:00:00,0.0,0.0,122.57157714202258,40.83459746264813,1.1036944723651005,301.203673690981,441.4788819190705,34.896215059970956,122.49034360341577,178.71333008756525,122.49034360341577,0.0,40.666948746808565,100.0,100.2420148448977,59.55745966874118,40.684555176156515
2022-08-18 11:00:00,0.0,0.0,135.7676834755528,40.83459746264813,2.1878300555436883,313.8554310820657,597.5046263747381,40.87201957421057,161.9756027741905,151.87982830787521,161.9756027741905,0.0,51.60834789946258,100.0,105.11806139666884,51.0716620190047,54.04639937766414
2022-08-18 12:00:00,0.0,0.0,150.45771257016034,40.83459746264813,1.103786445554609,330.695304909009,662.0926539716759,42.89039543661487,178.06054642828437,152.63475848072463,178.06054642828437,0.0,53.84429224880524,100.0,110.9783573980866,51.32985495007563,59.64850244801097
2022-08-18 13:00:00,0.0,0.0,159.4946095851028,40.83459746264813,1.1033421892869835,336.20011118619317,643.3552957472981,41.804852992103065,173.76560018796042,162.43451099823275,173.76560018796042,0.0,51.68517035133464,100.0,115.83972846225164,56.07044379359984,59.7692846686518
2022-08-18 14:00:00,0.0,0.0,168.00078369530985,40.83459746264813,1.1033996432699507,344.70628529640015,564.6741028013676,39.34606571254274,153.99387394474098,190.71241135165917,153.99387394474098,0.0,44.67393851328454,100.0,121.64730952976035,67.39141789217948,54.25589163758087
2022-08-18 15:00:00,0.0,0.0,169.40132538699157,40.83459746264813,1.1036006383444366,348.9967194098842,429.54301341160334,35.6232191691126,118.8459169884527,230.15080242143148,118.8459169884527,0.0,34.05359144619134,100.0,125.22852346414061,82.65137947344249,42.57714399069812
2022-08-18 16:00:00,0.0,0.0,157.3732726826831,40.83459746264813,1.1032752412391347,319.9155795025878,274.521337883174,30.278791808849185,77.51794067165305,242.39763883093474,77.51794067165304,0.0,24.23074887199296,99.99999999999997,119.69031326408054,90.73658724381141,28.95372602026913
2022-08-18 17:00:00,0.0,0.0,131.21679711753544,40.83459746264813,0.020000016,250.15263599578662,127.78769496624953,24.5933654676953,36.85822780541301,213.29440819037362,36.85822780541301,0.0,14.734295186892943,100.0,98.85516741443814,84.29008582371212,14.565081590726024
2022-08-18 18:00:00,0.0,0.0,107.33121413058106,40.83459746264813,1.1030416787446056,235.57093590980804,4.846615526927791,19.55145673521649,0.05521127016315188,235.5157246396449,0.055211270163141535,0.0,0.023437216458774023,99.99999999998126,100.48703980124814,100.46353498325794,0.023504817990200877
2022-08-18 19:00:00,0.0,0.0,85.65763469860914,40.83459746264813,0.020000016,197.64302082959978,0.0,19.4,0.0,197.64302082959978,0.0,0.0,0.0,0.0,84.72525831997936,84.72525831997936,0.0
2022-08-18 20:00:00,0.0,0.0,75.6415705550528,40.83459746264813,1.1028463283515224,186.3425600541313,0.0,19.4,0.0,186.3425600541313,0.0,0.0,0.0,0.0,78.64785400811495,78.64785400811495,0.0
2022-08-18 21:00:00,0.0,0.0,11.919805260178743,17.050732552711747,0.020000016,76.64625611868448,0.0,19.4,0.0,76.64625611868448,0.0,0.0,0.0,0.0,32.05246654462986,32.05246654462986,0.0
2022-08-18 22:00:00,0.0,0.0,14.377371551677818,23.41781888676565,0.020000016,81.26344938960735,0.0,19.4,0.0,81.26344938960735,0.0,0.0,0.0,0.0,34.20657422475496,34.20657422475496,0.0
2022-08-18 23:00:00,0.0,0.0,10.49891259226906,20.203726277576962,1.102930919424246,68.8100615088939,0.0,18.9,0.0,68.8100615088939,0.0,0.0,0.0,0.0,29.885652055873262,29.885652055873262,0.0
2022-08-19 00:00:00,0.0,0.0,8.215518576670425,19.418827549925407,0.020000016,65.7417687656437,0.0,18.9,0.0,65.7417687656437,0.0,0.0,0.0,0.0,28.500356809162874,28.500356809162874,0.0
2022-08-19 01:00:00,0.0,0.0,2.285892733264049,10.158227918879557,0.020000016,50.55154329119147,0.0,18.3,0.0,50.55154329119147,0.0,0.0,0.0,0.0,21.952322835049095,21.952322835049095,0.0
2022-08-19 02:00:00,0.0,0.0,2.625505747882232,9.745937229909115,1.1027966243036351,50.47886561683921,0.0,18.3,0.0,50.47886561683921,0.0,0.0,0.0,0.0,22.312845226972634,22.312845226972634,0.0
2022-08-19 03:00:00,0.0,0.0,2.8894721317408,10.195231917403536,0.020000016,51.19212668819221,0.0,17.8,0.0,51.19212668819221,0.0,0.0,0.0,0.0,22.19462004859413,22.19462004859413,0.0
2022-08-19 04:00:00,0.0,0.0,0.830254985329251,10.195231917403536,0.020000016,49.132909541780656,0.0,17.8,0.0,49.132909541780656,0.0,0.0,0.0,0.0,21.66556383449109,21.66556383449109,0.0
2022-08-19 05:00:00,0.0,0.0,38.146518529803075,40.83459746264813,1.102865628998198,108.8478200510452,8.823787357655196,18.075743354926725,0.18398351724579204,108.66383653379941,0.18398351724579243,0.0,0.16902820576426028,100.00000000000023,48.11501451698624,48.034022212941885,0.08099230404435787
2022-08-19 06:00:00,0.0,0.0,47.10837760310619,40.83459746264813,0.020000016,122.94726565199666,111.3484613957763,22.37963941861801,28.843055447889633,94.10421020410703,28.843055447889625,0.0,23.459696557652737,99.99999999999997,51.8891913252905,39.716989280449354,12.172202044841143
2022-08-19 07:00:00,0.0,0.0,70.63124082705933,40.83459746264813,1.1029792696491614,184.84844170915053,218.8918557419279,26.840370491935246,62.6115858988804,122.23685581027013,62.611585898880406,0.0,33.87184945675469,100.00000000000003,71.71645397153199,47.49203138725516,24.22442258427683
2022-08-19 08:00:00,0.0,0.0,86.12729792462089,40.83459746264813,0.020000016,202.5921929125583,311.16142090321756,31.42379440322555,87.48452851921606,115.10766439334223,87.48452851921606,0.0,43.18257641693806,100.0,75.80043110650313,43.069407028966225,32.7310240775369
2022-08-19 09:00:00,0.0,0.0,98.21663795926801,40.83459746264813,1.1031307448892274,213.71823547327133,383.46134505633665,32.583167033010525,107.33826089213449,106.37997458113685,107.33826089213449,0.0,50.224193857130516,100.0,78.7293847720949,39.28794080728008,39.44144396481482
2022-08-19 10:00:00,0.0,0.0,116.90197164647029,40.83459746264813,1.1031807659548738,234.6512632663198,425.90532348222354,35.00954135881948,118.11795574060157,116.53330752571823,118.11795574060157,0.0,50.33766027781509,100.0,85.40519487102097,42.51420278249373,42.890992088527234
2022-08-19 11:00:00,0.0,0.0,129.15050402789063,40.83459746264813,0.020000016,245.61539901582805,594.3150324325898,39.67234476351843,161.87070261105134,83.7446964047767,161.87070261105134,0.0,65.90413437417253,100.0,90.69954325174778,30.92716760559097,59.77237564615682
2022-08-19 12:00:00,0.0,0.0,135.6763937715366,40.83459746264813,1.1030547145017584,249.57249549564983,660.3232957140515,42.33510299106411,177.97542856163258,71.59706693401725,177.97542856163258,0.0,71.31211642860492,100.0,90.75723331121263,26.177959180481427,64.5792741307312
2022-08-19 13:00:00,0.0,0.0,135.76425622478047,40.83459746264813,0.020000016,210.56139220841888,637.8705985794682,42.13345620560838,172.06086675073652,38.50052545768236,172.06086675073652,0.0,81.71529687665934,100.0,76.33421130063705,13.960426494827557,62.37378480580949
2022-08-19 14:00:00,0.0,0.0,139.8050875071543,40.83459746264813,1.1029316916885072,213.31782685888055,534.3029263570666,38.39696644865833,146.25163709542423,67.06618976345632,146.25163709542423,0.0,68.56043831356689,100.0,78.3678343711326,24.774653215699878,53.593181155432724
2022-08-19 15:00:00,0.0,0.0,136.79340438310808,40.83459746264813,0.020000016,210.6272428928124,429.7237437500188,34.52886699218809,119.39704020834517,91.23020268446723,119.39704020834517,0.0,56.68641841791852,100.0,77.7892949476932,33.69537101355029,44.0939239341429
2022-08-19 16:00:00,0.0,0.0,126.69413766985338,40.83459746264813,1.1029209780598501,189.75373847221752,295.5022557102263,30.334445490944574,83.42490102069254,106.32883745152498,83.42490102069254,0.0,43.964826038411395,100.0,70.57349913472052,39.633288968671174,30.940210166049347
2022-08-19 17:00:00,0.0,0.0,42.615127594897665,22.559111386869674,0.020000016,85.4726473736152,158.40079219458752,24.35002475608086,45.72913869812134,39.743508675493864,45.72913869812134,0.0,53.50148860866757,100.0,34.114879851499225,15.864837888465974,18.25004196303325
2022-08-19 18:00:00,0.0,0.0,35.17589110744697,25.543944069725637,0.020000016,92.8909197338205,6.4635541715487435,19.101986067860896,0.09835598376227878,92.79256375005822,0.09835598376227495,0.0,0.10588331350805291,99.9999999999961,39.95273440648864,39.91043494033191,0.042299466156727306
2022-08-19 19:00:00,0.0,0.0,32.065898410946645,28.53691377150941,1.1029648788625772,98.71023482150392,0.0,17.2,0.0,98.71023482150392,0.0,0.0,0.0,0.0,42.86065922187444,42.86065922187444,0.0
2022-08-19 20:00:00,0.0,0.0,21.781568679176925,25.423851678038876,0.020000016,85.31284299626367,0.0,17.2,0.0,85.31284299626367,0.0,0.0,0.0,0.0,35.55516894456613,35.55516894456613,0.0
2022-08-19 21:00:00,0.0,0.0,22.993053119046373,27.957849048418506,1.1028795461361478,89.05832480651276,0.0,17.8,0.0,89.05832480651276,0.0,0.0,0.0,0.0,37.787421070086666,37.787421070086666,0.0
2022-08-19 22:00:00,0.0,0.0,20.228061005673176,25.917728337094278,0.020000016,84.25321198181533,0.0,17.8,0.0,84.25321198181533,0.0,0.0,0.0,0.0,34.99817260781012,34.99817260781012,0.0
2022-08-19 23:00:00,0.0,0.0,19.118283755182652,26.756759451074533,0.020000016,83.98246584530506,0.0,17.2,0.0,83.98246584530506,0.0,0.0,0.0,0.0,34.46706560777174,34.46706560777174,0.0
2022-08-20 00:00:00,0.0,0.0,14.76177808491454,22.104619979224662,1.1029060767571048,74.97382070318707,0.0,17.2,0.0,74.97382070318707,0.0,0.0,0.0,0.0,30.29119598059283,30.29119598059283,0.0
2022-08-20 01:00:00,0.0,0.0,17.08016204455595,24.662042979569907,0.020000016,79.84962766317373,0.0,17.2,0.0,79.84962766317373,0.0,0.0,0.0,0.0,32.595823534440754,32.595823534440754,0.0
2022-08-20 02:00:00,0.0,0.0,15.17891500947815,22.449408555993973,0.020000016,75.73574620452,0.0,16.7,0.0,75.73574620452,0.0,0.0,0.0,0.0,32.09889553771461,32.09889553771461,0.0
2022-08-20 03:00:00,0.0,0.0,16.572397717977186,24.339533201576803,0.020000016,79.01935355860186,0.0,16.7,0.0,79.01935355860186,0.0,0.0,0.0,0.0,34.385316841278595,34.385316841278595,0.0
2022-08-20 04:00:00,0.0,0.0,14.719141692073096,21.670893808771154,1.1029194672042666,74.49745813989213,0.0,16.7,0.0,74.49745813989213,0.0,0.0,0.0,0.0,32.87651863257965,32.87651863257965,0.0
2022-08-20 05:00:00,0.0,0.0,19.834817092238463,28.246042842967153,0.020000016,68.37926832705348,4.41632071494866,17.338010022342146,0.04621089363869787,68.33305743341478,0.04621089363870112,0.0,0.06758026923844447,100.00000000000703,29.861750422512664,29.841572204750854,0.020178217761809947
2022-08-20 06:00:00,0.0,0.0,17.716122587742102,25.894767496944812,0.020000016,63.909298476534765,73.13702584492377,19.485532057653867,12.57560879552339,51.33368968101138,12.575608795523387,0.0,19.67727560042097,99.99999999999997,27.109451774015817,21.775758815570484,5.333692958445333
2022-08-20 07:00:00,0.0,0.0,24.59423418048968,29.4976529050035,1.1028640654502175,74.39029547734104,157.1008467154668,22.709401459858338,45.62850531023717,28.761790167103868,45.62850531023717,0.0,61.336636744688576,100.0,28.780810460001888,11.249426149702563,17.531384310299323
2022-08-20 08:00:00,0.0,0.0,26.369005916125133,26.024313636472687,0.020000016,72.69172794444569,174.91125168113567,26.065976615035492,50.17575797462608,22.515969969819608,50.17575797462608,0.0,69.02540274317411,100.0,27.11761553444137,8.40205780990584,18.71555772453553
2022-08-20 09:00:00,0.0,0.0,41.350747055157086,29.4976529050035,0.020000016,91.14680835200846,289.472985416646,28.446030794270186,82.30524882502527,8.84155952698319,82.30524882502527,0.0,90.29964988698546,100.0,32.42224207176374,3.148322695922872,29.27391937584087
2022-08-20 10:00:00,0.0,0.0,38.969937910011,26.02431363647269,1.1029270291336524,85.29265993833155,350.74994877329107,30.360935899165348,99.0122864264229,0.0,85.29265993833155,13.71962648809135,100.0,86.1435110901246,30.731648873059125,0.19858246833519128,30.533066404723932
2022-08-20 11:00:00,0.0,0.0,49.88309394494002,29.497652905003505,0.020000016,99.67915524179139,414.4574427753544,32.951795086729824,115.85186621107535,0.0,99.67915524179139,16.172710969283955,100.0,86.04018088079978,34.829005873764,0.0036010111631256747,34.82540486260087
2022-08-20 12:00:00,0.0,0.0,41.391985047169285,26.02431363647269,0.020000016,87.71470707548986,550.9735697671106,37.217924055222205,151.50703184906934,0.0,87.71470707548986,63.79232477357948,100.0,57.89480924084822,30.619542368792104,0.0036010111631256747,30.615941357628977
2022-08-20 13:00:00,0.0,0.0,44.39290060198434,29.497652905003505,1.102950268941627,94.1889618988357,527.3024561502423,37.07820175469507,145.07644434654685,0.0,94.1889618988357,50.88748244771115,100.0,64.92367684022138,33.66722142899502,0.1985866526722411,33.46863477632278
2022-08-20 14:00:00,0.0,0.0,37.66823176630636,26.02431363647269,0.020000016,83.99095379462693,439.48434123587066,33.13388566362096,122.76227356427019,0.0,83.99095379462693,38.771319769643256,100.0,68.41756132078707,30.302497683036847,0.0036010111631256747,30.29889667187372
2022-08-20 15:00:00,0.0,0.0,42.956505492357074,29.497652905003505,0.020000016,92.75256678920844,249.26739430158872,26.689606071924647,71.34021751699959,21.412349272208857,71.34021751699959,0.0,76.91454801367273,100.0,35.10905625237669,8.107854025455095,27.001202226921592
2022-08-20 16:00:00,0.0,0.0,38.17031601012896,26.02431363647269,1.10290359391348,84.49303803844951,144.50212970477875,21.715691553274336,42.12233599560998,42.37070204283953,42.12233599560998,0.0,49.85302573265473,100.0,32.8403511690181,16.567439715514077,16.272911453504022
2022-08-20 17:00:00,0.0,0.0,38.327142816351646,29.497652905003505,0.020000016,88.12320411320302,78.45387072187502,19.651683460058592,14.461770038435217,73.6614340747678,14.461770038435219,0.0,16.41085362699436,100.00000000000003,36.131471001452965,30.20257913879568,5.928891862657284
2022-08-20 18:00:00,0.0,0.0,26.944411698274493,26.024313636472687,0.020000016,85.13980989139505,0.7492163868347139,17.223413012088585,0.0013305056552041848,85.13847938573984,0.001330505655204206,0.0,0.001562730357163598,100.00000000000159,37.53791190083409,37.537325340763466,0.0005865600706229657
2022-08-20 19:00:00,0.0,0.0,26.037934575818845,29.4976529050035,1.1028524200915446,93.64301011987021,0.0,17.2,0.0,93.64301011987021,0.0,0.0,0.0,0.0,42.094919977626795,42.094919977626795,0.0
2022-08-20 20:00:00,0.0,0.0,21.97115141033605,26.024313636472687,0.020000016,86.1028876858566,0.0,17.2,0.0,86.1028876858566,0.0,0.0,0.0,0.0,37.408847994091374,37.408847994091374,0.0
2022-08-20 21:00:00,0.0,0.0,21.83886161328104,29.363403420464845,0.020000016,89.30968767279377,0.0,17.2,0.0,89.30968767279377,0.0,0.0,0.0,0.0,38.15893232717245,38.15893232717245,0.0
2022-08-20 22:00:00,0.0,0.0,15.238990143848085,22.021508666695453,1.1028945079479129,75.3679214495914,0.0,17.2,0.0,75.3679214495914,0.0,0.0,0.0,0.0,31.1103527558249,31.1103527558249,0.0
2022-08-20 23:00:00,0.0,0.0,15.917276537039358,24.13920161401159,0.020000016,83.52473710221486,0.0,17.8,0.0,83.52473710221486,0.0,0.0,0.0,0.0,34.0106977223299,34.0106977223299,0.0
2022-08-21 00:00:00,0.0,0.0,13.062271041981116,21.737552603679152,0.020000016,78.26808259682416,0.0,17.8,0.0,78.26808259682416,0.0,0.0,0.0,0.0,32.25631248766243,32.25631248766243,0.0
2022-08-21 01:00:00,0.0,0.0,12.617236412430671,24.13920161401159,1.1029065057901088,80.22469697760614,0.0,17.2,0.0,80.22469697760614,0.0,0.0,0.0,0.0,33.657492018064,33.657492018064,0.0
2022-08-21 02:00:00,0.0,0.0,8.086073010150068,21.737552603679152,0.020000016,73.2918845649931,0.0,17.2,0.0,73.2918845649931,0.0,0.0,0.0,0.0,30.479099532132906,30.479099532132906,0.0
2022-08-21 03:00:00,0.0,0.0,3.1090201398553354,18.62058282158318,0.020000016,65.19786191260239,0.0,17.2,0.0,65.19786191260239,0.0,0.0,0.0,0.0,27.688895104421043,27.688895104421043,0.0
2022-08-21 04:00:00,0.0,0.0,1.2007569109899647,11.543115979886808,1.1029473844479225,60.419591196670765,0.0,17.2,0.0,60.419591196670765,0.0,0.0,0.0,0.0,26.195021539553505,26.195021539553505,0.0
2022-08-21 05:00:00,0.0,0.0,38.65131559206196,40.83459746264813,0.020000016,109.35261711330412,1.498769835919193,17.246836557372475,0.005323968649892781,109.34729314465423,0.005323968649889821,0.0,0.004868624812493942,99.99999999994441,46.546261906927626,46.54399591939086,0.002265987536766545
2022-08-21 06:00:00,0.0,0.0,49.7422102677693,40.83459746264813,1.1031181341706342,148.5118197367626,45.03254707617189,19.707267096130373,4.763850581991571,143.74796915477103,4.763850581991562,0.0,3.20772487364002,99.99999999999982,62.52085947030997,60.52173339283012,1.9991260774798505
2022-08-21 07:00:00,0.0,0.0,81.63392030537098,40.83459746264813,1.1034511037503303,268.61459496175803,107.83390478932503,22.769809524666407,27.012333522211588,241.60226143954645,27.012333522211577,0.0,10.056167471487264,99.99999999999996,100.50608195178143,90.41900130624957,10.087080645531856
2022-08-21 08:00:00,0.0,0.0,100.87196210195442,40.83459746264813,1.103552768739802,279.5040586509129,236.02942477186457,27.97591952412077,67.22799202083338,212.27606663007953,67.22799202083337,0.0,24.052599574161423,99.99999999999997,97.67433806722303,74.22891198991749,23.44542607730554
2022-08-21 09:00:00,0.0,0.0,114.43302135038695,40.83459746264813,1.1035779766675042,291.13852295147734,332.11291402208354,30.37852856319011,93.74506055518373,197.39346239629361,93.74506055518373,0.0,32.199469724866255,100.0,99.61813818179348,67.60560617810656,32.01253200368693
2022-08-21 10:00:00,0.0,0.0,123.51052078502912,40.83459746264813,1.1036386091392942,302.14261733398763,361.0814395016594,31.283794984426855,101.5736489479215,200.56896838606613,101.5736489479215,0.0,33.61778283519741,100.0,104.69322408048284,69.56448546008893,35.128738620393904
2022-08-21 11:00:00,0.0,0.0,130.93453321675491,40.83459746264813,1.10385810586964,309.02228082326786,444.6593453477983,34.4956045421187,123.5625986707465,185.45968215252137,123.5625986707465,0.0,39.985012841651006,100.0,108.42298818760784,65.14951269413235,43.27347549347549
2022-08-21 12:00:00,0.0,0.0,147.7437867223841,40.83459746264813,1.1037936538719602,327.98137906123276,590.0957257480583,39.040491429626826,161.1188236863261,166.86255537490666,161.1188236863261,0.0,49.12438143515638,100.0,119.70039387233368,60.99594486810233,58.70444900423135
2022-08-21 13:00:00,0.0,0.0,155.01249253536153,40.83459746264813,1.1033639024086865,331.71799413645186,544.2761646011077,38.108630143784616,149.14878316736358,182.5692109690883,149.14878316736358,0.0,44.96252413307774,100.0,123.46340915868409,68.04046707760763,55.42294208107646
2022-08-21 14:00:00,0.0,0.0,157.60815544958547,40.83459746264813,1.1034063105587122,334.3136570506759,459.2553866075425,36.0517308314857,126.85702723760612,207.45662981306975,126.85702723760613,0.0,37.945511516562696,100.00000000000003,128.38288271780965,79.74272704923052,48.640155668579126
2022-08-21 15:00:00,0.0,0.0,153.07942238005924,40.83459746264813,1.1035798400335637,332.6748164029519,243.57520196370152,26.51172506136567,69.75728427925421,262.9175321236977,69.75728427925418,0.0,20.968609837529982,99.99999999999996,129.4694801650671,102.3631946398345,27.106285525232593
2022-08-21 16:00:00,0.0,0.0,140.64046955146966,40.83459746264813,1.103231153668488,303.18277637137425,218.90381808906437,25.140744315283264,63.01146904056058,240.17130733081368,63.01146904056057,0.0,20.783327402271905,99.99999999999999,119.49044833104641,94.69764066500224,24.79280766604417
2022-08-21 17:00:00,0.0,0.0,118.63973865112574,40.83459746264813,1.1030938925481513,237.5755775293769,97.15186329092104,20.835995727841283,22.081309133682865,215.494268395694,22.08130913368288,0.0,9.294435633204959,100.00000000000007,97.31238133884546,88.2862046042699,9.026176734575557
2022-08-21 18:00:00,0.0,0.0,97.24576468647341,40.83459746264813,0.020000016,225.48548646570038,1.6954708529729658,17.252983464155406,0.006812972812537119,225.47867349288785,0.006812972812525686,0.0,0.0030214684409686113,99.99999999983218,95.64439752302226,95.64150776653896,0.002889756483298811
2022-08-21 19:00:00,0.0,0.0,78.69239770171485,40.83459746264813,1.1029937554726201,190.6777838327055,0.0,17.8,0.0,190.6777838327055,0.0,0.0,0.0,0.0,82.68961732414522,82.68961732414522,0.0
2022-08-21 20:00:00,0.0,0.0,67.85401442312998,40.83459746264813,0.020000016,178.55500392220847,0.0,17.2,0.0,178.55500392220847,0.0,0.0,0.0,0.0,76.50013579151569,76.50013579151569,0.0
2022-08-21 21:00:00,0.0,0.0,10.035869252889249,15.88132608438125,0.020000016,73.59291364306448,0.0,17.8,0.0,73.59291364306448,0.0,0.0,0.0,0.0,31.434398498979537,31.434398498979537,0.0
2022-08-21 22:00:00,0.0,0.0,14.048025007736703,24.045976976253716,1.1029134286916986,81.56226093515433,0.0,17.8,0.0,81.56226093515433,0.0,0.0,0.0,0.0,34.181496038202035,34.181496038202035,0.0
2022-08-21 23:00:00,0.0,0.0,12.328437264256497,21.590592458063497,0.020000016,77.38728867348387,0.0,17.8,0.0,77.38728867348387,0.0,0.0,0.0,0.0,32.21335136639722,32.21335136639722,0.0
2022-08-22 00:00:00,0.0,0.0,13.243839384259921,24.286161759627237,0.020000016,80.99826009505107,0.0,17.8,0.0,80.99826009505107,0.0,0.0,0.0,0.0,34.1403177282224,34.1403177282224,0.0
2022-08-22 01:00:00,0.0,0.0,10.388487748503769,21.21683087447464,1.1029270103846127,75.0735775741423,0.0,17.8,0.0,75.0735775741423,0.0,0.0,0.0,0.0,32.82067949613935,32.82067949613935,0.0
2022-08-22 02:00:00,0.0,0.0,10.274925680169321,23.304626759442694,0.020000016,77.04781139077592,0.0,17.2,0.0,77.04781139077592,0.0,0.0,0.0,0.0,34.09610183441061,34.09610183441061,0.0
2022-08-22 03:00:00,0.0,0.0,5.051259590569962,15.238135916376155,0.020000016,63.75765445811,0.0,17.8,0.0,63.75765445811,0.0,0.0,0.0,0.0,28.10669994320885,28.10669994320885,0.0
2022-08-22 04:00:00,0.0,0.0,2.7449373237459938,11.543115979886808,1.1029484458617225,61.96377160942679,0.0,17.8,0.0,61.96377160942679,0.0,0.0,0.0,0.0,27.519032864738318,27.519032864738318,0.0
2022-08-22 05:00:00,0.0,0.0,38.61195225735021,40.83459746264813,0.020000016,109.31325377859234,1.498907237091066,18.346840851159097,0.005303876622566559,109.30794990196978,0.005303876622562598,0.0,0.004851997758026023,99.99999999992532,47.78114484017249,47.77882667481707,0.002318165355418955
2022-08-22 06:00:00,0.0,0.0,45.064885698772066,40.83459746264813,1.1031406842621152,143.83449516776534,50.30098890996068,20.97190590343627,5.916439983138754,137.91805518462658,5.916439983138758,0.0,4.113366530217911,100.00000000000007,62.106426002187426,59.55993106904467,2.5464949331427533
2022-08-22 07:00:00,0.0,0.0,71.06623328463503,40.83459746264813,1.103379089944638,258.04690794102214,117.18072754800302,23.061897735875093,31.863835994915313,226.18307194610682,31.86383599491532,0.0,12.34807897880255,100.00000000000003,101.76850729673714,89.22658281077852,12.541924485958617
2022-08-22 08:00:00,0.0,0.0,86.0747742757734,40.83459746264813,1.1035459805295127,264.7068708247319,292.0378707313571,30.82618346035491,82.2938243748548,182.41304644987707,82.29382437485481,0.0,31.08866200505363,100.00000000000003,97.6902344355391,67.38141891828006,30.308815517259035
2022-08-22 09:00:00,0.0,0.0,104.83506602944362,40.83459746264813,1.1035697938410554,281.540567630534,370.79913283360236,34.387472901050074,103.08093858205389,178.4596290484801,103.08093858205388,0.0,36.61317423971636,99.99999999999999,99.3840324717859,63.06913321402123,36.31489925776467
2022-08-22 10:00:00,0.0,0.0,116.66333072749025,40.83459746264813,1.1036918085469507,295.2954272764487,430.5397301140845,35.15436656606514,119.3367901314245,175.95863714502423,119.3367901314245,0.0,40.41267798559717,100.0,103.5713139167153,61.79568047935818,41.775633437357115
2022-08-22 11:00:00,0.0,0.0,115.3702718495258,40.83459746264813,1.103863363615781,293.45801945603876,579.8892099767287,39.82153781177277,157.84942047067725,135.6085989853615,157.84942047067725,0.0,53.78943835417105,100.0,102.06096418913208,47.26985184955529,54.79111233957679
2022-08-22 12:00:00,0.0,0.0,129.0704554513227,40.83459746264813,1.10380378919755,309.3080477901713,647.2964803942588,42.428015012320586,174.4002538895938,134.9077939005775,174.4002538895938,0.0,56.38400136549425,100.0,112.85646403572291,49.33553156278561,63.5209324729373
2022-08-22 13:00:00,0.0,0.0,134.9417507072748,40.83459746264813,1.1034379247729504,311.6472523083652,635.5959061610371,42.06237206753241,171.49542997524856,140.15182233311663,171.49542997524856,0.0,55.02869950079303,100.0,111.93979677047096,50.450110352845584,61.48968641762538
2022-08-22 14:00:00,0.0,0.0,127.03749030447307,40.83459746264813,1.1033412822672306,303.7429919055635,554.0269655128438,39.01334267227637,151.28669305682382,152.45629884873966,151.28669305682382,0.0,49.80746785554159,100.0,112.95109308004767,56.7919597504241,56.15913332962357
2022-08-22 15:00:00,0.0,0.0,122.94356867019083,40.83459746264813,1.1036058536447084,302.53896269308336,436.5214542459907,35.34129544518721,120.90785015170503,181.63111254137834,120.90785015170502,0.0,39.964389735269364,99.99999999999999,116.99840932307475,70.32012015425676,46.678289168818
2022-08-22 16:00:00,0.0,0.0,108.90050995626783,40.83459746264813,1.103240328772366,271.44281677617244,286.27424138012225,30.04607004312882,80.90765851622282,190.5351582599496,80.90765851622282,0.0,29.80652038507913,100.0,108.55996854919681,76.26122673122808,32.29874181796873
2022-08-22 17:00:00,0.0,0.0,87.0262901448523,40.83459746264813,1.1030721005255553,205.96212902310347,146.60008219015978,24.581252568442494,42.286239158206406,163.67588986489707,42.2862391582064,0.0,20.53107498877282,99.99999999999997,87.55126674977802,69.61682699799952,17.9344397517785
2022-08-22 18:00:00,0.0,0.0,71.75380531962183,40.83459746264813,0.020000016,202.9616961400488,0.0,19.4,0.0,202.9616961400488,0.0,0.0,0.0,0.0,86.34046212369778,86.34046212369778,0.0
2022-08-22 19:00:00,0.0,0.0,59.93585214198427,40.83459746264813,1.103106810936691,171.92123827297488,0.0,18.9,0.0,171.92123827297488,0.0,0.0,0.0,0.0,72.49837238144013,72.49837238144013,0.0
2022-08-22 20:00:00,0.0,0.0,54.69968326706346,40.83459746264813,0.020000016,165.40067276614195,0.0,19.4,0.0,165.40067276614195,0.0,0.0,0.0,0.0,66.52278957752245,66.52278957752245,0.0
2022-08-22 21:00:00,0.0,0.0,7.957596847403592,14.654560664164219,1.1026957962456656,70.2878758173618,0.0,18.9,0.0,70.2878758173618,0.0,0.0,0.0,0.0,28.40260532461163,28.40260532461163,0.0
2022-08-22 22:00:00,0.0,0.0,11.906696975867904,23.985930780410335,0.020000016,79.36088670744212,0.0,18.9,0.0,79.36088670744212,0.0,0.0,0.0,0.0,31.41384636110164,31.41384636110164,0.0
2022-08-22 23:00:00,0.0,0.0,9.150235296300439,20.70194778276994,0.020000016,73.32044203023426,0.0,18.9,0.0,73.32044203023426,0.0,0.0,0.0,0.0,30.255981995047936,30.255981995047936,0.0
2022-08-23 00:00:00,0.0,0.0,9.000501519844047,23.110243206341657,1.1029159662172323,75.57900367734958,0.0,18.3,0.0,75.57900367734958,0.0,0.0,0.0,0.0,32.06684527202534,32.06684527202534,0.0
2022-08-23 01:00:00,0.0,0.0,3.9652721404266145,15.835343748439445,0.020000016,63.268874840029945,0.0,17.8,0.0,63.268874840029945,0.0,0.0,0.0,0.0,27.556563315247768,27.556563315247768,0.0
2022-08-23 02:00:00,0.0,0.0,2.04726104042786,10.942654021452995,0.020000016,56.45817401304474,0.0,17.2,0.0,56.45817401304474,0.0,0.0,0.0,0.0,25.123254083917057,25.123254083917057,0.0
2022-08-23 03:00:00,0.0,0.0,1.5304441306524896,10.195231917403536,0.020000016,55.19393499921991,0.0,17.2,0.0,55.19393499921991,0.0,0.0,0.0,0.0,24.508880241791783,24.508880241791783,0.0
2022-08-23 04:00:00,0.0,0.0,1.2647153549377619,8.920827927728096,1.1028175648922374,57.86126158845985,0.0,17.2,0.0,57.86126158845985,0.0,0.0,0.0,0.0,25.64015947969899,25.64015947969899,0.0
2022-08-23 05:00:00,0.0,0.0,34.979871895715995,40.83459746264813,0.020000016,105.68117341695812,3.363737148614915,17.305116785894214,0.026811348440359237,105.65436206851776,0.02681134844036137,0.0,0.02537003287669693,100.00000000000794,45.47028384447393,45.45874893209118,0.011534912382749951
2022-08-23 06:00:00,0.0,0.0,46.576565125658355,40.83459746264813,1.103111870148597,145.34617459465161,54.73769264990971,18.910552895309678,7.058816823767662,138.28735777088394,7.058816823767671,0.0,4.856554940956402,100.00000000000013,62.10300497064454,59.096584297233655,3.0064206734108865
2022-08-23 07:00:00,0.0,0.0,72.02866818078388,40.83459746264813,1.1034019085621767,259.00934283717095,159.8933430549322,23.29666697046663,46.33950067802372,212.66984215914724,46.33950067802371,0.0,17.89105372432667,99.99999999999999,103.04998296449936,84.64879894275954,18.401184021739823
2022-08-23 08:00:00,0.0,0.0,80.66960772237078,40.83459746264813,1.1035864105823554,259.3017042713293,255.59233589873972,26.887260496835616,73.09657999268579,186.2051242786435,73.0965799926858,0.0,28.189780008618325,100.00000000000003,96.07161681899804,69.04525281540235,27.02636400359569
2022-08-23 09:00:00,0.0,0.0,89.85348526259116,40.83459746264813,1.103506144822363,266.5589868636815,294.23157482108996,28.594736713159058,83.61162436539574,182.94736249828577,83.61162436539576,0.0,31.367025118592156,100.00000000000003,94.67119006764645,65.03797621818471,29.63321384946174
2022-08-23 10:00:00,0.0,0.0,100.54726906109128,40.83459746264813,1.1037519115249992,279.1793656100498,441.0357092192257,32.782365913100804,123.36082402194441,155.81854158810538,123.36082402194441,0.0,44.18694187959847,100.0,95.34864237596852,53.30480633280943,42.0438360431591
2022-08-23 11:00:00,0.0,0.0,97.1638973352471,40.83459746264813,1.1038688918323114,275.25164494176005,568.0123421559239,37.75038569237262,155.87007820589227,119.38156673586778,155.87007820589227,0.0,56.62820952037272,100.0,95.92989790362357,41.71906405400526,54.21083384961831
2022-08-23 12:00:00,0.0,0.0,97.25000659852374,40.83459746264813,2.187606274241447,277.4875989373723,645.737503862525,41.27929699570391,174.77065129476892,102.71694764260337,174.77065129476892,0.0,62.983229507929785,100.0,100.93179882459387,37.609770300729664,63.322028523864205
2022-08-23 13:00:00,0.0,0.0,90.94495664474735,40.83459746264813,0.020000016,267.65045824583774,629.7909647020361,40.780967646938635,170.78910756489702,96.86135068094072,170.78910756489702,0.0,63.81050444831546,100.0,97.51803071616042,35.293581211503664,62.22444950465676
2022-08-23 14:00:00,0.0,0.0,88.27199278146445,40.83459746264813,1.1033398814060478,264.9774943825548,549.4322594567159,37.76975810802237,150.7601163950473,114.21737798750752,150.7601163950473,0.0,56.89544191152742,100.0,98.76233538803672,42.684094892570975,56.07824049546574
2022-08-23 15:00:00,0.0,0.0,88.75461284740855,40.83459746264813,1.1035948164630365,268.3500068703012,430.6844575273587,34.55888929772996,119.65019236872715,148.69981450157402,119.65019236872715,0.0,44.587363258968146,100.0,103.86901910788949,57.64515854104097,46.223860566848515
2022-08-23 16:00:00,0.0,0.0,91.82653383364097,40.83459746264813,1.1032433748848032,254.3688406535456,287.5492610700006,29.585914408437525,81.40900572343804,172.95983493010755,81.40900572343804,0.0,32.00431527473068,100.0,99.87434148081381,67.97381554305599,31.90052593775782
2022-08-23 17:00:00,0.0,0.0,75.62131596090411,40.83459746264813,1.1031525855685451,194.5571548391553,151.99756829060777,24.14992400908149,43.9129852932933,150.64416954586198,43.9129852932933,0.0,22.570737801751438,100.0,79.92328120407956,61.9288376555203,17.99444354855926
2022-08-23 18:00:00,0.0,0.0,58.34573234777798,40.83459746264813,0.020000016,189.55362316820492,0.0,18.9,0.0,189.55362316820492,0.0,0.0,0.0,0.0,83.5711590892138,83.5711590892138,0.0
2022-08-23 19:00:00,0.0,0.0,44.13908703710779,40.83459746264813,1.102982228681259,156.1244731680984,0.0,18.0,0.0,156.1244731680984,0.0,0.0,0.0,0.0,68.6888375411497,68.6888375411497,0.0
2022-08-23 20:00:00,0.0,0.0,38.67750332588136,40.83459746264813,0.020000016,149.37849282495986,0.0,17.8,0.0,149.37849282495986,0.0,0.0,0.0,0.0,63.14215546595303,63.14215546595303,0.0
2022-08-23 21:00:00,0.0,0.0,3.3210971005266514,9.136366464673603,1.1028049262765174,60.133181870994235,0.0,18.3,0.0,60.133181870994235,0.0,0.0,0.0,0.0,25.885651783497806,25.885651783497806,0.0
2022-08-23 22:00:00,0.0,0.0,3.037483422280623,14.514863678256848,0.020000016,61.02060605170135,0.0,18.3,0.0,61.02060605170135,0.0,0.0,0.0,0.0,25.549572631677638,25.549572631677638,0.0
2022-08-23 23:00:00,0.0,0.0,1.7738033271963427,10.493359333958576,0.020000016,55.735421612318795,0.0,18.3,0.0,55.735421612318795,0.0,0.0,0.0,0.0,23.65576320367479,23.65576320367479,0.0
2022-08-24 00:00:00,0.0,0.0,0.8170652622571911,9.296642542414691,1.1028985900384283,53.58196675583578,0.0,18.3,0.0,53.58196675583578,0.0,0.0,0.0,0.0,22.734884655535073,22.734884655535073,0.0
2022-08-24 01:00:00,0.0,0.0,0.15594719334643778,9.59476995896973,0.020000016,53.21897610348005,0.0,18.3,0.0,53.21897610348005,0.0,0.0,0.0,0.0,22.74752873362688,22.74752873362688,0.0
2022-08-24 02:00:00,0.0,0.0,0.03165350983938108,6.298539875569385,0.020000016,49.798452336572645,0.0,18.3,0.0,49.798452336572645,0.0,0.0,0.0,0.0,22.16515726224637,22.16515726224637,0.0
2022-08-24 03:00:00,0.0,0.0,0.0,6.298539875569383,1.102576993977506,49.76679882673327,0.0,18.3,0.0,49.76679882673327,0.0,0.0,0.0,0.0,21.76794772385484,21.76794772385484,0.0
2022-08-24 04:00:00,0.0,0.0,0.0,3.602771750602846,0.020000016,51.278490056396826,0.0,18.3,0.0,51.278490056396826,0.0,0.0,0.0,0.0,21.540566834849795,21.540566834849795,0.0
2022-08-24 05:00:00,0.0,0.0,7.443565207830103,40.83459746264813,0.020000016,78.14486672907222,5.669272694243158,18.4771647716951,0.07583927306880962,78.06902745600341,0.07583927306880867,0.0,0.09704959038671468,99.99999999999874,34.636624496820644,34.60301328938928,0.033611207431363255
2022-08-24 06:00:00,0.0,0.0,27.78595815307409,40.83459746264813,1.1031649859065813,126.55556762206737,70.28827944848805,21.09650873276525,11.547179431537296,115.00838819053007,11.547179431537302,0.0,9.124197100534225,100.00000000000004,56.74112181473796,51.58207298831572,5.159048826422236
2022-08-24 07:00:00,0.0,0.0,62.18637768444172,40.83459746264813,1.103385229716332,249.16705234082886,159.80081556031962,23.893775486259987,46.21100693887497,202.9560454019539,46.21100693887496,0.0,18.546194813776655,99.99999999999999,100.36755751433817,81.79003955980636,18.577517954531814
2022-08-24 08:00:00,0.0,0.0,71.32390283936704,40.83459746264813,1.1035686816540926,249.95599938832555,299.67482843096724,27.66483838846773,85.45537842612023,164.50062096220532,85.45537842612023,0.0,34.18816857176484,100.0,94.77454948669795,62.44079795160684,32.33375153509111
2022-08-24 09:00:00,0.0,0.0,79.18732451816597,40.83459746264813,1.1035915321813117,255.89282611925634,381.8058363452513,31.3314323857891,107.38412304398459,148.50870307527174,107.3841230439846,0.0,41.96449141326818,100.00000000000003,94.50288532211363,54.928614456713994,39.57427086539963
2022-08-24 10:00:00,0.0,0.0,87.14403472248698,40.83459746264813,1.1037599828044855,265.7761312714455,417.74523105613304,33.654538470504164,116.4580646445696,149.31806662687586,116.45806464456962,0.0,43.81810514264253,100.00000000000003,95.70804297569522,53.85767286502267,41.85037011067255
2022-08-24 11:00:00,0.0,0.0,93.4052968363359,40.83459746264813,1.1038717135509617,271.4930444428489,568.9937537500637,39.48105480468949,155.09005163804596,116.40299280480292,155.09005163804596,0.0,57.12487108327869,100.0,95.73443996814983,41.15980169723783,54.574638270912
2022-08-24 12:00:00,0.0,0.0,110.85008918125966,40.83459746264813,2.187626334541818,291.0876815201082,643.1979432991303,41.19993572809783,174.13770572183088,116.94997579827734,174.13770572183088,0.0,59.823110621670715,100.0,103.33558615864389,41.752657218647,61.58292893999689
2022-08-24 13:00:00,0.0,0.0,122.74014341446018,40.83459746264813,1.1034248745219264,299.4456450155506,630.044077978414,41.38887743682544,170.44961236859692,128.9960326469537,170.44961236859692,0.0,56.9217202540198,100.0,104.73514678053225,45.23118710265505,59.5039596778772
2022-08-24 14:00:00,0.0,0.0,132.06342307376698,40.83459746264813,1.1033848262378938,308.7689246748573,548.797963343829,38.24993635449466,150.30526245881344,158.46366221604387,150.30526245881344,0.0,48.678882635967746,100.0,110.43689022693434,56.77415389757646,53.66273632935788
2022-08-24 15:00:00,0.0,0.0,137.9381286090773,40.83459746264813,1.1033856887191584,317.53352263196984,425.7585537086329,34.40495480339478,118.35154537226371,199.18197725970612,118.35154537226373,0.0,37.2721419745771,100.00000000000003,116.12221582504989,72.91502539827071,43.20719042677918
2022-08-24 16:00:00,0.0,0.0,128.0511730258255,40.83459746264813,0.020000016,290.5934798457302,269.5067383264496,30.12208557270155,76.14694742249574,214.44653242323446,76.14694742249574,0.0,26.20394217479364,100.0,111.23552025911249,82.0883724594667,29.147147799645793
2022-08-24 17:00:00,0.0,0.0,105.81576757297323,40.83459746264813,1.1031653277232074,224.7516064512244,93.27889915811488,24.01496559869109,20.12005960464452,204.63154684657988,20.120059604644524,0.0,8.95213160979607,100.00000000000003,93.94139666686839,85.54942040606917,8.391976260799211
2022-08-24 18:00:00,0.0,0.0,84.42707912054065,40.83459746264813,1.1030430918860326,215.6349699409676,0.0,21.1,0.0,215.6349699409676,0.0,0.0,0.0,0.0,95.91788834742763,95.91788834742763,0.0
2022-08-24 19:00:00,0.0,0.0,65.20902464879298,40.83459746264813,0.020000016,177.1944107797836,0.0,20.6,0.0,177.1944107797836,0.0,0.0,0.0,0.0,78.35365362566003,78.35365362566003,0.0
2022-08-24 20:00:00,0.0,0.0,53.615294698055585,40.83459746264813,1.1029466180107266,164.31628419713408,0.0,20.0,0.0,164.31628419713408,0.0,0.0,0.0,0.0,71.3467154712587,71.3467154712587,0.0
2022-08-24 21:00:00,0.0,0.0,4.92175151176213,9.398642969679033,0.020000016,61.99611278723515,0.0,20.0,0.0,61.99611278723515,0.0,0.0,0.0,0.0,26.442773250971367,26.442773250971367,0.0
2022-08-24 22:00:00,0.0,0.0,6.236440978990221,14.951909089925831,0.020000016,64.65660902007994,0.0,19.4,0.0,64.65660902007994,0.0,0.0,0.0,0.0,27.080819019637303,27.080819019637303,0.0
2022-08-24 23:00:00,0.0,0.0,3.4316078617941095,10.881332640073122,1.102888573740595,57.78119945303112,0.0,19.4,0.0,57.78119945303112,0.0,0.0,0.0,0.0,23.946648519621537,23.946648519621537,0.0
2022-08-25 00:00:00,0.0,0.0,0.6227051019861121,8.847347854920269,0.020000016,52.93831190807026,0.0,19.4,0.0,52.93831190807026,0.0,0.0,0.0,0.0,21.34515207378257,21.34515207378257,0.0
2022-08-25 01:00:00,0.0,0.0,0.10913914336560608,7.499463792437001,0.020000016,51.0768618869665,0.0,19.4,0.0,51.0768618869665,0.0,0.0,0.0,0.0,20.187899907345113,20.187899907345113,0.0
2022-08-25 02:00:00,0.0,0.0,0.0,7.646423938052654,1.1029025282517653,51.11468288921654,0.0,20.0,0.0,51.11468288921654,0.0,0.0,0.0,0.0,20.911781004138483,20.911781004138483,0.0
2022-08-25 03:00:00,0.0,0.0,0.0,3.602771750602846,0.020000016,47.07103070176674,0.0,18.9,0.0,47.07103070176674,0.0,0.0,0.0,0.0,19.15327307640938,19.15327307640938,0.0
2022-08-25 04:00:00,0.0,0.0,0.0,3.602771750602846,0.020000016,51.27849005639683,0.0,19.4,0.0,51.27849005639683,0.0,0.0,0.0,0.0,20.955992048206873,20.955992048206873,0.0
2022-08-25 05:00:00,0.0,0.0,4.527823585998119,40.83459746264813,1.1028905226830772,78.19729414844025,5.469904275974866,19.570934508624212,0.07032008240032828,78.12697406603992,0.07032008240032894,0.0,0.08992649063641747,100.00000000000095,32.41312417919583,32.38415476644978,0.028969412746050693
2022-08-25 06:00:00,0.0,0.0,24.072718194139416,40.83459746264813,0.020000016,122.84232766313269,99.1437848962131,23.69824327800666,22.7562251242053,100.08610253892739,22.7562251242053,0.0,18.524742698305996,100.0,48.12646866155705,39.21183125027524,8.91463741128181
2022-08-25 07:00:00,0.0,0.0,72.59695511101317,40.83459746264813,1.1034401775288356,259.5776297674002,217.26695374008378,28.989592304377616,61.649213599735745,197.92841616766447,61.64921359973573,0.0,23.749817599836227,99.99999999999997,93.53500319638034,71.36779546232337,22.167207734056973
2022-08-25 08:00:00,0.0,0.0,89.48556895110679,40.83459746264813,1.1035901506800103,268.11766550006536,315.8492812759289,33.17029003987278,88.21472670701654,179.9029387930488,88.21472670701655,0.0,32.901497386413375,100.00000000000003,91.79842110508655,61.66074187290142,30.13767923218513
2022-08-25 09:00:00,0.0,0.0,102.3636702617001,40.83459746264813,1.103613711091271,279.0691718627904,380.6790885365366,34.69622151676677,105.70228937000854,173.36688249278188,105.70228937000854,0.0,37.87673452586839,100.0,93.97850596433743,58.45778013299291,35.52072583134452
2022-08-25 10:00:00,0.0,0.0,110.75946321310684,40.83459746264813,1.1037216801364398,289.3915597620654,419.4450167469058,35.907656773340804,115.92487189971104,173.46668786235438,115.92487189971104,0.0,40.058138528650666,100.0,98.21564683698887,58.95189272455674,39.263754112432125
2022-08-25 11:00:00,0.0,0.0,114.59952458561158,40.83459746264813,2.1878192826825957,292.68727219212457,565.2369244764039,40.463653889887624,153.47422087563447,139.2130513164901,153.47422087563447,0.0,52.43624696289887,100.0,101.35639231053123,48.41545981948112,52.94093249105011
2022-08-25 12:00:00,0.0,0.0,116.2763089246512,40.83459746264813,1.1038191034518903,296.51390126349975,638.2195503020422,43.24436094693882,171.39948229363958,125.11441896986017,171.39948229363958,0.0,57.80487240674894,100.0,105.54123678856915,44.64814271410783,60.893094074461324
2022-08-25 13:00:00,0.0,0.0,111.3989735009418,40.83459746264813,1.1033618078757657,288.1044751020321,594.317135978947,41.372410499342095,160.79461653481823,127.30985856721387,160.79461653481823,0.0,55.81121795413725,100.0,104.80651461522459,46.42359729759743,58.382917317627154
2022-08-25 14:00:00,0.0,0.0,125.15794436029887,40.83459746264813,1.1034078572428034,301.8634459613893,543.7197132084241,40.29124103776326,147.73172002540014,154.13172593598915,147.73172002540014,0.0,48.93991703927483,100.0,108.51632935596069,55.505756259246354,53.01057309671434
2022-08-25 15:00:00,0.0,0.0,123.36230689094124,40.83459746264813,1.1036184007492786,302.95770091383395,355.9343504682778,33.32294845213368,99.35233471828813,203.6053661955458,99.35233471828815,0.0,32.79412750314789,100.00000000000003,111.79772044720534,75.19979766870311,36.59792277850222
2022-08-25 16:00:00,0.0,0.0,104.81566154843095,40.83459746264813,1.1032367653142374,267.35796836833566,277.2397710305968,29.76374284470615,78.43771722850312,188.92025113983254,78.43771722850312,0.0,29.338088446438398,100.0,101.00194984021819,71.42818512496953,29.573764715248657
2022-08-25 17:00:00,0.0,0.0,80.8606910729311,40.83459746264813,0.020000016,199.7965299511823,132.87600832565286,24.752375260176652,38.303352246965,161.4931777042173,38.303352246965005,0.0,19.171179928061783,100.00000000000003,80.24188743955794,64.85926117717679,15.382626262381152
2022-08-25 18:00:00,0.0,0.0,66.90885969667582,40.83459746264813,1.1030497219748816,198.11675051710273,0.0,20.6,0.0,198.11675051710273,0.0,0.0,0.0,0.0,85.4452705554836,85.4452705554836,0.0
2022-08-25 19:00:00,0.0,0.0,52.32125083847858,40.83459746264813,0.020000016,164.3066369694692,0.0,20.6,0.0,164.3066369694692,0.0,0.0,0.0,0.0,69.66550742029384,69.66550742029384,0.0
2022-08-25 20:00:00,0.0,0.0,44.30506994801633,40.83459746264813,1.10291843221978,155.00605944709486,0.0,20.0,0.0,155.00605944709486,0.0,0.0,0.0,0.0,65.71576709725811,65.71576709725811,0.0
2022-08-25 21:00:00,0.0,0.0,1.0354649748640632,2.6957681249665386,0.020000016,51.40695140562458,0.0,20.6,0.0,51.40695140562458,0.0,0.0,0.0,0.0,20.888703158726223,20.888703158726223,0.0
2022-08-25 22:00:00,0.0,0.0,2.35034203638528,8.994308000535923,1.1029021326522188,54.8129089880851,0.0,20.0,0.0,54.8129089880851,0.0,0.0,0.0,0.0,22.236930238007837,22.236930238007837,0.0
2022-08-25 23:00:00,0.0,0.0,0.39051408805611243,4.0436521874498075,0.020000016,42.541588914553785,0.0,20.0,0.0,42.541588914553785,0.0,0.0,0.0,0.0,16.94642692021789,16.94642692021789,0.0
2022-08-26 00:00:00,0.0,0.0,0.05093466069251259,3.602771750602846,0.020000016,41.76112905034322,0.0,19.4,0.0,41.76112905034322,0.0,0.0,0.0,0.0,16.994951587876272,16.994951587876272,0.0
2022-08-26 01:00:00,0.0,0.0,0.0,0.0,0.020000016,38.10742263904787,0.0,19.4,0.0,38.10742263904787,0.0,0.0,0.0,0.0,15.654319489020088,15.654319489020088,0.0
2022-08-26 02:00:00,0.0,0.0,0.0,0.0,1.1027427694631398,38.10742263904787,0.0,18.9,0.0,38.10742263904787,0.0,0.0,0.0,0.0,16.10630233586255,16.10630233586255,0.0
2022-08-26 03:00:00,0.0,0.0,0.0,0.0,0.020000016,38.10742263904787,0.0,19.4,0.0,38.10742263904787,0.0,0.0,0.0,0.0,15.855145606327868,15.855145606327868,0.0
2022-08-26 04:00:00,0.0,0.0,0.0,0.0,1.1028590782249088,38.10742263904787,0.0,19.4,0.0,38.10742263904787,0.0,0.0,0.0,0.0,15.831378222962542,15.831378222962542,0.0
2022-08-26 05:00:00,0.0,0.0,5.960820888051409,40.83459746264813,0.020000016,79.63029145049353,1.8072418889670552,19.45647630903022,0.0076794965501445,79.62261195394339,0.00767949655013922,0.0,0.009643938770352979,99.99999999993125,32.721697010884654,32.71854169773962,0.0031553131450365868
2022-08-26 06:00:00,0.0,0.0,23.499706459196837,40.83459746264813,0.020000016,99.33859450808731,100.80190178723562,23.750059430851117,23.519268640090477,75.81932586799684,23.519268640090473,0.0,23.675862092226133,99.99999999999999,40.79898161779935,31.14032356537339,9.65865805242596
2022-08-26 07:00:00,0.0,0.0,48.441071886771745,40.83459746264813,1.103037339783065,162.65827276886301,169.79044414260972,27.505951379456555,48.44624939454361,114.21202337431941,48.4462493945436,0.0,29.784067277897137,99.99999999999999,63.79392052561952,44.852648168587834,18.941272357031686
2022-08-26 08:00:00,0.0,0.0,59.063716560288015,40.83459746264813,1.1031376917544877,175.52861154822543,232.8340585736321,29.476064330426002,65.94566162198976,109.58294992623567,65.94566162198976,0.0,37.56975061804758,100.0,66.46330418685562,41.56782773963017,24.895476447225455
2022-08-26 09:00:00,0.0,0.0,68.59066470556455,40.83459746264813,0.020000016,184.09226221956789,314.3351773887043,35.42297429339701,87.03729784425681,97.05496437531107,87.03729784425681,0.0,47.27917229918492,100.0,68.20518185695754,35.9600389381065,32.24514291885104
2022-08-26 10:00:00,0.0,0.0,79.51857638013684,40.83459746264813,1.1032898646281297,197.26786799998632,399.12461078159697,36.87264408692491,109.89836706702825,87.36950093295808,109.89836706702825,0.0,55.71022193388123,100.0,72.98950474967118,32.4375567937731,40.551947955898086
2022-08-26 11:00:00,0.0,0.0,90.15434649869509,40.83459746264813,0.020000016,206.61924148663246,489.1032316569962,38.58447598928113,133.7816593618895,72.83758212474297,133.7816593618895,0.0,64.74791911891937,100.0,78.16559387314132,27.55732995313214,50.60826392000918
2022-08-26 12:00:00,0.0,0.0,98.04281666892966,40.83459746264813,1.1030563492602843,211.9389183930428,602.073047903749,43.21478274699216,161.7109971182842,50.227921274758586,161.7109971182842,0.0,76.30075605953107,100.0,83.42807870001742,19.923361576681614,63.50471712333581
2022-08-26 13:00:00,0.0,0.0,97.27102106282064,40.83459746264813,1.1030382819629678,172.06815704645902,433.16482753047944,36.83640086032749,119.28801920908941,52.78013783736961,119.28801920908941,0.0,69.32602827662136,100.0,68.09669726998591,21.025644890079224,47.07105237990669
2022-08-26 14:00:00,0.0,0.0,103.97943668546017,40.83459746264813,0.020000016,177.49217603718643,484.88803469912233,38.452751084347575,132.69676203969263,44.795413997493796,132.69676203969263,0.0,74.76203458787462,100.0,71.47970030133811,18.04271422795388,53.43698607338423
2022-08-26 15:00:00,0.0,0.0,103.06771450346267,40.83459746264813,1.1030048983142853,176.90155301316696,334.2834901965253,32.64635906864142,93.54991659509045,83.35163641807651,93.54991659509045,0.0,52.88247333143957,100.0,72.20637364272302,34.12688009269146,38.079493550031565
2022-08-26 16:00:00,0.0,0.0,94.78906341418303,40.83459746264813,0.020000016,157.84866421654718,251.92862362821367,28.97276948838168,71.48893321041784,86.35973100612934,71.48893321041784,0.0,45.28953955058157,100.0,64.73102425980046,35.416272307536524,29.31475195226394
2022-08-26 17:00:00,0.0,0.0,26.332583288142544,20.041058971714907,0.020000016,66.67205065170532,120.65664355315036,27.07052011103595,33.28473069979241,33.38731995191291,33.28473069979241,0.0,49.92306427422158,100.0,28.42489612322533,14.23611469686432,14.188781426361011
2022-08-26 18:00:00,0.0,0.0,21.844121648249352,24.96096884198844,1.1028903836151325,81.94434408808567,0.0,22.8,0.0,81.94434408808567,0.0,0.0,0.0,0.0,37.37631506133844,37.37631506133844,0.0
2022-08-26 19:00:00,0.0,0.0,17.914070540301015,23.991588177597723,0.020000016,80.01308135694661,0.0,21.7,0.0,80.01308135694661,0.0,0.0,0.0,0.0,35.68143398822562,35.68143398822562,0.0
2022-08-26 20:00:00,0.0,0.0,13.3151416040735,21.27963943712892,1.1029502412833725,72.70220368025029,0.0,21.7,0.0,72.70220368025029,0.0,0.0,0.0,0.0,31.460534230199986,31.460534230199986,0.0
2022-08-26 21:00:00,0.0,0.0,11.490060180080924,21.937400070707998,0.020000016,71.53488288983678,0.0,20.6,0.0,71.53488288983678,0.0,0.0,0.0,0.0,30.306850426541335,30.306850426541335,0.0
2022-08-26 22:00:00,0.0,0.0,10.141656958994535,21.17568529630284,0.020000016,69.42476489434524,0.0,20.6,0.0,69.42476489434524,0.0,0.0,0.0,0.0,27.851956953231834,27.851956953231834,0.0
2022-08-26 23:00:00,0.0,0.0,10.688115001763354,22.39953054141138,0.020000016,71.19506818222261,0.0,20.6,0.0,71.19506818222261,0.0,0.0,0.0,0.0,28.496223273029532,28.496223273029532,0.0
2022-08-27 00:00:00,0.0,0.0,5.686654564820997,16.769021578875385,1.1027545843325077,60.563098782744255,0.0,20.6,0.0,60.563098782744255,0.0,0.0,0.0,0.0,24.75204292807751,24.75204292807751,0.0
2022-08-27 01:00:00,0.0,0.0,0.551338036519359,7.19712925055823,0.020000016,45.855889926125464,0.0,21.1,0.0,45.855889926125464,0.0,0.0,0.0,0.0,18.55666479582386,18.55666479582386,0.0
2022-08-27 02:00:00,0.0,0.0,0.07184998490459651,7.646423938052653,0.020000016,45.82569656200512,0.0,20.6,0.0,45.82569656200512,0.0,0.0,0.0,0.0,18.65099345617425,18.65099345617425,0.0
2022-08-27 03:00:00,0.0,0.0,0.0,7.646423938052653,1.1027874605732606,45.75384657710052,0.0,20.6,0.0,45.75384657710052,0.0,0.0,0.0,0.0,19.060580590367785,19.060580590367785,0.0
2022-08-27 04:00:00,0.0,0.0,0.0,3.602771750602846,0.020000016,41.71019438965072,0.0,20.0,0.0,41.71019438965072,0.0,0.0,0.0,0.0,17.228034335341338,17.228034335341338,0.0
2022-08-27 05:00:00,0.0,0.0,0.0,4.0463195117297825,0.020000016,27.312896944777656,3.2067846278163294,20.10021201961926,0.024122646951737655,27.288774297825917,0.024122646951738602,0.0,0.0883196205825796,100.00000000000394,11.29939580061482,11.28941939751499,0.009976403099829056
2022-08-27 06:00:00,0.0,0.0,2.378902323145117,7.282858680401313,1.102925787269297,29.9601693953943,96.3881702579603,23.61213032056126,21.515646179616034,8.444523215778265,21.515646179616034,0.0,71.81416732217669,100.0,12.134414130168134,3.562795848670903,8.57161828149723
2022-08-27 07:00:00,0.0,0.0,14.635309496846379,19.41044903562137,0.020000016,54.3441669243156,187.87987794716793,26.971246185848997,53.71475190445549,0.6294150198601116,53.71475190445549,0.0,98.8417983833726,100.0,20.07670594799758,0.23608803704885511,19.840617910948726
2022-08-27 08:00:00,0.0,0.0,22.524335697099684,24.93560700845109,0.020000016,67.75835109739863,308.8678453825996,30.25212016820624,87.22531138591744,0.0,67.75835109739863,19.466960288518806,100.0,77.6819824667754,24.400334115536992,0.0036010111631256747,24.396733104373865
2022-08-27 09:00:00,0.0,0.0,29.129350191304173,26.958487943332223,1.1028960654811701,76.38624652648424,367.6110639220726,33.187845747564765,102.66459148283093,0.0,76.38624652648424,26.278344956346686,100.0,74.40369208429438,27.427600261379947,0.1985768933167393,27.229023368063206
2022-08-27 10:00:00,0.0,0.0,34.67137573536454,27.79473281657364,0.020000016,82.76451694378605,409.43089750155696,34.49471554692366,113.7736531705913,0.0,82.76451694378605,31.009136226805254,100.0,72.74488832637694,30.18492358246887,0.0036010111631256747,30.181322571305742
2022-08-27 11:00:00,0.0,0.0,39.578532978546924,27.727233724902554,0.020000016,87.60417509529735,551.5229673146341,38.93509272858232,150.64892054098175,0.0,87.60417509529735,63.0447454456844,100.0,58.151213284974034,32.51657653515631,0.0036010111631256747,32.512975523993184
2022-08-27 12:00:00,0.0,0.0,45.698145048354554,27.79473281657364,1.1029638858390065,93.79128625677606,629.4244561487499,42.46951425464843,169.55718335014024,0.0,93.79128625677606,75.76589709336417,100.0,55.315430702274924,36.08172835694893,0.19858910440025324,35.88313925254867
2022-08-27 13:00:00,0.0,0.0,51.67188228128198,27.727233724902554,0.020000016,99.6975243980324,617.7751880791664,41.50547462747395,167.05367974585985,0.0,99.6975243980324,67.35615534782745,100.0,59.67993315065138,38.54466999295449,0.0036010111631256747,38.54106898179136
2022-08-27 14:00:00,0.0,0.0,56.46056284662777,27.79473281657364,0.020000016,104.55370405504927,537.982547079249,38.51195459622653,147.19291856794646,0.0,104.55370405504927,42.6392145128972,100.0,71.03174872287467,41.633749354762095,0.0036010111631256747,41.63014834359897
2022-08-27 15:00:00,0.0,0.0,50.538620770740415,27.727233724902554,1.1028752930308028,98.56426288749084,416.2601116493957,34.10812848904362,115.84284897509575,0.0,98.56426288749084,17.278586087604907,100.0,85.08446033529484,40.19742949691555,0.19857315322844846,39.998856343687095
2022-08-27 16:00:00,0.0,0.0,42.94579027426657,27.79473281657364,0.020000016,91.03893148268807,273.9321831813783,29.160380724418076,77.6780447428707,13.360886739817374,77.6780447428707,0.0,85.32398554967874,100.0,37.76563940086731,5.545563221971973,32.22007617889533
2022-08-27 17:00:00,0.0,0.0,37.60370546973955,27.727233724902554,0.020000016,85.62934758648996,146.3545777127507,24.57358055352346,42.21662081282374,43.412726773666215,42.21662081282374,0.0,49.3015794265895,100.0,37.08924330413399,18.805435913204093,18.283807390929894
2022-08-27 18:00:00,0.0,0.0,30.695949922759898,27.79473281657364,1.102698997304681,93.6299363371814,0.0,18.9,0.0,93.6299363371814,0.0,0.0,0.0,0.0,42.33435351125001,42.33435351125001,0.0
2022-08-27 19:00:00,0.0,0.0,24.296125035164476,27.727233724902554,0.020000016,90.13078139911491,0.0,18.9,0.0,90.13078139911491,0.0,0.0,0.0,0.0,39.89052766543443,39.89052766543443,0.0
2022-08-27 20:00:00,0.0,0.0,20.139422728737735,26.721488243671935,0.020000016,84.96833361145754,0.0,18.3,0.0,84.96833361145754,0.0,0.0,0.0,0.0,37.43470101701852,37.43470101701852,0.0
2022-08-27 21:00:00,0.0,0.0,16.26089418152595,23.197133897905612,1.1029044251219722,77.56545071847943,0.0,18.3,0.0,77.56545071847943,0.0,0.0,0.0,0.0,34.49491808815639,34.49491808815639,0.0
2022-08-27 22:00:00,0.0,0.0,14.697932921468995,22.96357638280143,0.020000016,75.7689319433183,0.0,18.3,0.0,75.7689319433183,0.0,0.0,0.0,0.0,32.37284642666814,32.37284642666814,0.0
2022-08-27 23:00:00,0.0,0.0,12.475761064790737,22.91317783488931,0.020000016,78.85719785084393,0.0,18.3,0.0,78.85719785084393,0.0,0.0,0.0,0.0,34.33841924140983,34.33841924140983,0.0
2022-08-28 00:00:00,0.0,0.0,5.438227239610955,21.900526397724562,1.1029264941913004,70.8070125884994,0.0,18.3,0.0,70.8070125884994,0.0,0.0,0.0,0.0,31.138768627752246,31.138768627752246,0.0
2022-08-28 01:00:00,0.0,0.0,2.57115426783838,14.350260349322351,0.020000016,60.38967356832462,0.0,18.3,0.0,60.38967356832462,0.0,0.0,0.0,0.0,26.539427473820645,26.539427473820645,0.0
2022-08-28 02:00:00,0.0,0.0,1.046450349673377,11.543115979886808,0.020000016,56.05782528072407,0.0,18.0,0.0,56.05782528072407,0.0,0.0,0.0,0.0,24.571503518693255,24.571503518693255,0.0
2022-08-28 03:00:00,0.0,0.0,0.24512738107349816,10.722213803029518,1.1029057125204333,54.435600135266895,0.0,17.8,0.0,54.435600135266895,0.0,0.0,0.0,0.0,24.710657193180154,24.710657193180154,0.0
2022-08-28 04:00:00,0.0,0.0,0.2727990082940541,10.56894296942827,0.020000016,58.517460283516314,0.0,18.0,0.0,58.517460283516314,0.0,0.0,0.0,0.0,26.20947524993024,26.20947524993024,0.0
2022-08-28 05:00:00,0.0,0.0,28.409280022138034,40.83459746264813,0.020000016,102.07875058458016,2.9935742261111726,17.893549194565974,0.021190161701479773,102.05756042287868,0.021190161701483134,0.0,0.020758641323617537,100.00000000001587,45.60830362233016,45.598836705688406,0.009466916641756029
2022-08-28 06:00:00,0.0,0.0,45.86801717484602,40.83459746264813,1.1030269334410507,144.63762664383927,63.70312431416728,19.79072263481773,9.530046628686867,135.1075800151524,9.530046628686875,0.0,6.588912477217283,100.00000000000009,63.6359403140018,59.45610951289288,4.1798308011089205
2022-08-28 07:00:00,0.0,0.0,82.4282457896115,40.83459746264813,1.1034082586097742,269.4089204459986,157.07400619330434,23.208562693540763,45.53716108642911,223.8717593595695,45.53716108642911,0.0,16.902618150521395,100.0,109.83597633400302,91.30440094407527,18.531575389927752
2022-08-28 08:00:00,0.0,0.0,96.53734096480589,40.83459746264813,1.1035774223699244,275.16943751376436,229.26462508437032,27.764519533886574,65.35282778116216,209.81660973260222,65.35282778116215,0.0,23.75003138853061,99.99999999999997,102.75434893328669,78.39735001924755,24.35699891403914
2022-08-28 09:00:00,0.0,0.0,106.74303331987143,40.83459746264813,1.103582199442109,283.4485349209617,281.9013851098399,28.809418284682497,80.04327207363515,203.40526284732658,80.04327207363514,0.0,28.239084776343905,99.99999999999997,106.22971113257931,76.28752413163424,29.94218700094507
2022-08-28 10:00:00,0.0,0.0,116.98410030609745,40.83459746264813,1.1037459385059756,295.61619685505593,329.7554659245694,30.304858310142794,93.10551368739468,202.51068316766126,93.10551368739468,0.0,31.495403390581266,100.0,109.83834308389422,75.30690463994485,34.53143844394937
2022-08-28 11:00:00,0.0,0.0,125.36330137264763,40.83459746264813,2.1878224337038024,303.4510489791606,283.63678648640655,27.863649577700205,80.82187543877502,222.62917354038558,80.82187543877501,0.0,26.63423827687128,99.99999999999997,110.53451107267666,81.19940316341889,29.335107909257772
2022-08-28 12:00:00,0.0,0.0,137.91942274042842,40.83459746264813,1.1038346967276869,318.157015079277,354.7410721653798,31.08565850516812,99.86497631436781,218.2920387649092,99.86497631436782,0.0,31.388582234933242,100.00000000000003,117.33620492107418,80.56841726653181,36.767787654542374
2022-08-28 13:00:00,0.0,0.0,146.51617933916503,40.83459746264813,1.1033766579594306,323.22168094025534,560.2579581571981,37.50806119241244,153.88684332704148,169.33483761321386,153.88684332704148,0.0,47.6103097042819,100.0,119.94583177893728,62.93383406313495,57.01199771580232
2022-08-28 14:00:00,0.0,0.0,152.1657054891654,40.83459746264813,1.1034156835187137,328.8712070902558,533.1999945001578,37.26249982812993,146.5943168415642,182.2768902486916,146.5943168415642,0.0,44.57499278777929,100.0,124.56296176797524,69.12758788275355,55.43537388522169
2022-08-28 15:00:00,0.0,0.0,142.80659103607258,40.83459746264813,1.1036190035138056,322.4019850589652,416.41376050627593,33.61293001582113,116.10534325589964,206.29664180306554,116.10534325589964,0.0,36.012601856240046,100.0,122.50512411057792,78.45940109301984,44.04572301755809
2022-08-28 16:00:00,0.0,0.0,126.39093905768735,40.83459746264813,1.1032416546245516,288.933245877592,268.3212042782596,29.48503763369561,75.99413107917084,212.93911479842117,75.99413107917084,0.0,26.301622317068396,100.0,111.22268351147925,82.02155867365245,29.201124837826796
2022-08-28 17:00:00,0.0,0.0,103.67001395229008,40.83459746264813,0.020000016,222.60585283054124,135.82261070337023,24.84445658448032,39.139424081462174,183.46642874907906,39.13942408146218,0.0,17.582387697261975,100.00000000000003,91.26532249610013,75.21933280542306,16.04598969067706
2022-08-28 18:00:00,0.0,0.0,84.4633246859658,40.83459746264813,1.1030869181130436,215.67121550639274,0.0,19.4,0.0,215.67121550639274,0.0,0.0,0.0,0.0,91.94083290852149,91.94083290852149,0.0
2022-08-28 19:00:00,0.0,0.0,61.834607650545344,40.83459746264813,0.020000016,173.81999378153594,0.0,19.4,0.0,173.81999378153594,0.0,0.0,0.0,0.0,73.32521988805952,73.32521988805952,0.0
2022-08-28 20:00:00,0.0,0.0,52.42625489280457,40.83459746264813,1.1028468871333215,163.1272443918831,0.0,18.9,0.0,163.1272443918831,0.0,0.0,0.0,0.0,69.3261847584612,69.3261847584612,0.0
2022-08-28 21:00:00,0.0,0.0,7.012239189803988,13.5694068210945,0.020000016,68.25736431669247,0.0,19.4,0.0,68.25736431669247,0.0,0.0,0.0,0.0,29.283962582094695,29.283962582094695,0.0
2022-08-28 22:00:00,0.0,0.0,10.85857197091551,22.88270449267834,0.020000016,77.20953541475774,0.0,19.4,0.0,77.20953541475774,0.0,0.0,0.0,0.0,31.318244384680575,31.318244384680575,0.0
2022-08-28 23:00:00,0.0,0.0,5.4958533537716745,15.643091232936047,1.1026912774646995,64.60720353787161,0.0,19.0,0.0,64.60720353787161,0.0,0.0,0.0,0.0,26.73853316247185,26.73853316247185,0.0
2022-08-29 00:00:00,0.0,0.0,3.63769407877957,11.718600633682088,0.020000016,58.82455366362553,0.0,18.3,0.0,58.82455366362553,0.0,0.0,0.0,0.0,23.30841855884997,23.30841855884997,0.0
2022-08-29 01:00:00,0.0,0.0,1.2805334603478533,10.195231917403536,0.020000016,54.94402432891527,0.0,18.3,0.0,54.94402432891527,0.0,0.0,0.0,0.0,21.97516690005305,21.97516690005305,0.0
2022-08-29 02:00:00,0.0,0.0,0.24794348309117442,8.24688589648646,1.102851661361962,51.96308833074152,0.0,18.3,0.0,51.96308833074152,0.0,0.0,0.0,0.0,21.202309017064067,21.202309017064067,0.0
2022-08-29 03:00:00,0.0,0.0,0.2639312389273095,9.047501841064872,0.020000016,52.77969203115607,0.0,17.8,0.0,52.77969203115607,0.0,0.0,0.0,0.0,21.73722259575257,21.73722259575257,0.0
2022-08-29 04:00:00,0.0,0.0,0.036023066416292826,8.847347854920269,0.020000016,56.55908922713054,0.0,17.8,0.0,56.55908922713054,0.0,0.0,0.0,0.0,23.079709415832387,23.079709415832387,0.0
2022-08-29 05:00:00,0.0,0.0,27.269332976884876,40.83459746264813,1.1029295010840332,100.938803539327,3.8565574161013365,17.920517419253166,0.03516507799502269,100.90363846133198,0.03516507799501767,0.0,0.03483801745412697,99.99999999998572,41.37606312326163,41.36171770551895,0.014345417742681832
2022-08-29 06:00:00,0.0,0.0,47.723243823615945,40.83459746264813,0.020000016,146.49285329260923,101.92090013094499,21.485028129092033,24.244918834468518,122.2479344581407,24.24491883446852,0.0,16.550240021635044,100.00000000000003,58.46963122450994,48.793362893079376,9.676268331430563
2022-08-29 07:00:00,0.0,0.0,80.91777821448453,40.83459746264813,1.1034014938785177,267.8984528708716,207.5237710442304,25.8851178451322,59.571113463354536,208.32733940751706,59.57111346335455,0.0,22.23645296379077,100.00000000000003,99.822065565,77.66935560138235,22.152709963617653
2022-08-29 08:00:00,0.0,0.0,97.3064868057307,40.83459746264813,1.1035517377378776,275.9385833546892,260.64130536475994,29.24504079264875,73.88568096846515,202.05290238622402,73.88568096846515,0.0,26.77613259813438,100.0,100.12985290927878,73.37215354654911,26.757699362729667
2022-08-29 09:00:00,0.0,0.0,109.80638929257105,40.83459746264813,1.1035615722730059,286.5118908936615,380.6908675553782,32.99658961110557,106.39503982085604,180.11685107280545,106.39503982085603,0.0,37.134598319461865,99.99999999999999,101.89609239079535,64.1311730063825,37.76491938441285
2022-08-29 10:00:00,0.0,0.0,119.23999132824208,40.83459746264813,2.187557219487025,297.87208787720067,416.4781296538003,34.71494155168126,115.63421907207791,182.23786880512276,115.63421907207791,0.0,38.82009217317089,100.0,109.0025019046165,66.84053111765081,42.16197078696568
2022-08-29 11:00:00,0.0,0.0,123.8317878585225,40.83459746264813,1.1038956621328275,301.91953546503544,516.6514589319663,37.24535809162395,142.05401426194368,159.86552120309176,142.05401426194368,0.0,47.05028909213945,100.0,111.77312120221166,59.27706023171038,52.496060970501276
2022-08-29 12:00:00,0.0,0.0,137.35901678231397,40.83459746264813,1.1038395465973507,317.5966091211626,582.7819543418425,39.91193607318258,158.58070488724832,159.01590423391428,158.58070488724832,0.0,49.93148551745086,100.0,118.59717466480625,59.4790807863645,59.11809387844175
2022-08-29 13:00:00,0.0,0.0,147.2780194906085,40.83459746264813,1.103375467769603,323.98352109169895,540.003235549343,37.97510111091697,148.05470252099101,175.92881857070793,148.05470252099101,0.0,45.698220089128,100.0,121.4511158960711,66.04090320407761,55.41021269199349
2022-08-29 14:00:00,0.0,0.0,151.34287108561568,40.83459746264813,1.1034101798608227,328.04837268670616,350.7478711470447,31.960870973345145,98.41371311482371,229.63465957188245,98.41371311482371,0.0,29.99975653249501,100.0,123.69247935773424,86.64463705565886,37.04784230207538
2022-08-29 15:00:00,0.0,0.0,150.90188591800566,40.83459746264813,1.1036412812680525,330.49727994089824,190.29363100095287,25.346675968779778,54.734267852380036,275.7630120885182,54.734267852380015,0.0,16.56118557531486,99.99999999999996,128.09620094765629,106.914860302803,21.18134064485328
2022-08-29 16:00:00,0.0,0.0,139.79563460935307,40.83459746264813,1.1032689182730415,302.33794142925774,139.2737337987616,23.2523041812113,40.37021102908864,261.9677304001691,40.37021102908864,0.0,13.352677748034022,100.0,120.09982483763135,104.08980654771538,16.010018289915962
2022-08-29 17:00:00,0.0,0.0,114.79670316224147,40.83459746264813,1.1032064408075342,233.7325420404927,78.89382927421906,20.265432164819345,14.591858348734874,219.14068369175783,14.59185834873486,0.0,6.242972510950962,99.9999999999999,93.8938282415849,88.0444629446193,5.849365296965601
2022-08-29 18:00:00,0.0,0.0,90.75270009929203,40.83459746264813,0.020000016,221.960590919719,0.0,17.2,0.0,221.960590919719,0.0,0.0,0.0,0.0,94.90174185593438,94.90174185593438,0.0
2022-08-29 19:00:00,0.0,0.0,70.8586223323944,40.83459746264813,1.1030275369734108,182.84400846338497,0.0,17.0,0.0,182.84400846338497,0.0,0.0,0.0,0.0,77.50596156317484,77.50596156317484,0.0
2022-08-29 20:00:00,0.0,0.0,61.82675936766722,40.83459746264813,0.020000016,172.52774886674572,0.0,17.2,0.0,172.52774886674572,0.0,0.0,0.0,0.0,70.68563180563585,70.68563180563585,0.0
2022-08-29 21:00:00,0.0,0.0,9.111428751402254,14.99685277633554,1.1028884795467013,71.7839998335318,0.0,17.2,0.0,71.7839998335318,0.0,0.0,0.0,0.0,29.942634778489165,29.942634778489165,0.0
2022-08-29 22:00:00,0.0,0.0,13.14447033629654,23.985930780410335,0.020000016,80.59866006787075,0.0,17.2,0.0,80.59866006787075,0.0,0.0,0.0,0.0,33.25659318866491,33.25659318866491,0.0
2022-08-29 23:00:00,0.0,0.0,7.675505226815789,18.258665160719936,0.020000016,69.40242933869962,0.0,17.8,0.0,69.40242933869962,0.0,0.0,0.0,0.0,28.889933138369994,28.889933138369994,0.0
2022-08-30 00:00:00,0.0,0.0,7.408835514603845,17.56733792080555,1.1029230716308105,68.44443238657328,0.0,18.3,0.0,68.44443238657328,0.0,0.0,0.0,0.0,28.25840347914668,28.25840347914668,0.0
2022-08-30 01:00:00,0.0,0.0,8.180403001851133,17.95311587280849,0.020000016,69.60177782582352,0.0,18.3,0.0,69.60177782582352,0.0,0.0,0.0,0.0,28.875810488871238,28.875810488871238,0.0
2022-08-30 02:00:00,0.0,0.0,4.776014134973934,12.006813391511972,0.020000016,60.2510864776498,0.0,18.9,0.0,60.2510864776498,0.0,0.0,0.0,0.0,25.125291518019214,25.125291518019214,0.0
2022-08-30 03:00:00,0.0,0.0,1.3979828319490688,10.19523191740354,1.1029318786455584,55.06147370051648,0.0,18.9,0.0,55.06147370051648,0.0,0.0,0.0,0.0,23.30045055464902,23.30045055464902,0.0
2022-08-30 04:00:00,0.0,0.0,0.13788380077849524,8.447039882631062,0.020000016,56.26064198920355,0.0,18.9,0.0,56.26064198920355,0.0,0.0,0.0,0.0,23.685674346888522,23.685674346888522,0.0
2022-08-30 05:00:00,0.0,0.0,23.25475078274384,40.83459746264813,0.020000016,96.92422134518597,0.0,18.9,0.0,96.92422134518597,0.0,0.0,0.0,0.0,41.27781142879712,41.27781142879712,0.0
2022-08-30 06:00:00,0.0,0.0,44.16478307856189,40.83459746264813,1.1031494387504066,142.93439254755518,78.38504829943405,21.849532759357313,14.321289033397283,128.6131035141579,14.321289033397278,0.0,10.019484308951391,99.99999999999997,60.194619113152335,54.183329647829,6.011289465323337
2022-08-30 07:00:00,0.0,0.0,81.70344323905871,40.83459746264813,1.103460617334797,268.6841178954458,150.78841867374393,25.3121380835545,43.37691018740464,225.30720770804118,43.37691018740463,0.0,16.144203284945956,99.99999999999999,102.52299457982387,86.00354898860363,16.519445591220247
2022-08-30 08:00:00,0.0,0.0,99.25812545230428,40.83459746264813,1.1035521639946317,277.89022200126277,293.88161247356317,29.183800389798847,83.3277044320483,194.5625175692145,83.32770443204828,0.0,29.985835353238745,99.99999999999997,104.2713620658187,73.0643034789723,31.2070585868464
2022-08-30 09:00:00,0.0,0.0,110.52104977406974,40.83459746264813,1.1035387498557696,287.22655137516017,370.5903573319944,32.68094866662483,103.69680795107872,183.52974342408146,103.69680795107871,0.0,36.10279323224384,99.99999999999999,108.82490207347635,69.6078062744579,39.21709579901845
2022-08-30 10:00:00,0.0,0.0,122.08170017382173,40.83459746264813,1.1037939615849708,300.7137967227802,402.612560393176,34.28164251228675,111.97037051252067,188.74342621025954,111.97037051252067,0.0,37.234863093342895,100.0,113.75578604732193,71.47297488253132,42.282811164790616
2022-08-30 11:00:00,0.0,0.0,128.14222751212571,40.83459746264813,2.1878095627853575,306.22997511863866,537.2950939374459,38.49047168554519,147.01713010753758,159.21284501110108,147.01713010753758,0.0,48.00873266915842,100.0,113.62857391740535,59.26604971754119,54.362524199864154
2022-08-30 12:00:00,0.0,0.0,142.92638278662244,40.83459746264813,1.103847476503586,323.16397512547104,619.8208798849835,41.069402496405736,167.89487629396473,155.2690988315063,167.89487629396473,0.0,51.953463014798665,100.0,117.64946331486651,56.62974947458797,61.01971384027854
2022-08-30 13:00:00,0.0,0.0,156.91038833984462,40.83459746264813,1.1033915070706528,333.61588994093495,604.4986119086553,40.59058162214548,164.05286906757425,169.5630208733607,164.05286906757425,0.0,49.174177254152674,100.0,125.09111065606851,63.676278591931414,61.414832064137094
2022-08-30 14:00:00,0.0,0.0,163.96682027827478,40.83459746264813,1.103422497188205,340.6723218793651,527.0501605462304,37.5703175170697,144.7306460478496,195.94167583151548,144.7306460478496,0.0,42.48382881515685,100.0,126.12649209866152,72.62753244030415,53.498959658357364
2022-08-30 15:00:00,0.0,0.0,160.72806782015266,40.83459746264813,1.1036263497717371,340.3234618430452,389.67040269249156,32.77720008414036,108.99572755525791,231.32773428778728,108.99572755525793,0.0,32.02709768083107,100.00000000000003,127.973152130277,87.05070621965541,40.92244591062159
2022-08-30 16:00:00,0.0,0.0,147.53977318247448,40.83459746264813,1.1032295094248548,310.08208000237914,217.54180411220025,26.798181378506257,62.23519857996165,247.84688142241748,62.23519857996166,0.0,20.07055634414093,100.00000000000003,117.45462507253654,93.92069590551695,23.533929167019593
2022-08-30 17:00:00,0.0,0.0,123.25812091138006,40.83459746264813,0.020000016,242.19395978963124,109.78008790094488,22.830627746904526,27.989919469508063,214.20404032012317,27.989919469508067,0.0,11.556819787669356,100.00000000000003,94.82011432920586,83.86234075608814,10.95777357311772
2022-08-30 18:00:00,0.0,0.0,99.51757758066319,40.83459746264813,1.103044747078533,233.69363744229014,0.0,18.9,0.0,233.69363744229014,0.0,0.0,0.0,0.0,97.24339201597252,97.24339201597252,0.0
2022-08-30 19:00:00,0.0,0.0,77.28286808187224,40.83459746264813,0.020000016,189.26825421286284,0.0,18.9,0.0,189.26825421286284,0.0,0.0,0.0,0.0,78.84707766861541,78.84707766861541,0.0
2022-08-30 20:00:00,0.0,0.0,65.41691366263689,40.83459746264813,1.1029472098301698,176.1179031617154,0.0,18.9,0.0,176.1179031617154,0.0,0.0,0.0,0.0,71.50960568157231,71.50960568157231,0.0
2022-08-30 21:00:00,0.0,0.0,9.965346547144671,15.476370451911436,0.020000016,73.1174353048501,0.0,18.9,0.0,73.1174353048501,0.0,0.0,0.0,0.0,30.553162243059074,30.553162243059074,0.0
2022-08-30 22:00:00,0.0,0.0,13.69913271219319,23.085237842759625,0.020000016,80.25262950611669,0.0,18.3,0.0,80.25262950611669,0.0,0.0,0.0,0.0,32.45134417307623,32.45134417307623,0.0
2022-08-30 23:00:00,0.0,0.0,11.012566169108231,20.825144927485965,1.102830167928071,75.30597004775808,0.0,18.3,0.0,75.30597004775808,0.0,0.0,0.0,0.0,31.917063082700476,31.917063082700476,0.0
2022-08-31 00:00:00,0.0,0.0,12.242271627180711,23.803361001266172,0.020000016,79.51389157961077,0.0,17.8,0.0,79.51389157961077,0.0,0.0,0.0,0.0,34.67881399011559,34.67881399011559,0.0
2022-08-31 01:00:00,0.0,0.0,8.449953224347333,18.241080953719496,0.020000016,70.1592931292307,0.0,17.2,0.0,70.1592931292307,0.0,0.0,0.0,0.0,30.74459688866685,30.74459688866685,0.0
2022-08-31 02:00:00,0.0,0.0,3.04268816813188,11.718600633682088,1.1028047315932838,58.22954775297785,0.0,18.3,0.0,58.22954775297785,0.0,0.0,0.0,0.0,25.503083867885223,25.503083867885223,0.0
2022-08-31 03:00:00,0.0,0.0,0.6760960035655724,10.195231917403536,0.020000016,54.33958687213298,0.0,18.3,0.0,54.33958687213298,0.0,0.0,0.0,0.0,23.8891098166779,23.8891098166779,0.0
2022-08-31 04:00:00,0.0,0.0,0.19262454655046632,8.24688589648646,1.1029960682376359,56.1152287488309,0.0,18.3,0.0,56.1152287488309,0.0,0.0,0.0,0.0,25.78770036060883,25.78770036060883,0.0
2022-08-31 05:00:00,0.0,0.0,38.98902395785748,40.83459746264813,0.020000016,112.65849452029964,0.0,18.9,0.0,112.65849452029964,0.0,0.0,0.0,0.0,51.685122079877985,51.685122079877985,0.0
2022-08-31 06:00:00,0.0,0.0,55.51896753260989,40.83459746264813,0.020000016,154.28857700160322,83.9575310457283,21.523672845179007,16.449482742370666,137.83909425923255,16.449482742370662,0.0,10.661503957094462,99.99999999999997,68.6959612638169,61.372322557258634,7.323638706558263
2022-08-31 07:00:00,0.0,0.0,90.69863838674459,40.83459746264813,1.1033710917630424,277.6793130431317,194.06511577559195,26.06453486798725,55.670612017161744,222.00870102596994,55.670612017161744,0.0,20.04852698858214,100.0,107.95350824494797,86.35024889862827,21.603259346319703
2022-08-31 08:00:00,0.0,0.0,109.82700751700554,40.83459746264813,1.1035853431644882,288.459104065964,297.45037057141263,30.995324080356646,83.76541012933654,204.69369393662748,83.76541012933654,0.0,29.038920577865106,100.0,106.32280538391723,75.50551099733431,30.817294386582915
2022-08-31 09:00:00,0.0,0.0,125.67387987398612,40.83459746264813,1.1035967426194366,302.3793814750765,363.7938433597807,35.26855760499315,100.79193099551563,201.58745047956089,100.79193099551563,0.0,33.332937749865515,100.0,106.6589237833632,71.17260467811704,35.48631910524617
2022-08-31 10:00:00,0.0,0.0,135.7816920832387,40.83459746264813,2.1873820988728534,314.41378863219717,396.03349033007504,35.17604657281485,109.7632183491936,204.65057028300356,109.76321834919361,0.0,34.91043405783809,100.00000000000003,106.72072202342515,69.60154565818661,37.119176365238545
2022-08-31 11:00:00,0.0,0.0,141.4753645730107,40.83459746264813,1.1039175135301444,319.5631121795236,532.9775567030739,38.85554864697106,145.62840377776146,173.93470840176215,145.62840377776146,0.0,45.57109322929318,100.0,110.41607819617865,60.18884173322872,50.227236462949925
2022-08-31 12:00:00,0.0,0.0,155.81427835495415,40.83459746264813,1.103849563208436,336.05187069380275,613.4115844493742,41.36911201404295,165.96284359221787,170.0890271015849,165.96284359221787,0.0,49.38607937208499,100.0,118.54949639192084,60.10070213561356,58.44879425630728
2022-08-31 13:00:00,0.0,0.0,165.50744345903823,40.83459746264813,1.1034635401874653,342.2129450601286,605.9758576543737,41.13674555169918,164.10110060742937,178.11184445269924,164.10110060742937,0.0,47.952920243445476,100.0,121.31468458305332,63.23602305607192,58.0786615269814
2022-08-31 14:00:00,0.0,0.0,169.27520344269445,40.83459746264813,1.1034345014060218,345.98070504378484,526.8688108874887,38.16465034023402,144.3471694003027,201.63353564348213,144.3471694003027,0.0,41.72116169947546,100.0,124.5666279774921,72.67887272901228,51.88775524847982
2022-08-31 15:00:00,0.0,0.0,165.6698854796867,40.83459746264813,1.1036225466317635,345.2652795025793,406.26556558765805,34.39579892461431,112.93688568957396,232.32839381300533,112.93688568957396,0.0,32.71017747636865,100.0,124.34056526809866,83.73354333398389,40.60702193411477
2022-08-31 16:00:00,0.0,0.0,152.32718237902264,40.83459746264813,1.103306505518654,314.86948919892734,259.99338360512485,29.22479323766015,73.70761994963338,241.16186924929394,73.7076199496334,0.0,23.408943221890453,100.00000000000003,114.7891039973811,87.96468986911101,26.824414128270092
2022-08-31 17:00:00,0.0,0.0,123.56143229800202,40.83459746264813,1.103188371447936,242.49727117625326,116.79824683481417,24.249945213587942,31.518004166909805,210.97926700934346,31.518004166909805,0.0,12.997261377016365,100.0,96.21421155900872,83.73481539914161,12.479396159867107
2022-08-31 18:00:00,0.0,0.0,99.63334498628076,40.83459746264813,0.020000016,233.80940484790776,0.0,20.0,0.0,233.80940484790776,0.0,0.0,0.0,0.0,96.79017319497879,96.79017319497879,0.0
2022-08-31 19:00:00,0.0,0.0,79.38395716784717,40.83459746264813,1.1031845943266376,191.36934329883778,0.0,19.4,0.0,191.36934329883778,0.0,0.0,0.0,0.0,79.94032050224756,79.94032050224756,0.0
2022-08-31 20:00:00,0.0,0.0,71.97163339689294,40.83459746264813,0.020000016,182.67262289597144,0.0,19.4,0.0,182.67262289597144,0.0,0.0,0.0,0.0,75.70952948105506,75.70952948105506,0.0
2022-08-31 21:00:00,0.0,0.0,14.521329264716048,19.57744754265939,1.1029022052377668,81.77449511316944,0.0,19.2,0.0,81.77449511316944,0.0,0.0,0.0,0.0,34.46536243100497,34.46536243100497,0.0
2022-08-31 22:00:00,0.0,0.0,19.5080277505428,27.30505883230435,0.020000016,90.28134553401107,0.0,19.1,0.0,90.28134553401107,0.0,0.0,0.0,0.0,37.74391188474577,37.74391188474577,0.0
2022-08-31 23:00:00,0.0,0.0,16.27515609433002,23.670732628338214,0.020000016,83.41414767383212,0.0,18.9,0.0,83.41414767383212,0.0,0.0,0.0,0.0,34.466990264083606,34.466990264083606,0.0
2022-09-01 00:00:00,0.0,0.0,15.698342117799431,23.987986424855098,1.1029329480354304,83.15458749381841,0.0,18.8,0.0,83.15458749381841,0.0,0.0,0.0,0.0,34.862820649646515,34.862820649646515,0.0
2022-09-01 01:00:00,0.0,0.0,13.473068003335257,22.31588136422453,0.020000016,79.25720831872367,0.0,18.6,0.0,79.25720831872367,0.0,0.0,0.0,0.0,34.80821518620584,34.80821518620584,0.0
2022-09-01 02:00:00,0.0,0.0,13.268913699704871,23.560872853466204,0.020000016,80.29804550433497,0.0,18.5,0.0,80.29804550433497,0.0,0.0,0.0,0.0,35.772365381069136,35.772365381069136,0.0
2022-09-01 03:00:00,0.0,0.0,11.33995635793014,22.127775640437086,1.1029082836807633,76.93599094953112,0.0,18.3,0.0,76.93599094953112,0.0,0.0,0.0,0.0,34.15158593910096,34.15158593910096,0.0
2022-09-01 04:00:00,0.0,0.0,11.119607457041369,22.906402900805244,0.020000016,81.70172866364061,0.0,18.3,0.0,81.70172866364061,0.0,0.0,0.0,0.0,36.24893889821401,36.24893889821401,0.0
2022-09-01 05:00:00,0.0,0.0,43.094911406186256,40.83459746264813,0.020000016,116.76438196862838,0.0,18.3,0.0,116.76438196862838,0.0,0.0,0.0,0.0,51.877929166455814,51.877929166455814,0.0
2022-09-01 06:00:00,0.0,0.0,56.42661420359401,40.83459746264813,1.1030427219011296,155.1962236725873,43.6833756174369,20.765105488044902,4.465469226226152,150.73075444636115,4.465469226226162,0.0,2.87730533678888,100.00000000000023,68.73015174820699,66.75828984729004,1.9718619009169487
2022-09-01 07:00:00,0.0,0.0,88.73828442556028,40.83459746264813,1.1034587882052072,275.71895908194733,96.82294064354551,23.025716895110797,21.757046298431806,253.96191278351552,21.757046298431817,0.0,7.891022935410595,100.00000000000004,106.73096962185905,98.32448207307097,8.406487548788078
2022-09-01 08:00:00,0.0,0.0,103.3203150596121,40.83459746264813,1.1035486462786497,281.95241160857057,183.03693652238084,26.319904266324404,52.45719810012309,229.49521350844748,52.457198100123094,0.0,18.60498294760056,100.00000000000003,102.3993947885762,83.38497190723407,19.014422881342128
2022-09-01 09:00:00,0.0,0.0,123.95678135490328,40.83459746264813,1.1036426296048765,300.6622829559937,279.2711806638548,30.427224395745462,78.81500488733656,221.84727806865715,78.81500488733656,0.0,26.213798456014608,100.0,103.0116822807132,76.06049728446403,26.951184996249168
2022-09-01 10:00:00,0.0,0.0,142.60911347012652,40.83459746264813,1.1038092594768802,321.2412100190851,383.9321604808795,35.29788001502749,106.35941300759212,214.88179701149295,106.35941300759214,0.0,33.10889440407514,100.00000000000003,109.75644978523269,73.48310377605843,36.27334600917426
2022-09-01 11:00:00,0.0,0.0,149.2775840393049,40.83459746264813,2.1879288857767403,327.3653316458179,455.52421617622105,38.635131755506904,124.5723912478915,202.79294039792637,124.57239124789152,0.0,38.053018815892365,100.00000000000003,114.74101101916632,71.22849761823406,43.512513400932264
2022-09-01 12:00:00,0.0,0.0,156.81629805503317,40.83459746264813,1.103860295932007,337.0538903938819,611.66025834659,43.01438307333093,164.4166466466089,172.63724374727298,164.4166466466089,0.0,48.78052184903467,100.0,121.51792781178256,62.33780001780215,59.180127793980404
2022-09-01 13:00:00,0.0,0.0,160.51386209892158,40.83459746264813,1.103447195404334,337.21936370001197,597.0648930586486,41.95827790808277,161.165284194744,176.05407950526796,161.165284194744,0.0,47.79241690821632,100.0,125.48578631995306,65.60804828307984,59.877738036873225
2022-09-01 14:00:00,0.0,0.0,167.74129542643223,40.83459746264813,1.1033763291264334,344.4467970275226,508.3845263782722,38.68701644932101,139.00001388201485,205.44678314550777,139.00001388201485,0.0,40.354567115021894,100.0,129.2904339549599,77.19600875225835,52.094425202701544
2022-09-01 15:00:00,0.0,0.0,160.86415180939775,40.83459746264813,1.103657276871566,340.45954583229036,375.40724077305174,33.931476274157866,104.5443915578416,235.91515427444875,104.5443915578416,0.0,30.70684691841184,100.0,131.48842631131976,91.17349531682711,40.31493099449264
2022-09-01 16:00:00,0.0,0.0,141.5061800004953,40.83459746264813,1.1032355142020742,304.0484868204,219.97490816094827,28.574215880029634,62.51495854006301,241.53352828033698,62.51495854006302,0.0,20.560851722636695,100.00000000000003,117.73618180379563,93.56946170617077,24.16672009762486
2022-09-01 17:00:00,0.0,0.0,116.0419523052573,40.83459746264813,1.1031979660835691,234.9777911835085,81.9152770137611,23.659852406680038,15.536759065145228,219.44103211836327,15.536759065145219,0.0,6.612011708379545,99.99999999999994,95.54439469022154,89.2401216481529,6.304273042068644
2022-09-01 18:00:00,0.0,0.0,89.47652239072542,40.83459746264813,0.020000016,223.65258225235235,0.0,20.0,0.0,223.65258225235235,0.0,0.0,0.0,0.0,93.5462935382095,93.5462935382095,0.0
2022-09-01 19:00:00,0.0,0.0,72.36668054965278,40.83459746264813,1.1030785691273117,184.3520666806434,0.0,19.4,0.0,184.3520666806434,0.0,0.0,0.0,0.0,76.13599129993102,76.13599129993102,0.0
2022-09-01 20:00:00,0.0,0.0,69.47145233289987,40.83459746264813,0.020000016,180.17244183197835,0.0,19.4,0.0,180.17244183197835,0.0,0.0,0.0,0.0,74.31392292034427,74.31392292034427,0.0
2022-09-01 21:00:00,0.0,0.0,13.975424506244691,20.35026763788267,0.020000016,82.00141044992134,0.0,19.4,0.0,82.00141044992134,0.0,0.0,0.0,0.0,33.95136492332606,33.95136492332606,0.0
2022-09-01 22:00:00,0.0,0.0,17.6980084242471,26.819255425899286,1.1029308072372879,87.98552280131028,0.0,18.9,0.0,87.98552280131028,0.0,0.0,0.0,0.0,36.83707462589193,36.83707462589193,0.0
2022-09-01 23:00:00,0.0,0.0,13.319228448098059,23.021840412213226,0.020000016,74.44849149935915,0.0,18.9,0.0,74.44849149935915,0.0,0.0,0.0,0.0,31.966944109040487,31.966944109040487,0.0
2022-09-02 00:00:00,0.0,0.0,12.217142657588374,22.652126858656537,0.020000016,72.97669215529277,0.0,18.3,0.0,72.97669215529277,0.0,0.0,0.0,0.0,31.35730702876311,31.35730702876311,0.0
2022-09-02 01:00:00,0.0,0.0,11.51693702890667,22.323934421383488,1.1029004415643042,71.94829408933803,0.0,18.3,0.0,71.94829408933803,0.0,0.0,0.0,0.0,31.276283571651433,31.276283571651433,0.0
2022-09-02 02:00:00,0.0,0.0,11.051036235287713,22.451972872511938,0.020000016,71.61043174684751,0.0,18.3,0.0,71.61043174684751,0.0,0.0,0.0,0.0,31.754234239080375,31.754234239080375,0.0
2022-09-02 03:00:00,0.0,0.0,7.778396111576468,20.4131641502526,0.020000016,66.29898290087694,0.0,18.3,0.0,66.29898290087694,0.0,0.0,0.0,0.0,29.85173460805243,29.85173460805243,0.0
2022-09-02 04:00:00,0.0,0.0,3.360401910543541,11.931380877263999,1.1029377282002075,53.399205426855396,0.0,18.3,0.0,53.399205426855396,0.0,0.0,0.0,0.0,24.39483235772327,24.39483235772327,0.0
2022-09-02 05:00:00,0.0,0.0,37.75704798457671,40.83459746264813,0.020000016,111.42651854701883,0.0,18.3,0.0,111.42651854701883,0.0,0.0,0.0,0.0,50.69932415450028,50.69932415450028,0.0
2022-09-02 06:00:00,0.0,0.0,44.55797230620724,40.83459746264813,1.102962949654819,120.39686035509773,58.439507385082685,21.226234605783834,7.978433803436541,112.41842655166118,7.978433803436545,0.0,6.626778954123058,100.00000000000004,54.10447720692958,50.53225314794792,3.5722240589816607
2022-09-02 07:00:00,0.0,0.0,69.84248777378588,40.83459746264813,0.020000016,184.05968865587715,199.640548998438,25.638767156201187,57.36058872283502,126.69909993304213,57.36058872283502,0.0,31.164123519777263,100.0,74.25512001183054,51.11528491515166,23.13983509667888
2022-09-02 08:00:00,0.0,0.0,83.6050282034884,40.83459746264813,1.1031039997251146,200.06992319142583,226.48293504528422,28.177591720165132,64.46020462225846,135.60971856916737,64.46020462225846,0.0,32.21883809121238,100.0,77.2095291668071,52.39750720360737,24.812021963199733
2022-09-02 09:00:00,0.0,0.0,93.90054760435835,40.83459746264813,0.020000016,209.40214511836163,338.2973237803774,32.77179136813679,94.62797906784277,114.77416605051886,94.62797906784277,0.0,45.189593933890045,100.0,76.41444376485329,41.88469420299746,34.52974956185583
2022-09-02 10:00:00,0.0,0.0,103.79185387811272,40.83459746264813,1.1032864955230042,221.54114549796225,388.603351369649,34.34385473030153,108.04851483750592,113.49263066045633,108.04851483750592,0.0,48.77130818956597,100.0,81.27384479684171,41.73241030690805,39.541434489933664
2022-09-02 11:00:00,0.0,0.0,109.88157005477349,40.83459746264813,1.1030911588951997,226.34646504271092,514.8213623107729,38.88816757221166,140.6495918930474,85.69687314966353,140.6495918930474,0.0,62.139071562927754,100.0,85.11475184539017,32.3486509507945,52.766100894595674
2022-09-02 12:00:00,0.0,0.0,116.36657671059682,40.83459746264813,0.020000016,230.26267843471007,604.4721315561366,41.68975411112927,163.33767761994397,66.9250008147661,163.33767761994397,0.0,70.93536769844255,100.0,87.59552388772683,25.461871321100148,62.13365256662668
2022-09-02 13:00:00,0.0,0.0,116.48509270971672,40.83459746264813,1.1030759846262639,191.2822286933551,598.2382887895996,41.49494652467499,161.77738378578874,29.504844907566365,161.77738378578874,0.0,84.57522943500118,100.0,73.18712570150029,11.456920483437957,61.73020521806234
2022-09-02 14:00:00,0.0,0.0,100.5820704686473,40.83459746264813,0.020000016,174.0948098203736,511.7097141566514,38.19092856739535,140.17967622602652,33.91513359434708,140.17967622602652,0.0,80.51915871050963,100.0,67.31126590986686,13.115700385741622,54.19556552412524
2022-09-02 15:00:00,0.0,0.0,88.87689385478642,40.83459746264813,1.1029742884065417,162.71073236449067,381.8460003605854,34.132687511268294,106.25560232409163,56.45513004039904,106.25560232409163,0.0,65.30337659968669,100.0,64.19109490901738,22.401829070975385,41.789265838042
2022-09-02 16:00:00,0.0,0.0,85.38430741865791,40.83459746264813,0.020000016,148.44390822102204,217.6051711788103,27.900161599337824,61.997799623647936,86.4461085973741,61.997799623647936,0.0,41.765135643921326,100.0,59.166662852192566,34.45712982318956,24.709533029003005
2022-09-02 17:00:00,0.0,0.0,22.804508099998476,20.53482132064567,1.1029674410412207,63.637737812492006,58.79354892818597,21.83729840400581,8.057390900215625,55.58034691227638,8.057390900215623,0.0,12.661340860287412,99.99999999999997,27.131989518896873,23.721859968198615,3.410129550698258
2022-09-02 18:00:00,0.0,0.0,21.40819378779164,27.06258569650677,0.020000016,86.57820212334626,0.0,20.0,0.0,86.57820212334626,0.0,0.0,0.0,0.0,37.367722810525045,37.367722810525045,0.0
2022-09-02 19:00:00,0.0,0.0,17.85300520251922,24.874653741146176,1.102952287133663,80.83508158271327,0.0,19.4,0.0,80.83508158271327,0.0,0.0,0.0,0.0,35.149655415374205,35.149655415374205,0.0
2022-09-02 20:00:00,0.0,0.0,15.215768818675892,24.594577484904537,0.020000016,77.9177689426283,0.0,19.4,0.0,77.9177689426283,0.0,0.0,0.0,0.0,33.634468442180356,33.634468442180356,0.0
2022-09-02 21:00:00,0.0,0.0,12.887686211432383,21.737353780276354,0.020000016,72.7324626307566,0.0,18.9,0.0,72.7324626307566,0.0,0.0,0.0,0.0,31.044725075030584,31.044725075030584,0.0
2022-09-02 22:00:00,0.0,0.0,12.069003434071098,22.338014562112964,1.1028096374543406,72.51444063523192,0.0,18.3,0.0,72.51444063523192,0.0,0.0,0.0,0.0,30.335562859917104,30.335562859917104,0.0
2022-09-02 23:00:00,0.0,0.0,11.584377189297404,21.737353780276354,0.020000016,71.42915360862162,0.0,18.3,0.0,71.42915360862162,0.0,0.0,0.0,0.0,30.152061020522098,30.152061020522098,0.0
2022-09-03 00:00:00,0.0,0.0,10.301542751330443,22.067416052253648,0.020000016,70.47638144263196,0.0,18.3,0.0,70.47638144263196,0.0,0.0,0.0,0.0,30.592464848708676,30.592464848708676,0.0
2022-09-03 01:00:00,0.0,0.0,6.729155835037808,17.10693048146391,1.1029005794388025,61.94350895554958,0.0,18.3,0.0,61.94350895554958,0.0,0.0,0.0,0.0,27.312180728535065,27.312180728535065,0.0
2022-09-03 02:00:00,0.0,0.0,2.812077014628962,12.868866844481646,0.020000016,53.78836649815848,0.0,18.3,0.0,53.78836649815848,0.0,0.0,0.0,0.0,23.625300042494406,23.625300042494406,0.0
2022-09-03 03:00:00,0.0,0.0,1.7385339685185703,8.320365969294286,0.020000016,48.16632257686072,0.0,18.3,0.0,48.16632257686072,0.0,0.0,0.0,0.0,21.093466183054474,21.093466183054474,0.0
2022-09-03 04:00:00,0.0,0.0,2.9955123060930235,11.469635907078983,1.1028757089991688,52.57257085221987,0.0,18.3,0.0,52.57257085221987,0.0,0.0,0.0,0.0,22.925695607538373,22.925695607538373,0.0
2022-09-03 05:00:00,0.0,0.0,2.8717334538425847,10.016218939178762,0.020000016,36.15452982606921,0.0,18.3,0.0,36.15452982606921,0.0,0.0,0.0,0.0,15.26497036869433,15.26497036869433,0.0
2022-09-03 06:00:00,0.0,0.0,13.535447118208683,22.591834895904846,0.020000016,56.42569040596139,58.77311573110435,20.13665986659701,8.101870087203698,48.32382031875769,8.1018700872037,0.0,14.358477546156415,100.00000000000003,23.57317615063726,20.1889439965114,3.3842321541258578
2022-09-03 07:00:00,0.0,0.0,21.412205730667132,24.39041042512808,0.020000016,66.10102454764308,122.6976918810986,22.134302871284333,35.05386245113158,31.0471620965115,35.05386245113158,0.0,53.03073997872166,100.0,25.463402131056075,11.961881200065978,13.501520930990097
2022-09-03 08:00:00,0.0,0.0,35.76566618244341,28.92205066106131,1.1028900268231732,84.98612523535257,256.0557125343948,28.00174101669984,72.92501126650312,12.061113968849455,72.92501126650312,0.0,85.80813758075388,100.0,31.125876640451022,4.587735790457871,26.53814084999315
2022-09-03 09:00:00,0.0,0.0,45.135989095155246,26.599915880414887,0.020000016,92.03431336741802,316.5488660422566,31.592152063820517,88.94244512969532,3.091868237722707,88.94244512969532,0.0,96.64052664208033,100.0,33.74660149262643,1.1371881225005904,32.60941337012584
2022-09-03 10:00:00,0.0,0.0,51.5208999475041,28.92205066106131,0.020000016,100.74135900041325,406.5335065049394,34.40417207827936,113.00774273773403,0.0,100.74135900041325,12.26638373732078,100.0,89.14553689848638,37.259266689900954,0.0036010111631256747,37.25566567873783
2022-09-03 11:00:00,0.0,0.0,54.50232277786236,26.599915880414887,1.1029477450067544,101.40064705012509,523.5912146806589,37.46222545877059,143.84111073062567,0.0,101.40064705012509,42.440463680500585,100.0,70.49489991774344,38.67252670523044,0.19858619823672208,38.47394050699371
2022-09-03 12:00:00,0.0,0.0,58.38287454294402,28.92205066106131,0.020000016,107.60333359585317,606.0794950071086,40.639984218972145,164.44999358752307,0.0,107.60333359585317,56.846659991669895,100.0,65.43225162157569,41.583143162604735,0.0036010111631256747,41.57954215144161
2022-09-03 13:00:00,0.0,0.0,62.450957824033985,26.599915880414887,1.1029486034522746,109.34928209629675,222.23361978101426,27.544800618156696,63.40064280334178,45.948639292954965,63.40064280334178,0.0,57.97993511060181,100.0,42.1870704385467,17.84217461170551,24.34489582684119
2022-09-03 14:00:00,0.0,0.0,62.25375174385518,28.92205066106131,0.020000016,111.47421079676434,195.58647263852072,26.712077269953774,55.972078205269185,55.502132591495155,55.972078205269185,0.0,50.21078669694769,100.0,43.75555663573118,21.787355521336103,21.96820111439508
2022-09-03 15:00:00,0.0,0.0,60.00057565415599,26.599915880414887,0.020000016,106.89889992641875,203.6639295516103,26.36449779848782,58.35908255404133,48.53981737237742,58.35908255404133,0.0,54.59278121122985,100.0,42.29601278905218,19.207408958196805,23.088603830855373
2022-09-03 16:00:00,0.0,0.0,51.915557702250965,28.92205066106131,1.1028686393602447,101.13601675516011,104.99231745130474,22.681009920353272,25.61580353499251,75.5202132201676,25.61580353499251,0.0,25.328072388895574,100.0,42.389484064982454,31.703339304289628,10.686144760692827
2022-09-03 17:00:00,0.0,0.0,44.21468972205879,26.599915880414887,0.020000016,91.11301399432153,43.806774657220345,19.668961708038136,4.50866566183876,86.60434833248277,4.508665661838762,0.0,4.948432132998868,100.00000000000004,40.30106484057165,38.3069721916536,1.9940926489180484
2022-09-03 18:00:00,0.0,0.0,33.64493316365015,28.92205066106131,0.020000016,100.67440646375934,0.0,18.3,0.0,100.67440646375934,0.0,0.0,0.0,0.0,45.38208635267033,45.38208635267033,0.0
2022-09-03 19:00:00,0.0,0.0,25.84378213932617,26.56118674444719,0.020000016,90.51239152282123,0.0,18.3,0.0,90.51239152282123,0.0,0.0,0.0,0.0,39.88833889765191,39.88833889765191,0.0
2022-09-03 20:00:00,0.0,0.0,20.606884815320512,26.968366756572145,1.1029327231069417,85.68267421094053,0.0,18.3,0.0,85.68267421094053,0.0,0.0,0.0,0.0,37.58236266514185,37.58236266514185,0.0
2022-09-03 21:00:00,0.0,0.0,18.405407346871414,23.725570042642573,0.020000016,80.23840002856186,0.0,18.3,0.0,80.23840002856186,0.0,0.0,0.0,0.0,34.73800199952727,34.73800199952727,0.0
2022-09-03 22:00:00,0.0,0.0,20.458473882111775,27.085184373530485,0.020000016,85.65108089469011,0.0,18.3,0.0,85.65108089469011,0.0,0.0,0.0,0.0,36.45798580615666,36.45798580615666,0.0
2022-09-03 23:00:00,0.0,0.0,19.478982879268052,25.696334015728663,1.1028273574830212,83.2827395340446,0.0,18.3,0.0,83.2827395340446,0.0,0.0,0.0,0.0,36.255410189980154,36.255410189980154,0.0
2022-09-04 00:00:00,0.0,0.0,16.307094495618923,24.084478045994125,0.020000016,78.49899518066091,0.0,18.3,0.0,78.49899518066091,0.0,0.0,0.0,0.0,34.90111430867774,34.90111430867774,0.0
2022-09-04 01:00:00,0.0,0.0,14.732682230923357,22.313154847621355,0.020000016,75.15325971759258,0.0,18.3,0.0,75.15325971759258,0.0,0.0,0.0,0.0,33.76507564039583,33.76507564039583,0.0
2022-09-04 02:00:00,0.0,0.0,15.501758100305999,23.56359937006939,1.1028566952026175,77.17278010942327,0.0,18.3,0.0,77.17278010942327,0.0,0.0,0.0,0.0,36.03182092898974,36.03182092898974,0.0
2022-09-04 03:00:00,0.0,0.0,14.906441700091762,22.313154847621355,0.020000016,75.32701918676098,0.0,18.3,0.0,75.32701918676098,0.0,0.0,0.0,0.0,35.8720677373231,35.8720677373231,0.0
2022-09-04 04:00:00,0.0,0.0,14.185609610697945,23.56359937006939,0.020000016,75.8566316198152,0.0,17.8,0.0,75.8566316198152,0.0,0.0,0.0,0.0,35.92475034841042,35.92475034841042,0.0
2022-09-04 05:00:00,0.0,0.0,11.564093030824582,22.975718994659395,1.1028941869438746,57.80638945853185,0.0,17.8,0.0,57.80638945853185,0.0,0.0,0.0,0.0,27.24040554378652,27.24040554378652,0.0
2022-09-04 06:00:00,0.0,0.0,17.42779303477437,24.699423622134603,0.020000016,62.42562504875685,64.90646543717973,19.828327044911866,9.892138582000033,52.53348646675681,9.892138582000037,0.0,15.846278790599039,100.00000000000004,28.638547349153136,24.10097392089681,4.5375734282563265
2022-09-04 07:00:00,0.0,0.0,24.614854480841487,25.849708905104762,0.020000016,70.76297177779414,133.0539142025925,22.457934818831017,38.67994701385612,32.08302476393801,38.67994701385612,0.0,54.661281235215355,100.0,29.578985065692184,13.412701211251017,16.16628385444117
2022-09-04 08:00:00,0.0,0.0,31.384201673806203,27.850360402862922,1.1028727231967421,79.532970468517,201.14792586532485,27.9858726832914,57.29060105449905,22.242369414017944,57.29060105449905,0.0,72.03377507090276,100.0,29.526355550794403,8.400446411947879,21.125909138846524
2022-09-04 09:00:00,0.0,0.0,38.947313479131196,27.671606138613274,0.020000016,86.91732800959235,350.3050452849312,33.7470326651541,97.62271646157838,0.0,86.91732800959235,10.705388451986025,100.0,89.03391665381554,31.936158148607262,0.0036010111631256747,31.932557137444135
2022-09-04 10:00:00,0.0,0.0,39.612245176137705,27.850360402862922,0.020000016,87.7610139708485,394.7253712397586,35.13516785124246,109.41785914663312,0.0,87.7610139708485,21.656845175784625,100.0,80.20721174341216,31.65680472509891,0.0036010111631256747,31.653203713935785
2022-09-04 11:00:00,0.0,0.0,44.90860804504297,27.671606138613274,1.1029599369605219,92.87862257550412,497.35274628137086,38.342273321292836,136.16646510321755,0.0,92.87862257550412,43.28784252771342,100.0,68.20961571198887,33.96925556185635,0.1985883934030468,33.7706671684533
2022-09-04 12:00:00,0.0,0.0,45.83342785768025,27.850360402862922,0.020000016,93.98219665239102,599.059819155979,41.520619348624344,161.98315602349012,0.0,93.98219665239102,68.0009593710991,100.0,58.01973424864133,35.07681697986894,0.0036010111631256747,35.07321596870581
2022-09-04 13:00:00,0.0,0.0,54.83820855440185,27.671606138613274,0.020000016,102.808223084863,575.7677717153207,40.79274286610377,156.13166820929737,0.0,102.808223084863,53.32344512443437,100.0,65.84713035093347,38.42714630689983,0.0036010111631256747,38.4235452957367
2022-09-04 14:00:00,0.0,0.0,42.60515204198861,27.850360402862922,1.1029165936642986,90.75392083669941,504.6424192258884,37.97007560080901,138.3623979867559,0.0,90.75392083669941,47.60847715005649,100.0,65.59146282314825,35.38432946741716,0.19858058942461262,35.185748877992545
2022-09-04 15:00:00,0.0,0.0,23.147710761414817,27.671606138613274,0.020000016,71.11772529187596,375.7148285341144,33.941088391691075,104.62620107915767,0.0,71.11772529187596,33.50847578728171,100.0,67.97315066239477,27.98735914763694,0.0036010111631256747,27.983758136473813
2022-09-04 16:00:00,0.0,0.0,15.232803901422292,27.734172994959824,0.020000016,63.265385288229986,219.6996795195764,29.065614984986762,62.32169853369952,0.9436867545304679,62.32169853369952,0.0,98.5083679642017,100.0,25.74944955420832,0.3876343359192996,25.36181521828902
2022-09-04 17:00:00,0.0,0.0,20.572925518946384,27.47796045877477,1.102868841429886,68.34929436956902,85.87525900527308,23.283601843914784,17.098890693821225,51.2504036757478,17.098890693821225,0.0,25.016923512577065,100.0,29.261717196971325,21.991012390598133,7.2707048063731925
2022-09-04 18:00:00,0.0,0.0,17.973569902856124,26.928676087727847,0.020000016,83.00966862963183,0.0,19.4,0.0,83.00966862963183,0.0,0.0,0.0,0.0,36.36308101597131,36.36308101597131,0.0
2022-09-04 19:00:00,0.0,0.0,13.13277146823297,22.313154847621355,0.020000016,73.55334895490219,0.0,19.4,0.0,73.55334895490219,0.0,0.0,0.0,0.0,31.408674414437712,31.408674414437712,0.0
2022-09-04 20:00:00,0.0,0.0,9.926982092987592,23.56359937006939,1.102973970891072,71.59800410210485,0.0,18.9,0.0,71.59800410210485,0.0,0.0,0.0,0.0,30.564736420002763,30.564736420002763,0.0
2022-09-04 21:00:00,0.0,0.0,5.298059214274305,22.313154847621355,0.020000016,65.71863670094352,0.0,18.3,0.0,65.71863670094352,0.0,0.0,0.0,0.0,28.174551819389574,28.174551819389574,0.0
2022-09-04 22:00:00,0.0,0.0,1.4041967861508173,19.45324248073952,0.020000016,58.96486190593822,0.0,17.8,0.0,58.96486190593822,0.0,0.0,0.0,0.0,24.65592530110731,24.65592530110731,0.0
2022-09-04 23:00:00,0.0,0.0,0.7693828660168698,10.195231917403536,1.102802464175295,54.4328737345843,0.0,17.8,0.0,54.4328737345843,0.0,0.0,0.0,0.0,23.333075706298526,23.333075706298526,0.0
2022-09-05 00:00:00,0.0,0.0,0.3273969701983539,12.74403989675442,0.020000016,56.53969581811666,0.0,17.2,0.0,56.53969581811666,0.0,0.0,0.0,0.0,24.237362734245202,24.237362734245202,0.0
2022-09-05 01:00:00,0.0,0.0,0.07528401692236109,9.5212898861619,0.020000016,53.064832854248145,0.0,17.2,0.0,53.064832854248145,0.0,0.0,0.0,0.0,22.93609917745501,22.93609917745501,0.0
2022-09-05 02:00:00,0.0,0.0,0.04402720494400515,10.795693875837346,1.1028674791053086,54.307980031945235,0.0,17.2,0.0,54.307980031945235,0.0,0.0,0.0,0.0,23.99687167612665,23.99687167612665,0.0
2022-09-05 03:00:00,0.0,0.0,0.020295733223066912,8.183548939818072,0.020000016,51.67210362420502,0.0,17.2,0.0,51.67210362420502,0.0,0.0,0.0,0.0,22.923279294715506,22.923279294715506,0.0
2022-09-05 04:00:00,0.0,0.0,0.0,9.247655827209476,0.020000016,56.923374133003456,0.0,17.2,0.0,56.923374133003456,0.0,0.0,0.0,0.0,25.07350882994984,25.07350882994984,0.0
2022-09-05 05:00:00,0.0,0.0,5.372701828201201,40.83459746264813,1.102927036295748,79.04217239064333,0.0,17.2,0.0,79.04217239064333,0.0,0.0,0.0,0.0,34.10569837090095,34.10569837090095,0.0
2022-09-05 06:00:00,0.0,0.0,7.970926122571013,40.83459746264813,0.020000016,106.7405355915643,37.538221077265405,18.37306940866454,3.326213636896884,103.41432195466741,3.326213636896881,0.0,3.116167272782311,99.99999999999991,45.80062780672379,44.37351584581318,1.427111960910608
2022-09-05 07:00:00,0.0,0.0,43.4932444636735,40.83459746264813,1.1034232988545305,230.47391912006057,125.5592580918695,21.723726815370924,36.59941839865889,193.8745007214017,36.599418398658884,0.0,15.880069440565716,99.99999999999997,92.9079581575439,78.18565910959137,14.722299047952532
2022-09-05 08:00:00,0.0,0.0,63.64146790547928,40.83459746264813,1.103530271732984,242.27356445443777,250.05585321786913,26.714245413058407,71.55930872163937,170.7142557327984,71.55930872163938,0.0,29.536573205079048,100.00000000000003,90.89985677504515,64.10984057238142,26.790016202663736
2022-09-05 09:00:00,0.0,0.0,70.03213682600253,40.83459746264813,2.1872566926135097,246.73763842709295,265.4165367822592,28.894266774445605,75.33855544899305,171.3990829780999,75.33855544899305,0.0,30.53387230633416,100.0,91.11061030558007,63.411260316426045,27.699349989154022
2022-09-05 10:00:00,0.0,0.0,76.21624670182409,40.83459746264813,1.103811668427188,254.8483432507826,407.04129451617285,33.820040453630405,113.40226021986119,141.4460830309214,113.4022602198612,0.0,44.49793895982605,100.00000000000003,94.18808498061121,52.3647644002253,41.82332058038591
2022-09-05 11:00:00,0.0,0.0,80.18434982913276,40.83459746264813,1.1039561942261877,258.2720974356456,477.2418679031698,36.01380837197406,131.84459744444538,126.42749999120022,131.84459744444538,0.0,51.04871906547995,100.0,97.96637889371276,48.05726575410518,49.90911313960758
2022-09-05 12:00:00,0.0,0.0,90.24481056291874,40.83459746264813,2.1877715264978232,270.4824029017674,588.7234835805676,40.59760886189274,159.76730092872248,110.71510197304491,159.76730092872248,0.0,59.06753977882475,100.0,105.05572256016141,43.23456430229689,61.821158257864525
2022-09-05 13:00:00,0.0,0.0,95.48147304323444,40.83459746264813,1.1034744643305479,272.18697464432483,576.1097567762696,40.203429899258424,156.58618546396525,115.60078918035958,156.58618546396525,0.0,57.528904778996605,100.0,106.40467760561144,45.305530968499504,61.099146637111936
2022-09-05 14:00:00,0.0,0.0,101.98481554534952,40.83459746264813,0.020000016,278.6903171464399,493.021540769061,38.20692314903316,135.05176501919075,143.63855212724914,135.05176501919075,0.0,48.45943928085122,100.0,110.35381898846747,56.8787221114687,53.47509687699877
2022-09-05 15:00:00,0.0,0.0,102.98324841956988,40.83459746264813,2.1873006996523223,282.57864244246247,362.3340827361953,34.1229400855061,100.82981948070544,181.748822961757,100.82981948070545,0.0,35.682038320088544,100.00000000000003,112.69764136946416,72.62535036234479,40.072291007119375
2022-09-05 16:00:00,0.0,0.0,93.07407489694411,40.83459746264813,0.020000016,255.6163817168488,209.5898031646331,28.749681348894786,59.52441362515395,196.09196809169484,59.524413625153954,0.0,23.28661927899844,100.00000000000003,104.73346684628184,80.34542171785189,24.38804512842995
2022-09-05 17:00:00,0.0,0.0,73.72882172936212,40.83459746264813,1.1032167353028064,192.66466060761334,75.41382012146188,23.456681878795685,13.178234893154423,179.48642571445893,13.17823489315441,0.0,6.83998552282175,99.99999999999991,82.48667449886561,76.8581844848249,5.6284900140407075
2022-09-05 18:00:00,0.0,0.0,58.53228621617929,40.83459746264813,1.1030043942616516,192.70834607780625,0.0,20.0,0.0,192.70834607780625,0.0,0.0,0.0,0.0,83.95735193721623,83.95735193721623,0.0
2022-09-05 19:00:00,0.0,0.0,43.82103423450497,40.83459746264813,0.020000016,155.80642036549557,0.0,20.0,0.0,155.80642036549557,0.0,0.0,0.0,0.0,65.41035724849634,65.41035724849634,0.0
2022-09-05 20:00:00,0.0,0.0,39.0940262956737,40.83459746264813,1.1028117510780908,149.7950157947522,0.0,20.0,0.0,149.7950157947522,0.0,0.0,0.0,0.0,62.75895210899386,62.75895210899386,0.0
2022-09-05 21:00:00,0.0,0.0,1.528525349621122,5.343930163270136,0.020000016,54.54817381868525,0.0,19.4,0.0,54.54817381868525,0.0,0.0,0.0,0.0,23.007656873979073,23.007656873979073,0.0
2022-09-05 22:00:00,0.0,0.0,0.8788712614492878,10.583205223518082,0.020000016,54.93033543613126,0.0,19.4,0.0,54.93033543613126,0.0,0.0,0.0,0.0,22.882635023666158,22.882635023666158,0.0
2022-09-05 23:00:00,0.0,0.0,0.01821490386841913,7.646423938052653,1.1028541460585968,51.13289779308495,0.0,19.4,0.0,51.13289779308495,0.0,0.0,0.0,0.0,21.113202865523913,21.113202865523913,0.0
2022-09-06 00:00:00,0.0,0.0,0.0,6.747834563063808,0.020000016,50.21609351422769,0.0,18.3,0.0,50.21609351422769,0.0,0.0,0.0,0.0,20.266547985556713,20.266547985556713,0.0
2022-09-06 01:00:00,0.0,0.0,0.0,3.602771750602846,0.020000016,47.07103070176673,0.0,17.8,0.0,47.07103070176673,0.0,0.0,0.0,0.0,19.750604456014795,19.750604456014795,0.0
2022-09-06 02:00:00,0.0,0.0,0.0,3.602771750602846,1.1028291817198983,47.07103070176673,0.0,17.8,0.0,47.07103070176673,0.0,0.0,0.0,0.0,20.375326806026624,20.375326806026624,0.0
2022-09-06 03:00:00,0.0,0.0,0.0,3.602771750602846,0.020000016,47.07103070176673,0.0,17.8,0.0,47.07103070176673,0.0,0.0,0.0,0.0,20.267915083427212,20.267915083427212,0.0
2022-09-06 04:00:00,0.0,0.0,0.0,3.602771750602846,0.020000016,51.278490056396826,0.0,17.8,0.0,51.278490056396826,0.0,0.0,0.0,0.0,21.93925709503828,21.93925709503828,0.0
2022-09-06 05:00:00,0.0,0.0,1.8579671511733418,40.83459746264813,1.1029625857918712,75.52743771361547,0.0,17.8,0.0,75.52743771361547,0.0,0.0,0.0,0.0,32.248279426910386,32.248279426910386,0.0
2022-09-06 06:00:00,0.0,0.0,10.464464950649209,40.83459746264813,0.020000016,109.23407441964248,52.278714059979116,18.833709814374348,6.4406466331675185,102.79342778647496,6.440646633167518,0.0,5.896188224586961,99.99999999999999,46.15335894234578,43.432282349532,2.7210765928137803
2022-09-06 07:00:00,0.0,0.0,53.36009015203022,40.83459746264813,1.1034616067795242,240.3407648084173,189.1755964186405,25.311737388082513,54.41973002647761,185.92103478193968,54.41973002647762,0.0,22.642738143010067,100.00000000000003,92.37176543093783,71.50125476848339,20.870510662454436
2022-09-06 08:00:00,0.0,0.0,71.4031602969119,40.83459746264813,1.1036138627043734,250.03525684587038,269.06270419883043,30.60820950621345,75.88211101679393,174.15314582907644,75.88211101679394,0.0,30.34856442808386,100.00000000000003,91.49657981770513,63.78898580103299,27.707594016672132
2022-09-06 09:00:00,0.0,0.0,80.29385921459149,40.83459746264813,1.1035751837020666,256.9993608156818,336.6609562949513,32.720654884217225,94.18860201189284,162.81075880378899,94.18860201189284,0.0,36.64935263377727,100.0,92.71975405928318,58.811386391991704,33.90836766729147
2022-09-06 10:00:00,0.0,0.0,88.87622905567945,40.83459746264813,2.1875173298613575,267.508325604638,373.5849204942979,34.974528765446806,103.62167608660128,163.88664951803673,103.62167608660127,0.0,38.7358695668217,99.99999999999999,97.68530388190618,59.99861839758973,37.68668548431645
2022-09-06 11:00:00,0.0,0.0,96.75804158120947,40.83459746264813,1.1039636692406578,274.84578918772246,488.6216945789952,39.6694279555936,133.08503956363546,141.760749624087,133.08503956363546,0.0,48.42171312027525,100.0,101.10840061608805,52.24622834029929,48.86217227578876
2022-09-06 12:00:00,0.0,0.0,109.4271517240576,40.83459746264813,2.1877810130146464,289.66474406290627,587.363997347354,42.75512491710481,158.04798598423253,131.61675807867374,158.04798598423253,0.0,54.562382624621165,100.0,107.84215104008275,49.21583111909155,58.62631992099121
2022-09-06 13:00:00,0.0,0.0,117.34758336497725,40.83459746264813,0.6960134659409127,294.05308496606756,584.2300595975753,43.25718936242423,156.89214257160677,137.1609423944608,156.89214257160677,0.0,53.355040498796825,100.0,109.46895715740516,51.12861394215319,58.34034321525197
2022-09-06 14:00:00,0.0,0.0,123.1702074879143,40.83459746264813,0.4272234927923966,299.8757090890047,500.1472908035384,40.029602837610575,136.03228841707983,163.8434206719249,136.03228841707983,0.0,45.36289012215548,100.0,113.92323534389253,62.27925720779025,51.64397813610228
2022-09-06 15:00:00,0.0,0.0,124.78777328997494,40.83459746264813,2.18732179470469,304.3831673128676,369.7086945838874,35.45339670574648,102.35786730586732,202.02530000700028,102.35786730586733,0.0,33.62796576745531,100.00000000000003,114.98648110905326,76.45130301507686,38.5351780939764
2022-09-06 16:00:00,0.0,0.0,111.6818801025093,40.83459746264813,0.020000016,274.22418692241394,216.72710728712232,29.572722102722572,61.36136231104622,212.86282461136773,61.36136231104621,0.0,22.376349438646393,99.99999999999997,107.40624606119577,83.37345489845141,24.03279116274436
2022-09-06 17:00:00,0.0,0.0,87.77939102060498,40.83459746264813,1.1032277642182722,209.68339894005612,84.42797706322128,24.338374283225665,16.46330795582584,193.2200909842303,16.463307955825826,0.0,7.851507577160328,99.99999999999991,88.33590810928021,81.41580355966816,6.920104549612049
2022-09-06 18:00:00,0.0,0.0,68.09682481733331,40.83459746264813,1.1030434465639252,202.27288467896028,0.0,20.6,0.0,202.27288467896028,0.0,0.0,0.0,0.0,86.22728401215032,86.22728401215032,0.0
2022-09-06 19:00:00,0.0,0.0,53.806883930290844,40.83459746264813,0.020000016,165.79227006128144,0.0,20.6,0.0,165.79227006128144,0.0,0.0,0.0,0.0,68.3390299236718,68.3390299236718,0.0
2022-09-06 20:00:00,0.0,0.0,50.096590255190186,40.83459746264813,1.1028336866861512,160.7975797542687,0.0,20.6,0.0,160.7975797542687,0.0,0.0,0.0,0.0,65.81121409281944,65.81121409281944,0.0
2022-09-06 21:00:00,0.0,0.0,0.8100449312798889,5.358739376732826,0.020000016,53.8445026138067,0.0,21.1,0.0,53.8445026138067,0.0,0.0,0.0,0.0,22.227650242498775,22.227650242498775,0.0
2022-09-06 22:00:00,0.0,0.0,1.3103912555295933,8.847347854920269,0.020000016,53.62599806161375,0.0,21.1,0.0,53.62599806161375,0.0,0.0,0.0,0.0,21.72159396613608,21.72159396613608,0.0
2022-09-06 23:00:00,0.0,0.0,0.2829038191275567,8.847347854920269,1.102931922318762,52.59851062521171,0.0,21.1,0.0,52.59851062521171,0.0,0.0,0.0,0.0,21.699276537622985,21.699276537622985,0.0
2022-09-07 00:00:00,0.0,0.0,0.07941241134625691,6.972481906811018,0.020000016,50.52015326932117,0.0,20.6,0.0,50.52015326932117,0.0,0.0,0.0,0.0,20.89292658572839,20.89292658572839,0.0
2022-09-07 01:00:00,0.0,0.0,0.0,2.4018478337352307,0.020000016,45.87010678489912,0.0,20.0,0.0,45.87010678489912,0.0,0.0,0.0,0.0,19.27913728431344,19.27913728431344,0.0
2022-09-07 02:00:00,0.0,0.0,0.0,2.4018478337352307,1.102826503990948,45.87010678489911,0.0,20.0,0.0,45.87010678489911,0.0,0.0,0.0,0.0,19.560107092113608,19.560107092113608,0.0
2022-09-07 03:00:00,0.0,0.0,0.0,2.4018478337352307,0.020000016,45.87010678489911,0.0,20.0,0.0,45.87010678489911,0.0,0.0,0.0,0.0,19.436013049517783,19.436013049517783,0.0
2022-09-07 04:00:00,0.0,0.0,0.0,3.602771750602846,0.020000016,51.278490056396826,0.0,20.0,0.0,51.278490056396826,0.0,0.0,0.0,0.0,21.55953987617066,21.55953987617066,0.0
2022-09-07 05:00:00,0.0,0.0,1.120749550193058,40.83459746264813,1.1029492603512605,77.7583891538352,0.0,20.0,0.0,77.7583891538352,0.0,0.0,0.0,0.0,32.73891716417208,32.73891716417208,0.0
2022-09-07 06:00:00,0.0,0.0,15.557762766710345,40.83459746264813,0.020000016,114.32737223570362,81.00220856932776,24.231319017791492,15.160363959479227,99.1670082762244,15.160363959479227,0.0,13.260484924138538,100.0,47.27339633573715,41.005192253050865,6.268204082686282
2022-09-07 07:00:00,0.0,0.0,66.53047077981445,40.83459746264813,1.1034635950442828,253.51114543620153,179.4524750222114,28.407889844444107,51.030640579280764,202.48050485692076,51.03064057928077,0.0,20.129545188822124,100.00000000000003,93.11051387961747,74.40778410731106,18.702729772306412
2022-09-07 08:00:00,0.0,0.0,83.47274256996063,40.83459746264813,1.1036052351830745,262.1048391189191,270.6667291941467,32.85833528731708,75.68549756074633,186.41934155817273,75.68549756074634,0.0,28.876039761481557,100.00000000000003,87.24503217520387,62.10950000779221,25.135532167411668
2022-09-07 09:00:00,0.0,0.0,93.83189871721582,40.83459746264813,1.1036658816629803,270.5374003183062,339.11433615784347,34.99732300493261,94.0522938069319,176.48510651137428,94.05229380693191,0.0,34.764987649128294,100.00000000000003,87.09803385528221,56.88749656155761,30.2105372937246
2022-09-07 10:00:00,0.0,0.0,101.28536784850029,40.83459746264813,2.1875783205664674,279.9174643974588,374.40237659394114,36.10007426856066,103.3993636139011,176.51810078355768,103.3993636139011,0.0,36.939232725787654,100.0,92.56229788468033,58.51598942753111,34.04630845714922
2022-09-07 11:00:00,0.0,0.0,107.7152981729444,40.83459746264813,1.1040370542589204,285.8030457794573,484.12991262452016,40.729059769516255,131.3149685174086,154.4880772620487,131.3149685174086,0.0,45.945965397002475,100.0,95.5069530201232,51.716693893780366,43.79025912634284
2022-09-07 12:00:00,0.0,0.0,120.76809957001893,40.83459746264813,2.1878015578009387,301.00569190886756,588.1709214924658,43.38034129663956,157.8732557946166,143.13243611425096,157.8732557946166,0.0,52.44859483999866,100.0,101.9426998273207,48.68178888616986,53.26091094115083
2022-09-07 13:00:00,0.0,0.0,127.4844450849132,40.83459746264813,1.1034766526277728,304.18994668600357,578.280581274504,42.471268164828246,155.77873613788418,148.41121054811939,155.77873613788418,0.0,51.211007410013096,100.0,106.0841599702039,51.85913970796779,54.22502026223611
2022-09-07 14:00:00,0.0,0.0,130.3232434031216,40.83459746264813,0.020000016,307.028745004212,493.01504021783455,39.80672000680733,134.20952014381294,172.81922486039906,134.20952014381294,0.0,43.71236319972965,100.0,108.99727034393337,61.353561740480494,47.64370860345287
2022-09-07 15:00:00,0.0,0.0,129.64356316034906,40.83459746264813,2.1873040045303256,309.23895718324167,364.74155246149127,35.2981735144216,101.04299044397851,208.19596673926316,101.04299044397851,0.0,32.67472874839142,100.0,110.43341551589789,74.47827779631257,35.95513771958532
2022-09-07 16:00:00,0.0,0.0,120.28942547007223,40.83459746264813,0.020000016,282.8317322899769,210.68607299684234,29.383939781151327,59.693363506622674,223.13836878335422,59.69336350662269,0.0,21.10561040068209,100.00000000000003,102.85818877573612,81.15010020291773,21.708088572818397
2022-09-07 17:00:00,0.0,0.0,94.37312193361801,40.83459746264813,1.1031778160823549,216.2771298530692,78.69838468499862,24.159324521406205,14.314061789380078,201.96306806368912,14.314061789380077,0.0,6.618389008169531,99.99999999999999,83.49776418553877,77.98470328735904,5.513060898179731
2022-09-07 18:00:00,0.0,0.0,74.78690333821736,40.83459746264813,1.103136153763349,208.9629631998443,0.0,20.6,0.0,208.9629631998443,0.0,0.0,0.0,0.0,83.98232021628894,83.98232021628894,0.0
2022-09-07 19:00:00,0.0,0.0,57.31170932504464,40.83459746264813,0.020000016,169.29709545603524,0.0,20.6,0.0,169.29709545603524,0.0,0.0,0.0,0.0,69.13183751324873,69.13183751324873,0.0
2022-09-07 20:00:00,0.0,0.0,48.12874020812631,40.83459746264813,1.1028300542090455,158.82972970720482,0.0,20.6,0.0,158.82972970720482,0.0,0.0,0.0,0.0,64.18709236375,64.18709236375,0.0
2022-09-07 21:00:00,0.0,0.0,1.1229385156747278,2.6957681249665386,0.020000016,51.49442494643525,0.0,20.0,0.0,51.49442494643525,0.0,0.0,0.0,0.0,21.515139560411722,21.515139560411722,0.0
2022-09-07 22:00:00,0.0,0.0,3.678448261168764,10.19523191740354,0.020000016,57.34193912973618,0.0,20.0,0.0,57.34193912973618,0.0,0.0,0.0,0.0,23.414881209356167,23.414881209356167,0.0
2022-09-07 23:00:00,0.0,0.0,1.2014940101463578,8.847347854920269,1.10282603754557,53.51710081623051,0.0,19.4,0.0,53.51710081623051,0.0,0.0,0.0,0.0,22.538742849485203,22.538742849485203,0.0
2022-09-08 00:00:00,0.0,0.0,0.10857801301830944,8.847347854920269,0.020000016,52.424184819102464,0.0,19.4,0.0,52.424184819102464,0.0,0.0,0.0,0.0,22.10327824257987,22.10327824257987,0.0
2022-09-08 01:00:00,0.0,0.0,0.06028028522508064,6.845807993474241,0.020000016,50.37434722986321,0.0,19.4,0.0,50.37434722986321,0.0,0.0,0.0,0.0,21.207171247157152,21.207171247157152,0.0
2022-09-08 02:00:00,0.0,0.0,0.0,3.602771750602846,1.1028733107535489,47.07103070176673,0.0,19.4,0.0,47.07103070176673,0.0,0.0,0.0,0.0,20.334853665073886,20.334853665073886,0.0
2022-09-08 03:00:00,0.0,0.0,0.0,3.602771750602846,0.020000016,47.07103070176674,0.0,19.4,0.0,47.07103070176674,0.0,0.0,0.0,0.0,20.139646524764903,20.139646524764903,0.0
2022-09-08 04:00:00,0.0,0.0,0.0,2.4018478337352307,0.020000016,50.077566139529225,0.0,18.9,0.0,50.077566139529225,0.0,0.0,0.0,0.0,21.406252003536522,21.406252003536522,0.0
2022-09-08 05:00:00,0.0,0.0,5.260530597875475,40.83459746264813,1.102937905191409,81.89817020151762,0.0,18.9,0.0,81.89817020151762,0.0,0.0,0.0,0.0,35.11218387433186,35.11218387433186,0.0
2022-09-08 06:00:00,0.0,0.0,15.63841160943606,40.83459746264813,0.020000016,114.40802107842933,79.65855336945064,22.48932979279533,14.755809900881955,99.65221117754737,14.755809900881957,0.0,12.897530926408132,100.00000000000003,47.32333056930688,41.220253815252605,6.103076754054278
2022-09-08 07:00:00,0.0,0.0,66.24419286028196,40.83459746264813,1.1034219898475923,253.22486751666906,177.16762149714933,27.736488171785915,50.507653888725955,202.71721362794312,50.50765388872594,0.0,19.94577167086529,99.99999999999997,90.89748850899966,72.80690957740524,18.090578931594422
2022-09-08 08:00:00,0.0,0.0,84.09377891107633,40.83459746264813,2.187251248793349,262.7258754600349,267.25752069772346,32.25179752180386,74.90492934350125,187.82094611653366,74.90492934350124,0.0,28.510678368600793,99.99999999999997,85.38169531631029,61.15107424762777,24.230621068682517
2022-09-08 09:00:00,0.0,0.0,96.46593140959828,40.83459746264813,1.1035829703298994,273.1714330106887,335.6346116361242,34.88858161362888,93.12609476531266,180.04533824537606,93.12609476531264,0.0,34.09071502790293,99.99999999999999,85.42272424149388,56.369245196611644,29.053479044882238
2022-09-08 10:00:00,0.0,0.0,106.9758629817665,40.83459746264813,1.103848619402769,285.60795953072505,374.0307012351553,36.0884594135986,103.30134667483324,182.3066128558918,103.30134667483324,0.0,36.16893130169235,100.0,88.30451979688051,56.43760386789457,31.86691592898594
2022-09-08 11:00:00,0.0,0.0,116.0728982416624,40.83459746264813,1.104054401219369,294.16064584817536,475.12255677207855,38.74757989912746,129.87502592284847,164.2856199253269,129.87502592284847,0.0,44.15105411139213,100.0,91.41064771351907,51.13964905049183,40.270998663027235
2022-09-08 12:00:00,0.0,0.0,130.09365952260907,40.83459746264813,2.1878153144275743,310.33125186145764,581.1054515623398,42.05954536132312,156.79465653973602,153.53659532172162,156.79465653973602,0.0,50.524932825564875,100.0,97.93102951342806,48.65046896298902,49.28056055043904
2022-09-08 13:00:00,0.0,0.0,138.33355508844244,40.83459746264813,1.103491567353857,315.0390566895328,574.2522858397211,41.84538393249129,155.07657647773115,159.96248021180165,155.07657647773115,0.0,49.22455587167316,100.0,99.86444008797613,50.8044143534811,49.060025734495035
2022-09-08 14:00:00,0.0,0.0,145.84759920986812,40.83459746264813,1.1034276803104777,322.55310081095854,489.48310477908024,38.09634702434626,134.14016867009403,188.4129321408645,134.14016867009403,0.0,41.58700329739217,100.0,106.9734255722385,62.569005537377286,44.40442003486121
2022-09-08 15:00:00,0.0,0.0,145.36990152456684,40.83459746264813,1.1036887349472289,324.96529554745945,361.19742473820264,34.08741952306883,100.52718346943556,224.4381120780239,100.52718346943556,0.0,30.934744370188938,100.0,109.18558043448931,75.47077364251001,33.7148067919793
2022-09-08 16:00:00,0.0,0.0,131.68602937174452,40.83459746264813,1.1032720391861024,294.2283361916492,208.3395398829987,28.71061062134371,59.17800738750237,235.05032880414683,59.17800738750236,0.0,20.11295314158866,99.99999999999999,103.42718519869717,82.66487719682891,20.762308001868263
2022-09-08 17:00:00,0.0,0.0,104.47545138378723,40.83459746264813,0.020000016,226.37945930323846,77.70471843978262,23.028272451243208,14.01309622432377,212.3663630789147,14.01309622432376,0.0,6.190091745714889,99.99999999999993,84.46464537990488,79.23642924409081,5.2282161358140655
2022-09-08 18:00:00,0.0,0.0,81.74966556114822,40.83459746264813,1.1031343350001845,215.9257254227752,0.0,19.4,0.0,215.9257254227752,0.0,0.0,0.0,0.0,82.95431331937513,82.95431331937513,0.0
2022-09-08 19:00:00,0.0,0.0,62.06680164579677,40.83459746264813,0.020000016,174.05218777678735,0.0,18.9,0.0,174.05218777678735,0.0,0.0,0.0,0.0,66.89098651284363,66.89098651284363,0.0
2022-09-08 20:00:00,0.0,0.0,50.54725861882548,40.83459746264813,1.1029842868250983,161.248248117904,0.0,18.9,0.0,161.248248117904,0.0,0.0,0.0,0.0,63.337763051893326,63.337763051893326,0.0
2022-09-08 21:00:00,0.0,0.0,1.6981254974699191,4.831933465853558,0.020000016,54.205777269117455,0.0,18.9,0.0,54.205777269117455,0.0,0.0,0.0,0.0,20.99316208531079,20.99316208531079,0.0
2022-09-08 22:00:00,0.0,0.0,3.5486924862358755,9.623294467149359,1.102879196791325,56.64024590454911,0.0,18.9,0.0,56.64024590454911,0.0,0.0,0.0,0.0,21.779357149423927,21.779357149423927,0.0
2022-09-08 23:00:00,0.0,0.0,0.7615936463899992,6.445500021185039,0.020000016,45.314516306622906,0.0,18.9,0.0,45.314516306622906,0.0,0.0,0.0,0.0,17.22311720767983,17.22311720767983,0.0
2022-09-09 00:00:00,0.0,0.0,0.033877856956983046,6.445500021185039,0.020000016,44.58680051718989,0.0,18.9,0.0,44.58680051718989,0.0,0.0,0.0,0.0,17.41697595315164,17.41697595315164,0.0
2022-09-09 01:00:00,0.0,0.0,0.3699257027379145,3.602771750602846,1.1028468052977862,42.08012009238863,0.0,18.3,0.0,42.08012009238863,0.0,0.0,0.0,0.0,16.585618790978767,16.585618790978767,0.0
2022-09-09 02:00:00,0.0,0.0,0.03256728705034925,3.602771750602846,0.020000016,41.74276167670106,0.0,17.2,0.0,41.74276167670106,0.0,0.0,0.0,0.0,16.004853844692946,16.004853844692946,0.0
2022-09-09 03:00:00,0.0,0.0,0.0,0.0,0.020000016,38.10742263904787,0.0,17.2,0.0,38.10742263904787,0.0,0.0,0.0,0.0,14.790233680679673,14.790233680679673,0.0
2022-09-09 04:00:00,0.0,0.0,0.0,0.0,1.1028947067630777,38.10742263904787,0.0,16.7,0.0,38.10742263904787,0.0,0.0,0.0,0.0,15.212710631350648,15.212710631350648,0.0
2022-09-09 05:00:00,0.0,0.0,6.454654002044945,40.83459746264813,0.020000016,83.09229360568709,0.0,17.2,0.0,83.09229360568709,0.0,0.0,0.0,0.0,32.936400658841144,32.936400658841144,0.0
2022-09-09 06:00:00,0.0,0.0,11.616585119478538,40.83459746264813,0.020000016,87.45547316836901,59.58570225202814,19.062053195375878,8.359973823134819,79.09549934523419,8.359973823134823,0.0,9.559120224574427,100.00000000000004,34.87647093705027,31.54293137507526,3.3335395619750123
2022-09-09 07:00:00,0.0,0.0,46.184254961084235,40.83459746264813,1.10304804585417,160.40145584317546,151.4999508738398,23.034373464807494,43.94931335160662,116.45214249156884,43.94931335160662,0.0,27.399572603989252,100.0,58.69220315977663,42.665207059846246,16.026996099930386
2022-09-09 08:00:00,0.0,0.0,60.88747353950822,40.83459746264813,1.1031558725413637,177.3523685274456,261.9786295783942,29.28683217432482,74.25311426807734,103.09925425936827,74.25311426807734,0.0,41.867562798625116,100.0,60.140177186591586,35.0441096262668,25.096067560324784
2022-09-09 09:00:00,0.0,0.0,79.80465225735828,40.83459746264813,0.020000016,195.3062497713616,338.2152118446369,32.2692253701449,94.7861367062832,100.52011306507839,94.7861367062832,0.0,48.53205507619246,100.0,59.751688941218056,30.754714000031907,28.99697494118615
2022-09-09 10:00:00,0.0,0.0,97.96834728889975,40.83459746264813,1.1032927683567777,215.7176389087492,372.16911079167704,33.83028471223991,103.68275953447524,112.03487937427396,103.68275953447524,0.0,48.06410827551016,100.0,66.77558321624105,34.77597314111595,31.999610075125098
2022-09-09 11:00:00,0.0,0.0,104.3418790014197,40.83459746264813,1.1032354716184207,220.8067739893571,460.4514675096816,37.18910835967755,126.62935028117103,94.17742370818608,126.62935028117103,0.0,57.34848981004295,100.0,70.11599895339228,30.019448333610885,40.0965506197814
2022-09-09 12:00:00,0.0,0.0,111.8112283187198,40.83459746264813,0.020000016,225.70733004283306,540.8583513187364,39.70182347871051,147.29397594879194,78.41335409404113,147.29397594879194,0.0,65.25883582107838,100.0,73.40475327774264,25.50401582931577,47.900737448426874
2022-09-09 13:00:00,0.0,0.0,110.83384467133824,40.83459746264813,1.103014264690355,185.63098065497658,556.8482563567743,40.2015080111492,151.3520649808609,34.278915674115694,151.3520649808609,0.0,81.5338390428329,100.0,60.68459691175087,11.368040058387159,49.316556853363714
2022-09-09 14:00:00,0.0,0.0,108.47850622695358,40.83459746264813,0.020000016,181.99124557867987,469.6046125558381,37.47514414236994,129.00343311333543,52.98781246534443,129.00343311333543,0.0,70.88441683177759,100.0,59.854151988395685,17.429437957578624,42.42471403081706
2022-09-09 15:00:00,0.0,0.0,108.95106013879246,40.83459746264813,1.1030351323761092,182.78489864849672,336.1358893419043,33.30424654193451,93.83266792631814,88.95223072217858,93.83266792631814,0.0,51.33502199586106,100.0,63.16982736576236,30.843534938466505,32.326292427295854
2022-09-09 16:00:00,0.0,0.0,99.20886631386426,40.83459746264813,0.020000016,162.26846711622838,186.05294105644452,27.51415440801389,53.08479576445962,109.18367135176877,53.084795764459614,0.0,32.71417836617416,99.99999999999999,58.02106874389942,39.04113086627453,18.97993787762489
2022-09-09 17:00:00,0.0,0.0,23.877096525500438,19.781160071840223,1.1029965156635864,66.92483403038852,57.04999569541108,21.182812365481595,7.604743909055851,59.320090121332676,7.604743909055848,0.0,11.363112093192141,99.99999999999997,25.72774216864569,22.826836557097245,2.9009056115484455
2022-09-09 18:00:00,0.0,0.0,19.629353295329516,21.625200368519486,0.020000016,79.36197630289686,0.0,18.9,0.0,79.36197630289686,0.0,0.0,0.0,0.0,32.292814689759744,32.292814689759744,0.0
2022-09-09 19:00:00,0.0,0.0,15.77833773005547,21.590130016553672,1.1029763051453894,75.47589038565701,0.0,18.3,0.0,75.47589038565701,0.0,0.0,0.0,0.0,29.55682580326245,29.55682580326245,0.0
2022-09-09 20:00:00,0.0,0.0,12.74747944264715,21.264476611774178,0.020000016,72.11937869346919,0.0,18.3,0.0,72.11937869346919,0.0,0.0,0.0,0.0,27.546712927985944,27.546712927985944,0.0
2022-09-09 21:00:00,0.0,0.0,10.967330236545203,21.182433129292725,0.020000016,70.25718600488578,0.0,17.8,0.0,70.25718600488578,0.0,0.0,0.0,0.0,27.232476019216662,27.232476019216662,0.0
2022-09-09 22:00:00,0.0,0.0,9.06332605117497,18.87877865992166,1.10287985419149,66.04952735014449,0.0,17.8,0.0,66.04952735014449,0.0,0.0,0.0,0.0,25.834046777242147,25.834046777242147,0.0
2022-09-09 23:00:00,0.0,0.0,7.848052129964514,17.18621024437293,0.020000016,63.14168501338529,0.0,17.8,0.0,63.14168501338529,0.0,0.0,0.0,0.0,25.01402244496504,25.01402244496504,0.0
2022-09-10 00:00:00,0.0,0.0,11.167810723750936,20.803364245719024,0.020000016,70.07859760851784,0.0,17.8,0.0,70.07859760851784,0.0,0.0,0.0,0.0,28.41031094476388,28.41031094476388,0.0
2022-09-10 01:00:00,0.0,0.0,11.05774379723883,21.053059565893903,1.1029019812094658,70.21822600218059,0.0,17.8,0.0,70.21822600218059,0.0,0.0,0.0,0.0,28.772129574383406,28.772129574383406,0.0
2022-09-10 02:00:00,0.0,0.0,4.71079700993926,15.416627509406958,0.020000016,58.234847158394096,0.0,17.8,0.0,58.234847158394096,0.0,0.0,0.0,0.0,24.318396745207412,24.318396745207412,0.0
2022-09-10 03:00:00,0.0,0.0,2.131467904874813,8.173405823678634,0.020000016,48.41229636760132,0.0,17.8,0.0,48.41229636760132,0.0,0.0,0.0,0.0,20.546148667345562,20.546148667345562,0.0
2022-09-10 04:00:00,0.0,0.0,1.541602127468571,8.994308000535923,1.1028976354829585,48.643332767052364,0.0,18.3,0.0,48.643332767052364,0.0,0.0,0.0,0.0,20.772031553157174,20.772031553157174,0.0
2022-09-10 05:00:00,0.0,0.0,0.13430700131182396,10.353901452697189,0.020000016,36.722954928256875,0.0,18.9,0.0,36.722954928256875,0.0,0.0,0.0,0.0,15.341861210822815,15.341861210822815,0.0
2022-09-10 06:00:00,0.0,0.0,6.086484622520976,14.423837583442737,0.020000016,40.808730597811575,43.146433642966215,20.248326051342694,4.364568910563083,36.444161687248496,4.364568910563079,0.0,10.695184208442729,99.99999999999993,17.160611572748056,15.325637688524571,1.8349738842234853
2022-09-10 07:00:00,0.0,0.0,21.78062598260904,21.49207300708085,1.1029021066155438,63.57110738153775,110.7916435890134,22.862238862156666,28.504807789962864,35.06629959157489,28.50480778996286,0.0,44.83925003678825,99.99999999999999,24.14613198718766,13.408228368669702,10.737903618517956
2022-09-10 08:00:00,0.0,0.0,31.264771976483143,26.92381046956949,0.020000016,78.48699083790049,181.23740691442617,26.26366896607582,51.95232512466331,26.53466571323718,51.95232512466331,0.0,66.19227539498955,100.0,27.773868109429078,9.392096433820704,18.381771675608373
2022-09-10 09:00:00,0.0,0.0,40.30533696620365,26.40244226254805,0.020000016,87.00618762059956,209.23057044641018,28.238455326450318,59.53637093233883,27.469816688260728,59.53637093233883,0.0,68.42774354388908,100.0,30.44010556460127,9.613092285050495,20.827013279550776
2022-09-10 10:00:00,0.0,0.0,46.13286409279259,29.11952427892815,1.1029580717420486,95.5507967635686,339.42595504093106,33.40706109502909,94.71390580749326,0.8368909560753366,94.71390580749326,0.0,99.12414026421345,100.0,33.619390241563075,0.49130740727615874,33.128082834286914
2022-09-10 11:00:00,0.0,0.0,50.580199637432315,26.40244226254805,0.020000016,97.28105029182822,489.64315728826136,38.60134866525817,133.9205386360522,0.0,97.28105029182822,36.63948834422399,100.0,72.640874418974,33.30387733655885,0.0036010111631256747,33.30027632539572
2022-09-10 12:00:00,0.0,0.0,56.17388345810305,29.11952427892815,0.020000016,105.59181612887906,544.7522772387955,40.32350866371236,147.9935425395935,0.0,105.59181612887906,42.401726410714446,100.0,71.34893476898124,35.74748668894998,0.0036010111631256747,35.74388567778685
2022-09-10 13:00:00,0.0,0.0,61.80319880867469,26.40244226254805,1.1029152190629576,108.50404946307061,506.196086149781,39.11862769218066,138.16884903992823,0.0,108.50404946307061,29.664799576857618,100.0,78.53003786093272,36.429167498140984,0.19858034192707194,36.230587156213915
2022-09-10 14:00:00,0.0,0.0,68.43780055299901,29.11952427892815,0.020000016,117.85573322377502,460.0837712164501,36.577617850514066,126.82802220816691,0.0,117.85573322377502,8.972288984391895,100.0,92.92562571884517,38.6249247885942,0.0036010111631256747,38.62132377743107
2022-09-10 15:00:00,0.0,0.0,61.13763475830748,26.40244226254805,0.020000016,107.83848541270339,196.50357060324868,27.84073658135152,55.99819455613834,51.840290856565055,55.99819455613834,0.0,51.92783850944343,100.0,36.8989212178384,17.73997892337401,19.15894229446439
2022-09-10 16:00:00,0.0,0.0,56.74900678040078,29.119524278928147,1.1028989205465856,106.16693945117679,154.2127756527188,25.419149239147465,44.344400956608,61.82253849456879,44.344400956608,0.0,41.7685592010503,100.0,37.27048015963162,21.786080511598456,15.484399648033161
2022-09-10 17:00:00,0.0,0.0,41.98775681709451,26.402442262548046,0.020000016,91.65677651269043,41.651008745871074,20.70159402330847,4.060562848685995,87.59621366400444,4.06056284868599,0.0,4.430182909742392,99.99999999999987,34.374892203422036,32.85218113516479,1.5227110682572444
2022-09-10 18:00:00,0.0,0.0,32.68388284225871,29.119524278928147,0.020000016,99.91082976023472,0.0,18.9,0.0,99.91082976023472,0.0,0.0,0.0,0.0,39.97342801089383,39.97342801089383,0.0
2022-09-10 19:00:00,0.0,0.0,22.59208448224999,25.537549160016233,1.102849367879072,86.2370562813141,0.0,18.3,0.0,86.2370562813141,0.0,0.0,0.0,0.0,35.18839170097452,35.18839170097452,0.0
2022-09-10 20:00:00,0.0,0.0,15.757506421355274,24.215158005737106,0.020000016,78.08008706614025,0.0,17.8,0.0,78.08008706614025,0.0,0.0,0.0,0.0,31.43278805746123,31.43278805746123,0.0
2022-09-10 21:00:00,0.0,0.0,4.059063590165397,19.44335840379705,0.020000016,61.609844633010304,0.0,18.3,0.0,61.609844633010304,0.0,0.0,0.0,0.0,25.382236261615894,25.382236261615894,0.0
2022-09-10 22:00:00,0.0,0.0,0.9682000311983205,15.646750385250009,1.1028887317095961,54.72237305549619,0.0,18.3,0.0,54.72237305549619,0.0,0.0,0.0,0.0,22.761978042975596,22.761978042975596,0.0
2022-09-10 23:00:00,0.0,0.0,0.325314389910747,10.195231917403536,0.020000016,53.98880525847817,0.0,18.3,0.0,53.98880525847817,0.0,0.0,0.0,0.0,22.682138548039468,22.682138548039468,0.0
2022-09-11 00:00:00,0.0,0.0,0.1818719871299881,12.143577938320611,0.020000016,55.793708876614474,0.0,17.8,0.0,55.793708876614474,0.0,0.0,0.0,0.0,23.50530603271506,23.50530603271506,0.0
2022-09-11 01:00:00,0.0,0.0,0.02258570418220621,7.558247850683262,1.1028206958783189,51.04909250602935,0.0,18.3,0.0,51.04909250602935,0.0,0.0,0.0,0.0,21.91586825690354,21.91586825690354,0.0
2022-09-11 02:00:00,0.0,0.0,0.0,6.7478345630638055,0.020000016,50.21609351422769,0.0,18.3,0.0,50.21609351422769,0.0,0.0,0.0,0.0,21.8325368617979,21.8325368617979,0.0
2022-09-11 03:00:00,0.0,0.0,0.0,4.803695667470461,0.020000016,48.27195461863434,0.0,18.3,0.0,48.27195461863434,0.0,0.0,0.0,0.0,21.70787860656659,21.70787860656659,0.0
2022-09-11 04:00:00,0.0,0.0,0.0,5.4041576259042685,1.1029483551038106,53.079875931698254,0.0,18.3,0.0,53.079875931698254,0.0,0.0,0.0,0.0,23.985005709977226,23.985005709977226,0.0
2022-09-11 05:00:00,0.0,0.0,1.1263201773993967,40.83459746264813,0.020000016,77.76395978104152,0.0,17.8,0.0,77.76395978104152,0.0,0.0,0.0,0.0,33.42227390726681,33.42227390726681,0.0
2022-09-11 06:00:00,0.0,0.0,12.400511721011386,40.83459746264813,1.1031737559719692,111.17012119000468,39.13425394440198,19.522945435762562,3.600059049828882,107.57006214017579,3.600059049828886,0.0,3.23833329611641,100.00000000000011,46.239732582445036,44.7487681269584,1.4909644554866333
2022-09-11 07:00:00,0.0,0.0,69.23389314047544,40.83459746264813,1.1035083469904639,256.2145677968626,135.34339925761313,23.129481226800408,39.248668806748185,216.9658989901144,39.248668806748185,0.0,15.318671824260258,100.0,95.99859510694196,81.32332159675478,14.675273510187182
2022-09-11 08:00:00,0.0,0.0,93.69991470087807,40.83459746264813,1.1036327341805012,272.33201124983657,168.082897202177,25.252590537568032,48.36263312146866,223.9693781283679,48.36263312146866,0.0,17.758703025587735,100.0,97.44710908808152,80.17705461357068,17.270054474510843
2022-09-11 09:00:00,0.0,0.0,106.89866360984561,40.83459746264813,1.1036634708929898,283.604165210936,369.75098187690725,33.25471818365335,103.23586895295519,180.36829625798083,103.23586895295517,0.0,36.4013937793091,99.99999999999999,102.58407276860498,65.31437553855388,37.26969723005111
2022-09-11 10:00:00,0.0,0.0,114.06189695487767,40.83459746264813,1.1038586909107129,292.69399350383617,407.8131160186308,35.54415987558221,112.86804765553617,179.8259458483,112.86804765553617,0.0,38.56179155041556,100.0,104.24414755520014,64.12237831484842,40.121769240351725
2022-09-11 11:00:00,0.0,0.0,118.32535863374285,40.83459746264813,2.1880989973867986,296.41310624025573,462.59995204377236,37.25624850136789,127.1871112776727,169.22599496258303,127.1871112776727,0.0,42.90873399322026,100.0,103.02700616629474,58.98846888640056,44.03853727989418
2022-09-11 12:00:00,0.0,0.0,130.75500907166673,40.83459746264813,1.1039313024735247,310.9926014105153,553.7497568570265,40.10467990178208,150.5670247906188,160.4255766198965,150.5670247906188,0.0,48.41498611469148,100.0,109.76456669110458,56.71829818712166,53.046268503982915
2022-09-11 13:00:00,0.0,0.0,141.30922213682186,40.83459746264813,1.1034852761066596,318.01472373791216,548.5430703596053,39.94197094873766,149.24641140295498,168.7683123349572,149.24641140295498,0.0,46.93066083504817,100.0,112.1335054422042,59.601753556592094,52.5317518856121
2022-09-11 14:00:00,0.0,0.0,147.2165289846183,40.83459746264813,1.103473746476626,323.9220305857086,458.0806907513752,36.51502158598048,126.30640242110987,197.61562816459877,126.30640242110985,0.0,38.99284102187351,99.99999999999999,117.01954162560209,71.46776912444092,45.55177250116117
2022-09-11 15:00:00,0.0,0.0,142.01619178857956,40.83459746264813,1.103704028298942,321.6115858114722,325.8601184838029,32.38312870261884,91.28402204160433,230.32756376986788,91.28402204160432,0.0,28.38331268796851,99.99999999999999,117.83780822547696,84.44793864309894,33.389869582378026
2022-09-11 16:00:00,0.0,0.0,126.31021712307187,40.83459746264813,1.1032377480878248,288.8525239429765,170.03277959376464,26.413524362305147,48.71332838340965,240.13919555956687,48.713328383409646,0.0,16.864428850559857,99.99999999999999,108.36524305433798,90.12356297460256,18.241680079735417
2022-09-11 17:00:00,0.0,0.0,98.24277118496403,40.83459746264813,1.103165852507075,220.14677910441517,41.98478719328006,20.712024599790002,4.125747094339814,216.02103201007537,4.1257470943398005,0.0,1.8740892377003469,99.99999999999967,88.79229378357228,87.13196938039711,1.6603244031751672
2022-09-11 18:00:00,0.0,0.0,83.65949834382265,40.83459746264813,0.020000016,217.83555820544964,0.0,18.9,0.0,217.83555820544964,0.0,0.0,0.0,0.0,88.74109400173509,88.74109400173509,0.0
2022-09-11 19:00:00,0.0,0.0,68.26155430342547,40.83459746264813,1.1030296434857352,180.24694043441608,0.0,18.3,0.0,180.24694043441608,0.0,0.0,0.0,0.0,71.7584387659593,71.7584387659593,0.0
2022-09-11 20:00:00,0.0,0.0,58.331345058034266,40.83459746264813,0.020000016,169.03233455711276,0.0,18.3,0.0,169.03233455711276,0.0,0.0,0.0,0.0,65.84676629119527,65.84676629119527,0.0
2022-09-11 21:00:00,0.0,0.0,6.029249996593706,11.644905385809967,1.102871629474709,65.34987368819766,0.0,18.3,0.0,65.34987368819766,0.0,0.0,0.0,0.0,26.345710454988424,26.345710454988424,0.0
2022-09-11 22:00:00,0.0,0.0,4.398382924753136,15.59122957464675,0.020000016,63.45787145056377,0.0,18.3,0.0,63.45787145056377,0.0,0.0,0.0,0.0,26.23581591139718,26.23581591139718,0.0
2022-09-11 23:00:00,0.0,0.0,0.2158934494312857,8.994308000535922,0.020000016,52.67846040113108,0.0,18.3,0.0,52.67846040113108,0.0,0.0,0.0,0.0,21.854362993250295,21.854362993250295,0.0
2022-09-12 00:00:00,0.0,0.0,0.7064445731107849,10.571046532090135,1.1028127924636775,54.745750056364805,0.0,18.3,0.0,54.745750056364805,0.0,0.0,0.0,0.0,22.573697405512313,22.573697405512313,0.0
2022-09-12 01:00:00,0.0,0.0,1.0524926281521807,10.195231917403536,0.020000016,54.715983496719595,0.0,18.3,0.0,54.715983496719595,0.0,0.0,0.0,0.0,22.27656283325529,22.27656283325529,0.0
2022-09-12 02:00:00,0.0,0.0,0.2835154396759575,7.646423938052653,0.020000016,51.3981983288925,0.0,18.3,0.0,51.3981983288925,0.0,0.0,0.0,0.0,20.913673046314816,20.913673046314816,0.0
2022-09-12 03:00:00,0.0,0.0,0.24030780517829,8.647193868775666,1.102882112535751,52.35576062511784,0.0,17.8,0.0,52.35576062511784,0.0,0.0,0.0,0.0,21.3652230654089,21.3652230654089,0.0
2022-09-12 04:00:00,0.0,0.0,0.04325710992947203,7.4973602297751345,0.020000016,55.216335645498596,0.0,17.8,0.0,55.216335645498596,0.0,0.0,0.0,0.0,22.184831284994598,22.184831284994598,0.0
2022-09-12 05:00:00,0.0,0.0,9.666383853397068,40.83459746264813,0.020000016,86.3040234570392,0.0,18.3,0.0,86.3040234570392,0.0,0.0,0.0,0.0,34.80181478915861,34.80181478915861,0.0
2022-09-12 06:00:00,0.0,0.0,23.67060379808655,40.83459746264813,1.1030786417497305,122.44021326707983,55.543457899700066,20.635733059365627,7.2227931565518215,115.21742011052801,7.222793156551816,0.0,5.899036732969975,99.99999999999993,48.46943944466306,45.62192547062407,2.847513974038989
2022-09-12 07:00:00,0.0,0.0,70.8101090965919,40.83459746264813,1.1034908835522639,257.790783752979,131.43635630780705,23.50738613461897,38.062723997034944,219.72805975594406,38.06272399703494,0.0,14.764966940597654,99.99999999999997,92.63859218261872,78.98987029814195,13.648721884476771
2022-09-12 08:00:00,0.0,0.0,86.3957284022742,40.83459746264813,1.1035925160502462,265.0278249512327,185.26270056319586,25.18945939259987,53.318255459308254,211.7095694919244,53.31825545930826,0.0,20.117984015119646,100.00000000000003,89.49850276772321,71.53318318198659,17.965319585736623
2022-09-12 09:00:00,0.0,0.0,98.76881202276594,40.83459746264813,1.1036354919373876,275.47431362385635,228.63798685538723,28.244937089230852,65.05715464883625,210.4171589750201,65.05715464883625,0.0,23.616414101558625,100.0,91.4137647544877,69.87203970716504,21.541725047322657
2022-09-12 10:00:00,0.0,0.0,108.00705701193132,40.83459746264813,2.187548753210978,286.6391535608898,408.4434375148526,34.963857422339146,113.29506733301184,173.34408622787794,113.29506733301184,0.0,39.52532859714329,100.0,96.9454015443646,58.783091063912885,38.162310480451715
2022-09-12 11:00:00,0.0,0.0,113.75119639723974,40.83459746264813,1.1039996088474326,291.83894400375266,430.0342040132803,36.23856887541501,118.69983896748664,173.13910503626602,118.69983896748664,0.0,40.67306348461853,100.0,101.11668242325449,60.07027810829762,41.04640431495687
2022-09-12 12:00:00,0.0,0.0,121.75089078143422,40.83459746264813,1.1039312657437763,301.9884831202829,554.747528006509,39.535860250203406,151.1745746699203,150.81390845036262,151.1745746699203,0.0,50.059715227519796,100.0,110.14522027356972,55.10633700061848,55.03888327295124
2022-09-12 13:00:00,0.0,0.0,119.86207955951653,40.83459746264813,1.1034877620403178,296.5675811606069,518.2731545766732,38.99603608052104,141.53305145008235,155.03452971052454,141.53305145008235,0.0,47.72370968404493,100.0,112.59038249886825,58.95289432557328,53.63748817329497
2022-09-12 14:00:00,0.0,0.0,118.63646667775332,40.83459746264813,1.1034236201913592,295.3419682788437,441.8227174474229,36.006959920231964,122.06279668581891,173.27917159302478,122.06279668581891,0.0,41.3293096802872,100.0,113.52729194771867,66.68935560343624,46.837936344282426
2022-09-12 15:00:00,0.0,0.0,121.30797401259258,40.83459746264813,2.1873825489243206,300.9033680354852,348.8634081183055,32.001981503697046,97.86968298251983,203.03368505296535,97.86968298251983,0.0,32.5252866465018,100.0,116.60271986906821,78.80544830121904,37.797271567849165
2022-09-12 16:00:00,0.0,0.0,107.17767230779306,40.83459746264813,0.020000016,269.7199791276978,198.82568671871545,26.81330270995986,56.87761577458457,212.84236335311323,56.87761577458457,0.0,21.08765392854198,100.0,108.17210144053506,85.36190241029566,22.810199030239403
2022-09-12 17:00:00,0.0,0.0,80.73290256665436,40.83459746264813,1.1031698632725706,202.63691048610553,72.05922266971567,21.65185070842861,12.111799551221319,190.52511093488422,12.11179955122131,0.0,5.977094460316397,99.99999999999993,88.05996420839297,82.80840904097892,5.251555167414054
2022-09-12 18:00:00,0.0,0.0,64.47330308726427,40.83459746264813,1.103164317680025,198.64936294889125,0.0,18.9,0.0,198.64936294889125,0.0,0.0,0.0,0.0,89.8341839888497,89.8341839888497,0.0
2022-09-12 19:00:00,0.0,0.0,49.27147767021656,40.83459746264813,0.020000016,161.25686380120715,0.0,18.9,0.0,161.25686380120715,0.0,0.0,0.0,0.0,71.54682120520668,71.54682120520668,0.0
2022-09-12 20:00:00,0.0,0.0,42.66030284866581,40.83459746264813,1.1028680832562852,153.3612923477443,0.0,18.3,0.0,153.3612923477443,0.0,0.0,0.0,0.0,67.30333893478455,67.30333893478455,0.0
2022-09-12 21:00:00,0.0,0.0,0.017384699555450245,3.296230083400346,0.020000016,50.98933308874978,0.0,18.3,0.0,50.98933308874978,0.0,0.0,0.0,0.0,22.1362858783313,22.1362858783313,0.0
2022-09-12 22:00:00,0.0,0.0,0.04628604984253657,5.497923930990975,0.020000016,49.01246893199739,0.0,17.8,0.0,49.01246893199739,0.0,0.0,0.0,0.0,20.528307563471014,20.528307563471014,0.0
2022-09-12 23:00:00,0.0,0.0,0.0,5.09761595870177,1.10284011102246,48.56587490986565,0.0,17.2,0.0,48.56587490986565,0.0,0.0,0.0,0.0,20.57437963712741,20.57437963712741,0.0
2022-09-13 00:00:00,0.0,0.0,0.0,3.602771750602846,0.020000016,47.07103070176672,0.0,17.2,0.0,47.07103070176672,0.0,0.0,0.0,0.0,19.494773404150692,19.494773404150692,0.0
2022-09-13 01:00:00,0.0,0.0,0.0,3.602771750602846,0.020000016,47.07103070176673,0.0,17.8,0.0,47.07103070176673,0.0,0.0,0.0,0.0,19.216583612703253,19.216583612703253,0.0
2022-09-13 02:00:00,0.0,0.0,0.0,1.2009239168676158,1.1028892640423247,44.6691828680315,0.0,17.8,0.0,44.6691828680315,0.0,0.0,0.0,0.0,18.575924192451698,18.575924192451698,0.0
2022-09-13 03:00:00,0.0,0.0,0.0,2.4018478337352307,0.020000016,45.87010678489911,0.0,18.3,0.0,45.87010678489911,0.0,0.0,0.0,0.0,18.855526848154888,18.855526848154888,0.0
2022-09-13 04:00:00,0.0,0.0,0.0,3.602771750602846,1.102869414101855,51.27849005639683,0.0,18.3,0.0,51.27849005639683,0.0,0.0,0.0,0.0,21.521963007326633,21.521963007326633,0.0
2022-09-13 05:00:00,0.0,0.0,0.545096283752725,40.83459746264813,0.020000016,77.18273588739486,0.0,18.3,0.0,77.18273588739486,0.0,0.0,0.0,0.0,32.54114106553275,32.54114106553275,0.0
2022-09-13 06:00:00,0.0,0.0,1.0023746346971296,40.83459746264813,1.10310711079608,99.77198410369041,26.32427662615537,19.122633644567355,1.6313172228322015,98.14066688085822,1.6313172228321946,0.0,1.6350453862246632,99.99999999999957,41.58353503840335,40.90687281095867,0.6766622274446803
2022-09-13 07:00:00,0.0,0.0,20.04991713295635,40.83459746264813,1.1035109652882649,207.03059178934345,138.84914315180487,23.2390357234939,40.249101358421555,166.7814904309219,40.24910135842154,0.0,19.441137181975296,99.99999999999997,78.79060570839327,63.51144309621607,15.279162612177203
2022-09-13 08:00:00,0.0,0.0,41.02170220161333,40.83459746264813,1.1035480984334438,219.6537987505718,148.66707806557872,24.645846189549335,42.87222340147154,176.78157534910028,42.87222340147153,0.0,19.51808875846265,99.99999999999999,79.29492895320695,63.85685566745406,15.438073285752886
2022-09-13 09:00:00,0.0,0.0,61.43658026150549,40.83459746264813,1.1036058799367303,238.14208186259586,239.88180686735504,27.496306464604846,68.44785937863149,169.69422248396438,68.44785937863148,0.0,28.742446040311677,99.99999999999997,84.37954921331243,60.18391540155998,24.19563381175245
2022-09-13 10:00:00,0.0,0.0,72.71477875938736,40.83459746264813,1.103787473383592,251.3468753083459,256.82708876452995,29.12584652389156,72.83706074043111,178.50981456791476,72.83706074043113,0.0,28.978701506066663,100.00000000000003,89.63046909514128,63.714314513088475,25.916154582052805
2022-09-13 11:00:00,0.0,0.0,78.47190375187829,40.83459746264813,2.1880116982421454,256.55965135839125,356.74708402867753,32.84834637589617,99.75961373693758,156.80003762145367,99.75961373693758,0.0,38.88359420849937,100.0,92.98889618411602,56.98465399031789,36.00424219379813
2022-09-13 12:00:00,0.0,0.0,86.65839648427927,40.83459746264813,1.103934558581426,266.89598882312794,543.7843402919412,39.19326063412316,148.38551155325484,118.51047726987309,148.38551155325484,0.0,55.59675595259319,100.0,98.70340094932544,43.9380182728079,54.76538267651754
2022-09-13 13:00:00,0.0,0.0,92.00465162536815,40.83459746264813,1.1035149741793042,268.7101532264586,533.1342155963803,38.860444237386886,145.66842732989053,123.04172589656807,145.66842732989053,0.0,54.21024311170214,100.0,103.25037564119715,47.385805418047475,55.86457022314968
2022-09-13 14:00:00,0.0,0.0,88.57766716679332,40.83459746264813,1.1034351653939758,265.28316876788375,452.4036893665234,36.33761529270386,124.82660940897155,140.45655935891222,124.82660940897154,0.0,47.05410071386464,99.99999999999999,101.73182755685528,53.95631520471255,47.77551235214273
2022-09-13 15:00:00,0.0,0.0,79.02095213116299,40.83459746264813,1.1037230102257092,258.6163461540556,235.26369037730763,28.451990324290865,66.89053925015091,191.72580690390467,66.89053925015091,0.0,25.864776238971675,100.0,100.70867563610337,74.71200200922847,25.996673626874895
2022-09-13 16:00:00,0.0,0.0,65.60631228319399,40.83459746264813,1.1032962847430354,228.14861910309867,135.79727071744836,25.34366470992026,39.059883768311074,189.0887353347876,39.05988376831107,0.0,17.120368259016374,99.99999999999997,91.5858598208978,75.94003277866311,15.645827042234686
2022-09-13 17:00:00,0.0,0.0,48.57004803639305,40.83459746264813,1.103177874226979,173.4422249970442,54.73394816240956,20.610435880075297,7.0144384017710575,166.42778659527315,7.014438401771059,0.0,4.044250701863747,100.00000000000003,73.97401245784086,70.99035093926352,2.9836615185773354
2022-09-13 18:00:00,0.0,0.0,42.01038771028606,40.83459746264813,0.020000016,176.18644757191305,0.0,18.9,0.0,176.18644757191305,0.0,0.0,0.0,0.0,77.75908498583766,77.75908498583766,0.0
2022-09-13 19:00:00,0.0,0.0,26.144290406163517,40.83459746264813,1.1030886512096483,138.12967653715413,0.0,18.9,0.0,138.12967653715413,0.0,0.0,0.0,0.0,61.43633171605613,61.43633171605613,0.0
2022-09-13 20:00:00,0.0,0.0,12.87141699924537,40.83459746264813,0.020000016,123.57240649832389,0.0,18.3,0.0,123.57240649832389,0.0,0.0,0.0,0.0,52.88270519992589,52.88270519992589,0.0
2022-09-13 21:00:00,0.0,0.0,0.0,0.0,1.1029050766902238,47.675718305793986,0.0,18.3,0.0,47.675718305793986,0.0,0.0,0.0,0.0,20.99830251964893,20.99830251964893,0.0
2022-09-13 22:00:00,0.0,0.0,0.0,0.0,0.020000016,43.46825895116388,0.0,18.3,0.0,43.46825895116388,0.0,0.0,0.0,0.0,18.566286313668154,18.566286313668154,0.0
2022-09-13 23:00:00,0.0,0.0,0.0,0.0,0.020000016,43.46825895116388,0.0,17.2,0.0,43.46825895116388,0.0,0.0,0.0,0.0,18.878605754232265,18.878605754232265,0.0
2022-09-14 00:00:00,0.0,0.0,0.0,0.0,1.102816601403227,43.46825895116388,0.0,17.2,0.0,43.46825895116388,0.0,0.0,0.0,0.0,19.38697347588363,19.38697347588363,0.0
2022-09-14 01:00:00,0.0,0.0,0.0,0.0,0.020000016,43.46825895116388,0.0,17.8,0.0,43.46825895116388,0.0,0.0,0.0,0.0,19.58626900995721,19.58626900995721,0.0
2022-09-14 02:00:00,0.0,0.0,0.0,0.0,0.020000016,43.46825895116388,0.0,17.2,0.0,43.46825895116388,0.0,0.0,0.0,0.0,19.737973233696774,19.737973233696774,0.0
2022-09-14 03:00:00,0.0,0.0,0.0,0.0,1.1029121363404766,43.46825895116388,0.0,17.2,0.0,43.46825895116388,0.0,0.0,0.0,0.0,20.033363687592445,20.033363687592445,0.0
2022-09-14 04:00:00,0.0,0.0,0.0,0.0,0.020000016,47.675718305793986,0.0,17.2,0.0,47.675718305793986,0.0,0.0,0.0,0.0,21.657197129880167,21.657197129880167,0.0
2022-09-14 05:00:00,0.0,0.0,0.20375850433272294,40.83459746264813,0.020000016,76.84139810797485,0.0,17.8,0.0,76.84139810797485,0.0,0.0,0.0,0.0,34.69902908487593,34.69902908487593,0.0
2022-09-14 06:00:00,0.0,0.0,0.057490912573933885,40.83459746264813,1.1031771817651237,98.8271003815672,53.952553305623866,19.986017290800746,6.831083171179967,91.99601721038724,6.831083171179969,0.0,6.912155820423194,100.00000000000004,45.645257889887574,42.503915982788754,3.1413419070988198
2022-09-14 07:00:00,0.0,0.0,7.821899060589408,40.83459746264813,1.1034996945180737,194.8025737169765,95.93239896058239,21.2978874675182,21.494215340157844,173.30835837681866,21.494215340157837,0.0,11.033845667453148,99.99999999999997,83.22354249515018,74.06270791717492,9.160834577975265
2022-09-14 08:00:00,0.0,0.0,18.79692942257104,40.83459746264813,1.103603436006557,197.4290259715295,211.96980834227068,25.524056510695956,60.92893352366772,136.5000924478618,60.92893352366772,0.0,30.861183265146664,100.0,78.62146195208372,54.41927097781243,24.20219097427129
2022-09-14 09:00:00,0.0,0.0,46.46522796796633,40.83459746264813,1.103717669820537,223.1707295690567,205.32320115015563,25.816350035942364,58.95447074507299,164.2162588239837,58.954470745072996,0.0,26.416757636144418,100.00000000000003,86.15962643892755,63.45154339734033,22.708083041587216
2022-09-14 10:00:00,0.0,0.0,66.28379881446882,40.83459746264813,2.187768858457077,244.91589536342732,261.78251114368186,28.180703473240058,74.50608866016886,170.40980670325848,74.50608866016884,0.0,30.421091513725674,99.99999999999997,95.25228412216421,66.39533092319422,28.85695319896999
2022-09-14 11:00:00,0.0,0.0,74.27109299264313,40.83459746264813,1.1041325665672028,252.3588405991561,327.2989330703114,30.228091658447234,92.43869253973581,159.92014805942028,92.43869253973583,0.0,36.629861002794975,100.00000000000003,96.02702206656689,60.925277348453,35.101744718113885
2022-09-14 12:00:00,0.0,0.0,86.0512846192209,40.83459746264813,2.187908947079204,266.2888769580695,488.09593168051134,36.95299786501598,134.35469454300502,131.9341824150645,134.35469454300502,0.0,50.454489905021774,100.0,101.6582680415843,50.56586480077034,51.09240324081395
2022-09-14 13:00:00,0.0,0.0,92.92863731840811,40.83459746264813,1.1034985485169362,269.6341389194984,453.8327938394389,36.38227480748247,125.19932843743639,144.434810482062,125.1993284374364,0.0,46.43304031868744,100.00000000000003,102.46956609210797,54.98208681243053,47.48747927967744
2022-09-14 14:00:00,0.0,0.0,98.08163078921632,40.83459746264813,1.1034849714733166,274.7871323903067,459.6618130252001,36.5644316570375,126.71816279716931,148.06896959313735,126.71816279716933,0.0,46.115027910833646,100.00000000000003,105.696332729033,57.04606207712976,48.65027065190324
2022-09-14 15:00:00,0.0,0.0,98.39722960385022,40.83459746264813,1.1037295419374562,277.9926236267427,336.2693222129951,31.6084163191561,94.4775802972174,183.51504332952533,94.4775802972174,0.0,33.985642879528804,100.0,107.83330094001823,71.25299901264012,36.580301927378116
2022-09-14 16:00:00,0.0,0.0,88.82631269558625,40.83459746264813,1.1032943421514674,251.36861951549088,190.05970317508923,26.53936572422154,54.42543043844615,196.94318907704474,54.42543043844614,0.0,21.651640743124705,99.99999999999999,103.69967768869954,81.29000670566933,22.40967098303021
2022-09-14 17:00:00,0.0,0.0,65.06084493047672,40.83459746264813,0.020000016,189.93302189112788,66.6972796854206,20.984289990169394,10.401693462076777,179.53132842905111,10.401693462076764,0.0,5.476506064353124,99.99999999999987,83.4307312117316,78.86183936698168,4.568891844749913
2022-09-14 18:00:00,0.0,0.0,50.54839540725956,40.83459746264813,1.1029970734472876,184.72445526888652,0.0,18.3,0.0,184.72445526888652,0.0,0.0,0.0,0.0,83.67188192674732,83.67188192674732,0.0
2022-09-14 19:00:00,0.0,0.0,39.699231037326136,40.83459746264813,0.020000016,151.68461716831675,0.0,18.3,0.0,151.68461716831675,0.0,0.0,0.0,0.0,68.77968170453546,68.77968170453546,0.0
2022-09-14 20:00:00,0.0,0.0,30.53552872723061,40.83459746264813,1.1028868113998043,141.23651822630913,0.0,18.3,0.0,141.23651822630913,0.0,0.0,0.0,0.0,62.67737379488792,62.67737379488792,0.0
2022-09-14 21:00:00,0.0,0.0,0.0,0.0,0.020000016,47.675718305793986,0.0,17.8,0.0,47.675718305793986,0.0,0.0,0.0,0.0,22.02477691801784,22.02477691801784,0.0
2022-09-14 22:00:00,0.0,0.0,0.0,0.0,1.1028711441670944,43.46825895116388,0.0,17.8,0.0,43.46825895116388,0.0,0.0,0.0,0.0,19.79145544587143,19.79145544587143,0.0
2022-09-14 23:00:00,0.0,0.0,0.0,0.0,0.020000016,43.46825895116388,0.0,17.8,0.0,43.46825895116388,0.0,0.0,0.0,0.0,19.891633529089138,19.891633529089138,0.0
2022-09-15 00:00:00,0.0,0.0,0.0,0.0,0.020000016,43.46825895116388,0.0,15.6,0.0,43.46825895116388,0.0,0.0,0.0,0.0,20.668845999135947,20.668845999135947,0.0
2022-09-15 01:00:00,0.0,0.0,0.0,0.0,1.102774134602314,43.46825895116388,0.0,15.6,0.0,43.46825895116388,0.0,0.0,0.0,0.0,20.9598647798664,20.9598647798664,0.0
2022-09-15 02:00:00,0.0,0.0,0.0,0.0,0.020000016,43.46825895116388,0.0,15.0,0.0,43.46825895116388,0.0,0.0,0.0,0.0,20.88488324612323,20.88488324612323,0.0
2022-09-15 03:00:00,0.0,0.0,0.0,0.0,0.020000016,43.46825895116388,0.0,15.0,0.0,43.46825895116388,0.0,0.0,0.0,0.0,21.21372062508879,21.21372062508879,0.0
2022-09-15 04:00:00,0.0,0.0,0.0,0.0,1.1028148081983369,47.675718305793986,0.0,14.4,0.0,47.675718305793986,0.0,0.0,0.0,0.0,23.336065113894193,23.336065113894193,0.0
2022-09-15 05:00:00,0.0,0.0,0.3611453113054168,40.83459746264813,0.020000016,76.99878491494756,0.0,15.0,0.0,76.99878491494756,0.0,0.0,0.0,0.0,36.91643350546441,36.91643350546441,0.0
2022-09-15 06:00:00,0.0,0.0,3.0446573619832313,40.83459746264813,1.103188503509402,101.81426683097652,43.243925436434964,18.051372669888593,4.4193383266331265,97.3949285043434,4.419338326633124,0.0,4.3405884697571295,99.99999999999994,47.679203812196576,45.61826748026285,2.060936331933725
2022-09-15 07:00:00,0.0,0.0,31.149905638637435,40.83459746264813,1.1035223336771407,218.13058029502452,89.72726686780662,20.603977089618958,18.85117580072364,199.27940449430088,18.851175800723638,0.0,8.642151767637152,99.99999999999997,96.72910600402344,88.38680092105021,8.342305082973226
2022-09-15 08:00:00,0.0,0.0,60.0154924234425,40.83459746264813,1.1036083427731336,238.647588972401,172.7515321341724,24.298485379192886,49.881578894997276,188.76601007740373,49.88157889499726,0.0,20.901773661231474,99.99999999999997,98.75299995707057,78.15340432080355,20.599595636267026
2022-09-15 09:00:00,0.0,0.0,72.53253837479043,40.83459746264813,1.103720457412964,249.2380399758808,236.01373515795436,26.77542922368607,67.52544195812217,181.71259801775864,67.52544195812217,0.0,27.092751156547664,100.0,98.03587172775758,71.52909711430652,26.506774613451057
2022-09-15 10:00:00,0.0,0.0,80.36997421708571,40.83459746264813,1.1039057952932827,259.00207076604426,281.5526071117099,28.798518972240934,79.94750984883599,179.05456091720828,79.94750984883598,0.0,30.867517627321327,99.99999999999997,100.52450581716863,69.55643813967276,30.968067677495867
2022-09-15 11:00:00,0.0,0.0,88.83661179605575,40.83459746264813,2.1881565258983304,266.92435940256865,279.4381598794307,30.43244249623221,78.86057542867536,188.0637839738933,78.86057542867536,0.0,29.54416584727653,100.0,103.83384086611893,73.27339637312151,30.56044449299742
2022-09-15 12:00:00,0.0,0.0,104.61376371775071,40.83459746264813,1.1039488377140227,284.8513560565993,335.23524523569984,32.67610141361562,93.8056424251,191.04571363149927,93.80564242510002,0.0,32.93143614400103,100.00000000000003,112.77629512930213,75.70289815826622,37.073396971035905
2022-09-15 13:00:00,0.0,0.0,119.26618268084673,40.83459746264813,1.1035039192485934,295.9716842819371,491.4546421526388,38.15795756726996,134.64819263238178,161.3234916495553,134.64819263238178,0.0,45.493606241101915,100.0,118.74126532624072,64.81197121311918,53.92929411312154
2022-09-15 14:00:00,0.0,0.0,128.38516169509384,40.83459746264813,1.1034829994834827,305.09066329618423,442.919726498504,36.04124145307825,122.34968841988197,182.74097487630226,122.34968841988197,0.0,40.102731135073775,100.0,121.38221948558777,72.78431149676855,48.597907988819216
2022-09-15 15:00:00,0.0,0.0,125.92263233154617,40.83459746264813,1.1037304958486855,305.5180263544387,309.58330740654577,31.374478356454556,87.05710329522911,218.46092305920956,87.05710329522913,0.0,28.494915450334872,100.00000000000003,121.90183293114062,87.2226358334861,34.67919709765452
2022-09-15 16:00:00,0.0,0.0,112.49978924337387,40.83459746264813,1.103342701579849,275.04209606327845,173.0706991010976,26.5084593469093,49.5661650279199,225.47593103535854,49.56616502791991,0.0,18.021301370724103,100.00000000000003,114.44426796261556,93.85572216414333,20.588545798472225
2022-09-15 17:00:00,0.0,0.0,85.16976485914022,40.83459746264813,1.1032435712561477,210.04194181979136,52.843993273673235,21.05137478980229,6.527890084930536,203.51405173486083,6.527890084930533,0.0,3.1078983694272044,99.99999999999996,93.21046234822454,90.31974942136519,2.8907129268593508
2022-09-15 18:00:00,0.0,0.0,66.42561793605128,40.83459746264813,1.103054943120704,200.60167779767824,0.0,18.9,0.0,200.60167779767824,0.0,0.0,0.0,0.0,90.58972151493535,90.58972151493535,0.0
2022-09-15 19:00:00,0.0,0.0,51.54779573133498,40.83459746264813,0.020000016,163.53318186232556,0.0,18.9,0.0,163.53318186232556,0.0,0.0,0.0,0.0,72.62950474213123,72.62950474213123,0.0
2022-09-15 20:00:00,0.0,0.0,46.012864034974214,40.83459746264813,1.1029545493919217,156.71385353405273,0.0,18.9,0.0,156.71385353405273,0.0,0.0,0.0,0.0,68.51093974813034,68.51093974813034,0.0
2022-09-15 21:00:00,0.0,0.0,0.5672629379157866,1.3478840624832693,0.020000016,49.590865306193045,0.0,18.9,0.0,49.590865306193045,0.0,0.0,0.0,0.0,21.56570924629586,21.56570924629586,0.0
2022-09-15 22:00:00,0.0,0.0,1.7979698387713405,5.3915362499330755,0.020000016,50.6577650398683,0.0,18.3,0.0,50.6577650398683,0.0,0.0,0.0,0.0,21.964755311246833,21.964755311246833,0.0
2022-09-15 23:00:00,0.0,0.0,0.3740958094985175,1.3478840624832689,1.10291395038158,39.829402511029656,0.0,17.8,0.0,39.829402511029656,0.0,0.0,0.0,0.0,18.301441848788553,18.301441848788553,0.0
2022-09-16 00:00:00,0.0,0.0,0.0,0.0,0.020000016,38.10742263904787,0.0,17.2,0.0,38.10742263904787,0.0,0.0,0.0,0.0,17.090778785398996,17.090778785398996,0.0
2022-09-16 01:00:00,0.0,0.0,0.0,0.0,0.020000016,38.10742263904787,0.0,17.2,0.0,38.10742263904787,0.0,0.0,0.0,0.0,17.22034402237176,17.22034402237176,0.0
2022-09-16 02:00:00,0.0,0.0,0.0,0.0,1.1028321156958858,38.10742263904787,0.0,16.1,0.0,38.10742263904787,0.0,0.0,0.0,0.0,17.325755947138283,17.325755947138283,0.0
2022-09-16 03:00:00,0.0,0.0,0.0,0.0,0.020000016,38.10742263904787,0.0,16.7,0.0,38.10742263904787,0.0,0.0,0.0,0.0,17.027901538044567,17.027901538044567,0.0
2022-09-16 04:00:00,0.0,0.0,0.0,0.0,0.020000016,38.10742263904787,0.0,16.7,0.0,38.10742263904787,0.0,0.0,0.0,0.0,16.909768527863516,16.909768527863516,0.0
2022-09-16 05:00:00,0.0,0.0,22.17757670795533,40.83459746264813,1.1028956671620715,98.81521631159744,0.0,16.7,0.0,98.81521631159744,0.0,0.0,0.0,0.0,42.747914889291515,42.747914889291515,0.0
2022-09-16 06:00:00,0.0,0.0,17.775446913671768,40.83459746264813,0.020000016,93.61433496256225,58.49468687836424,20.127958964948885,8.025542909720503,85.58879205284175,8.0255429097205,0.0,8.57298501658964,99.99999999999996,40.87327929744374,37.36952790163251,3.5037513958112285
2022-09-16 07:00:00,0.0,0.0,39.72052160605498,40.83459746264813,1.1030608097173373,153.93772248814625,139.12907610761752,22.647783628363047,40.41790397648768,113.51981851165857,40.41790397648768,0.0,26.25601010798377,100.0,63.72562587199287,47.04596525897593,16.679660613016935
2022-09-16 08:00:00,0.0,0.0,58.34964730679822,40.83459746264813,1.1032185362341183,174.81454229473565,248.01443763389847,27.150451176059327,70.85982780266897,103.95471449206667,70.85982780266897,0.0,40.5342867203805,100.0,66.07050263638868,39.369810922064985,26.700691714323696
2022-09-16 09:00:00,0.0,0.0,72.66385702295285,40.83459746264813,0.020000016,188.16545453695616,302.6001554374953,30.056254857421727,85.51845171823159,102.64700281872457,85.51845171823159,0.0,45.44853991859359,100.0,65.51622649002246,35.741694747544365,29.774531742478096
2022-09-16 10:00:00,0.0,0.0,81.35274003072705,40.83459746264813,1.1032282394600754,199.10203165057655,433.16040241002725,34.63626257531335,120.3023310114462,78.79970063913035,120.3023310114462,0.0,60.422452756572774,100.0,73.29197905078061,29.12718880151354,44.16479024926707
2022-09-16 11:00:00,0.0,0.0,88.29034992584292,40.83459746264813,1.1032026124542424,204.75524491378036,416.1727159370823,34.70539737303382,115.55365422998625,89.20159068379411,115.55365422998625,0.0,56.43501551261571,100.0,77.9339608187429,34.06401599032862,43.86994482841428
2022-09-16 12:00:00,0.0,0.0,99.68875681984869,40.83459746264813,0.020000016,213.5848585439619,513.8354042824593,37.75735638382685,140.99939516008533,72.58546338387657,140.99939516008533,0.0,66.0156324382253,100.0,82.85316764036594,28.159502257768846,54.69366538259709
2022-09-16 13:00:00,0.0,0.0,93.10808126610587,40.83459746264813,1.1031193346223827,167.90521724974423,509.485256663078,37.021414270721195,140.20523807700764,27.69997917273659,140.20523807700764,0.0,83.50260961126938,100.0,65.28455598162267,10.936098519641822,54.34845746198085
2022-09-16 14:00:00,0.0,0.0,90.37287490763373,40.83459746264813,0.020000016,163.88561425936,305.89359090560777,31.259174715800242,86.05711227309044,77.82850198626957,86.05711227309044,0.0,52.510473638582624,100.0,64.25249779733133,30.515097787350317,33.737400009981016
2022-09-16 15:00:00,0.0,0.0,90.00921010461079,40.83459746264813,1.1030957113721191,163.8430486143151,319.44406070810675,31.682626897128337,89.7251260207415,74.11792259357361,89.7251260207415,0.0,54.762851875366124,100.0,64.76588143757138,29.40700377531757,35.35887766225381
2022-09-16 16:00:00,0.0,0.0,79.01319646192391,40.83459746264813,0.020000016,142.07279726428803,166.47232873509793,26.30226027297181,47.71301893175027,94.35977833253776,47.71301893175027,0.0,33.58350074785471,100.0,57.21347501354662,38.00039655010942,19.2130784634372
2022-09-16 17:00:00,0.0,0.0,14.36578390875164,16.180094127189612,1.1028803939839482,56.78062451018912,55.22871934852749,21.125897479641484,7.128423287774504,49.65220122241462,7.128423287774503,0.0,12.554323502545007,99.99999999999997,24.875149580662814,21.777172461912453,3.097977118750361
2022-09-16 18:00:00,0.0,0.0,12.775951331356701,19.14226003828452,0.020000016,70.02563400868908,0.0,18.9,0.0,70.02563400868908,0.0,0.0,0.0,0.0,30.955281371173744,30.955281371173744,0.0
2022-09-16 19:00:00,0.0,0.0,8.678428767024492,16.221983672427797,1.1028307224632043,63.00783507850016,0.0,18.9,0.0,63.00783507850016,0.0,0.0,0.0,0.0,27.80198263699482,27.80198263699482,0.0
2022-09-16 20:00:00,0.0,0.0,1.943658572571036,7.740281044571803,0.020000016,47.791362256190695,0.0,18.3,0.0,47.791362256190695,0.0,0.0,0.0,0.0,20.428673412213904,20.428673412213904,0.0
2022-09-16 21:00:00,0.0,0.0,0.05701619130541653,5.3915362499330755,0.020000016,43.555975080286366,0.0,17.8,0.0,43.555975080286366,0.0,0.0,0.0,0.0,18.2208875884929,18.2208875884929,0.0
2022-09-16 22:00:00,0.0,0.0,0.0,4.0436521874498075,1.1029481553864509,42.15107482649768,0.0,17.8,0.0,42.15107482649768,0.0,0.0,0.0,0.0,17.93512629299358,17.93512629299358,0.0
2022-09-16 23:00:00,0.0,0.0,0.0,0.0,0.020000016,38.10742263904787,0.0,16.7,0.0,38.10742263904787,0.0,0.0,0.0,0.0,16.620914264259532,16.620914264259532,0.0
2022-09-17 00:00:00,0.0,0.0,0.0,0.0,0.020000016,38.10742263904787,0.0,16.1,0.0,38.10742263904787,0.0,0.0,0.0,0.0,16.905005100033637,16.905005100033637,0.0
2022-09-17 01:00:00,0.0,0.0,0.0,0.0,1.1028846698355004,38.10742263904787,0.0,15.6,0.0,38.10742263904787,0.0,0.0,0.0,0.0,17.653108170002305,17.653108170002305,0.0
2022-09-17 02:00:00,0.0,0.0,0.0,0.0,0.020000016,38.10742263904787,0.0,15.6,0.0,38.10742263904787,0.0,0.0,0.0,0.0,17.709833866170328,17.709833866170328,0.0
2022-09-17 03:00:00,0.0,0.0,0.0,0.0,0.020000016,38.10742263904787,0.0,15.0,0.0,38.10742263904787,0.0,0.0,0.0,0.0,17.715549979566187,17.715549979566187,0.0
2022-09-17 04:00:00,0.0,0.0,0.0,0.0,1.1029158968048725,38.10742263904787,0.0,14.4,0.0,38.10742263904787,0.0,0.0,0.0,0.0,17.324437272169284,17.324437272169284,0.0
2022-09-17 05:00:00,0.0,0.0,0.0,0.0,0.020000016,26.234746474247864,0.0,14.4,0.0,26.234746474247864,0.0,0.0,0.0,0.0,11.482351983505536,11.482351983505536,0.0
2022-09-17 06:00:00,0.0,0.0,0.07541233102620011,4.036307465736298,0.020000016,24.410128188610365,60.63402370657056,17.994813240830332,8.690172695242355,15.71995549336801,8.690172695242355,0.0,35.60068438844636,100.0,11.268631068924924,7.2582032717975284,4.010427797127395
2022-09-17 07:00:00,0.0,0.0,3.131797065968269,5.108682671487257,1.1028313771041707,28.5388881293034,153.57875126476785,22.599335977023998,44.623557475583326,0.0,28.5388881293034,16.084669346279927,100.0,63.95475785389595,12.085012152002536,0.19856524614767207,11.886446905854864
2022-09-17 08:00:00,0.0,0.0,13.314018437692692,11.438391999053746,0.020000016,45.050818828594295,241.29632387983665,27.540510121244896,68.8401116909579,0.0,45.050818828594295,23.789292862363602,100.0,65.44268700614512,16.54671219321124,0.0036010111631256747,16.54311118204811
2022-09-17 09:00:00,0.0,0.0,22.70841229768096,18.047591180234143,0.020000016,61.054411869762966,300.03879193553365,30.47621224798543,84.6603101775288,0.0,61.054411869762966,23.605898307765834,100.0,72.11692437900908,22.594954491212818,0.0036010111631256747,22.59135348004969
2022-09-17 10:00:00,0.0,0.0,31.18664385233603,25.587685541660054,1.1029364319169788,77.07273778584396,369.012955480876,33.231654858777375,103.03887816446773,0.0,77.07273778584396,25.966140378623777,100.0,74.7996670371572,28.471176563291365,0.19858416131022302,28.272592401981143
2022-09-17 11:00:00,0.0,0.0,33.639825316952724,26.516061212034053,0.020000016,80.45429492083464,396.7867553937736,34.599586106055426,110.21572727551802,0.0,80.45429492083464,29.76143235468338,100.0,72.9971093142764,29.22299184051185,0.0036010111631256747,29.219390829348722
2022-09-17 12:00:00,0.0,0.0,41.401574811038145,28.006437059980357,0.020000016,89.70642026286635,529.8539008100521,38.25793440031413,145.11233037683473,0.0,89.70642026286635,55.40591011396839,100.0,61.8186063375265,32.39883202859073,0.0036010111631256747,32.395231017427605
2022-09-17 13:00:00,0.0,0.0,44.855717798917645,27.0351599147488,1.10292777960436,92.1892861055143,512.8525950769587,37.72664359615496,140.74649105927054,0.0,92.1892861055143,48.55720495375624,100.0,65.50023763412472,33.900219925050614,0.19858260345775294,33.70163732159286
2022-09-17 14:00:00,0.0,0.0,51.083399395279855,28.246621843353875,0.020000016,99.6284296304816,443.92546331288827,35.57267072852776,122.84916354198948,0.0,99.6284296304816,23.220733911507878,100.0,81.09817499606247,36.74656585888474,0.0036010111631256747,36.742964847721616
2022-09-17 15:00:00,0.0,0.0,46.92510157706027,27.275344698122325,0.020000016,94.49885466703046,314.8579158603906,31.539309870637208,88.48505894266495,6.013795724365508,88.48505894266495,0.0,93.63611787089347,100.0,35.151977510291765,2.2404022618622546,32.91157524842951
2022-09-17 16:00:00,0.0,0.0,44.79765214941433,28.246621843353875,1.1027196267627137,93.34268238461605,167.97199047492217,25.84912470234132,48.22394761704715,45.1187347675689,48.22394761704715,0.0,51.66334026950463,100.0,35.134377574954584,17.085359580584264,18.04901799437032
2022-09-17 17:00:00,0.0,0.0,30.828651746718542,26.888053338445317,0.020000016,83.95145155941172,46.486135586392415,20.85269173707476,5.055254399083838,78.89619716032789,5.055254399083836,0.0,6.021640251814199,99.99999999999997,35.122172227496236,33.00745820727148,2.1147140202247527
2022-09-17 18:00:00,0.0,0.0,21.153156617549143,25.815336196009913,0.020000016,85.07591545260692,0.0,19.4,0.0,85.07591545260692,0.0,0.0,0.0,0.0,37.513997513794784,37.513997513794784,0.0
2022-09-17 19:00:00,0.0,0.0,10.921436004685704,22.349674383424002,1.1028787355203094,71.37853302715759,0.0,19.4,0.0,71.37853302715759,0.0,0.0,0.0,0.0,31.84317571264502,31.84317571264502,0.0
2022-09-17 20:00:00,0.0,0.0,2.2060235883913335,18.47656782341047,0.020000016,58.79001405084968,0.0,18.9,0.0,58.79001405084968,0.0,0.0,0.0,0.0,25.5087667569135,25.5087667569135,0.0
2022-09-17 21:00:00,0.0,0.0,0.7154712750933441,12.94804905872933,0.020000016,51.77094297287054,0.0,18.3,0.0,51.77094297287054,0.0,0.0,0.0,0.0,23.080239986605307,23.080239986605307,0.0
2022-09-17 22:00:00,0.0,0.0,0.18555785276910938,10.468865976355968,1.102801231679933,48.761846468172955,0.0,17.8,0.0,48.761846468172955,0.0,0.0,0.0,0.0,21.194923289182146,21.194923289182146,0.0
2022-09-17 23:00:00,0.0,0.0,0.1590649909512158,8.398053167425847,0.020000016,52.02537710954095,0.0,17.2,0.0,52.02537710954095,0.0,0.0,0.0,0.0,22.748575629683334,22.748575629683334,0.0
2022-09-18 00:00:00,0.0,0.0,0.0,8.847347854920269,0.020000016,52.315606806084155,0.0,16.7,0.0,52.315606806084155,0.0,0.0,0.0,0.0,23.191708993857837,23.191708993857837,0.0
2022-09-18 01:00:00,0.0,0.0,0.0,7.646423938052654,1.1028654876752262,51.11468288921654,0.0,16.7,0.0,51.11468288921654,0.0,0.0,0.0,0.0,23.238259126670027,23.238259126670027,0.0
2022-09-18 02:00:00,0.0,0.0,0.0,3.602771750602846,0.020000016,47.07103070176673,0.0,16.1,0.0,47.07103070176673,0.0,0.0,0.0,0.0,21.740767634085493,21.740767634085493,0.0
2022-09-18 03:00:00,0.0,0.0,0.0,3.602771750602846,0.020000016,47.07103070176673,0.0,15.6,0.0,47.07103070176673,0.0,0.0,0.0,0.0,21.843617836168853,21.843617836168853,0.0
2022-09-18 04:00:00,0.0,0.0,0.0,3.602771750602846,1.1028884018157028,51.278490056396826,0.0,15.6,0.0,51.278490056396826,0.0,0.0,0.0,0.0,24.111017389019846,24.111017389019846,0.0
2022-09-18 05:00:00,0.0,0.0,0.5716021914771033,40.83459746264813,0.020000016,77.20924179511924,0.0,15.0,0.0,77.20924179511924,0.0,0.0,0.0,0.0,35.597447524922075,35.597447524922075,0.0
2022-09-18 06:00:00,0.0,0.0,3.3819653124522544,40.83459746264813,1.1032384236657131,102.15157478144556,58.33852275432577,18.52307883607268,8.029310937644084,94.12226384380148,8.029310937644084,0.0,7.860193007129733,100.0,48.51429037517776,44.716586887890855,3.7977034872869027
2022-09-18 07:00:00,0.0,0.0,51.4974874766209,40.83459746264813,1.1035739247914094,238.478162133008,152.98667501131183,23.680833594103493,44.275216341756476,194.20294579125152,44.275216341756476,0.0,18.565731950358863,100.0,101.04157458173003,82.31935659945488,18.722217982275154
2022-09-18 08:00:00,0.0,0.0,79.81291382399476,40.83459746264813,1.1036699360697222,258.44501037295333,250.81528404292246,28.93797762634133,71.1823033809712,187.26270699198213,71.1823033809712,0.0,27.54253343032253,100.0,100.22985749388825,72.67874697028336,27.55111052360489
2022-09-18 09:00:00,0.0,0.0,89.31301522784824,40.83459746264813,1.1036638749767138,266.01851682893863,329.118958367218,33.08496744897556,91.95078785063936,174.06772897829927,91.95078785063936,0.0,34.56555917487792,100.0,102.71161078293417,67.27745517681178,35.43415560612239
2022-09-18 10:00:00,0.0,0.0,98.23710030594823,40.83459746264813,2.187787131946635,276.8691968549067,360.44077312100507,34.063774160031414,100.32567672618784,176.54352012871885,100.32567672618785,0.0,36.235766876863345,100.00000000000003,106.16625125358456,67.83883297387901,38.327418279705554
2022-09-18 11:00:00,0.0,0.0,104.27572940279025,40.83459746264813,1.1041351348222348,282.3634770093032,394.76244579279233,35.13632643102476,109.42764884458852,172.93582816471468,109.42764884458853,0.0,38.75417954319324,100.00000000000003,105.88886125023195,64.92954514945824,40.95931610077372
2022-09-18 12:00:00,0.0,0.0,117.12535002657367,40.83459746264813,2.1879749225302794,297.36294236542227,513.4960195766371,38.846750611769906,140.3101698280544,157.05277253736787,140.3101698280544,0.0,47.184820244222145,100.0,112.24552974691866,59.46856091694514,52.77696882997353
2022-09-18 13:00:00,0.0,0.0,128.1460390618461,40.83459746264813,1.1035100657983938,304.8515406629365,493.4982619577848,38.22182068618078,135.1745174886216,169.67702317431488,135.1745174886216,0.0,44.34109704502995,100.0,113.65833384825983,63.349081929344635,50.309251918915194
2022-09-18 14:00:00,0.0,0.0,136.2660294858321,40.83459746264813,1.1034873423263392,312.9715310869225,374.67163195092553,34.50848849846642,104.10916510351572,208.86236598340676,104.10916510351572,0.0,33.264739684773815,100.0,117.16240395076224,78.25472676827634,38.9076771824859
2022-09-18 15:00:00,0.0,0.0,132.3558313929162,40.83459746264813,1.1037515328670482,311.95122541580884,293.373122287333,31.367910071479155,82.50073336653358,229.45049204927525,82.50073336653358,0.0,26.446677122863026,100.0,114.70822699008187,84.42427028956155,30.28395670052032
2022-09-18 16:00:00,0.0,0.0,117.1074123181965,40.83459746264813,1.1033458060482477,279.6497191381011,146.24819402753073,26.270256063360335,41.92152053852752,237.72819859957357,41.92152053852752,0.0,14.990725064102485,100.0,106.69905865725083,90.7338763829607,15.965182274290129
2022-09-18 17:00:00,0.0,0.0,85.5459125988572,40.83459746264813,0.020000016,210.41808955950836,33.52622424205546,21.047694507564234,2.6275845260992914,207.79050503340906,2.627584526099298,0.0,1.2487445977671947,100.00000000000024,89.06831786946402,87.95612702917934,1.1121908402846827
2022-09-18 18:00:00,0.0,0.0,67.26226113010416,40.83459746264813,1.1031752025617119,201.43832099173116,0.0,19.4,0.0,201.43832099173116,0.0,0.0,0.0,0.0,88.7942222990419,88.7942222990419,0.0
2022-09-18 19:00:00,0.0,0.0,52.20118095026079,40.83459746264813,1.103222190135249,164.1865670812514,0.0,18.9,0.0,164.1865670812514,0.0,0.0,0.0,0.0,72.95462908291069,72.95462908291069,0.0
2022-09-18 20:00:00,0.0,0.0,44.519434950726904,40.83459746264813,0.020000016,155.2204244498054,0.0,18.9,0.0,155.2204244498054,0.0,0.0,0.0,0.0,68.5489404481972,68.5489404481972,0.0
2022-09-18 21:00:00,0.0,0.0,0.43078669127730634,2.6957681249665386,0.020000016,50.80227312203783,0.0,18.3,0.0,50.80227312203783,0.0,0.0,0.0,0.0,22.76098727891119,22.76098727891119,0.0
2022-09-18 22:00:00,0.0,0.0,0.24125793390354625,8.994308000535923,1.1028012865245145,52.70382488560335,0.0,18.3,0.0,52.70382488560335,0.0,0.0,0.0,0.0,23.075972615544625,23.075972615544625,0.0
2022-09-18 23:00:00,0.0,0.0,0.008867742834408186,3.602771750602846,0.020000016,47.07989844460113,0.0,17.2,0.0,47.07989844460113,0.0,0.0,0.0,0.0,20.916021101270502,20.916021101270502,0.0
2022-09-19 00:00:00,0.0,0.0,0.01647081745068139,3.602771750602846,0.020000016,47.087501519217405,0.0,17.2,0.0,47.087501519217405,0.0,0.0,0.0,0.0,20.81627668265722,20.81627668265722,0.0
2022-09-19 01:00:00,0.0,0.0,0.0,3.602771750602846,1.102946516703323,47.07103070176673,0.0,17.2,0.0,47.07103070176673,0.0,0.0,0.0,0.0,20.962323685090016,20.962323685090016,0.0
2022-09-19 02:00:00,0.0,0.0,0.0,3.602771750602846,0.020000016,47.07103070176674,0.0,16.7,0.0,47.07103070176674,0.0,0.0,0.0,0.0,20.82758963847122,20.82758963847122,0.0
2022-09-19 03:00:00,0.0,0.0,0.0,0.0,0.020000016,43.46825895116388,0.0,16.7,0.0,43.46825895116388,0.0,0.0,0.0,0.0,19.267211989255667,19.267211989255667,0.0
2022-09-19 04:00:00,0.0,0.0,0.0,3.602771750602846,1.102966519476654,51.278490056396826,0.0,15.6,0.0,51.278490056396826,0.0,0.0,0.0,0.0,23.047771962817666,23.047771962817666,0.0
2022-09-19 05:00:00,0.0,0.0,0.9068926755748469,40.83459746264813,0.020000016,77.54453227921697,0.0,15.6,0.0,77.54453227921697,0.0,0.0,0.0,0.0,34.1325005578921,34.1325005578921,0.0
2022-09-19 06:00:00,0.0,0.0,6.862281632868748,40.83459746264813,1.1031322736483686,105.63189110186205,61.233777560002686,18.61355554875008,8.843160730745439,96.78873037111661,8.843160730745439,0.0,8.371676998774808,100.0,48.74175497855576,44.6778804647417,4.0638745138140635
2022-09-19 07:00:00,0.0,0.0,56.66930255003513,40.83459746264813,1.1036220156114205,243.64997720642225,153.6485411705932,23.701516911581038,44.46337774751804,199.1865994589042,44.46337774751805,0.0,18.248874166669147,100.00000000000003,101.98835857846534,83.41289325688471,18.575465321580623
2022-09-19 08:00:00,0.0,0.0,82.46956969891933,40.83459746264813,1.103708561167883,261.10166624787786,236.09836552503347,28.4780739226573,67.12129311041357,193.98037313746428,67.12129311041357,0.0,25.706957016004534,100.0,100.03225078170894,74.36808875447676,25.66416202723218
2022-09-19 09:00:00,0.0,0.0,95.73767777806576,40.83459746264813,1.1037013874326478,272.44317937915616,309.9593410838377,31.88622940886993,86.99381910788357,185.4493602712726,86.99381910788355,0.0,31.93099541200671,99.99999999999999,100.01917838459663,68.14551300165918,31.873665382937446
2022-09-19 10:00:00,0.0,0.0,106.17766991860657,40.83459746264813,2.187828217602563,284.80976646756505,333.75635213141067,32.62988600410658,93.40825459039111,191.40151187717396,93.4082545903911,0.0,32.7967175244423,99.99999999999999,101.18382358296817,68.12804340724762,33.05578017572056
2022-09-19 11:00:00,0.0,0.0,112.54374601675912,40.83459746264813,1.1041491833646428,290.6314936232721,370.9325376952946,33.791641802977956,103.35353629786388,187.2779573254082,103.35353629786388,0.0,35.561712534786324,100.0,100.83722297210913,65.04847719056632,35.788745781542815
2022-09-19 12:00:00,0.0,0.0,126.21250690906463,40.83459746264813,2.1879961402890853,306.4500992479133,508.7606288888883,38.09876965277776,139.42175536220603,167.02834388570724,139.42175536220603,0.0,45.49574488778874,100.0,107.06769690884552,58.53568097603842,48.5320159328071
2022-09-19 13:00:00,0.0,0.0,136.40010242122713,40.83459746264813,1.1035117564080854,313.10560402231755,507.5008651692107,38.05940203653783,139.09781698280912,174.00778703950843,139.09781698280912,0.0,44.42520836289295,100.0,106.22250738276028,59.121204596041444,47.10130278671884
2022-09-19 14:00:00,0.0,0.0,145.08854814459832,40.83459746264813,1.1034858031939039,321.79404974568877,426.3471516449482,35.52334848890463,118.00705908243023,203.78699066325854,118.00705908243023,0.0,36.67161004862901,100.0,111.07764982645939,70.41654751372182,40.66110231273757
2022-09-19 15:00:00,0.0,0.0,143.91399295377153,40.83459746264813,1.1037559605888487,323.50938697666413,297.5514162336522,31.498481757301633,83.63432913630156,239.87505784036256,83.63432913630157,0.0,25.852210941358067,100.00000000000003,113.92522161556347,84.52440955098801,29.40081206457546
2022-09-19 16:00:00,0.0,0.0,128.61880586033112,40.83459746264813,1.1033338167035274,291.1611126802358,154.8196491271335,25.938114035222924,44.433292818173186,246.72781986206263,44.433292818173186,0.0,15.260723662287798,100.0,107.9879554303923,91.53852826264051,16.449427167751793
2022-09-19 17:00:00,0.0,0.0,93.01784685856761,40.83459746264813,0.020000016,220.85819286041877,37.09631593504961,21.1592598729703,3.2156756906567225,217.64251716976204,3.215675690656724,0.0,1.4559911267086272,100.00000000000004,88.14037574500615,86.85711212551423,1.283263619491919
2022-09-19 18:00:00,0.0,0.0,70.59929344872293,40.83459746264813,1.1030908649116642,204.77535331034989,0.0,19.4,0.0,204.77535331034989,0.0,0.0,0.0,0.0,84.86912505379834,84.86912505379834,0.0
2022-09-19 19:00:00,0.0,0.0,55.26740127579291,40.83459746264813,1.1031447787887572,167.2527874067835,0.0,18.9,0.0,167.2527874067835,0.0,0.0,0.0,0.0,69.23973605183397,69.23973605183397,0.0
2022-09-19 20:00:00,0.0,0.0,48.74089952903622,40.83459746264813,0.020000016,159.4418890281148,0.0,18.9,0.0,159.4418890281148,0.0,0.0,0.0,0.0,63.76839848073194,63.76839848073194,0.0
2022-09-19 21:00:00,0.0,0.0,0.8285719126825949,2.6957681249665386,0.020000016,51.20005834344311,0.0,18.9,0.0,51.20005834344311,0.0,0.0,0.0,0.0,21.419305414766793,21.419305414766793,0.0
2022-09-19 22:00:00,0.0,0.0,1.5964518069846225,8.994308000535923,1.102825964673759,54.05901875868443,0.0,18.9,0.0,54.05901875868443,0.0,0.0,0.0,0.0,21.988673552887857,21.988673552887857,0.0
2022-09-19 23:00:00,0.0,0.0,0.3305646665765609,8.847347854920269,0.020000016,52.64617147266072,0.0,17.8,0.0,52.64617147266072,0.0,0.0,0.0,0.0,22.450875603676202,22.450875603676202,0.0
2022-09-20 00:00:00,0.0,0.0,0.0,2.4018478337352307,0.020000016,45.87010678489911,0.0,17.8,0.0,45.87010678489911,0.0,0.0,0.0,0.0,19.34954789822825,19.34954789822825,0.0
2022-09-20 01:00:00,0.0,0.0,0.0,3.602771750602846,1.1029311156818689,47.07103070176672,0.0,17.2,0.0,47.07103070176672,0.0,0.0,0.0,0.0,20.887242618160396,20.887242618160396,0.0
2022-09-20 02:00:00,0.0,0.0,0.0,3.602771750602846,0.020000016,47.07103070176673,0.0,16.7,0.0,47.07103070176673,0.0,0.0,0.0,0.0,20.602825466870286,20.602825466870286,0.0
2022-09-20 03:00:00,0.0,0.0,0.0,0.0,0.020000016,43.46825895116388,0.0,16.1,0.0,43.46825895116388,0.0,0.0,0.0,0.0,19.284599292836134,19.284599292836134,0.0
2022-09-20 04:00:00,0.0,0.0,0.0,3.602771750602846,1.1028510305813144,51.278490056396826,0.0,15.6,0.0,51.278490056396826,0.0,0.0,0.0,0.0,22.552400955049436,22.552400955049436,0.0
2022-09-20 05:00:00,0.0,0.0,1.4441284417064393,40.83459746264813,0.020000016,81.04993708654858,0.0,16.7,0.0,81.04993708654858,0.0,0.0,0.0,0.0,35.378656551958116,35.378656551958116,0.0
2022-09-20 06:00:00,0.0,0.0,11.426486802224574,40.83459746264813,1.1032403027777453,110.19609627121785,46.50556970610362,18.653299053315738,5.100032674596192,105.09606359662166,5.100032674596193,0.0,4.62814278106898,100.00000000000003,49.76869983954782,47.47452664137084,2.2941731981769777
2022-09-20 07:00:00,0.0,0.0,66.57972869092897,40.83459746264813,1.1035187822151622,253.5604033473161,134.92850139918733,22.516515668724605,39.21648331096412,214.343920036352,39.21648331096412,0.0,15.46632786241749,100.0,105.2436929124487,88.99708820638249,16.246604706066208
2022-09-20 08:00:00,0.0,0.0,87.845864702157,40.83459746264813,1.1036548375873918,266.4779612511155,224.74874963584912,26.423398426120283,64.38674697833771,202.0912142727778,64.38674697833773,0.0,24.16212833363089,100.00000000000003,103.05387699425427,78.20188039555546,24.851996598698804
2022-09-20 09:00:00,0.0,0.0,105.15636287062888,40.83459746264813,1.1037417470247466,281.8618644717193,332.7108404618329,31.49721376443228,93.5172215103175,188.3446429614018,93.51722151031748,0.0,33.17838746493518,99.99999999999999,105.9518913990956,70.86469747453202,35.08719392456358
2022-09-20 10:00:00,0.0,0.0,119.29369067475668,40.83459746264813,2.187894771333964,297.9257872237152,371.0025349552727,34.89382921735228,102.9373006438309,194.9884865798843,102.9373006438309,0.0,34.551322865695525,100.0,108.14326119588577,70.91444235853467,37.2288188373511
2022-09-20 11:00:00,0.0,0.0,124.06610209067112,40.83459746264813,1.1040871766075737,302.1538496971841,366.20023430918894,35.343757322162155,101.4292957811444,200.72455391603972,101.42929578114439,0.0,33.56875839338004,99.99999999999999,106.00249413258277,70.48550477537835,35.51698935720442
2022-09-20 12:00:00,0.0,0.0,136.20861153079463,40.83459746264813,2.188032356243933,316.44620386964334,482.3494473828766,38.3734202307149,132.04281557048563,184.4033882991577,132.04281557048563,0.0,41.72678134729001,100.0,110.57419539517323,64.59952786984155,45.97466752533168
2022-09-20 13:00:00,0.0,0.0,144.75350644439627,40.83459746264813,1.1035429179607092,321.45900804548666,496.8771669509607,38.32741146721752,136.044128757964,185.41487928752267,136.044128757964,0.0,42.32083262657043,100.0,113.17867632704031,65.36460683376627,47.81406949327403
2022-09-20 14:00:00,0.0,0.0,152.15960096416484,40.83459746264813,1.1035173370683868,328.8651025652552,414.0717068065283,35.13974083770401,114.77864493046822,214.086457634787,114.7786449304682,0.0,34.90143649634981,99.99999999999999,117.36345884444677,76.47127101506885,40.89218782937792
2022-09-20 15:00:00,0.0,0.0,154.5859885595043,40.83459746264813,1.1037712265175823,334.1813825823968,288.37947833223814,30.71185869788244,81.29805173432865,252.88333084806814,81.29805173432865,0.0,24.32752270820579,100.0,118.98016509151087,90.0835855830611,28.896579508449776
2022-09-20 16:00:00,0.0,0.0,136.53529880644322,40.83459746264813,1.10335529106914,299.0776056263479,144.54241768609958,25.616950552690614,41.5331908547122,257.54441477163573,41.53319085471219,0.0,13.887094878846131,99.99999999999997,109.64910013209233,94.44961360690185,15.19948652519048
2022-09-20 17:00:00,0.0,0.0,99.71169691564234,40.83459746264813,1.103215303507946,227.55204291749348,33.50410010705109,20.447003128345344,2.6298659514076634,224.92217696608583,2.629865951407652,0.0,1.1557206508408262,99.99999999999956,92.53697786774535,91.46980456332363,1.0671733044217149
2022-09-20 18:00:00,0.0,0.0,76.10998086072813,40.83459746264813,0.020000016,210.2860407223551,0.0,18.9,0.0,210.2860407223551,0.0,0.0,0.0,0.0,91.3981200299131,91.3981200299131,0.0
2022-09-20 19:00:00,0.0,0.0,56.56317102326865,40.83459746264813,1.1032298371810478,168.54855715425927,0.0,18.9,0.0,168.54855715425927,0.0,0.0,0.0,0.0,72.15033055263126,72.15033055263126,0.0
2022-09-20 20:00:00,0.0,0.0,48.941087624929075,40.83459746264813,0.020000016,159.64207712400759,0.0,18.9,0.0,159.64207712400759,0.0,0.0,0.0,0.0,65.86473813905806,65.86473813905806,0.0
2022-09-20 21:00:00,0.0,0.0,0.8712425880258828,2.6957681249665386,1.1028425752254272,51.24272901878642,0.0,18.3,0.0,51.24272901878642,0.0,0.0,0.0,0.0,22.179135874982478,22.179135874982478,0.0
2022-09-20 22:00:00,0.0,0.0,1.1973442388996733,10.19523191740354,0.020000016,54.860835107467096,0.0,18.3,0.0,54.860835107467096,0.0,0.0,0.0,0.0,23.16749141858896,23.16749141858896,0.0
2022-09-20 23:00:00,0.0,0.0,0.01804089456646956,7.646423938052653,0.020000016,51.132723783783,0.0,17.8,0.0,51.132723783783,0.0,0.0,0.0,0.0,21.53277869670604,21.53277869670604,0.0
2022-09-21 00:00:00,0.0,0.0,0.0,2.4018478337352307,1.102899836092692,45.87010678489911,0.0,17.2,0.0,45.87010678489911,0.0,0.0,0.0,0.0,20.022720322514598,20.022720322514598,0.0
2022-09-21 01:00:00,0.0,0.0,0.025029410322132482,3.602771750602846,0.020000016,47.09606011208886,0.0,17.2,0.0,47.09606011208886,0.0,0.0,0.0,0.0,21.159622174114563,21.159622174114563,0.0
2022-09-21 02:00:00,0.0,0.0,0.0,3.602771750602846,0.020000016,47.07103070176673,0.0,16.7,0.0,47.07103070176673,0.0,0.0,0.0,0.0,21.39220665173891,21.39220665173891,0.0
2022-09-21 03:00:00,0.0,0.0,0.0,3.602771750602846,1.1029557548168767,47.07103070176674,0.0,16.1,0.0,47.07103070176674,0.0,0.0,0.0,0.0,21.696868782517257,21.696868782517257,0.0
2022-09-21 04:00:00,0.0,0.0,0.0,2.4018478337352307,0.020000016,50.077566139529225,0.0,16.1,0.0,50.077566139529225,0.0,0.0,0.0,0.0,23.309950680330726,23.309950680330726,0.0
2022-09-21 05:00:00,0.0,0.0,1.5562045543543168,40.83459746264813,0.020000016,81.16201319919645,0.0,16.1,0.0,81.16201319919645,0.0,0.0,0.0,0.0,38.098209336403976,38.098209336403976,0.0
2022-09-21 06:00:00,0.0,0.0,23.881278403620943,40.83459746264813,1.1032977238749162,122.65088787261422,38.10076898167096,18.99064903067722,3.4190112741798657,119.23187659843435,3.4190112741798657,0.0,2.787596024360514,100.0,59.81617953475783,58.154283629660846,1.6618959050969835
2022-09-21 07:00:00,0.0,0.0,73.51559581940354,40.83459746264813,1.103546055098132,260.49627047579065,145.75945683854252,25.154983026204455,41.95465140792474,218.5416190678659,41.95465140792476,0.0,16.105662983694742,100.00000000000004,117.06643822912278,98.24411319472846,18.822325034394325
2022-09-21 08:00:00,0.0,0.0,92.67744975129943,40.83459746264813,1.1037125626909783,271.3095463002579,254.67718495123935,30.15866202972623,71.94705088694714,199.3624954133108,71.94705088694712,0.0,26.51843691755815,99.99999999999997,107.13809467368716,78.77944509608808,28.35864957759908
2022-09-21 09:00:00,0.0,0.0,109.67442704622403,40.83459746264813,1.103696012600828,286.3799286473144,329.5464140397284,33.59832543874151,91.88993922448844,194.48998942282594,91.88993922448844,0.0,32.08672467324122,100.0,109.61446836276308,74.50653873295889,35.10792962980419
2022-09-21 10:00:00,0.0,0.0,119.535669981527,40.83459746264813,2.187741261933245,298.1677665304855,392.18750586918367,36.65585955841199,108.07884307007305,190.08892346041245,108.07884307007305,0.0,36.24766161939331,100.0,113.41588646240282,72.44806060247629,40.967825859926535
2022-09-21 11:00:00,0.0,0.0,123.65443899865623,40.83459746264813,1.1040769027217945,301.7421866051692,376.20769169664,36.75649036552,103.63479203981824,198.10739456535094,103.63479203981825,0.0,34.345476582439154,100.00000000000003,115.88976126983883,76.15514565385212,39.73461561598671
2022-09-21 12:00:00,0.0,0.0,137.80154031261375,40.83459746264813,2.1880392791142973,318.0391326514623,498.4099269721899,39.97531021788093,135.58858757726233,182.45054507419997,135.58858757726233,0.0,42.63267430233287,100.0,122.45737648993773,70.41847657778445,52.03889991215328
2022-09-21 13:00:00,0.0,0.0,148.1406194798761,40.83459746264813,1.1035457589127409,324.8461210809665,488.5966540290855,39.16864543840892,133.33895102642705,191.50717005453944,133.33895102642705,0.0,41.046804124588235,100.0,124.84377476026039,73.68095255666519,51.1628222035952
2022-09-21 14:00:00,0.0,0.0,153.445780649654,40.83459746264813,1.1035164161856608,330.1512822507444,404.7894849620478,35.949671405063995,111.85630016324477,218.2949820874996,111.85630016324478,0.0,33.88031674470123,100.00000000000003,126.85297424115979,83.94210109103501,42.91087315012477
2022-09-21 15:00:00,0.0,0.0,148.71585083099842,40.83459746264813,1.1037780141961977,328.311244853891,274.28788912091454,31.37149653502858,77.13264357530439,251.17860127858665,77.13264357530437,0.0,23.49375624025027,99.99999999999997,126.93015931459857,97.15618756809533,29.773971746503236
2022-09-21 16:00:00,0.0,0.0,133.96097250355487,40.83459746264813,1.1033170828378793,296.5032793234596,134.75245561485002,26.411014237964064,38.606096554847795,257.8971827686118,38.606096554847795,0.0,13.020461912912559,100.0,121.16754311244782,105.41683480951825,15.750708302929567
2022-09-21 17:00:00,0.0,0.0,99.461721589772,40.83459746264813,1.1033056240660557,227.30206759162314,30.117193910131814,20.94116230969162,2.121217007071567,225.18085058455156,2.1212170070715786,0.0,0.9332150074774562,100.00000000000055,101.7265286553219,100.77905526085827,0.9474733944636284
2022-09-21 18:00:00,0.0,0.0,76.16001206401192,40.83459746264813,0.020000016,210.33607192563892,0.0,18.9,0.0,210.33607192563892,0.0,0.0,0.0,0.0,98.09803487512335,98.09803487512335,0.0
2022-09-21 19:00:00,0.0,0.0,57.026174710998355,40.83459746264813,1.103234472725552,169.01156084198897,0.0,18.3,0.0,169.01156084198897,0.0,0.0,0.0,0.0,78.93689873094283,78.93689873094283,0.0
2022-09-21 20:00:00,0.0,0.0,48.7042378164046,40.83459746264813,0.020000016,159.4052273154831,0.0,18.3,0.0,159.4052273154831,0.0,0.0,0.0,0.0,73.2120457080719,73.2120457080719,0.0
2022-09-21 21:00:00,0.0,0.0,0.13346756560294687,3.3697101562081726,1.1028733935722859,51.1788960276051,0.0,18.3,0.0,51.1788960276051,0.0,0.0,0.0,0.0,23.44018896976632,23.44018896976632,0.0
2022-09-21 22:00:00,0.0,0.0,0.055312890055652195,7.646423938052653,0.020000016,51.16999577927219,0.0,18.3,0.0,51.16999577927219,0.0,0.0,0.0,0.0,22.24515137658158,22.24515137658158,0.0
2022-09-21 23:00:00,0.0,0.0,0.758636555416469,6.899001834003193,0.020000016,51.125897340583556,0.0,17.8,0.0,51.125897340583556,0.0,0.0,0.0,0.0,22.02787069702641,22.02787069702641,0.0
2022-09-22 00:00:00,0.0,0.0,0.0645789928422366,6.151579729953729,1.102723769185631,49.68441767395986,0.0,17.2,0.0,49.68441767395986,0.0,0.0,0.0,0.0,22.193589153471038,22.193589153471038,0.0
2022-09-22 01:00:00,0.0,0.0,0.0958888712164975,2.4018478337352307,0.020000016,45.96599565611561,0.0,17.2,0.0,45.96599565611561,0.0,0.0,0.0,0.0,20.472029046853123,20.472029046853123,0.0
2022-09-22 02:00:00,0.0,0.0,0.0,2.4018478337352307,0.020000016,45.87010678489911,0.0,16.7,0.0,45.87010678489911,0.0,0.0,0.0,0.0,20.673817881108288,20.673817881108288,0.0
2022-09-22 03:00:00,0.0,0.0,0.0,3.602771750602846,1.1029168186513931,47.07103070176672,0.0,17.2,0.0,47.07103070176672,0.0,0.0,0.0,0.0,22.21746737160607,22.21746737160607,0.0
2022-09-22 04:00:00,0.0,0.0,0.0,3.602771750602846,0.020000016,51.278490056396826,0.0,17.2,0.0,51.278490056396826,0.0,0.0,0.0,0.0,24.730345308807962,24.730345308807962,0.0
2022-09-22 05:00:00,0.0,0.0,2.367705939205882,40.83459746264813,1.1029310722235017,81.97351458404802,0.0,17.2,0.0,81.97351458404802,0.0,0.0,0.0,0.0,40.459874884250375,40.459874884250375,0.0
2022-09-22 06:00:00,0.0,0.0,4.407907724707196,40.83459746264813,0.020000016,103.17751719370047,45.483310425804454,19.22135345080639,4.868266890252002,98.30925030344847,4.868266890252002,0.0,4.71834080007232,100.0,49.900764213622644,47.54644600416232,2.354318209460324
2022-09-22 07:00:00,0.0,0.0,57.89331784291068,40.83459746264813,1.103548496570913,244.87399249929777,137.82107841771753,23.206908700553672,39.955807811838156,204.91818468745961,39.955807811838156,0.0,16.316885024836903,100.0,106.86947860638624,89.46412938643236,17.405349219953877
2022-09-22 08:00:00,0.0,0.0,80.87052629678992,40.83459746264813,2.187398297811438,259.50262284574836,241.16622946345095,27.53644467073284,68.80404145327567,190.6985813924727,68.80404145327566,0.0,26.513813501674566,99.99999999999997,105.71817150376137,77.79267519912038,27.925496304640987
2022-09-22 09:00:00,0.0,0.0,89.64918470713674,40.83459746264813,1.1036881870153992,266.35468630822714,281.8656721966462,29.9083022561452,79.70307526425235,186.6516110439748,79.70307526425233,0.0,29.923661704235787,99.99999999999997,103.73877672372416,72.75580027625134,30.982976447472822
2022-09-22 10:00:00,0.0,0.0,94.73538020033989,40.83459746264813,1.1039157893418858,273.3674767492983,332.6373934055279,32.094918543922745,93.28471578008363,180.0827609692147,93.28471578008362,0.0,34.124291919932304,99.99999999999999,107.71282226313541,71.02440997040742,36.68841229272799
2022-09-22 11:00:00,0.0,0.0,96.55309709678254,40.83459746264813,2.1881828966515746,274.64084470329544,345.9259075351296,33.010184610472805,96.67395795622843,177.966886747067,96.67395795622843,0.0,35.20013858851507,100.0,107.17846327001538,69.59017830726442,37.58828496275096
2022-09-22 12:00:00,0.0,0.0,104.52325604210841,40.83459746264813,1.1040286195958844,284.760848380957,487.53637430185825,37.43551169693307,133.9499941765077,150.8108542044493,133.9499941765077,0.0,47.0394701160981,100.0,108.44349830096537,57.5257567646204,50.91774153634498
2022-09-22 13:00:00,0.0,0.0,103.11363180139733,40.83459746264813,1.1035101673431467,279.81913340248764,495.62137545958615,37.688167983112066,136.0379014757374,143.78123192675022,136.0379014757374,0.0,48.61636865984519,100.0,108.03958238026304,55.611255341021206,52.428327039241836
2022-09-22 14:00:00,0.0,0.0,101.53535940304467,40.83459746264813,1.1035366523385015,278.24086100413507,390.9617571537978,33.917554911056186,108.881853778049,169.35900722608608,108.88185377804899,0.0,39.13223003447752,99.99999999999999,110.51006398494506,67.34276423609975,43.16729974884531
2022-09-22 15:00:00,0.0,0.0,100.74417994222318,40.83459746264813,1.1037849561420203,280.33957396511573,274.20904937341567,29.16903279291924,77.75402666494742,202.58554730016832,77.75402666494742,0.0,27.735658424958153,100.0,115.1001164216605,83.23146228263182,31.868654139028678
2022-09-22 16:00:00,0.0,0.0,87.28468162358129,40.83459746264813,1.103361145427376,249.826988443486,107.70288691888572,22.765715216215177,26.947138463688162,222.87984997979783,26.947138463688162,0.0,10.786320017536434,100.0,106.88227950617546,95.37504296802672,11.507236538148746
2022-09-22 17:00:00,0.0,0.0,59.976986657701694,40.83459746264813,1.103316929239003,187.81733265955287,21.699535483207466,19.57811048385023,1.106647962421039,186.71068469713182,1.1066479624210501,0.0,0.5892150350292833,100.000000000001,86.53264597362728,86.0239531047412,0.5086928688860866
2022-09-22 18:00:00,0.0,0.0,45.82298963668844,40.83459746264813,1.1030899516918184,179.99904949831537,0.0,18.9,0.0,179.99904949831537,0.0,0.0,0.0,0.0,84.89356456305158,84.89356456305158,0.0
2022-09-22 19:00:00,0.0,0.0,36.79706123143752,40.83459746264813,0.020000016,148.78244736242814,0.0,18.3,0.0,148.78244736242814,0.0,0.0,0.0,0.0,69.20603684061251,69.20603684061251,0.0
2022-09-22 20:00:00,0.0,0.0,35.11411847812967,40.83459746264813,1.10283853619965,145.81510797720816,0.0,18.3,0.0,145.81510797720816,0.0,0.0,0.0,0.0,65.96190930840653,65.96190930840653,0.0
2022-09-22 21:00:00,0.0,0.0,0.12992400632437817,2.6957681249665386,0.020000016,50.50141043708491,0.0,18.3,0.0,50.50141043708491,0.0,0.0,0.0,0.0,22.9325038848606,22.9325038848606,0.0
2022-09-22 22:00:00,0.0,0.0,0.11568831894785124,7.7933840836683075,0.020000016,51.37733135378005,0.0,17.8,0.0,51.37733135378005,0.0,0.0,0.0,0.0,23.252614108718905,23.252614108718905,0.0
2022-09-22 23:00:00,0.0,0.0,0.0,1.2009239168676153,1.1028897013610435,39.30834655591548,0.0,17.8,0.0,39.30834655591548,0.0,0.0,0.0,0.0,18.233245147308295,18.233245147308295,0.0
2022-09-23 00:00:00,0.0,0.0,0.0,0.0,0.020000016,38.10742263904787,0.0,17.2,0.0,38.10742263904787,0.0,0.0,0.0,0.0,17.79824308669292,17.79824308669292,0.0
2022-09-23 01:00:00,0.0,0.0,0.0,0.0,0.020000016,38.10742263904787,0.0,17.2,0.0,38.10742263904787,0.0,0.0,0.0,0.0,18.338796876827814,18.338796876827814,0.0
2022-09-23 02:00:00,0.0,0.0,0.0,0.0,1.1029171106715798,38.10742263904787,0.0,17.2,0.0,38.10742263904787,0.0,0.0,0.0,0.0,18.691160203675942,18.691160203675942,0.0
2022-09-23 03:00:00,0.0,0.0,0.0,0.0,0.020000016,38.10742263904787,0.0,17.2,0.0,38.10742263904787,0.0,0.0,0.0,0.0,18.49637106944028,18.49637106944028,0.0
2022-09-23 04:00:00,0.0,0.0,0.0,0.0,1.1029858566211563,38.10742263904787,0.0,17.2,0.0,38.10742263904787,0.0,0.0,0.0,0.0,18.565418086703772,18.565418086703772,0.0
2022-09-23 05:00:00,0.0,0.0,2.492334018711658,40.83459746264813,0.020000016,82.09814266355379,0.0,17.8,0.0,82.09814266355379,0.0,0.0,0.0,0.0,37.99164309372942,37.99164309372942,0.0
2022-09-23 06:00:00,0.0,0.0,3.8504181622906373,40.83459746264813,0.020000016,79.6893062111811,54.24485142775049,19.495151607117204,6.917614033881223,72.77169217729988,6.917614033881222,0.0,8.68073065606715,99.99999999999999,37.84486495860459,34.55996675847575,3.2848982001288363
2022-09-23 07:00:00,0.0,0.0,33.350952643905906,40.83459746264813,1.1030626899741915,147.56815352599713,143.75933227564977,23.392479133614053,41.648943727647875,105.91920979834926,41.648943727647875,0.0,28.223531115953527,100.0,64.72647122720609,46.51442935869888,18.212041868507214
2022-09-23 08:00:00,0.0,0.0,45.11013880836111,40.83459746264813,1.1032516345432815,161.5750337962985,200.6050066536124,27.36890645792539,57.26785334956501,104.3071804467335,57.267853349565,0.0,35.44350386568011,99.99999999999999,65.81749363902635,42.55987303670103,23.257620602325325
2022-09-23 09:00:00,0.0,0.0,56.57997701555342,40.83459746264813,0.020000016,172.08157452955675,277.18562559832554,30.362050799947674,78.2456765754452,93.83589795411154,78.2456765754452,0.0,45.47010729612177,100.0,66.00118688261139,35.99201377401376,30.00917310859763
2022-09-23 10:00:00,0.0,0.0,66.77146560759482,40.83459746264813,1.1033070744148263,184.52075722744428,302.58656674551037,30.555830210797204,85.35353018876863,99.16722703867565,85.35353018876863,0.0,46.25687183993074,100.0,69.61720497218225,37.506353379865615,32.110851592316635
2022-09-23 11:00:00,0.0,0.0,70.02219591455001,40.83459746264813,1.1031470922775142,186.48709090248744,317.0708646857516,31.608464521429738,89.08360240710202,97.40348849538542,89.08360240710202,0.0,47.769313133681244,100.0,70.02311866650473,36.66843625323758,33.35468241326715
2022-09-23 12:00:00,0.0,0.0,76.39637469329757,40.83459746264813,1.103207893624518,190.29247641741077,367.340329734592,32.079385304206,103.02287556278031,87.26960085463045,103.02287556278031,0.0,54.13922689029352,100.0,73.24240011092621,33.697069326152985,39.54533078477323
2022-09-23 13:00:00,0.0,0.0,65.14138523931855,40.83459746264813,0.020000016,139.93852122295692,387.26175866229084,33.80192995819659,107.89912812209093,32.03939310086599,107.89912812209093,0.0,77.10466509087998,100.0,53.48740412997115,12.248896857348603,41.23850727262254
2022-09-23 14:00:00,0.0,0.0,50.476603697949564,40.83459746264813,1.1030910274403032,123.98934304967582,232.10266547319577,28.35320829603737,66.01622334181242,57.973119707863404,66.01622334181242,0.0,53.2434657028252,100.0,47.837797382844656,22.473044050453492,25.364753332391164
2022-09-23 15:00:00,0.0,0.0,43.27487576612243,40.83459746264813,0.020000016,117.10871427582673,229.62796193817576,28.87587381056799,65.18445944369176,51.92425483213496,65.18445944369176,0.0,55.661493550482064,100.0,45.43651225804149,20.14787529456405,25.28863696347744
2022-09-23 16:00:00,0.0,0.0,38.87594273990352,40.83459746264813,1.1028560119058282,101.93554354226764,75.0144057562292,22.944200179882163,13.063596693845234,88.8719468484224,13.063596693845241,0.0,12.815546216642689,100.00000000000004,41.102245238859645,35.86021579352037,5.242029445339277
2022-09-23 17:00:00,0.0,0.0,0.5691769339243091,4.712191313740987,0.020000016,34.48428376311316,17.678648536836132,19.952457766776128,0.7335278927899188,33.750755870323246,0.7335278927899154,0.0,2.127136807679761,99.99999999999953,15.24996496992953,14.92565395032979,0.3243110195997403
2022-09-23 18:00:00,0.0,0.0,0.0,4.8195987996788965,1.1028820743467103,42.92702143872677,0.0,18.9,0.0,42.92702143872677,0.0,0.0,0.0,0.0,19.63378333059073,19.63378333059073,0.0
2022-09-23 19:00:00,0.0,0.0,0.0,2.6957681249665377,0.020000016,40.80319076401441,0.0,18.3,0.0,40.80319076401441,0.0,0.0,0.0,0.0,18.409308316948565,18.409308316948565,0.0
2022-09-23 20:00:00,0.0,0.0,0.0,0.0,0.020000016,38.10742263904787,0.0,18.3,0.0,38.10742263904787,0.0,0.0,0.0,0.0,16.899479523750976,16.899479523750976,0.0
2022-09-23 21:00:00,0.0,0.0,0.0,0.0,1.1029192875741478,38.10742263904787,0.0,17.8,0.0,38.10742263904787,0.0,0.0,0.0,0.0,16.84980993370936,16.84980993370936,0.0
2022-09-23 22:00:00,0.0,0.0,0.0,0.0,0.020000016,38.10742263904787,0.0,17.8,0.0,38.10742263904787,0.0,0.0,0.0,0.0,15.978232581451994,15.978232581451994,0.0
2022-09-23 23:00:00,0.0,0.0,0.0,0.0,0.020000016,38.10742263904787,0.0,17.8,0.0,38.10742263904787,0.0,0.0,0.0,0.0,16.614054928184505,16.614054928184505,0.0
2022-09-24 00:00:00,0.0,0.0,0.0,0.0,1.102850180240695,38.10742263904787,0.0,17.2,0.0,38.10742263904787,0.0,0.0,0.0,0.0,17.614041851931457,17.614041851931457,0.0
2022-09-24 01:00:00,0.0,0.0,0.0,0.0,0.020000016,38.10742263904787,0.0,17.2,0.0,38.10742263904787,0.0,0.0,0.0,0.0,17.48709598084509,17.48709598084509,0.0
2022-09-24 02:00:00,0.0,0.0,0.0,0.0,0.020000016,38.10742263904787,0.0,16.7,0.0,38.10742263904787,0.0,0.0,0.0,0.0,17.677442556927137,17.677442556927137,0.0
2022-09-24 03:00:00,0.0,0.0,0.0,0.0,1.1025659241885453,38.10742263904787,0.0,16.1,0.0,38.10742263904787,0.0,0.0,0.0,0.0,17.929901205189257,17.929901205189257,0.0
2022-09-24 04:00:00,0.0,0.0,0.0,0.0,0.020000016,38.10742263904787,0.0,16.1,0.0,38.10742263904787,0.0,0.0,0.0,0.0,17.280934824367844,17.280934824367844,0.0
2022-09-24 05:00:00,0.0,0.0,0.0,0.0,0.020000016,29.202915515447863,0.0,15.6,0.0,29.202915515447863,0.0,0.0,0.0,0.0,13.016420164846693,13.016420164846693,0.0
2022-09-24 06:00:00,0.0,0.0,0.0,1.8429312507551103,1.1028613782625787,22.141339642602976,46.64094781169968,17.557529619115616,5.1500890426859955,16.99125059991698,5.150089042685995,0.0,23.260060709138468,99.99999999999997,10.492632981205855,8.09822783303507,2.394405148170785
2022-09-24 07:00:00,0.0,0.0,0.28143990037328054,4.328322488313845,0.020000016,24.908170780534995,128.98597135249065,23.43081160476533,37.36364069469599,0.0,24.908170780534995,12.455469914160993,100.0,66.66419630801896,10.763308084084729,0.0036010111631256747,10.759707072921604
2022-09-24 08:00:00,0.0,0.0,6.059802976677665,8.57679663402171,0.020000016,34.93500800254724,220.57985475259565,28.593120461018614,62.68243558804284,0.0,34.93500800254724,27.7474275854956,100.0,55.73332892190833,14.633159637349822,0.0036010111631256747,14.629558626186697
2022-09-24 09:00:00,0.0,0.0,11.533976180612333,11.816232142903587,1.1028783321305862,43.64861671536377,293.7979497198758,33.081185928746116,82.08382378992312,0.0,43.64861671536377,38.435207074559344,100.0,53.17566202455863,17.940426936713536,0.198573700419623,17.741853236293913
2022-09-24 10:00:00,0.0,0.0,19.2245789896345,19.32980012912044,0.020000016,58.852787510602795,334.5024175263263,35.4532005476977,92.61069706546111,0.0,58.852787510602795,33.757909554858315,100.0,63.54858496422199,23.104791428762486,0.0036010111631256747,23.10119041759936
2022-09-24 11:00:00,0.0,0.0,23.98787423424487,25.88392911224609,0.020000016,70.17021173833882,341.2245374612537,36.26326679566418,94.1772431092138,0.0,70.17021173833882,24.007031370874984,100.0,74.50867048312836,27.8120559230668,0.0036010111631256747,27.808454911903674
2022-09-24 12:00:00,0.0,0.0,29.64216192749337,26.755820028747834,1.1029753671632558,76.69639034808907,477.7327815448278,39.92914942327587,129.9870283531772,0.0,76.69639034808907,53.29063800508814,100.0,59.00311078710372,31.386027860812636,0.19859117161743892,31.187436689195195
2022-09-24 13:00:00,0.0,0.0,31.516657650825213,26.844668245740184,0.020000016,78.65973428841326,480.8609408007968,39.4269044000249,131.09552696362525,0.0,78.65973428841326,52.435792675211985,100.0,60.0018445406141,31.29011702570806,0.0036010111631256747,31.286516014544933
2022-09-24 14:00:00,0.0,0.0,29.73149906799319,27.71655916224192,1.102921039011988,77.74646662208298,401.8540002835266,36.457937508860205,110.82748423641704,0.0,77.74646662208298,33.08101761433406,100.0,70.15089005921521,30.9204864078605,0.198581389811305,30.721905018049195
2022-09-24 15:00:00,0.0,0.0,26.06889875457066,27.084853029113706,0.020000016,73.45216017553223,277.10110345300416,32.55940948290638,77.57298340677742,0.0,73.45216017553223,4.120823231245197,100.0,94.68781133550529,28.77958654233051,0.0036010111631256747,28.775985531167382
2022-09-24 16:00:00,0.0,0.0,23.4136911515732,27.71655916224192,0.020000016,71.42865870566298,140.86422197550164,26.602006936734426,40.328426813977316,31.100231891685667,40.328426813977316,0.0,56.459728552595664,100.0,28.47935009076273,12.402019457102531,16.077330633660196
2022-09-24 17:00:00,0.0,0.0,16.13055990736118,26.045635614167107,1.1029163123632577,71.37911103697614,31.87056743428658,20.995955232321457,2.374919698393268,69.00419133858287,2.3749196983932706,0.0,3.327191476457312,100.00000000000011,31.640365159453864,30.594236781508613,1.0461283779452515
2022-09-24 18:00:00,0.0,0.0,12.319787243822875,22.66523334371065,0.020000016,73.09244322658138,0.0,19.4,0.0,73.09244322658138,0.0,0.0,0.0,0.0,32.53302740693704,32.53302740693704,0.0
2022-09-24 19:00:00,0.0,0.0,7.176607456059289,20.85384462701903,0.020000016,66.13787472212617,0.0,18.3,0.0,66.13787472212617,0.0,0.0,0.0,0.0,29.9832382439557,29.9832382439557,0.0
2022-09-24 20:00:00,0.0,0.0,1.6451989110272183,14.790453196917747,1.1028969142486649,54.54307474699282,0.0,18.3,0.0,54.54307474699282,0.0,0.0,0.0,0.0,25.186668595351236,25.186668595351236,0.0
2022-09-24 21:00:00,0.0,0.0,0.37373553754100713,10.795693875837346,0.020000016,49.27685205242623,0.0,18.3,0.0,49.27685205242623,0.0,0.0,0.0,0.0,22.754723603768316,22.754723603768316,0.0
2022-09-24 22:00:00,0.0,0.0,0.10943766492379647,7.646423938052654,0.020000016,45.86328424202432,0.0,18.3,0.0,45.86328424202432,0.0,0.0,0.0,0.0,20.457937833842344,20.457937833842344,0.0
2022-09-24 23:00:00,0.0,0.0,0.0,7.646423938052655,1.102947917503272,51.11468288921654,0.0,18.3,0.0,51.11468288921654,0.0,0.0,0.0,0.0,23.59505445476143,23.59505445476143,0.0
2022-09-25 00:00:00,0.0,0.0,0.0,6.298539875569383,0.020000016,49.76679882673327,0.0,17.8,0.0,49.76679882673327,0.0,0.0,0.0,0.0,22.93962558643969,22.93962558643969,0.0
2022-09-25 01:00:00,0.0,0.0,0.0,3.602771750602846,0.020000016,47.07103070176673,0.0,17.2,0.0,47.07103070176673,0.0,0.0,0.0,0.0,21.76359708397585,21.76359708397585,0.0
2022-09-25 02:00:00,0.0,0.0,0.0,3.602771750602846,1.1027448952211831,47.07103070176673,0.0,16.7,0.0,47.07103070176673,0.0,0.0,0.0,0.0,21.353918358497353,21.353918358497353,0.0
2022-09-25 03:00:00,0.0,0.0,0.0,3.602771750602846,0.020000016,47.07103070176673,0.0,16.7,0.0,47.07103070176673,0.0,0.0,0.0,0.0,21.576489736936328,21.576489736936328,0.0
2022-09-25 04:00:00,0.0,0.0,0.0,3.602771750602846,1.1030018452325558,51.278490056396826,0.0,16.7,0.0,51.278490056396826,0.0,0.0,0.0,0.0,23.51107948089419,23.51107948089419,0.0
2022-09-25 05:00:00,0.0,0.0,1.0739725442663874,40.83459746264813,0.020000016,80.67978118910852,0.0,17.2,0.0,80.67978118910852,0.0,0.0,0.0,0.0,36.214703803364756,36.214703803364756,0.0
2022-09-25 06:00:00,0.0,0.0,4.504072649646438,40.83459746264813,1.103140853877065,103.27368211863973,46.455074537678264,19.751721079302445,5.068755749802544,98.20492636883718,5.068755749802548,0.0,4.908080786719326,100.00000000000009,47.47731264148206,45.15683625922245,2.3204763822596064
2022-09-25 07:00:00,0.0,0.0,37.51968264898893,40.83459746264813,1.1035514662832613,224.50035730537599,150.08573951209553,24.690179359752985,43.27424301708104,181.22611428829495,43.274243017081034,0.0,19.275801400270094,99.99999999999999,96.44985558782295,77.8966730078947,18.553182579928247
2022-09-25 08:00:00,0.0,0.0,61.9514049763848,40.83459746264813,1.1037354288773384,240.5835015253433,235.1037484261369,29.046992138316778,66.6960005509431,173.8875009744002,66.6960005509431,0.0,27.722599483372,100.0,95.42769251231284,69.02774809423579,26.399944418077055
2022-09-25 09:00:00,0.0,0.0,74.08494667962252,40.83459746264813,1.1037814359514377,250.7904482807129,306.161004278294,32.86753138369669,85.6076251486138,165.1828231320991,85.6076251486138,0.0,34.135121865882276,100.0,97.20197379513348,64.08980046390116,33.11217333123233
2022-09-25 10:00:00,0.0,0.0,82.58256608486428,40.83459746264813,1.1039458070882613,261.2146626338228,367.78587574491144,36.49330861702848,101.41795941629937,159.79670321752343,101.41795941629937,0.0,38.825523189894426,100.0,99.13643151891453,60.723365210396985,38.41306630851755
2022-09-25 11:00:00,0.0,0.0,86.26533834077917,40.83459746264813,2.1883357848891065,264.35308594729213,336.4075335106053,36.11273542220642,92.90172217795944,171.4513637693327,92.90172217795944,0.0,35.14304432840349,100.0,99.28850021717604,64.53396595040141,34.75453426677463
2022-09-25 12:00:00,0.0,0.0,97.95290303488058,40.83459746264813,2.1880699028983983,278.1904953737292,473.18107258221164,40.88690851819412,128.26562407355226,149.92487130017696,128.26562407355226,0.0,46.10711947625546,100.0,107.0827997729104,57.89165028446238,49.191149488448026
2022-09-25 13:00:00,0.0,0.0,105.43786483413929,40.83459746264813,1.103556375469205,282.14336643522967,447.3313212482472,40.07910378900773,121.64356978268975,160.4997966525399,121.64356978268975,0.0,43.11409880714488,100.0,108.0000332299761,61.52245808740599,46.47757514257011
2022-09-25 14:00:00,0.0,0.0,110.59194427280953,40.83459746264813,1.1035151921657094,287.2974458738999,409.2064613662864,37.78770191769645,112.27537827029401,175.02206760360588,112.27537827029403,0.0,39.07983864206497,100.00000000000003,111.50921079671646,68.00923823967373,43.499972557042724
2022-09-25 15:00:00,0.0,0.0,112.30660116861351,40.83459746264813,1.1035943046049586,291.9019951915061,247.39535590556443,33.33110487204889,69.05357921733354,222.84841597417255,69.05357921733355,0.0,23.656425908301877,100.00000000000003,118.64523471039351,90.62501860347999,28.020216106913523
2022-09-25 16:00:00,0.0,0.0,100.13347552765046,40.83459746264813,1.1033925023778133,262.67578234755507,129.9772642803885,28.461789508762138,36.9539812050894,225.72180114246567,36.953981205089406,0.0,14.068286339467093,100.00000000000003,113.03498872111307,97.16085178474883,15.874136936364238
2022-09-25 17:00:00,0.0,0.0,72.33348242248626,40.83459746264813,1.1032560310778008,200.17382842433742,24.17171765727432,23.555366176789825,1.3533579712455976,198.82047045309181,1.3533579712456003,0.0,0.6760913661383803,100.0000000000002,91.71110997688369,91.0924020799592,0.6187078969244908
2022-09-25 18:00:00,0.0,0.0,60.111297084449106,40.83459746264813,0.020000016,194.28735694607607,0.0,22.2,0.0,194.28735694607607,0.0,0.0,0.0,0.0,91.27105837336708,91.27105837336708,0.0
2022-09-25 19:00:00,0.0,0.0,47.5606814258776,40.83459746264813,1.1031211069674294,159.5460675568682,0.0,21.7,0.0,159.5460675568682,0.0,0.0,0.0,0.0,76.17924116473688,76.17924116473688,0.0
2022-09-25 20:00:00,0.0,0.0,42.49790877631025,40.83459746264813,0.020000016,153.19889827538876,0.0,21.1,0.0,153.19889827538876,0.0,0.0,0.0,0.0,70.36862098354057,70.36862098354057,0.0
2022-09-25 21:00:00,0.0,0.0,0.7478309745351407,2.6957681249665386,1.1029306634446172,51.11931740529567,0.0,21.1,0.0,51.11931740529567,0.0,0.0,0.0,0.0,23.331352231525806,23.331352231525806,0.0
2022-09-25 22:00:00,0.0,0.0,1.350607729212446,8.994308000535923,0.020000016,53.81317468091226,0.0,21.1,0.0,53.81317468091226,0.0,0.0,0.0,0.0,23.909565731411593,23.909565731411593,0.0
2022-09-25 23:00:00,0.0,0.0,0.16816374397061945,7.446269951908051,0.020000016,51.08269264704255,0.0,20.6,0.0,51.08269264704255,0.0,0.0,0.0,0.0,23.00639292358962,23.00639292358962,0.0
2022-09-26 00:00:00,0.0,0.0,0.025886309572532563,2.4018478337352307,1.102949390444861,45.89599309447164,0.0,20.0,0.0,45.89599309447164,0.0,0.0,0.0,0.0,21.308448518300768,21.308448518300768,0.0
2022-09-26 01:00:00,0.0,0.0,0.0,3.602771750602846,0.020000016,47.07103070176672,0.0,20.0,0.0,47.07103070176672,0.0,0.0,0.0,0.0,21.462813197791558,21.462813197791558,0.0
2022-09-26 02:00:00,0.0,0.0,0.0,3.602771750602846,0.020000016,47.07103070176673,0.0,20.0,0.0,47.07103070176673,0.0,0.0,0.0,0.0,21.510354938800344,21.510354938800344,0.0
2022-09-26 03:00:00,0.0,0.0,0.0,2.4018478337352307,1.1029228910532494,45.87010678489912,0.0,20.0,0.0,45.87010678489912,0.0,0.0,0.0,0.0,21.29539058631683,21.29539058631683,0.0
2022-09-26 04:00:00,0.0,0.0,0.0,1.2009239168676153,0.020000016,48.8766422226616,0.0,19.4,0.0,48.8766422226616,0.0,0.0,0.0,0.0,22.387636849875463,22.387636849875463,0.0
2022-09-26 05:00:00,0.0,0.0,2.2241044783818675,40.83459746264813,1.1029667697129386,81.82991312322399,0.0,19.4,0.0,81.82991312322399,0.0,0.0,0.0,0.0,36.52125146077961,36.52125146077961,0.0
2022-09-26 06:00:00,0.0,0.0,9.669184512068158,40.83459746264813,0.020000016,108.43879398106142,27.839264349835656,19.76997701093236,1.8202111655339908,106.61858281552743,1.8202111655339905,0.0,1.6785608717226108,99.99999999999999,49.787851327868424,48.95219238177177,0.8356589460966504
2022-09-26 07:00:00,0.0,0.0,49.634979982984476,40.83459746264813,1.1036001911296986,236.6156546393715,75.63579269419965,22.363618521693738,13.309233536408357,223.30642110296316,13.309233536408357,0.0,5.624832201695659,100.0,101.50333004873185,95.80511480245399,5.698215246277869
2022-09-26 08:00:00,0.0,0.0,70.9249367210092,40.83459746264813,1.1037141192173476,249.55703326996772,219.15679152343426,27.448649735107324,62.54531427203833,187.0117189979294,62.545314272038325,0.0,25.062533182295677,99.99999999999999,102.25382515481768,76.67623160983896,25.57759354497871
2022-09-26 09:00:00,0.0,0.0,84.65413803566238,40.83459746264813,2.1875463379236164,261.3596396367528,320.157822116268,32.804931941133376,89.54272082065647,171.8169188160963,89.54272082065648,0.0,34.2603475215631,100.00000000000003,105.00045079225491,69.16187221099536,35.838578581259554
2022-09-26 10:00:00,0.0,0.0,92.80790542739595,40.83459746264813,1.1039759704425638,271.4400019763545,299.17766075773807,33.74930189867931,83.37385634661811,188.06614562973638,83.37385634661811,0.0,30.71539041393056,100.0,107.61979491278466,74.62500813289228,32.99478677989238
2022-09-26 11:00:00,0.0,0.0,96.50841492949368,40.83459746264813,2.188377791071274,274.5961625360066,334.1625155946836,34.34257861233386,92.91206568415707,181.68409685184952,92.91206568415708,0.0,33.835893708811,100.00000000000003,109.21647754054395,72.39542590991249,36.82105163063146
2022-09-26 12:00:00,0.0,0.0,109.48045333903343,40.83459746264813,1.1040730429860153,289.7180456778821,271.1698065057541,30.674056453304814,76.45733717205201,213.2607085058301,76.45733717205201,0.0,26.39025711814298,100.0,115.38344081898788,84.9859149928093,30.39752582617858
2022-09-26 13:00:00,0.0,0.0,120.94327842331383,40.83459746264813,1.1035769073999107,297.64878002440423,208.6678620984383,27.620870690576197,59.5135767191714,238.13520330523284,59.5135767191714,0.0,19.994564303032547,100.0,117.78187354002681,94.27163019288534,23.51024334714147
2022-09-26 14:00:00,0.0,0.0,128.04254578292603,40.83459746264813,1.1035371815274693,304.74804738401644,387.5608090743754,33.81127528357423,107.97859026899218,196.76945711502427,107.97859026899218,0.0,35.432086011999004,100.0,121.14100241134713,78.2886190771949,42.852383334152236
2022-09-26 15:00:00,0.0,0.0,125.03841028915507,40.83459746264813,2.187604057886398,304.6338043120477,200.8392604986474,27.97622689058273,57.20475186139921,247.42905245064847,57.20475186139922,0.0,18.778202238777897,100.00000000000003,121.44621383602258,98.71476158885837,22.731452247164214
2022-09-26 16:00:00,0.0,0.0,111.77233581227965,40.83459746264813,0.020000016,274.3146426321843,79.29994396103261,23.07812324878227,14.591688535591162,259.7229540965931,14.591688535591175,0.0,5.31932542702669,100.00000000000009,112.13931219956059,106.17444880153896,5.964863398021635
2022-09-26 17:00:00,0.0,0.0,81.67332828004106,40.83459746264813,1.103220115673024,212.48184332309216,21.30065843087396,20.06564557596481,1.0644517567876557,211.4173915663045,1.064451756787662,0.0,0.5009612775097659,100.00000000000058,93.99662015523377,93.52672857171743,0.4698915835163433
2022-09-26 18:00:00,0.0,0.0,65.176662548162,40.83459746264813,1.1031537128039055,199.35272240978895,0.0,18.9,0.0,199.35272240978895,0.0,0.0,0.0,0.0,91.14632553700577,91.14632553700577,0.0
2022-09-26 19:00:00,0.0,0.0,53.94909636298804,40.83459746264813,0.020000016,165.93448249397866,0.0,18.9,0.0,165.93448249397866,0.0,0.0,0.0,0.0,75.10720713276281,75.10720713276281,0.0
2022-09-26 20:00:00,0.0,0.0,49.84570775073419,40.83459746264813,1.1029373659051316,160.5466972498127,0.0,18.9,0.0,160.5466972498127,0.0,0.0,0.0,0.0,69.73216164185531,69.73216164185531,0.0
2022-09-26 21:00:00,0.0,0.0,4.136137362126535,9.47100253449217,0.020000016,61.28285820241268,0.0,18.9,0.0,61.28285820241268,0.0,0.0,0.0,0.0,26.844880075237857,26.844880075237857,0.0
2022-09-26 22:00:00,0.0,0.0,4.684784832938298,14.394553208220966,1.1028280171021367,62.54759699232314,0.0,18.9,0.0,62.54759699232314,0.0,0.0,0.0,0.0,26.3384563762096,26.3384563762096,0.0
2022-09-26 23:00:00,0.0,0.0,0.8519428577664494,11.093821292392382,0.020000016,55.41402310132273,0.0,18.9,0.0,55.41402310132273,0.0,0.0,0.0,0.0,22.902614847438226,22.902614847438226,0.0
2022-09-27 00:00:00,0.0,0.0,0.12145700393590869,7.646423938052653,0.020000016,51.236139893152455,0.0,18.9,0.0,51.236139893152455,0.0,0.0,0.0,0.0,21.262500175629945,21.262500175629945,0.0
2022-09-27 01:00:00,0.0,0.0,0.0,7.646423938052653,1.102919638172991,51.11468288921654,0.0,18.9,0.0,51.11468288921654,0.0,0.0,0.0,0.0,21.68182678251293,21.68182678251293,0.0
2022-09-27 02:00:00,0.0,0.0,0.0,3.602771750602846,0.020000016,47.07103070176674,0.0,18.9,0.0,47.07103070176674,0.0,0.0,0.0,0.0,20.375472388580754,20.375472388580754,0.0
2022-09-27 03:00:00,0.0,0.0,0.0,2.4018478337352307,0.020000016,45.87010678489912,0.0,18.9,0.0,45.87010678489912,0.0,0.0,0.0,0.0,19.9417309768213,19.9417309768213,0.0
2022-09-27 04:00:00,0.0,0.0,0.0,3.602771750602846,1.1030278264580584,51.27849005639683,0.0,18.9,0.0,51.27849005639683,0.0,0.0,0.0,0.0,22.42910801863463,22.42910801863463,0.0
2022-09-27 05:00:00,0.0,0.0,2.726915839928159,40.83459746264813,0.020000016,82.3327244847703,0.0,18.9,0.0,82.3327244847703,0.0,0.0,0.0,0.0,34.19473483519854,34.19473483519854,0.0
2022-09-27 06:00:00,0.0,0.0,15.44895800064982,40.83459746264813,1.1032189711458147,114.21856746964309,32.58632575479617,19.918322679837377,2.492545763962908,111.72602170568018,2.4925457639629087,0.0,2.182259696634153,100.00000000000004,48.824334668629184,47.76319562326608,1.061139045363106
2022-09-27 07:00:00,0.0,0.0,61.29093745085961,40.83459746264813,1.1035927695801002,248.2716121072467,120.81136991910958,22.675355309972172,33.91701058136268,214.35460152588402,33.91701058136269,0.0,13.661252002790977,100.00000000000003,99.12873296961341,85.6136521782049,13.515080791408508
2022-09-27 08:00:00,0.0,0.0,77.24327211120027,40.83459746264813,1.1037305761123404,255.8753686601588,159.9027555543747,23.89696111107421,46.23994301711597,209.63542564304285,46.23994301711596,0.0,18.071275582031344,99.99999999999999,90.84385587200603,74.46312485847761,16.38073101352842
2022-09-27 09:00:00,0.0,0.0,87.87530378517832,40.83459746264813,1.103775201628836,264.5808053862687,268.18498260156997,28.980780706299065,76.09965576914014,188.48114961712855,76.09965576914016,0.0,28.762349429710216,100.00000000000003,89.61646417048756,63.897824506748954,25.718639663738607
2022-09-27 10:00:00,0.0,0.0,97.13997463746828,40.83459746264813,2.1879125252028784,275.77207118642684,326.12249779279404,32.39132805602482,91.35467361577092,184.4173975706559,91.35467361577093,0.0,33.126876562497706,100.00000000000003,92.35702599510596,61.89252621108674,30.464499784019218
2022-09-27 11:00:00,0.0,0.0,100.33575567439938,40.83459746264813,1.1041281292240308,278.4235032809124,335.29984697890507,33.778120218090784,93.42997292883412,184.99353035207832,93.4299729288341,0.0,33.556783758506526,99.99999999999999,92.07159422202294,61.242038904830906,30.829555317192032
2022-09-27 12:00:00,0.0,0.0,110.04867260846197,40.83459746264813,2.1881650880486156,290.28626494731054,444.8769342930579,37.80240419665806,122.0554383177242,168.23082662958635,122.0554383177242,0.0,42.046577139940915,100.0,98.41204025236611,57.19880095000335,41.21323930236276
2022-09-27 13:00:00,0.0,0.0,121.64348523737955,40.83459746264813,1.103553186895624,298.34898683846995,462.6134449949813,37.756670156093165,126.94413272341077,171.40485411505918,126.94413272341077,0.0,42.548873407818874,100.0,102.24747441146401,58.82686853408496,43.42060587737905
2022-09-27 14:00:00,0.0,0.0,128.90889257017966,40.83459746264813,1.1035631419705048,305.61439417127,372.04075116847747,33.826273474014926,103.64859001131869,201.96580415995135,103.64859001131867,0.0,33.91482599907671,99.99999999999999,104.93733409912171,69.41540757339263,35.521926525729086
2022-09-27 15:00:00,0.0,0.0,124.57790097357544,40.83459746264813,1.1038171514934474,304.173294996468,272.2249015198311,29.607028172494722,77.06435175209441,227.10894324437356,77.06435175209441,0.0,25.335673124423785,100.0,107.08523859699353,80.00482539130756,27.08041320568597
2022-09-27 16:00:00,0.0,0.0,108.2091442739035,40.83459746264813,1.1034379977829747,270.75145109380816,146.61963695102477,24.581863654719523,42.29178418017984,228.45966691362833,42.29178418017983,0.0,15.620150514180201,99.99999999999997,99.08658070869913,83.64014091365115,15.44643979504798
2022-09-27 17:00:00,0.0,0.0,77.28153841770971,40.83459746264813,1.1032512447143723,208.09005346076088,35.4001054748903,20.50625329609032,2.935304550578807,205.15474891018206,2.9353045505788202,0.0,1.4105933953889462,100.00000000000044,84.84551279025308,83.65148960516862,1.1940231850844611
2022-09-27 18:00:00,0.0,0.0,62.17844447031504,40.83459746264813,1.1030329045308804,196.35450433194202,0.0,18.9,0.0,196.35450433194202,0.0,0.0,0.0,0.0,81.68375728395694,81.68375728395694,0.0
2022-09-27 19:00:00,0.0,0.0,49.46311644044592,40.83459746264813,0.020000016,161.44850257143656,0.0,18.9,0.0,161.44850257143656,0.0,0.0,0.0,0.0,66.531685465775,66.531685465775,0.0
2022-09-27 20:00:00,0.0,0.0,43.51493262562635,40.83459746264813,1.10295121345555,154.21592212470486,0.0,18.3,0.0,154.21592212470486,0.0,0.0,0.0,0.0,63.65843877704841,63.65843877704841,0.0
2022-09-27 21:00:00,0.0,0.0,0.7361408406008157,2.6957681249665386,0.020000016,51.10762727136132,0.0,18.3,0.0,51.10762727136132,0.0,0.0,0.0,0.0,21.39444286745505,21.39444286745505,0.0
2022-09-27 22:00:00,0.0,0.0,1.007153569950998,10.19523191740354,0.020000016,54.67064443851842,0.0,17.8,0.0,54.67064443851842,0.0,0.0,0.0,0.0,22.703945994924744,22.703945994924744,0.0
2022-09-27 23:00:00,0.0,0.0,0.16777424255886175,6.972481906811018,1.1028374202634315,50.60851510053376,0.0,17.2,0.0,50.60851510053376,0.0,0.0,0.0,0.0,21.577374410714977,21.577374410714977,0.0
2022-09-28 00:00:00,0.0,0.0,0.0,3.602771750602846,0.020000016,47.07103070176673,0.0,17.8,0.0,47.07103070176673,0.0,0.0,0.0,0.0,21.17662133112482,21.17662133112482,0.0
2022-09-28 01:00:00,0.0,0.0,0.0,2.4018478337352307,0.020000016,45.87010678489911,0.0,17.8,0.0,45.87010678489911,0.0,0.0,0.0,0.0,20.71578902881647,20.71578902881647,0.0
2022-09-28 02:00:00,0.0,0.0,0.0,3.602771750602846,1.1027643514889856,47.07103070176672,0.0,17.8,0.0,47.07103070176672,0.0,0.0,0.0,0.0,21.779443979150397,21.779443979150397,0.0
2022-09-28 03:00:00,0.0,0.0,0.0,3.602771750602846,0.020000016,47.07103070176673,0.0,17.8,0.0,47.07103070176673,0.0,0.0,0.0,0.0,21.752064681453916,21.752064681453916,0.0
2022-09-28 04:00:00,0.0,0.0,0.0,3.602771750602846,1.10299322547745,51.278490056396826,0.0,17.8,0.0,51.278490056396826,0.0,0.0,0.0,0.0,23.981814467621433,23.981814467621433,0.0
2022-09-28 05:00:00,0.0,0.0,6.949165396355932,40.83459746264813,0.020000016,86.55497404119808,0.0,17.8,0.0,86.55497404119808,0.0,0.0,0.0,0.0,40.55806854842608,40.55806854842608,0.0
2022-09-28 06:00:00,0.0,0.0,17.108214841253805,40.83459746264813,1.1032014511846975,115.87782431024709,20.34435296669512,18.935761030209225,0.9750055478878984,114.90281876235919,0.9750055478879034,0.0,0.8414082277532746,100.00000000000051,53.25561129507196,52.80918550486053,0.44642579021142836
2022-09-28 07:00:00,0.0,0.0,60.796771648362395,40.83459746264813,1.1036054794363326,247.7774463047495,80.48540758831491,20.815168987134843,15.156181646918537,232.62126465783098,15.156181646918526,0.0,6.116852793888854,99.99999999999993,101.41826921354637,95.22681744896367,6.191451764582695
2022-09-28 08:00:00,0.0,0.0,76.73046429457727,40.83459746264813,1.103742996972567,255.36256084353573,153.94004214289527,23.710626316965474,44.546239073543354,210.81632176999238,44.54623907354335,0.0,17.44431091480065,99.99999999999999,95.66219231662566,79.00924903256758,16.652943284058082
2022-09-28 09:00:00,0.0,0.0,85.29878779287841,40.83459746264813,1.1037782025020366,262.00428939396886,207.15667481537415,26.47364608798044,59.335820642489324,202.66846875147954,59.335820642489324,0.0,22.646889018396045,100.0,94.30281634408443,72.99116964392155,21.311646700162882
2022-09-28 10:00:00,0.0,0.0,93.30328982955209,40.83459746264813,2.187810504462104,271.93538637851054,334.8083739891291,32.662761687160284,93.69095440330804,178.2444319752025,93.69095440330804,0.0,34.4533882298416,100.0,94.82891781500098,62.2928600793642,32.536057735636774
2022-09-28 11:00:00,0.0,0.0,98.44620464594216,40.83459746264813,1.1041638474446402,276.53395225245515,328.79750657851196,33.0749220805785,91.86449871416977,184.66945353828538,91.86449871416977,0.0,33.219970989422755,100.0,94.22173159358029,62.98734270826899,31.234388885311297
2022-09-28 12:00:00,0.0,0.0,112.42568399672238,40.83459746264813,2.187998127130044,292.66327633557097,441.839686469923,36.60749020218509,121.78474044274633,170.87853589282463,121.78474044274634,0.0,41.6125801527304,100.00000000000003,96.9406381992162,56.7650701745586,40.17556802465759
2022-09-28 13:00:00,0.0,0.0,122.3615761938292,40.83459746264813,1.103549058242271,299.0670777949196,427.38150545511655,36.15567204547239,118.00538270681288,181.06169508810672,118.0053827068129,0.0,39.457831191881695,100.00000000000003,98.35699540339334,59.62585871827674,38.7311366851166
2022-09-28 14:00:00,0.0,0.0,124.9503944362526,40.83459746264813,1.1035646600557263,301.6558960373429,361.402830638101,33.49383845744066,100.81294582191676,200.84295021542619,100.81294582191674,0.0,33.41984928729415,99.99999999999999,98.99251150575675,65.97576768434992,33.016743821406834
2022-09-28 15:00:00,0.0,0.0,121.25183064950171,40.83459746264813,1.1038309043712025,300.8472246723943,248.5722440771788,29.46788262741184,70.40535987357872,230.44186479881557,70.40535987357873,0.0,23.40236309317668,100.00000000000003,100.92690874013371,77.35413817406145,23.572770566072265
2022-09-28 16:00:00,0.0,0.0,106.47080072647985,40.83459746264813,1.1034048702007333,269.0131075463845,103.01524747987538,24.319226483746107,24.511960472114286,244.50114707427022,24.511960472114282,0.0,9.111808973058242,99.99999999999999,94.78098698605052,86.16282680365985,8.618160182390668
2022-09-28 17:00:00,0.0,0.0,76.66528648348671,40.83459746264813,1.103278808769115,207.47380152653787,24.98818611361365,20.780880816050427,1.4610975882951593,206.0127039382427,1.4610975882951607,0.0,0.7042323308026301,100.00000000000009,81.40285435488352,80.83098806431273,0.5718662905707816
2022-09-28 18:00:00,0.0,0.0,60.30340426737868,40.83459746264813,0.020000016,194.47946412900563,0.0,19.4,0.0,194.47946412900563,0.0,0.0,0.0,0.0,77.96458379655762,77.96458379655762,0.0
2022-09-28 19:00:00,0.0,0.0,45.857588760380786,40.83459746264813,1.1032201225405098,157.8429748913714,0.0,19.4,0.0,157.8429748913714,0.0,0.0,0.0,0.0,65.0539459781656,65.0539459781656,0.0
2022-09-28 20:00:00,0.0,0.0,39.844328546900904,40.83459746264813,1.1029135887049373,150.5453180459794,0.0,19.4,0.0,150.5453180459794,0.0,0.0,0.0,0.0,61.68580429789979,61.68580429789979,0.0
2022-09-28 21:00:00,0.0,0.0,0.0,0.0,0.020000016,47.675718305793986,0.0,19.4,0.0,47.675718305793986,0.0,0.0,0.0,0.0,19.32871504782519,19.32871504782519,0.0
2022-09-28 22:00:00,0.0,0.0,0.13806304630885283,6.845807993474241,0.020000016,50.45212999094698,0.0,19.4,0.0,50.45212999094698,0.0,0.0,0.0,0.0,20.81005941942966,20.81005941942966,0.0
2022-09-28 23:00:00,0.0,0.0,0.0,3.602771750602846,1.1028719399426048,47.07103070176673,0.0,18.9,0.0,47.07103070176673,0.0,0.0,0.0,0.0,20.029127073850834,20.029127073850834,0.0
2022-09-29 00:00:00,0.0,0.0,0.0,3.602771750602846,0.020000016,47.07103070176674,0.0,18.9,0.0,47.07103070176674,0.0,0.0,0.0,0.0,21.139199861716918,21.139199861716918,0.0
2022-09-29 01:00:00,0.0,0.0,0.0,0.0,0.020000016,43.46825895116388,0.0,18.9,0.0,43.46825895116388,0.0,0.0,0.0,0.0,19.704720015599133,19.704720015599133,0.0
2022-09-29 02:00:00,0.0,0.0,0.0,3.602771750602846,1.1028413340008343,47.07103070176672,0.0,18.9,0.0,47.07103070176672,0.0,0.0,0.0,0.0,21.744389922010722,21.744389922010722,0.0
2022-09-29 03:00:00,0.0,0.0,0.0,3.602771750602846,0.020000016,47.07103070176674,0.0,18.9,0.0,47.07103070176674,0.0,0.0,0.0,0.0,21.760302111826732,21.760302111826732,0.0
2022-09-29 04:00:00,0.0,0.0,0.0,1.8013858753014231,0.020000016,49.4771041810954,0.0,19.4,0.0,49.4771041810954,0.0,0.0,0.0,0.0,22.970872772027615,22.970872772027615,0.0
2022-09-29 05:00:00,0.0,0.0,0.683725000033198,40.83459746264813,1.1029694512585948,80.28953364487533,0.0,19.4,0.0,80.28953364487533,0.0,0.0,0.0,0.0,37.47822492077664,37.47822492077664,0.0
2022-09-29 06:00:00,0.0,0.0,4.0905596833761475,40.83459746264813,1.1032013276252022,102.86016915236942,34.621470493462915,20.481920952920714,2.807847611342239,100.05232154102718,2.8078476113422397,0.0,2.7297715281635426,100.00000000000003,46.05626676824728,44.80445810692063,1.2518086613266561
2022-09-29 07:00:00,0.0,0.0,51.6473358049446,40.83459746264813,1.103644631724022,238.6280104613317,80.92887290361439,21.92902727823795,15.261469316050455,223.36654114528125,15.261469316050466,0.0,6.3955062469598465,100.00000000000007,89.05543078841254,83.37259376654141,5.682837021871123
2022-09-29 08:00:00,0.0,0.0,77.7811431873999,40.83459746264813,1.103754522397574,256.41323973635843,144.23353489845124,24.5072979655766,41.61498401546912,214.7982557208893,41.61498401546913,0.0,16.22965493445551,100.00000000000004,85.68562352074326,71.81139592490594,13.874227595837326
2022-09-29 09:00:00,0.0,0.0,89.36338901858579,40.83459746264813,1.103782403131599,266.0688906196762,248.86033226253664,28.87688538320427,70.64368163121227,195.42520898846394,70.64368163121227,0.0,26.550898703971992,100.0,88.12120138404974,64.77699678901564,23.3442045950341
2022-09-29 10:00:00,0.0,0.0,100.1111844396413,40.83459746264813,1.1040162384380396,278.7432809885998,227.254434810477,28.801701087827407,64.52864844824344,214.21463254035635,64.52864844824344,0.0,23.149848928872505,100.0,90.32484362296549,69.46079572019492,20.864047902770565
2022-09-29 11:00:00,0.0,0.0,109.1734562421865,40.83459746264813,2.188353003286815,287.26120384869944,261.0305530685376,30.3572047833918,73.68667050146396,213.57453334723547,73.68667050146396,0.0,25.651452237272792,100.0,89.5139297464942,66.65337709012002,22.860552656374182
2022-09-29 12:00:00,0.0,0.0,123.30923134489042,40.83459746264813,2.188207600305755,303.546823683739,359.175856798299,34.52424552494685,99.7973580456612,203.74946563807777,99.79735804566121,0.0,32.877088560688954,100.00000000000003,93.50242264723842,62.89108002710252,30.6113426201359
2022-09-29 13:00:00,0.0,0.0,130.42617493371537,40.83459746264813,1.103581130192736,307.1316765348058,443.2450935536007,36.65140917355002,122.15137038961053,184.9803061451953,122.15137038961052,0.0,39.77166138243239,99.99999999999999,95.91168025642595,57.84503794505969,38.066642311366266
2022-09-29 14:00:00,0.0,0.0,136.0340074572416,40.83459746264813,1.1035247474735652,312.739509058332,367.1158472001159,34.27237022500363,102.10202530920178,210.63748374913018,102.10202530920179,0.0,32.64762601202325,100.00000000000003,98.3723130738161,66.32095579887802,32.051357274938084
2022-09-29 15:00:00,0.0,0.0,135.05621485120977,40.83459746264813,1.1038336734141891,314.65160887410235,215.6638781775877,28.439496193049614,61.32076138140428,253.33084749269807,61.32076138140428,0.0,19.488462684435152,100.0,102.65245607550983,82.68580296211077,19.96665311339906
2022-09-29 16:00:00,0.0,0.0,118.93129115452523,40.83459746264813,1.1033481957061857,281.4735979744299,62.11906227108455,22.541220695971393,8.97150658268442,272.50209139174547,8.971506582684412,0.0,3.1873350279550614,99.99999999999993,95.56472802926757,92.52509188398827,3.039636145279303
2022-09-29 17:00:00,0.0,0.0,83.24456803361805,40.83459746264813,1.103356385970793,214.0530830766692,18.086036894576804,19.965188652955522,0.7676888827518656,213.28539419391734,0.7676888827518553,0.0,0.3586441604659746,99.99999999999865,81.85777043713006,81.56490480524904,0.2928656318810141
2022-09-29 18:00:00,0.0,0.0,63.75774533810829,40.83459746264813,0.020000016,197.93380519973527,0.0,19.4,0.0,197.93380519973527,0.0,0.0,0.0,0.0,77.72923730602118,77.72923730602118,0.0
2022-09-29 19:00:00,0.0,0.0,45.814939588696284,40.83459746264813,1.103177161835504,157.8003257196869,0.0,19.4,0.0,157.8003257196869,0.0,0.0,0.0,0.0,64.16456753856403,64.16456753856403,0.0
2022-09-29 20:00:00,0.0,0.0,39.073417220208945,40.83459746264813,1.1029771967651465,149.77440671928744,0.0,18.9,0.0,149.77440671928744,0.0,0.0,0.0,0.0,61.29232087386897,61.29232087386897,0.0
2022-09-29 21:00:00,0.0,0.0,0.0,0.0,0.020000016,47.675718305793986,0.0,18.9,0.0,47.675718305793986,0.0,0.0,0.0,0.0,19.676747791457487,19.676747791457487,0.0
2022-09-29 22:00:00,0.0,0.0,0.0,0.0,0.020000016,43.46825895116388,0.0,18.9,0.0,43.46825895116388,0.0,0.0,0.0,0.0,18.20137027977313,18.20137027977313,0.0
2022-09-29 23:00:00,0.0,0.0,0.0,0.0,1.1028794467409884,38.10742263904787,0.0,18.9,0.0,38.10742263904787,0.0,0.0,0.0,0.0,16.56037688540728,16.56037688540728,0.0
2022-09-30 00:00:00,0.0,0.0,0.0,0.0,0.020000016,38.10742263904787,0.0,18.9,0.0,38.10742263904787,0.0,0.0,0.0,0.0,16.823074141359683,16.823074141359683,0.0
2022-09-30 01:00:00,0.0,0.0,0.0,0.0,0.020000016,38.10742263904787,0.0,18.9,0.0,38.10742263904787,0.0,0.0,0.0,0.0,16.887475685619677,16.887475685619677,0.0
2022-09-30 02:00:00,0.0,0.0,0.0,0.0,1.1028579533680523,38.10742263904787,0.0,18.9,0.0,38.10742263904787,0.0,0.0,0.0,0.0,17.19105086019282,17.19105086019282,0.0
2022-09-30 03:00:00,0.0,0.0,0.0,0.0,0.020000016,38.10742263904787,0.0,18.3,0.0,38.10742263904787,0.0,0.0,0.0,0.0,17.099734029719173,17.099734029719173,0.0
2022-09-30 04:00:00,0.0,0.0,0.0,0.0,0.020000016,38.10742263904787,0.0,18.3,0.0,38.10742263904787,0.0,0.0,0.0,0.0,17.20910233269324,17.20910233269324,0.0
2022-09-30 05:00:00,0.0,0.0,0.2590813926357396,40.83459746264813,1.1030074230623896,79.86489003747788,0.0,18.9,0.0,79.86489003747788,0.0,0.0,0.0,0.0,35.40224182291522,35.40224182291522,0.0
2022-09-30 06:00:00,0.0,0.0,2.1008936812166503,40.83459746264813,0.020000016,77.93978173010713,44.835954379932396,20.301123574372888,4.712170563592588,73.22761116651454,4.7121705635925935,0.0,6.045911932253132,100.00000000000011,34.80877963946842,32.70448919173769,2.104290447730726
2022-09-30 07:00:00,0.0,0.0,31.595228368825918,40.83459746264813,1.1031103821127413,145.81242925091715,132.22356086591805,23.531986277059936,38.287224884952735,107.52520436596441,38.287224884952735,0.0,26.2578609256055,100.0,57.80035753239731,42.675372213845584,15.124985318551722
2022-09-30 08:00:00,0.0,0.0,59.62868761461461,40.83459746264813,1.1033262419464553,176.09358260255203,187.6900443282304,26.465313885257203,53.761666309729705,122.33191629282233,53.761666309729705,0.0,30.530167831880185,100.0,62.901176771971166,43.75799144073416,19.143185331237007
2022-09-30 09:00:00,0.0,0.0,75.57828167558182,40.83459746264813,0.020000016,191.0798791895851,240.10243705749488,28.603201158046716,68.22761148122396,122.85226770836115,68.22761148122396,0.0,35.70632960968646,100.0,64.75770587032568,41.6363917535111,23.12131411681458
2022-09-30 10:00:00,0.0,0.0,83.99514321498074,40.83459746264813,1.1033117246876596,201.7444348348302,391.8115405282589,33.94411064150809,109.10742888458084,92.63700595024936,109.10742888458084,0.0,54.08200180287896,100.0,70.59131993549794,32.52155584909001,38.06976408640793
2022-09-30 11:00:00,0.0,0.0,95.28592454000476,40.83459746264813,1.1032603169812785,211.75081952794213,277.3232619458357,30.866351935807366,78.13550052978117,133.61531899816094,78.13550052978118,0.0,36.899739374784616,100.00000000000003,72.81858603405793,46.022016127369476,26.796569906688454
2022-09-30 12:00:00,0.0,0.0,106.81837270888053,40.83459746264813,1.1032077409802734,220.71447443299377,432.14170041324587,36.30442813791393,119.25123139056707,101.4632430424267,119.25123139056707,0.0,54.02963792787876,100.0,75.92245847146309,35.00914974983039,40.913308721632696
2022-09-30 13:00:00,0.0,0.0,104.04408522982894,40.83459746264813,0.020000016,178.8412212134673,419.7773154103261,35.91804110657269,116.0120664762844,62.82915473718289,116.0120664762844,0.0,64.86875100109657,100.0,61.0340619563649,21.444364211000472,39.58969774536443
2022-09-30 14:00:00,0.0,0.0,104.55708993295897,40.83459746264813,1.1030196343599699,178.06982928468523,369.86039455447315,33.758137329827285,103.06800820209489,75.00182108259034,103.06800820209489,0.0,57.88066884554439,100.0,60.395995280778806,25.553339768019615,34.842655512759194
2022-09-30 15:00:00,0.0,0.0,99.33724329652772,40.83459746264813,0.020000016,173.171081806232,250.93447156319925,29.541702236349977,71.05469583044116,102.11638597579083,71.05469583044116,0.0,41.03150196286646,100.0,60.56066246339342,35.7131906049673,24.84747185842612
2022-09-30 16:00:00,0.0,0.0,83.23419752685467,40.83459746264813,1.1029851101238954,146.29379832921882,128.7149375029476,25.122341796967113,37.053121766679446,109.24067656253936,37.05312176667945,0.0,25.327882787823512,100.00000000000003,54.38581582698418,40.66133952460611,13.724476302378065
2022-09-30 17:00:00,0.0,0.0,12.719065317269836,15.856471660294257,0.020000016,60.74662153421194,24.32409221472789,19.660127881710245,1.3901212322755476,59.35650030193639,1.390121232275547,0.0,2.288392666401445,99.99999999999996,25.03728374541187,24.464414785591117,0.5728689598207524
2022-09-30 18:00:00,0.0,0.0,11.298778744528272,18.23244776193953,1.1029251708610586,67.63864914551564,0.0,18.9,0.0,67.63864914551564,0.0,0.0,0.0,0.0,28.855386810478784,28.855386810478784,0.0
2022-09-30 19:00:00,0.0,0.0,3.684252026961769,11.184461103479315,0.020000016,52.97613576948895,0.0,18.9,0.0,52.97613576948895,0.0,0.0,0.0,0.0,22.266822068290857,22.266822068290857,0.0
2022-09-30 20:00:00,0.0,0.0,0.5493454542819173,4.7689410936108425,1.1030031722745541,43.42570918694062,0.0,18.3,0.0,43.42570918694062,0.0,0.0,0.0,0.0,18.004439715860507,18.004439715860507,0.0
2022-09-30 21:00:00,0.0,0.0,0.23992591853891318,4.0436521874498075,0.020000016,42.391000745036585,0.0,17.9,0.0,42.391000745036585,0.0,0.0,0.0,0.0,18.037368593112866,18.037368593112866,0.0
2022-09-30 22:00:00,0.0,0.0,0.0,0.0,0.020000016,38.10742263904787,0.0,17.5,0.0,38.10742263904787,0.0,0.0,0.0,0.0,16.266705770829585,16.266705770829585,0.0
2022-09-30 23:00:00,0.0,0.0,0.0,0.0,1.1029016435656023,38.10742263904787,0.0,17.1,0.0,38.10742263904787,0.0,0.0,0.0,0.0,16.75472873741389,16.75472873741389,0.0
2022-10-01 00:00:00,0.0,0.0,0.0,0.0,0.020000016,38.10742263904787,0.0,16.8,0.0,38.10742263904787,0.0,0.0,0.0,0.0,17.040858061741844,17.040858061741844,0.0
2022-10-01 01:00:00,0.0,0.0,0.0,0.0,0.020000016,38.10742263904787,0.0,16.4,0.0,38.10742263904787,0.0,0.0,0.0,0.0,17.19747956878833,17.19747956878833,0.0
2022-10-01 02:00:00,0.0,0.0,0.0,0.0,1.102903381149207,38.10742263904787,0.0,16.0,0.0,38.10742263904787,0.0,0.0,0.0,0.0,17.703603873978825,17.703603873978825,0.0
2022-10-01 03:00:00,0.0,0.0,0.0,0.0,0.020000016,38.10742263904787,0.0,15.6,0.0,38.10742263904787,0.0,0.0,0.0,0.0,17.747179140356593,17.747179140356593,0.0
2022-10-01 04:00:00,0.0,0.0,0.0,0.0,0.020000016,38.10742263904787,0.0,16.1,0.0,38.10742263904787,0.0,0.0,0.0,0.0,17.871409338159893,17.871409338159893,0.0
2022-10-01 05:00:00,0.0,0.0,0.0,0.0,1.1028705146066082,29.202915515447863,0.0,15.6,0.0,29.202915515447863,0.0,0.0,0.0,0.0,13.911969389770356,13.911969389770356,0.0
2022-10-01 06:00:00,0.0,0.0,0.042290282252862084,3.047230190081254,0.020000016,23.38792886418198,19.51479848058901,16.709837452518407,0.9043400595055042,22.483588804676476,0.904340059505504,0.0,3.866695784638194,99.99999999999997,10.843672160422832,10.424519586242626,0.419152574180206
2022-10-01 07:00:00,0.0,0.0,2.8575539937369396,6.974418205308008,0.020000016,30.13038059089281,98.20648376046103,20.268952617514408,22.609934111363525,7.520446479529284,22.609934111363525,0.0,75.04032032770802,100.0,12.730071165144428,3.1800871951867045,9.549983969957724
2022-10-01 08:00:00,0.0,0.0,12.257902042125785,12.14478249344844,1.1029422503792679,44.70109292742209,207.1158713293601,25.8723709790425,59.45683633637957,0.0,44.70109292742209,14.755743408957478,100.0,75.18242759255432,17.942013530073055,0.1985852089267677,17.743428321146286
2022-10-01 09:00:00,0.0,0.0,22.455450032669763,20.72795226267386,0.020000016,63.48181068719149,262.7217753771273,29.310055480535233,74.45724402072754,0.0,63.48181068719149,10.975433333536053,100.0,85.2594150134261,23.781348022157573,0.0036010111631256747,23.777747010994446
2022-10-01 10:00:00,0.0,0.0,26.272707566812468,22.649520262323463,0.020000016,69.22063622098379,297.3440526429818,32.092001645093184,83.38798769878709,0.0,69.22063622098379,14.167351477803294,100.0,83.01032094817013,25.409305020169704,0.0036010111631256747,25.405704009006577
2022-10-01 11:00:00,0.0,0.0,31.804953222761927,28.655827682377026,1.1029932133683988,80.7591892969868,305.87493158990026,32.858591612184384,85.53054837725331,0.0,80.7591892969868,4.771359080266507,100.0,94.42145622728705,29.630473332227933,0.19859438483406533,29.431878947393866
2022-10-01 12:00:00,0.0,0.0,35.324758893096536,25.50864607044601,0.020000016,81.1318133553904,412.32203907494534,36.785063721092044,113.57073950680591,0.0,81.1318133553904,32.4389261514155,100.0,71.43725021754257,29.48568500731167,0.0036010111631256747,29.482083996148543
2022-10-01 13:00:00,0.0,0.0,42.45904682299375,29.532950904283144,1.1029486976883915,92.29040611912477,434.9879716440258,36.39337411387581,119.995442803847,0.0,92.29040611912477,27.70503668472223,100.0,76.91159260938699,33.69954233897914,0.19858636976744537,33.500955969211695
2022-10-01 14:00:00,0.0,0.0,45.54251039189542,25.989015637193052,0.020000016,91.82993442093634,366.8298198596544,32.5634318706142,102.69048907076174,0.0,91.82993442093634,10.860554649825403,100.0,89.4239916976716,33.61657105693056,0.0036010111631256747,33.61297004576743
2022-10-01 15:00:00,0.0,0.0,47.9136407209873,29.532950904283144,0.020000016,97.74500001711831,248.45403696246865,28.364188655077147,70.66408487857252,27.08091513854579,70.66408487857252,0.0,72.29432182331266,100.0,36.406282642538415,10.089210831636041,26.317071810902373
2022-10-01 16:00:00,0.0,0.0,39.801937511527115,25.989015637193052,1.1028665557357178,86.08936154056804,126.1182093892871,23.34119404341522,36.54497383086859,49.54438770969944,36.54497383086859,0.0,42.45004629712283,100.0,32.934481752683546,19.038072728626613,13.896409024056933
2022-10-01 17:00:00,0.0,0.0,29.94551232394967,29.532950904283144,0.020000016,91.64954778488065,21.878526422315925,18.983703950697375,1.1274053810377087,90.52214240384295,1.127405381037704,0.0,1.2301265072075904,99.99999999999959,36.23679148017677,35.79107739981042,0.44571408036635063
2022-10-01 18:00:00,0.0,0.0,20.07317794336596,25.21443291783904,0.020000016,83.39503350025286,0.0,18.3,0.0,83.39503350025286,0.0,0.0,0.0,0.0,33.182315089238735,33.182315089238735,0.0
2022-10-01 19:00:00,0.0,0.0,17.242769967620298,25.956765159321947,1.1029198839893959,81.30695776599009,0.0,18.3,0.0,81.30695776599009,0.0,0.0,0.0,0.0,36.378144713770446,36.378144713770446,0.0
2022-10-01 20:00:00,0.0,0.0,13.2631444675967,21.70225460439952,0.020000016,73.07282171104407,0.0,17.8,0.0,73.07282171104407,0.0,0.0,0.0,0.0,33.630982834368496,33.630982834368496,0.0
2022-10-01 21:00:00,0.0,0.0,13.864189844334614,24.17449961329122,0.020000016,76.14611209667369,0.0,17.8,0.0,76.14611209667369,0.0,0.0,0.0,0.0,35.42677235853573,35.42677235853573,0.0
2022-10-01 22:00:00,0.0,0.0,11.815684061035205,21.70225460439952,1.1028922368502945,71.6253613044826,0.0,18.3,0.0,71.6253613044826,0.0,0.0,0.0,0.0,33.79373567022468,33.79373567022468,0.0
2022-10-01 23:00:00,0.0,0.0,12.451060272742575,24.17449961329122,0.020000016,80.09381883719769,0.0,18.3,0.0,80.09381883719769,0.0,0.0,0.0,0.0,38.0517691806797,38.0517691806797,0.0
2022-10-02 00:00:00,0.0,0.0,11.255737419658265,21.70225460439952,0.020000016,76.42625097522166,0.0,18.3,0.0,76.42625097522166,0.0,0.0,0.0,0.0,39.16746906090572,39.16746906090572,0.0
2022-10-02 01:00:00,0.0,0.0,12.09375332475598,24.17449961329122,1.1029022692390693,79.73651188921109,0.0,18.3,0.0,79.73651188921109,0.0,0.0,0.0,0.0,41.86329756777538,41.86329756777538,0.0
2022-10-02 02:00:00,0.0,0.0,8.170625245603258,20.906394189104656,0.020000016,72.5452783858718,0.0,18.3,0.0,72.5452783858718,0.0,0.0,0.0,0.0,37.68543223674458,37.68543223674458,0.0
2022-10-02 03:00:00,0.0,0.0,6.237262478974169,21.980320497059207,0.020000016,71.68584192719725,0.0,18.3,0.0,71.68584192719725,0.0,0.0,0.0,0.0,36.99134487033909,36.99134487033909,0.0
2022-10-02 04:00:00,0.0,0.0,5.162280840041822,18.902783199772273,1.1029800015488198,71.74078234560808,0.0,17.8,0.0,71.74078234560808,0.0,0.0,0.0,0.0,36.67483408575318,36.67483408575318,0.0
2022-10-02 05:00:00,0.0,0.0,35.99113816107546,40.83459746264813,0.020000016,115.5969468059176,0.0,18.3,0.0,115.5969468059176,0.0,0.0,0.0,0.0,58.03384629246779,58.03384629246779,0.0
2022-10-02 06:00:00,0.0,0.0,41.495740888733856,40.83459746264813,1.1031630697734285,140.26535035772716,34.35901794316409,19.973719310723876,2.7705529436124174,137.49479741411474,2.770552943612415,0.0,1.9752226309252479,99.99999999999993,67.70763676797243,66.37418348897648,1.3334532789959468
2022-10-02 07:00:00,0.0,0.0,65.83049312792036,40.83459746264813,1.103641084878303,252.8111677843074,140.9391047065793,23.804347022080602,40.7700309512148,212.0411368330926,40.77003095121481,0.0,16.12667324332715,100.00000000000003,116.39325185971325,97.65493793422542,18.73831392548783
2022-10-02 08:00:00,0.0,0.0,73.77858947870033,40.83459746264813,1.1036913160399497,252.41068602765884,203.139046539374,25.748095204355437,58.34210899887367,194.06857702878517,58.34210899887367,0.0,23.113961582625155,100.0,103.48264869416688,79.60964111291777,23.873007581249112
2022-10-02 09:00:00,0.0,0.0,81.58015636348851,40.83459746264813,2.1874552731942014,258.28565796457895,127.77520460272561,22.292975143835175,37.16784000740498,221.11781795717397,37.167840007404976,0.0,14.390206680582374,99.99999999999997,104.59016093557936,89.59609675899209,14.994064176587273
2022-10-02 10:00:00,0.0,0.0,90.82650919636848,40.83459746264813,1.1039480082826882,269.4586057453269,217.8600996087189,26.208128112772464,62.46323966536149,206.9953660799654,62.4632396653615,0.0,23.181014943867595,100.00000000000003,104.17880037408925,80.07517313582122,24.103627238268032
2022-10-02 11:00:00,0.0,0.0,90.75050223867113,40.83459746264813,2.18837193120598,268.8382498451841,334.0573625705439,31.039292580329498,94.05870422722273,174.7795456179614,94.05870422722273,0.0,34.98709885270728,100.0,101.66404179788502,66.23259820901134,35.43144358887368
2022-10-02 12:00:00,0.0,0.0,99.01968662737019,40.83459746264813,1.1041421545236365,279.2572789662188,345.2296985213923,30.78842807879351,97.29672496800197,181.96055399821682,97.29672496800197,0.0,34.84124937698464,100.0,104.88118484544164,68.40853452393642,36.47265032150521
2022-10-02 13:00:00,0.0,0.0,92.47210679667975,40.83459746264813,1.1035962129377235,269.1776083977701,390.70978435047977,31.609680760952493,109.77254111662614,159.40506728114394,109.77254111662614,0.0,40.78071046474738,100.0,102.14972213581164,60.5733721878895,41.57634994792215
2022-10-02 14:00:00,0.0,0.0,93.62187632819554,40.83459746264813,1.1035925244127023,270.3273779292859,220.73602230143564,26.298000696919864,63.26666349452354,207.06071443476236,63.26666349452353,0.0,23.403720325757483,99.99999999999997,103.01636884955,78.95320972272546,24.063159126824544
2022-10-02 15:00:00,0.0,0.0,89.72055088272016,40.83459746264813,2.1877006307129685,269.3159449056128,181.91306927211667,25.084783414753645,52.374528976513595,216.9414159290992,52.3745289765136,0.0,19.447244014783198,100.00000000000003,106.30777805755196,85.71044704695845,20.597331010593507
2022-10-02 16:00:00,0.0,0.0,79.50044005588131,40.83459746264813,1.1034146744498872,242.04274687578595,102.85398786652027,21.51418712082876,24.688246616128037,217.35450025965793,24.688246616128026,0.0,10.199953080518377,99.99999999999996,99.05134852061606,88.9684217201232,10.082926800492857
2022-10-02 17:00:00,0.0,0.0,60.481723699898275,40.83459746264813,0.020000016,191.29023874294938,14.58973226027046,17.65592913313345,0.5037565899066623,190.78648215304273,0.5037565899066578,0.0,0.2633467307150953,99.99999999999912,87.43184817743442,87.20160874680053,0.23023943063388685
2022-10-02 18:00:00,0.0,0.0,52.68687055924002,40.83459746264813,1.1031145787235954,186.86293042086695,0.0,17.2,0.0,186.86293042086695,0.0,0.0,0.0,0.0,86.9665493483419,86.9665493483419,0.0
2022-10-02 19:00:00,0.0,0.0,43.39623577872928,40.83459746264813,1.1032026259573684,155.38162190971988,0.0,17.2,0.0,155.38162190971988,0.0,0.0,0.0,0.0,72.71678885114281,72.71678885114281,0.0
2022-10-02 20:00:00,0.0,0.0,38.60282561410286,40.83459746264813,0.020000016,149.30381511318134,0.0,17.2,0.0,149.30381511318134,0.0,0.0,0.0,0.0,70.74001601641062,70.74001601641062,0.0
2022-10-02 21:00:00,0.0,0.0,0.7019683700390283,2.548807979350885,1.1028693615231646,50.92649465518391,0.0,17.8,0.0,50.92649465518391,0.0,0.0,0.0,0.0,24.511135266116117,24.511135266116117,0.0
2022-10-02 22:00:00,0.0,0.0,0.6579926287026602,10.195231917403536,0.020000016,54.32148349727009,0.0,17.8,0.0,54.32148349727009,0.0,0.0,0.0,0.0,26.69093103111946,26.69093103111946,0.0
2022-10-02 23:00:00,0.0,0.0,0.01225246906315649,4.950655813086114,0.020000016,48.431167233313154,0.0,17.2,0.0,48.431167233313154,0.0,0.0,0.0,0.0,24.43954643873128,24.43954643873128,0.0
2022-10-03 00:00:00,0.0,0.0,0.0,7.646423938052654,1.1029118267462288,51.11468288921654,0.0,17.2,0.0,51.11468288921654,0.0,0.0,0.0,0.0,26.648894685821922,26.648894685821922,0.0
2022-10-03 01:00:00,0.0,0.0,0.0,2.4018478337352307,0.020000016,45.87010678489911,0.0,16.7,0.0,45.87010678489911,0.0,0.0,0.0,0.0,23.593220827433193,23.593220827433193,0.0
2022-10-03 02:00:00,0.0,0.0,0.0,2.4018478337352307,0.020000016,45.87010678489911,0.0,16.1,0.0,45.87010678489911,0.0,0.0,0.0,0.0,23.781288265251277,23.781288265251277,0.0
2022-10-03 03:00:00,0.0,0.0,0.0,3.602771750602846,1.102926235398378,47.07103070176672,0.0,15.6,0.0,47.07103070176672,0.0,0.0,0.0,0.0,24.750361229157328,24.750361229157328,0.0
2022-10-03 04:00:00,0.0,0.0,0.0,3.602771750602846,0.020000016,51.278490056396826,0.0,15.6,0.0,51.278490056396826,0.0,0.0,0.0,0.0,26.370744205712096,26.370744205712096,0.0
2022-10-03 05:00:00,0.0,0.0,1.2449014143221389,40.83459746264813,1.1029148862398879,83.81887910036427,0.0,15.0,0.0,83.81887910036427,0.0,0.0,0.0,0.0,38.74269183630465,38.74269183630465,0.0
2022-10-03 06:00:00,0.0,0.0,4.231899890183592,40.83459746264813,0.020000016,103.00150935917688,31.59196444335939,17.087248888854983,2.366835542602887,100.634673816574,2.3668355426028853,0.0,2.297864912201904,99.99999999999993,45.50915283850067,44.463496729956425,1.045656108544243
2022-10-03 07:00:00,0.0,0.0,31.009664455378868,40.83459746264813,1.1036321620615832,217.99033911176596,106.86915063291082,22.23966095727846,26.58277115829583,191.40756795347014,26.582771158295827,0.0,12.194472134229104,99.99999999999999,90.70938817871166,79.67208867993145,11.037299498780214
2022-10-03 08:00:00,0.0,0.0,52.55875312309108,40.83459746264813,2.1874619420071926,231.19084967204958,207.69097568235037,26.49034299007345,59.48516498700224,171.70568468504734,59.485164987002236,0.0,25.729895915596806,99.99999999999999,96.31493695745465,71.63454200434742,24.680394953107225
2022-10-03 09:00:00,0.0,0.0,69.6549696445802,40.83459746264813,1.1038425986955236,246.3604712456706,287.1998364059003,30.07499488768439,81.16040071017693,165.20007053549367,81.16040071017693,0.0,32.943759321374166,100.0,99.4992624620064,66.78593974775538,32.71332271425102
2022-10-03 10:00:00,0.0,0.0,76.67909181575651,40.83459746264813,1.1040426971386001,255.31118836471506,358.29514165865606,32.296723176833005,100.4031169749483,154.90807138976675,100.40311697494832,0.0,39.325780283283656,100.00000000000003,103.61513330383298,62.945846741960416,40.66928656187256
2022-10-03 11:00:00,0.0,0.0,80.1197721480098,40.83459746264813,2.188395912862829,258.20751975452276,283.9029088822056,29.971965902568925,80.25988412925403,177.94763562526873,80.25988412925403,0.0,31.083480529752546,100.0,103.06249559515396,71.14956046767996,31.912935127474
2022-10-03 12:00:00,0.0,0.0,88.82232388199972,40.83459746264813,2.188230202722955,269.0599162208483,394.3943224217724,32.92482257568039,110.25502669745107,158.80488952339726,110.25502669745106,0.0,40.97787148902258,99.99999999999999,107.47983841007894,63.59833778449342,43.881500625585524
2022-10-03 13:00:00,0.0,0.0,95.39219624519681,40.83459746264813,1.1036233401768276,272.09769784628725,419.5059390374821,33.10956059492132,117.19252983082549,154.90516801546175,117.19252983082549,0.0,43.07001887867115,100.0,97.33078352810527,55.495980191746334,41.83480333635894
2022-10-03 14:00:00,0.0,0.0,98.89776670402354,40.83459746264813,1.1035820998237718,275.603268305114,358.6809840696434,31.208780752176356,100.92706248568588,174.6762058194281,100.9270624856859,0.0,36.6204156817008,100.00000000000003,99.265673222699,62.98693597690676,36.278737245792236
2022-10-03 15:00:00,0.0,0.0,97.3608922805051,40.83459746264813,1.1038733869061432,276.95628630339763,247.17619873263172,27.12425621039474,70.62723535804396,206.32905094535369,70.62723535804395,0.0,25.50122125795471,99.99999999999997,100.76573476150227,75.11992619446615,25.645808567036127
2022-10-03 16:00:00,0.0,0.0,87.25600728450152,40.83459746264813,1.1033862034027788,249.7983141044062,132.75012992350324,22.448441560109476,38.592977145636645,211.20533695876955,38.59297714563664,0.0,15.449654768088724,99.99999999999997,96.63330430285852,81.73448547578549,14.898818827073029
2022-10-03 17:00:00,0.0,0.0,65.13651423438338,40.83459746264813,1.1033700513497084,198.91319831863453,25.268320125555753,18.58963500392362,1.5059678611484348,197.4072304574861,1.5059678611484344,0.0,0.7570980075118288,99.99999999999997,81.69538871779642,81.07837862540529,0.6170100923911264
2022-10-03 18:00:00,0.0,0.0,55.93587910075662,40.83459746264813,0.020000016,190.1119389623836,0.0,17.8,0.0,190.1119389623836,0.0,0.0,0.0,0.0,81.94659950242452,81.94659950242452,0.0
2022-10-03 19:00:00,0.0,0.0,41.53061884113386,40.83459746264813,1.1031643524547987,153.51600497212445,0.0,17.8,0.0,153.51600497212445,0.0,0.0,0.0,0.0,66.49451194570939,66.49451194570939,0.0
2022-10-03 20:00:00,0.0,0.0,33.308095312729236,40.83459746264813,1.10290254640211,144.00908481180772,0.0,17.8,0.0,144.00908481180772,0.0,0.0,0.0,0.0,63.83187236600271,63.83187236600271,0.0
2022-10-03 21:00:00,0.0,0.0,0.0,0.0,0.020000016,47.675718305793986,0.0,17.8,0.0,47.675718305793986,0.0,0.0,0.0,0.0,21.208330242031117,21.208330242031117,0.0
2022-10-03 22:00:00,0.0,0.0,0.0,0.0,0.020000016,43.46825895116388,0.0,17.2,0.0,43.46825895116388,0.0,0.0,0.0,0.0,19.282425879888574,19.282425879888574,0.0
2022-10-03 23:00:00,0.0,0.0,0.0,3.602771750602846,1.1029251737662003,47.07103070176672,0.0,16.1,0.0,47.07103070176672,0.0,0.0,0.0,0.0,21.47492336662758,21.47492336662758,0.0
2022-10-04 00:00:00,0.0,0.0,0.0,1.2009239168676158,0.020000016,44.6691828680315,0.0,16.1,0.0,44.6691828680315,0.0,0.0,0.0,0.0,19.889204494439046,19.889204494439046,0.0
2022-10-04 01:00:00,0.0,0.0,0.0,2.4018478337352307,0.020000016,45.87010678489911,0.0,15.6,0.0,45.87010678489911,0.0,0.0,0.0,0.0,20.659368797471043,20.659368797471043,0.0
2022-10-04 02:00:00,0.0,0.0,0.0,0.0,1.1028731449519866,43.46825895116388,0.0,14.4,0.0,43.46825895116388,0.0,0.0,0.0,0.0,19.834272041180476,19.834272041180476,0.0
2022-10-04 03:00:00,0.0,0.0,0.0,0.0,0.020000016,43.46825895116388,0.0,14.4,0.0,43.46825895116388,0.0,0.0,0.0,0.0,19.42043760205852,19.42043760205852,0.0
2022-10-04 04:00:00,0.0,0.0,0.0,3.602771750602846,1.1030334194859452,51.278490056396826,0.0,13.9,0.0,51.278490056396826,0.0,0.0,0.0,0.0,23.554928274849807,23.554928274849807,0.0
2022-10-04 05:00:00,0.0,0.0,0.7084896397244619,40.83459746264813,0.020000016,83.2824673257666,0.0,14.4,0.0,83.2824673257666,0.0,0.0,0.0,0.0,37.99414771882145,37.99414771882145,0.0
2022-10-04 06:00:00,0.0,0.0,2.7437828173136807,40.83459746264813,1.1032603621576504,101.51339228630698,30.623423582812496,17.65698198696289,2.2193813499365738,99.29401093637041,2.219381349936569,0.0,2.1862941430201213,99.99999999999977,45.5086375651159,44.51802779647846,0.9906097686374409
2022-10-04 07:00:00,0.0,0.0,37.99338379326188,40.83459746264813,1.1036472830262587,224.974058449649,90.68755080164436,21.733985962551387,19.177610250986227,205.79644819866277,19.17761025098622,0.0,8.5243651570958,99.99999999999997,97.27951785253936,89.00399547703378,8.275522375505574
2022-10-04 08:00:00,0.0,0.0,63.50703274925191,40.83459746264813,1.1037639327894078,242.1391292982104,175.53194924322472,26.585373413850775,50.256662286660976,191.88246701154944,50.25666228666097,0.0,20.75528330853398,99.99999999999999,102.19257719617718,81.02346590778986,21.169111288387327
2022-10-04 09:00:00,0.0,0.0,73.16613456397846,40.83459746264813,1.1038554327811492,249.87163616506885,247.48345813732706,29.433858066791473,70.10594610810233,179.76569005696652,70.10594610810233,0.0,28.05678434898042,100.0,100.09493105022926,72.06727485567103,28.027656194558233
2022-10-04 10:00:00,0.0,0.0,80.105800498189,40.83459746264813,2.188066466310228,258.7378970471475,286.7649384796836,30.061404327490116,81.04165495703643,177.69624209011107,81.04165495703643,0.0,31.321911433124516,100.0,100.81919594376697,69.36409319701764,31.455102746749333
2022-10-04 11:00:00,0.0,0.0,85.99124036247576,40.83459746264813,1.1043283128324097,264.0789879689887,293.36836283899964,31.367761338718736,82.49944143718336,181.57954653180536,82.49944143718335,0.0,31.240441381451905,99.99999999999997,98.710860441997,67.93526880827012,30.775591633726876
2022-10-04 12:00:00,0.0,0.0,96.81276808021062,40.83459746264813,2.1883327301010818,277.05036041905925,391.74101526552056,34.44190672704752,108.87999016162337,168.17037025743588,108.87999016162337,0.0,39.29971070852761,100.0,104.07595184570485,63.32924872756971,40.74670311813514
2022-10-04 13:00:00,0.0,0.0,102.44636488564926,40.83459746264813,1.1036192902179303,279.1518664867396,418.2206106473762,35.26939408273051,115.87091998165093,163.28094650508868,115.87091998165093,0.0,41.508201768428826,100.0,108.40634511648496,63.491300403997606,44.91504471248735
2022-10-04 14:00:00,0.0,0.0,106.76892590643277,40.83459746264813,1.103605272399173,283.4744275075231,350.54563242980305,32.654551013431345,98.09785023947019,185.37657726805293,98.09785023947018,0.0,34.605537826464705,99.99999999999999,112.39646562165612,73.56982698612502,38.8266386355311
2022-10-04 15:00:00,0.0,0.0,104.95986980900231,40.83459746264813,2.187765760522543,284.55526383189493,236.93347694988302,28.504171154683846,67.35212114817834,217.20314268371658,67.35212114817836,0.0,23.669258562009095,100.00000000000003,106.46757382978628,81.36072362937983,25.10685020040644
2022-10-04 16:00:00,0.0,0.0,89.97506795411674,40.83459746264813,1.103432632999787,252.51737477402142,119.98345829550088,24.349483071734404,33.248287299870206,219.2690874741512,33.24828729987021,0.0,13.166732518752108,100.00000000000003,96.78783194045772,84.07019580682086,12.717636133636859
2022-10-04 17:00:00,0.0,0.0,65.05197390961865,40.83459746264813,0.020000016,198.82865799386977,0.0,19.4,0.0,198.82865799386977,0.0,0.0,0.0,0.0,81.54820437089897,81.54820437089897,0.0
2022-10-04 18:00:00,0.0,0.0,56.0960085489173,40.83459746264813,1.1031690489590196,190.27206841054428,0.0,20.0,0.0,190.27206841054428,0.0,0.0,0.0,0.0,78.46989546580852,78.46989546580852,0.0
2022-10-04 19:00:00,0.0,0.0,41.772687972426034,40.83459746264813,1.1032052219533537,153.75807410341665,0.0,18.9,0.0,153.75807410341665,0.0,0.0,0.0,0.0,60.95152279680957,60.95152279680957,0.0
2022-10-04 20:00:00,0.0,0.0,33.503455057876984,40.83459746264813,0.020000016,144.20444455695548,0.0,18.9,0.0,144.20444455695548,0.0,0.0,0.0,0.0,57.91466390079088,57.91466390079088,0.0
2022-10-04 21:00:00,0.0,0.0,0.0,0.0,0.020000016,47.675718305793986,0.0,18.3,0.0,47.675718305793986,0.0,0.0,0.0,0.0,18.907023319410442,18.907023319410442,0.0
2022-10-04 22:00:00,0.0,0.0,0.046719586740411614,4.0436521874498075,1.102922713350252,47.5586307253541,0.0,17.8,0.0,47.5586307253541,0.0,0.0,0.0,0.0,19.169957280773975,19.169957280773975,0.0
2022-10-04 23:00:00,0.0,0.0,0.01873686341933009,3.602771750602846,0.020000016,47.08976756518606,0.0,17.2,0.0,47.08976756518606,0.0,0.0,0.0,0.0,19.017507358633953,19.017507358633953,0.0
2022-10-05 00:00:00,0.0,0.0,0.0,3.602771750602846,0.020000016,47.07103070176674,0.0,16.7,0.0,47.07103070176674,0.0,0.0,0.0,0.0,18.794827177615424,18.794827177615424,0.0
2022-10-05 01:00:00,0.0,0.0,0.0,0.0,1.1028987769178342,43.46825895116388,0.0,16.1,0.0,43.46825895116388,0.0,0.0,0.0,0.0,17.39114316187637,17.39114316187637,0.0
2022-10-05 02:00:00,0.0,0.0,0.0,0.0,0.020000016,43.46825895116388,0.0,16.1,0.0,43.46825895116388,0.0,0.0,0.0,0.0,17.729087646268738,17.729087646268738,0.0
2022-10-05 03:00:00,0.0,0.0,0.0,0.0,1.1027781195955504,43.46825895116388,0.0,16.1,0.0,43.46825895116388,0.0,0.0,0.0,0.0,17.864273436158946,17.864273436158946,0.0
2022-10-05 04:00:00,0.0,0.0,0.0,3.602771750602846,0.020000016,51.278490056396826,0.0,13.9,0.0,51.278490056396826,0.0,0.0,0.0,0.0,20.800105438435423,20.800105438435423,0.0
2022-10-05 05:00:00,0.0,0.0,1.0706983946270041,40.83459746264813,0.020000016,83.64467608066914,0.0,15.6,0.0,83.64467608066914,0.0,0.0,0.0,0.0,33.58359267050856,33.58359267050856,0.0
2022-10-05 06:00:00,0.0,0.0,2.696561176904535,40.83459746264813,1.1032982103579132,101.46617064589782,28.266959134863303,16.98334247296448,1.8955497499606757,99.57062089593714,1.8955497499606793,0.0,1.8681593460108712,100.00000000000017,40.41781002028931,39.666452010399894,0.7513580098894153
2022-10-05 07:00:00,0.0,0.0,37.0311434109507,40.83459746264813,1.103660405330037,224.01181806733774,82.70983583908765,20.88468236997149,16.001467465250613,208.01035060208713,16.001467465250613,0.0,7.143135394955183,100.0,82.85123496623832,76.94725352292213,5.903981443316198
2022-10-05 08:00:00,0.0,0.0,64.96712071128579,40.83459746264813,1.1037793232551745,243.59921726024427,166.56842747059892,25.805263358456216,47.828776637008296,195.77044062323597,47.8287766370083,0.0,19.634207849654707,100.00000000000003,82.82271843457437,66.60015397483389,16.222564459740482
2022-10-05 09:00:00,0.0,0.0,73.71610569553125,40.83459746264813,2.1876210454097826,250.42160729662166,234.6552420582466,30.63297631432021,66.17219172544209,184.24941557117955,66.1721917254421,0.0,26.424313955888746,100.00000000000003,82.52215240415485,60.82032040587886,21.701831998275992
2022-10-05 10:00:00,0.0,0.0,80.8926051179828,40.83459746264813,1.1040317681415985,259.52470166694127,274.77595981765114,33.5867487443016,76.62126555196294,182.90343611497832,76.62126555196295,0.0,29.523688905071616,100.00000000000003,83.70085413838942,59.04796194704533,24.652892191344087
2022-10-05 11:00:00,0.0,0.0,86.43324782843439,40.83459746264813,2.188549095620623,264.52099543494734,283.41125157059275,34.95660161158103,78.61551660037996,185.90547883456736,78.61551660037998,0.0,29.719953409034254,100.00000000000003,87.72565581382744,61.770743008212,25.954912805615443
2022-10-05 12:00:00,0.0,0.0,99.50940498131573,40.83459746264813,2.188323026430881,279.7469973201643,381.75529732499706,38.62985304140616,104.40092260910029,175.34607471106403,104.40092260910029,0.0,37.319765219719486,100.0,95.18068356911962,59.80651896147817,35.374164607641454
2022-10-05 13:00:00,0.0,0.0,106.4899067958599,40.83459746264813,1.1036357162191688,283.19540839695037,409.5247902931085,38.39764969665964,112.09654439080177,171.0988640061486,112.09654439080177,0.0,39.58275489893462,100.0,98.93337322829318,59.8514735091621,39.08189971913108
2022-10-05 14:00:00,0.0,0.0,109.92890832171952,40.83459746264813,1.1035935289973497,286.63440992280994,346.91371111559744,35.84105347236242,95.90352300672419,190.73088691608575,95.90352300672419,0.0,33.45848219428743,100.0,102.66333815906815,68.38022627223943,34.28311188682872
2022-10-05 15:00:00,0.0,0.0,106.94391522455753,40.83459746264813,1.1038904239116643,286.5393092474501,234.01104951252486,30.112845297266404,66.1202320391117,220.4190772083384,66.1202320391117,0.0,23.075448954199675,100.0,104.82142121693914,80.67927149365848,24.142149723280667
2022-10-05 16:00:00,0.0,0.0,96.14585900680726,40.83459746264813,1.1033737074239767,258.6881658267119,120.0833057026365,25.45260330320739,33.168043264474235,225.52012256223765,33.16804326447425,0.0,12.821631464460811,100.00000000000004,97.8728471049671,85.34942316938323,12.523423935583864
2022-10-05 17:00:00,0.0,0.0,70.51117471615747,40.83459746264813,1.103235507828919,204.28785880040863,0.0,21.1,0.0,204.28785880040863,0.0,0.0,0.0,0.0,83.20896655501006,83.20896655501006,0.0
2022-10-05 18:00:00,0.0,0.0,54.04609680180275,40.83459746264813,0.020000016,188.22215666342973,0.0,20.0,0.0,188.22215666342973,0.0,0.0,0.0,0.0,78.3266048419495,78.3266048419495,0.0
2022-10-05 19:00:00,0.0,0.0,40.976575730709214,40.83459746264813,1.1030961001613884,152.96196186169982,0.0,18.9,0.0,152.96196186169982,0.0,0.0,0.0,0.0,63.07362733289546,63.07362733289546,0.0
2022-10-05 20:00:00,0.0,0.0,36.51126373619842,40.83459746264813,1.1029396979902226,147.2122532352769,0.0,18.9,0.0,147.2122532352769,0.0,0.0,0.0,0.0,59.53248341584643,59.53248341584643,0.0
2022-10-05 21:00:00,0.0,0.0,0.0,0.0,0.020000016,47.675718305793986,0.0,18.9,0.0,47.675718305793986,0.0,0.0,0.0,0.0,19.447665964998148,19.447665964998148,0.0
2022-10-05 22:00:00,0.0,0.0,0.0,0.0,0.020000016,43.46825895116388,0.0,19.4,0.0,43.46825895116388,0.0,0.0,0.0,0.0,17.53869667206264,17.53869667206264,0.0
2022-10-05 23:00:00,0.0,0.0,0.043147821162776386,3.602771750602846,1.102894985006662,47.11417852292951,0.0,19.4,0.0,47.11417852292951,0.0,0.0,0.0,0.0,19.233882676503452,19.233882676503452,0.0
2022-10-06 00:00:00,0.0,0.0,0.027819984337675054,1.2009239168676158,0.020000016,44.697002852369174,0.0,18.9,0.0,44.697002852369174,0.0,0.0,0.0,0.0,18.501455641616108,18.501455641616108,0.0
2022-10-06 01:00:00,0.0,0.0,0.0,2.4018478337352307,0.020000016,45.87010678489911,0.0,18.3,0.0,45.87010678489911,0.0,0.0,0.0,0.0,19.156205398129902,19.156205398129902,0.0
2022-10-06 02:00:00,0.0,0.0,0.0,0.0,1.1028459615534458,43.46825895116388,0.0,17.8,0.0,43.46825895116388,0.0,0.0,0.0,0.0,17.774523696397406,17.774523696397406,0.0
2022-10-06 03:00:00,0.0,0.0,0.0,3.602771750602846,0.020000016,47.07103070176672,0.0,17.2,0.0,47.07103070176672,0.0,0.0,0.0,0.0,19.191871321584824,19.191871321584824,0.0
2022-10-06 04:00:00,0.0,0.0,0.0,3.602771750602846,1.103003645554972,51.27849005639683,0.0,17.2,0.0,51.27849005639683,0.0,0.0,0.0,0.0,21.21636737501923,21.21636737501923,0.0
2022-10-06 05:00:00,0.0,0.0,3.777246707220006,40.83459746264813,0.020000016,86.35122439326214,0.0,17.2,0.0,86.35122439326214,0.0,0.0,0.0,0.0,35.660612099872864,35.660612099872864,0.0
2022-10-06 06:00:00,0.0,0.0,2.15038086957463,40.83459746264813,1.1031872712519928,100.91999033856791,27.066588147070245,19.145830879595945,1.7244717143609793,99.19551862420694,1.7244717143609734,0.0,1.708751366875571,99.99999999999966,41.58692656278646,40.879703468009886,0.7072230947765732
2022-10-06 07:00:00,0.0,0.0,40.64022020311496,40.83459746264813,1.1036354566447122,227.62089485950204,64.86848480888418,21.42714015027763,9.823212902704755,217.79768195679728,9.823212902704768,0.0,4.315602444480373,100.00000000000013,87.39686052825427,83.6337350134216,3.763125514832666
2022-10-06 08:00:00,0.0,0.0,67.42818866962,40.83459746264813,1.1037744383101182,246.0602852185785,157.37390206490136,24.917934439528167,45.337445994690654,200.72283922388786,45.337445994690654,0.0,18.425340747051813,100.0,89.82127272987118,73.308014775225,16.51325795464618
2022-10-06 09:00:00,0.0,0.0,76.95802534607373,40.83459746264813,1.1038609457996145,253.6635269471641,231.45614778273895,27.833004618210595,65.96063923423293,187.70288771293116,65.96063923423293,0.0,26.003201969186513,100.0,91.58103620313351,67.8187159190011,23.762320284132414
2022-10-06 10:00:00,0.0,0.0,86.04081104330388,40.83459746264813,2.1880166786424633,264.67290759226233,306.4639221529528,31.276997567279775,86.21174331816316,178.4611642740992,86.21174331816314,0.0,32.57293846296323,99.99999999999999,90.18953066790903,60.94047251235581,29.249058155553215
2022-10-06 11:00:00,0.0,0.0,93.23098963276603,40.83459746264813,2.1884893344994985,271.3187372392789,293.8153232941019,31.381728852940682,82.62076012056698,188.69797711871192,82.62076012056698,0.0,30.45154970174539,100.0,90.27108330884852,62.90213031130949,27.368952997539026
2022-10-06 12:00:00,0.0,0.0,104.18251838544307,40.83459746264813,1.1041762212105193,284.42011072429165,349.7589714121117,32.62996785662849,97.88687063630694,186.53324008798472,97.88687063630692,0.0,34.41629721155531,99.99999999999999,95.92608405236078,62.980300002298954,32.945784050061825
2022-10-06 13:00:00,0.0,0.0,110.57821604388292,40.83459746264813,1.1036306542013072,287.28371764497325,398.41413322019787,34.15044166313118,110.8584494410014,176.42526820397185,110.8584494410014,0.0,38.58849027357717,100.0,99.9536708527723,61.45973716112618,38.49393369164613
2022-10-06 14:00:00,0.0,0.0,113.9719535235296,40.83459746264813,1.1036174615645629,290.67745512462,330.15449062789185,31.41732783212162,92.82679634936117,197.8506587752588,92.82679634936119,0.0,31.93463913792841,100.00000000000003,103.53308869050709,70.53362672229093,32.99946196821615
2022-10-06 15:00:00,0.0,0.0,105.53640308500776,40.83459746264813,2.1877717586008387,285.1317971079003,218.6319199559496,27.432247498623425,62.39934209558905,222.73245501231125,62.39934209558905,0.0,21.8843856520063,100.0,103.15255757084346,80.66445867301411,22.488098897829346
2022-10-06 16:00:00,0.0,0.0,87.06836311819534,40.83459746264813,1.1033995334687126,249.6106699381,100.27848262249184,22.53370258195287,23.379923028666333,226.23074690943366,23.379923028666326,0.0,9.366555938680115,99.99999999999997,92.09033957394851,83.48325471017529,8.607084863773224
2022-10-06 17:00:00,0.0,0.0,60.726429566283876,40.83459746264813,1.103299134173229,194.50311365053503,0.0,18.9,0.0,194.50311365053503,0.0,0.0,0.0,0.0,75.57249606785699,75.57249606785699,0.0
2022-10-06 18:00:00,0.0,0.0,48.03966817569535,40.83459746264813,0.020000016,182.2157280373223,0.0,18.9,0.0,182.2157280373223,0.0,0.0,0.0,0.0,71.05589092339639,71.05589092339639,0.0
2022-10-06 19:00:00,0.0,0.0,35.027256923434166,40.83459746264813,1.1032196410175588,147.01264305442476,0.0,18.3,0.0,147.01264305442476,0.0,0.0,0.0,0.0,57.357150772786405,57.357150772786405,0.0
2022-10-06 20:00:00,0.0,0.0,18.30940782232826,40.83459746264813,0.020000016,129.01039732140674,0.0,18.3,0.0,129.01039732140674,0.0,0.0,0.0,0.0,50.25121561189123,50.25121561189123,0.0
2022-10-06 21:00:00,0.0,0.0,0.0,0.0,1.102846353385638,47.675718305793986,0.0,18.3,0.0,47.675718305793986,0.0,0.0,0.0,0.0,19.000679349480855,19.000679349480855,0.0
2022-10-06 22:00:00,0.0,0.0,0.0,0.0,0.020000016,43.46825895116388,0.0,18.3,0.0,43.46825895116388,0.0,0.0,0.0,0.0,16.81125535851491,16.81125535851491,0.0
2022-10-06 23:00:00,0.0,0.0,0.0,0.0,0.020000016,38.10742263904787,0.0,18.3,0.0,38.10742263904787,0.0,0.0,0.0,0.0,14.877880752749485,14.877880752749485,0.0
2022-10-07 00:00:00,0.0,0.0,0.0,0.0,1.1026003139901612,38.10742263904787,0.0,18.3,0.0,38.10742263904787,0.0,0.0,0.0,0.0,15.385284250364858,15.385284250364858,0.0
2022-10-07 01:00:00,0.0,0.0,0.0,0.0,0.020000016,38.10742263904787,0.0,18.3,0.0,38.10742263904787,0.0,0.0,0.0,0.0,15.78540902289841,15.78540902289841,0.0
2022-10-07 02:00:00,0.0,0.0,0.0,0.0,0.020000016,38.10742263904787,0.0,17.8,0.0,38.10742263904787,0.0,0.0,0.0,0.0,16.492111175739552,16.492111175739552,0.0
2022-10-07 03:00:00,0.0,0.0,0.0,0.0,1.1028763615585209,38.10742263904787,0.0,17.8,0.0,38.10742263904787,0.0,0.0,0.0,0.0,17.15027923237136,17.15027923237136,0.0
2022-10-07 04:00:00,0.0,0.0,0.0,0.0,0.020000016,38.10742263904787,0.0,17.2,0.0,38.10742263904787,0.0,0.0,0.0,0.0,16.833744219698616,16.833744219698616,0.0
2022-10-07 05:00:00,0.0,0.0,0.08433371236759561,40.83459746264813,1.102886630302771,82.65831139840974,0.0,16.7,0.0,82.65831139840974,0.0,0.0,0.0,0.0,35.9520144983341,35.9520144983341,0.0
2022-10-07 06:00:00,0.0,0.0,0.0,40.83459746264813,0.020000016,75.83888804889047,31.447864964355503,18.78274578013611,2.330998912304115,73.50788913658636,2.3309989123041106,0.0,3.0736195799724855,99.99999999999982,33.329483586487065,32.30517273445327,1.0243108520337927
2022-10-07 07:00:00,0.0,0.0,0.0,40.83459746264811,1.1031652182079843,114.21720088209123,91.78287615809019,22.868214879940318,19.562209459011832,94.6549914230794,19.56220945901184,0.0,17.127200901382896,100.00000000000004,47.48454651956243,39.385791803531525,8.098754716030903
2022-10-07 08:00:00,0.0,0.0,0.0,40.83459746264813,1.103231682102252,116.46489498793738,172.5463483122599,26.492073384758122,49.41900766098155,67.04588732695584,49.41900766098155,0.0,42.43253528550387,100.0,47.279571120102034,27.301937273150248,19.977633846951786
2022-10-07 09:00:00,0.0,0.0,0.4348804736075313,40.83459746264813,0.020000016,115.93647798761087,250.9910946766754,28.943471708646108,71.23072966187067,44.7057483257402,71.23072966187067,0.0,61.43944589163945,100.0,46.16486908671027,17.803641764539844,28.361227322170425
2022-10-07 10:00:00,0.0,0.0,3.5534928265277492,40.83459746264813,1.1032820646500383,121.30278444637723,293.3811885662851,30.86816214269641,82.65923641296764,38.64354803340959,82.65923641296764,0.0,68.14290108031919,100.0,47.664425946494354,15.319866738100115,32.34455920839424
2022-10-07 11:00:00,0.0,0.0,8.48621044665455,40.83459746264813,1.1032483582992845,124.95110543459197,302.32064148264305,31.147520046332595,85.0879034864884,39.863201948103566,85.0879034864884,0.0,68.09695935905847,100.0,48.91645157720477,15.74110344734037,33.175348129864396
2022-10-07 12:00:00,0.0,0.0,10.672036267648163,40.83459746264813,1.1032247673451336,124.56813799176139,371.52486625152704,33.81015207036022,103.51124960947809,21.056888382283304,103.51124960947809,0.0,83.0960880352278,100.0,48.3977857093757,8.346177897980345,40.05160781139535
2022-10-07 13:00:00,0.0,0.0,10.918482251470103,40.83459746264813,0.020000016,85.71561823510847,389.2388454799253,33.863713921247665,108.42435904851459,0.0,85.71561823510847,22.708740813406123,100.0,79.05568360035676,32.81811114010971,0.0036010111631256747,32.81451012894658
2022-10-07 14:00:00,0.0,0.0,12.829377965859342,40.83459746264813,1.1031159316345704,86.34211731758562,320.5772411984771,31.71803878745241,90.03131566206262,0.0,86.34211731758562,3.6891983444770062,100.0,95.9023165247028,33.856500653049935,0.19861648030870913,33.65788417274123
2022-10-07 15:00:00,0.0,0.0,14.452333798281778,40.83459746264813,1.10315291996723,88.28617230798608,200.2766210916987,26.258644409115583,57.41105357055406,30.875118737432018,57.41105357055406,0.0,65.02836409112375,100.0,34.99087935406602,12.366044307714217,22.624835046351798
2022-10-07 16:00:00,0.0,0.0,4.679291035921507,40.83459746264813,0.020000016,67.73889183828562,75.44393730305067,21.757623040720333,13.271203317403804,54.46768852088182,13.271203317403803,0.0,19.5917042001313,99.99999999999999,27.646826686989918,22.231047681207187,5.415779005782731
2022-10-07 17:00:00,0.0,0.0,0.0,0.0,0.020000016,35.13925359784786,0.0,17.8,0.0,35.13925359784786,0.0,0.0,0.0,0.0,15.313246714941469,15.313246714941469,0.0
2022-10-07 18:00:00,0.0,0.0,0.0,0.0,1.1028913861929432,38.10742263904787,0.0,18.3,0.0,38.10742263904787,0.0,0.0,0.0,0.0,16.613348352578825,16.613348352578825,0.0
2022-10-07 19:00:00,0.0,0.0,0.0,0.0,0.020000016,38.10742263904787,0.0,18.3,0.0,38.10742263904787,0.0,0.0,0.0,0.0,16.091030552463575,16.091030552463575,0.0
2022-10-07 20:00:00,0.0,0.0,0.0,0.0,1.1029261619074449,38.10742263904787,0.0,18.3,0.0,38.10742263904787,0.0,0.0,0.0,0.0,16.18731362885607,16.18731362885607,0.0
2022-10-07 21:00:00,0.0,0.0,0.0,0.0,0.020000016,38.10742263904787,0.0,18.3,0.0,38.10742263904787,0.0,0.0,0.0,0.0,15.944888586642826,15.944888586642826,0.0
2022-10-07 22:00:00,0.0,0.0,0.0,0.0,0.020000016,38.10742263904787,0.0,17.8,0.0,38.10742263904787,0.0,0.0,0.0,0.0,15.654128951906891,15.654128951906891,0.0
2022-10-07 23:00:00,0.0,0.0,0.0,0.0,1.102829493262639,38.10742263904787,0.0,17.8,0.0,38.10742263904787,0.0,0.0,0.0,0.0,15.797076215802687,15.797076215802687,0.0
2022-10-08 00:00:00,0.0,0.0,0.0,0.0,0.020000016,38.10742263904787,0.0,17.2,0.0,38.10742263904787,0.0,0.0,0.0,0.0,15.990808030922876,15.990808030922876,0.0
2022-10-08 01:00:00,0.0,0.0,0.0,0.0,0.020000016,38.10742263904787,0.0,16.1,0.0,38.10742263904787,0.0,0.0,0.0,0.0,16.113132857594223,16.113132857594223,0.0
2022-10-08 02:00:00,0.0,0.0,0.0,0.0,1.1028050232097129,38.10742263904787,0.0,16.1,0.0,38.10742263904787,0.0,0.0,0.0,0.0,16.344675473282642,16.344675473282642,0.0
2022-10-08 03:00:00,0.0,0.0,0.0,0.0,0.020000016,38.10742263904787,0.0,15.6,0.0,38.10742263904787,0.0,0.0,0.0,0.0,16.283282499677572,16.283282499677572,0.0
2022-10-08 04:00:00,0.0,0.0,0.0,0.0,0.020000016,38.10742263904787,0.0,13.9,0.0,38.10742263904787,0.0,0.0,0.0,0.0,15.994237698960392,15.994237698960392,0.0
2022-10-08 05:00:00,0.0,0.0,0.0,0.0,1.1028716932699156,32.17108455664786,0.0,15.6,0.0,32.17108455664786,0.0,0.0,0.0,0.0,13.685495428350709,13.685495428350709,0.0
2022-10-08 06:00:00,0.0,0.0,0.0,0.0,0.020000016,20.298408391847865,21.02007782724604,16.25687743210144,1.0509399184103558,19.247468473437507,1.0509399184103572,0.0,5.177449867608487,100.00000000000013,8.82762361522527,8.370764268593511,0.4568593466317594
2022-10-08 07:00:00,0.0,0.0,0.0,2.741049246583882,0.020000016,23.039457638431745,84.27864218137027,18.733707568167823,16.744485944769874,6.294971693661871,16.744485944769874,0.0,72.67743107302435,100.0,9.574191714167672,2.618532252710267,6.9556594614574045
2022-10-08 08:00:00,0.0,0.0,0.0,5.178426150896139,1.102874476922635,25.476834542744008,164.54977728161958,23.442180540050614,47.66349053052988,0.0,25.476834542744008,22.18665598778587,100.0,53.451466225339374,10.418605183109594,0.1985730062878349,10.220032176821759
2022-10-08 09:00:00,0.0,0.0,0.0,8.413357362509773,0.020000016,28.711765754357643,218.2648644559729,29.020777014249155,61.925116423935926,0.0,28.711765754357643,33.21335066957828,100.0,46.36529959475325,11.066962150460983,0.0036010111631256747,11.063361139297857
2022-10-08 10:00:00,0.0,0.0,0.12098141673717584,6.989891000700298,1.1029961255686231,27.409280809285335,255.32022381673778,32.978756994273056,71.36145018344918,0.0,27.409280809285335,43.952169374163844,100.0,38.4090860525174,11.14216141149623,0.19859490917692169,10.943566502319308
2022-10-08 11:00:00,0.0,0.0,0.9480385709657592,4.536220795987525,0.020000016,25.78266775880115,259.2898533471844,29.802807917099514,73.34846545346223,0.0,25.78266775880115,47.56579769466107,100.0,35.150930015242935,10.326723355109516,0.0036010111631256747,10.323122343946391
2022-10-08 12:00:00,0.0,0.0,1.6315781994426002,4.520830297691644,0.020000016,26.450816888982104,329.181309164701,31.38691591139691,92.56384275901017,0.0,26.450816888982104,66.11302587002807,100.0,28.575754960656468,10.232131902132505,0.0036010111631256747,10.22853089096938
2022-10-08 13:00:00,0.0,0.0,1.058360029615564,9.486804361030858,1.1029639735957995,30.843572782494288,363.28639792334235,31.352699935104447,102.16723819975147,0.0,30.843572782494288,71.32366541725717,100.0,30.18929876737073,11.738557658907226,0.19858912020090014,11.539968538706326
2022-10-08 14:00:00,0.0,0.0,0.4619246208621358,8.332575995804245,0.020000016,29.09290900851424,250.25353134969302,27.220422854677906,71.48089650411187,0.0,29.09290900851424,42.38798749559763,100.0,40.70025759517538,10.932643209301586,0.0036010111631256747,10.929042198138461
2022-10-08 15:00:00,0.0,0.0,0.11307446727024638,9.598020753491259,0.020000016,30.00950361260937,180.14229352390936,23.92944667262217,52.08648355334111,0.0,30.00950361260937,22.07697994073174,100.0,57.61476215202168,11.443673930844007,0.0036010111631256747,11.440072919680881
2022-10-08 16:00:00,0.0,0.0,0.006425906152859955,7.2908186439547675,1.1028630595037658,27.595652941955496,37.69107296418857,18.377846030130893,3.353298959010674,24.24235398294482,3.353298959010676,0.0,12.151547803793523,100.00000000000004,11.310788477243477,9.96048205242906,1.350306424814418
2022-10-08 17:00:00,0.0,0.0,0.0,2.1403160293789565,0.020000016,37.27956962722682,0.0,16.7,0.0,37.27956962722682,0.0,0.0,0.0,0.0,16.088244122526408,16.088244122526408,0.0
2022-10-08 18:00:00,0.0,0.0,0.0,0.0,0.020000016,38.10742263904787,0.0,16.7,0.0,38.10742263904787,0.0,0.0,0.0,0.0,16.348065118163955,16.348065118163955,0.0
2022-10-08 19:00:00,0.0,0.0,0.0,0.0,1.1028643512093035,38.10742263904787,0.0,16.1,0.0,38.10742263904787,0.0,0.0,0.0,0.0,16.396321712989447,16.396321712989447,0.0
2022-10-08 20:00:00,0.0,0.0,0.0,0.0,0.020000016,38.10742263904787,0.0,16.7,0.0,38.10742263904787,0.0,0.0,0.0,0.0,16.41056129129199,16.41056129129199,0.0
2022-10-08 21:00:00,0.0,0.0,0.0,0.0,1.1027119714397935,38.10742263904787,0.0,16.7,0.0,38.10742263904787,0.0,0.0,0.0,0.0,17.2744798316657,17.2744798316657,0.0
2022-10-08 22:00:00,0.0,0.0,0.0,0.0,0.020000016,38.10742263904787,0.0,16.7,0.0,38.10742263904787,0.0,0.0,0.0,0.0,16.910911750542688,16.910911750542688,0.0
2022-10-08 23:00:00,0.0,0.0,0.0,0.0,0.020000016,38.10742263904787,0.0,17.2,0.0,38.10742263904787,0.0,0.0,0.0,0.0,16.924439885579552,16.924439885579552,0.0
2022-10-09 00:00:00,0.0,0.0,0.0,0.0,1.1029016767538067,38.10742263904787,0.0,16.7,0.0,38.10742263904787,0.0,0.0,0.0,0.0,17.436089460175616,17.436089460175616,0.0
2022-10-09 01:00:00,0.0,0.0,0.0,0.0,0.020000016,38.10742263904787,0.0,17.2,0.0,38.10742263904787,0.0,0.0,0.0,0.0,17.443462981923386,17.443462981923386,0.0
2022-10-09 02:00:00,0.0,0.0,0.0,0.0,0.020000016,38.10742263904787,0.0,17.2,0.0,38.10742263904787,0.0,0.0,0.0,0.0,17.40764200464268,17.40764200464268,0.0
2022-10-09 03:00:00,0.0,0.0,0.0,0.0,1.102850017799656,38.10742263904787,0.0,17.2,0.0,38.10742263904787,0.0,0.0,0.0,0.0,17.775236220447052,17.775236220447052,0.0
2022-10-09 04:00:00,0.0,0.0,0.0,0.0,0.020000016,38.10742263904787,0.0,17.2,0.0,38.10742263904787,0.0,0.0,0.0,0.0,17.310468076913104,17.310468076913104,0.0
2022-10-09 05:00:00,0.0,0.0,0.0,0.0,0.020000016,32.17108455664786,0.0,17.2,0.0,32.17108455664786,0.0,0.0,0.0,0.0,14.164025589617248,14.164025589617248,0.0
2022-10-09 06:00:00,0.0,0.0,0.0,0.6227167095833627,1.102922286783204,20.92112510143123,38.48984677441415,18.40280771170044,3.496620373485202,17.42450472794603,3.4966203734852,0.0,16.713347664299345,99.99999999999994,9.4627696262633,7.91441367557845,1.5483559506848508
2022-10-09 07:00:00,0.0,0.0,0.0,3.92027171317199,0.020000016,24.218680105019853,75.85682337036441,20.670525730323888,13.470187208804816,10.748492896215037,13.470187208804816,0.0,55.61899802298815,100.0,9.804053195860984,4.3531398890099835,5.4509133068510005
2022-10-09 08:00:00,0.0,0.0,0.0,6.090912847188663,0.020000016,26.389321239036523,193.76383409980724,25.455119815618975,55.7100134744099,0.0,26.389321239036523,29.320692235373375,100.0,47.36908069706053,9.694155609955923,0.0036010111631256747,9.690554598792797
2022-10-09 09:00:00,0.0,0.0,0.041805759327574306,8.196053171197146,1.1029108455619336,28.536267322372588,249.9245262774648,30.010141446170774,70.6439648262674,0.0,28.536267322372588,42.10769750389482,100.0,40.394487190166885,10.283439107539486,0.19857955447640144,10.084859553063085
2022-10-09 10:00:00,0.0,0.0,1.7039375855085184,7.86689841141439,0.020000016,29.86924438877077,298.1689252792327,30.417778914976026,84.15126605037912,0.0,29.86924438877077,54.282021661608354,100.0,35.49470589175551,10.264582536037546,0.0036010111631256747,10.26098152487442
2022-10-09 11:00:00,0.0,0.0,6.450227906714525,5.463927007325494,0.020000016,32.21256330588788,310.0682980529053,30.28963431415329,87.55192822728722,0.0,32.21256330588788,55.33936492139934,100.0,36.79252297249603,10.675301108770723,0.0036010111631256747,10.671700097607598
2022-10-09 12:00:00,0.0,0.0,10.794354337719206,9.414509163417044,1.1030154360086943,40.507271892984114,347.7200855256551,31.466252672676724,97.74744064585133,0.0,40.507271892984114,57.24016875286721,100.0,41.440749369332316,13.645999972703056,0.19859838602965327,13.447401586673402
2022-10-09 13:00:00,0.0,0.0,14.937602107448111,14.97020901405349,0.020000016,50.206219513349474,363.7939431967452,31.368560724898288,102.30382686756387,0.0,50.206219513349474,52.0976073542144,100.0,49.07560259533918,16.635917411545538,0.0036010111631256747,16.63231640038241
2022-10-09 14:00:00,0.0,0.0,18.1164946131772,14.077553067719414,1.102943383460043,52.49245607274448,280.3431567440175,28.760723648250547,79.61537437315359,0.0,52.49245607274448,27.122918300409104,100.0,65.932562003307,18.07384147939011,0.19858541293843052,17.87525606645168
2022-10-09 15:00:00,0.0,0.0,19.378323969282075,13.573724013660925,0.020000016,53.25045637479086,165.43634693644515,24.06988584176391,47.809636785839004,5.440819588951854,47.809636785839004,0.0,89.7825859920187,100.0,18.660697158916726,1.909873766446242,16.750823392470483
2022-10-09 16:00:00,0.0,0.0,12.852554087542543,11.666356706339853,0.020000016,44.81731918573026,68.42277741522702,19.938211794225843,10.988600352154284,33.82871883357598,10.988600352154286,0.0,24.518647147580914,100.00000000000003,17.173564164408248,12.963721483494417,4.20984268091383
2022-10-09 17:00:00,0.0,0.0,3.325084168078631,8.300231630299104,1.1028492647866872,46.764569396225596,0.0,17.8,0.0,46.764569396225596,0.0,0.0,0.0,0.0,19.946778477164422,19.946778477164422,0.0
2022-10-09 18:00:00,0.0,0.0,0.0,0.7513951911207872,0.020000016,38.858817830168654,0.0,18.3,0.0,38.858817830168654,0.0,0.0,0.0,0.0,16.361608964950925,16.361608964950925,0.0
2022-10-09 19:00:00,0.0,0.0,0.0,0.0,0.020000016,38.10742263904787,0.0,18.3,0.0,38.10742263904787,0.0,0.0,0.0,0.0,15.865244073327215,15.865244073327215,0.0
2022-10-09 20:00:00,0.0,0.0,0.0,0.0,1.10281538427051,38.10742263904787,0.0,18.3,0.0,38.10742263904787,0.0,0.0,0.0,0.0,16.03543560408006,16.03543560408006,0.0
2022-10-09 21:00:00,0.0,0.0,0.0,0.0,0.020000016,38.10742263904787,0.0,17.8,0.0,38.10742263904787,0.0,0.0,0.0,0.0,15.738727430165575,15.738727430165575,0.0
2022-10-09 22:00:00,0.0,0.0,0.0,0.0,0.020000016,38.10742263904787,0.0,17.8,0.0,38.10742263904787,0.0,0.0,0.0,0.0,15.920309299040639,15.920309299040639,0.0
2022-10-09 23:00:00,0.0,0.0,0.0,0.0,1.1029246217580793,43.46825895116388,0.0,17.8,0.0,43.46825895116388,0.0,0.0,0.0,0.0,18.844509053282724,18.844509053282724,0.0
2022-10-10 00:00:00,0.0,0.0,0.0,0.0,0.020000016,43.46825895116388,0.0,17.2,0.0,43.46825895116388,0.0,0.0,0.0,0.0,19.070300776206896,19.070300776206896,0.0
2022-10-10 01:00:00,0.0,0.0,0.0,0.0,1.1028030825422606,43.46825895116388,0.0,17.2,0.0,43.46825895116388,0.0,0.0,0.0,0.0,19.560192053727498,19.560192053727498,0.0
2022-10-10 02:00:00,0.0,0.0,0.0,0.0,0.020000016,43.46825895116388,0.0,17.2,0.0,43.46825895116388,0.0,0.0,0.0,0.0,20.052466087208444,20.052466087208444,0.0
2022-10-10 03:00:00,0.0,0.0,0.0,0.0,0.020000016,43.46825895116388,0.0,17.2,0.0,43.46825895116388,0.0,0.0,0.0,0.0,20.138315898636996,20.138315898636996,0.0
2022-10-10 04:00:00,0.0,0.0,0.0,0.0,1.1030087420623576,47.675718305793986,0.0,17.2,0.0,47.675718305793986,0.0,0.0,0.0,0.0,22.296530994108885,22.296530994108885,0.0
2022-10-10 05:00:00,0.0,0.0,0.18202520679713985,40.83459746264813,0.020000016,82.75600289283928,0.0,17.2,0.0,82.75600289283928,0.0,0.0,0.0,0.0,38.06060406149312,38.06060406149312,0.0
2022-10-10 06:00:00,0.0,0.0,0.09916881475108698,40.83459746264813,1.1032800418863449,98.86877828374438,18.243852799218736,17.770120399975585,0.7873730390884122,98.08140524465597,0.7873730390884077,0.0,0.7963818839034492,99.99999999999943,44.40485417465529,44.052803941418084,0.3520502332372075
2022-10-10 07:00:00,0.0,0.0,16.069982843483665,40.83459746264813,1.1036692170583264,203.05065749987074,81.95343919354588,20.36104497479831,15.74011423248428,187.31054326738646,15.740114232484274,0.0,7.751816431569197,99.99999999999996,80.84028472565204,74.58909835822091,6.251186367431131
2022-10-10 08:00:00,0.0,0.0,40.10743217100495,40.83459746264813,1.1037560413726915,218.73952871996343,134.0388529165248,22.4887141536414,38.96188112189752,179.77764759806593,38.961881121897505,0.0,17.81199829308292,99.99999999999997,77.19723323704646,63.48226146332732,13.714971773719142
2022-10-10 09:00:00,0.0,0.0,59.20640243823217,40.83459746264813,2.187591156484073,235.91190403932254,185.8046811419155,25.206396285684857,53.4708830524402,182.44102098688234,53.4708830524402,0.0,22.665614637033112,100.0,80.04009461635704,61.9877897890227,18.05230482733434
2022-10-10 10:00:00,0.0,0.0,63.05173257371651,40.83459746264813,1.1040186556120422,241.68382912267498,255.46626903876538,30.78332090746142,71.99992178026503,169.68390734240995,71.99992178026503,0.0,29.7909554154403,100.0,80.69399514373282,56.71370119559775,23.98029394813507
2022-10-10 11:00:00,0.0,0.0,68.97943237434976,40.83459746264813,2.1885987992567926,247.06717998086268,278.63945388898577,30.407482934030803,78.64258260956316,168.4245973712995,78.64258260956316,0.0,31.830444908002214,100.0,81.62480555424789,55.76869724387571,25.85610831037218
2022-10-10 12:00:00,0.0,0.0,78.09440904229001,40.83459746264813,2.1884396657476777,258.33200138113864,314.1625189995867,31.517578718737084,88.29690534483194,170.0350960363067,88.29690534483194,0.0,34.179623458481316,100.0,87.60432981434424,57.79617753898243,29.808152275361813
2022-10-10 13:00:00,0.0,0.0,82.34404066146638,40.83459746264813,1.1036634058876804,259.04954226255677,361.66294407661394,31.301967002394186,101.73022522567015,157.31931703688662,101.73022522567015,0.0,39.27056745097917,100.0,88.78459177308993,53.99641530379363,34.788176469296296
2022-10-10 14:00:00,0.0,0.0,83.09786494907928,40.83459746264813,1.1036415286964132,259.8033665501697,309.7498503417518,29.079682823179745,87.86137827146152,171.94198827870818,87.86137827146152,0.0,33.81841407143388,100.0,90.62846890939493,60.04655897444731,30.581909934947618
2022-10-10 15:00:00,0.0,0.0,79.25459703967404,40.83459746264813,1.1039336580627346,258.84999106256663,222.99371817442653,25.868553692950826,64.01580327646651,194.83418778610013,64.0158032764665,0.0,24.73085010112797,99.99999999999997,93.37440649517222,70.33127794777535,23.043128547396876
2022-10-10 16:00:00,0.0,0.0,65.45336247442427,40.83459746264813,1.1034091706831797,227.99566929432896,89.58607290443277,20.599564778263524,18.79219630013903,209.20347299418992,18.79219630013904,0.0,8.242347917529706,100.00000000000007,88.11607931470704,80.86962049941043,7.246458815296606
2022-10-10 17:00:00,0.0,0.0,37.4441004028607,40.83459746264813,1.1033312055343445,174.18895352831186,0.0,17.8,0.0,174.18895352831186,0.0,0.0,0.0,0.0,74.99016621691477,74.99016621691477,0.0
2022-10-10 18:00:00,0.0,0.0,17.686454550065356,40.83459746264813,1.1030884716177682,151.8625144116923,0.0,17.2,0.0,151.8625144116923,0.0,0.0,0.0,0.0,66.48356182653677,66.48356182653677,0.0
2022-10-10 19:00:00,0.0,0.0,5.800987021854697,40.83459746264813,0.020000016,117.78637315284531,0.0,17.2,0.0,117.78637315284531,0.0,0.0,0.0,0.0,51.31487874773713,51.31487874773713,0.0
2022-10-10 20:00:00,0.0,0.0,1.1130074218047863,40.83459746264813,1.1029513261805406,111.81399692088327,0.0,17.2,0.0,111.81399692088327,0.0,0.0,0.0,0.0,49.78921261740948,49.78921261740948,0.0
2022-10-10 21:00:00,0.0,0.0,0.0,0.0,0.020000016,47.675718305793986,0.0,17.2,0.0,47.675718305793986,0.0,0.0,0.0,0.0,21.8138118645147,21.8138118645147,0.0
2022-10-10 22:00:00,0.0,0.0,0.0,0.0,1.1029331705495282,43.46825895116388,0.0,17.8,0.0,43.46825895116388,0.0,0.0,0.0,0.0,20.695389058636724,20.695389058636724,0.0
2022-10-10 23:00:00,0.0,0.0,0.0,0.0,0.020000016,43.46825895116388,0.0,17.2,0.0,43.46825895116388,0.0,0.0,0.0,0.0,20.538441222282454,20.538441222282454,0.0
2022-10-11 00:00:00,0.0,0.0,0.0,0.0,0.020000016,43.46825895116388,0.0,17.2,0.0,43.46825895116388,0.0,0.0,0.0,0.0,20.464979864654993,20.464979864654993,0.0
2022-10-11 01:00:00,0.0,0.0,0.0,0.0,1.102830358066928,43.46825895116388,0.0,17.2,0.0,43.46825895116388,0.0,0.0,0.0,0.0,20.738838806157823,20.738838806157823,0.0
2022-10-11 02:00:00,0.0,0.0,0.0,0.0,0.020000016,43.46825895116388,0.0,17.2,0.0,43.46825895116388,0.0,0.0,0.0,0.0,20.544744119830376,20.544744119830376,0.0
2022-10-11 03:00:00,0.0,0.0,0.0,0.0,0.020000016,43.46825895116388,0.0,17.2,0.0,43.46825895116388,0.0,0.0,0.0,0.0,20.3719577904995,20.3719577904995,0.0
2022-10-11 04:00:00,0.0,0.0,0.0,0.0,1.1029324651075865,47.675718305793986,0.0,17.2,0.0,47.675718305793986,0.0,0.0,0.0,0.0,22.558256953910398,22.558256953910398,0.0
2022-10-11 05:00:00,0.0,0.14683949164643828,0.0,40.83459746264813,0.16683950764643826,82.57397768604213,0.0,17.2,0.0,82.57397768604213,0.0,0.0,0.0,0.0,39.1535901500894,39.1535901500894,0.0
2022-10-11 06:00:00,0.0,0.0,0.0,40.83459746264813,1.1032886188280595,98.76960946899328,20.2772183915039,17.833663074734496,0.9724442684260581,97.79716520056722,0.9724442684260595,0.0,0.9845581790331354,100.00000000000013,45.196600102640716,44.75356908060983,0.44303102203088685
2022-10-11 07:00:00,0.0,0.0,0.0,40.83459746264813,1.1036936242828588,186.98067465638707,78.95369592696994,20.267302997717813,14.613912682805712,172.36676197358136,14.613912682805704,0.0,7.815734278241096,99.99999999999996,76.03808213473987,70.11067915059387,5.927402984145999
2022-10-11 08:00:00,0.0,0.0,0.0,40.83459746264813,1.103779797655193,178.6320965489585,163.0017873125059,24.49380585351581,47.032437988725384,131.5996585602331,47.03243798872538,0.0,26.329220166676482,99.99999999999999,66.62040162994262,49.13209505040492,17.4883065795377
2022-10-11 09:00:00,0.0,0.0,0.0,40.83459746264813,2.1876004550767654,176.70550160109036,229.6953325496299,27.177979142175936,65.61916631114151,111.08633528994885,65.61916631114151,0.0,37.13476134957906,100.0,65.25716684056906,41.17033946273834,24.086827377830716
2022-10-11 10:00:00,0.0,0.0,0.0,40.83459746264813,1.1040077130745236,178.6320965489585,255.00691476169067,28.568966086302837,72.47217713720518,106.15991941175331,72.47217713720518,0.0,40.570635701710195,100.0,65.46469300153649,38.985896001801514,26.478796999734975
2022-10-11 11:00:00,0.0,0.0,0.0,40.83459746264813,2.1885996724180576,178.08774760651295,262.36956116881055,28.799048786525333,74.50029174118643,103.58745586532652,74.50029174118643,0.0,41.83347408368358,100.0,65.45129335548816,38.235591779515346,27.215701575972815
2022-10-11 12:00:00,0.0,0.0,0.03435748600880811,40.83459746264813,2.1884766277399668,180.2719498248574,318.53573299756425,30.554241656173886,89.85300554302357,90.41894428183382,89.85300554302357,0.0,49.843031947188656,100.0,67.41824570824053,34.01134751237207,33.406898195868465
2022-10-11 13:00:00,0.0,0.0,0.0,40.83459746264813,1.1036713444957442,176.70550160109036,348.2051041841426,30.881409505754455,98.10078854061587,78.6047130604745,98.10078854061587,0.0,55.51654456241929,100.0,67.27435783538226,30.036279513249887,37.238078322132374
2022-10-11 14:00:00,0.0,0.0,0.0,40.83459746264813,1.103647672601583,176.70550160109036,282.1642257498044,28.81763205468139,80.11543355598218,96.59006804510818,80.11543355598218,0.0,45.338392313806615,100.0,67.74085609747479,37.11833392937172,30.622522168103067
2022-10-11 15:00:00,0.0,0.0,0.0,40.83459746264813,2.1879615505153134,179.59539402289255,190.447706107075,24.85149081584609,54.879077972410386,124.71631605048216,54.879077972410386,0.0,30.557063153532265,100.0,71.29551101256769,49.630074215229655,21.66543679733803
2022-10-11 16:00:00,0.0,0.0,0.0,40.83459746264813,0.020000016,162.54230681990464,64.69325276293864,19.821664148841833,9.827493238248232,152.71481358165641,9.827493238248223,0.0,6.046114042873155,99.99999999999991,69.90573277059723,65.6793701660224,4.226362604574831
2022-10-11 17:00:00,0.0,0.0,0.0,40.83459746264813,1.103392328353396,136.74485312545113,0.0,17.8,0.0,136.74485312545113,0.0,0.0,0.0,0.0,63.169671109922646,63.169671109922646,0.0
2022-10-11 18:00:00,0.0,0.0,0.0,40.83459746264813,1.1030996473542722,134.17605986162698,0.0,17.8,0.0,134.17605986162698,0.0,0.0,0.0,0.0,61.442605191857616,61.442605191857616,0.0
2022-10-11 19:00:00,0.0,0.0,0.0,40.83459746264813,1.1031449196960617,111.9853861309906,0.0,17.8,0.0,111.9853861309906,0.0,0.0,0.0,0.0,50.125066398400726,50.125066398400726,0.0
2022-10-11 20:00:00,0.0,0.0,0.0,40.83459746264813,0.020000016,110.70098949907849,0.0,16.7,0.0,110.70098949907849,0.0,0.0,0.0,0.0,49.58878822759037,49.58878822759037,0.0
2022-10-11 21:00:00,0.0,0.0,0.0,0.0,0.020000016,47.675718305793986,0.0,16.7,0.0,47.675718305793986,0.0,0.0,0.0,0.0,21.713931234664063,21.713931234664063,0.0
2022-10-11 22:00:00,0.0,0.0,0.0,0.0,1.1028466372243868,43.46825895116388,0.0,16.7,0.0,43.46825895116388,0.0,0.0,0.0,0.0,20.106378569487426,20.106378569487426,0.0
2022-10-11 23:00:00,0.0,0.0,0.0,0.0,0.020000016,43.46825895116388,0.0,16.7,0.0,43.46825895116388,0.0,0.0,0.0,0.0,20.218949518991398,20.218949518991398,0.0
2022-10-12 00:00:00,0.0,0.0,0.0,0.0,1.10291477774147,43.46825895116388,0.0,16.1,0.0,43.46825895116388,0.0,0.0,0.0,0.0,20.739506029839447,20.739506029839447,0.0
2022-10-12 01:00:00,0.0,0.0,0.0,0.0,0.020000016,43.46825895116388,0.0,16.1,0.0,43.46825895116388,0.0,0.0,0.0,0.0,20.523227331649547,20.523227331649547,0.0
2022-10-12 02:00:00,0.0,0.0,0.0,0.0,0.020000016,43.46825895116388,0.0,16.7,0.0,43.46825895116388,0.0,0.0,0.0,0.0,20.392170530911788,20.392170530911788,0.0
2022-10-12 03:00:00,0.0,0.0,0.0,0.0,1.102766808686335,43.46825895116388,0.0,16.7,0.0,43.46825895116388,0.0,0.0,0.0,0.0,20.465194673967947,20.465194673967947,0.0
2022-10-12 04:00:00,0.0,0.0,0.0,0.0,0.020000016,47.675718305793986,0.0,16.7,0.0,47.675718305793986,0.0,0.0,0.0,0.0,21.908924922534762,21.908924922534762,0.0
2022-10-12 05:00:00,0.0,10.13342915094083,0.0,40.83459746264813,10.15342916694083,82.57397768604213,0.0,16.7,0.0,82.57397768604213,0.0,0.0,0.0,0.0,39.4203453376638,39.4203453376638,0.0
2022-10-12 06:00:00,0.0,4.371284814767681,0.0,40.83459746264813,5.4744643530462325,98.76960946899328,30.133519704492166,18.14167249076538,2.145187544896017,96.62442192409726,2.145187544896018,0.0,2.171910526354219,100.00000000000004,45.09026098611326,44.132348939815394,0.9579120462978636
2022-10-12 07:00:00,0.0,0.0,0.0,40.83459746264813,1.1037859937137535,186.98067465638707,82.6405592381203,20.38251747619126,16.003909419311437,170.97676523707563,16.00390941931144,0.0,8.559124866097365,100.00000000000003,74.3421840467607,67.99615384472115,6.346030202039557
2022-10-12 08:00:00,0.0,0.0,0.0,40.83459746264813,2.1876201125920125,178.6320965489585,152.14789004765606,22.554621563989254,44.21505858464512,134.41703796431335,44.215058584645135,0.0,24.752023538237385,100.00000000000003,64.8282654533754,48.87945167130805,15.948813782067347
2022-10-12 09:00:00,0.0,0.0,0.01479245379321426,40.83459746264813,1.1038131734433434,176.7202940548836,260.44766243329883,28.138989451040587,74.13775353016459,102.58254052471901,74.13775353016459,0.0,41.95203155736025,100.0,62.02610409702669,36.088269646963305,25.937834450063384
2022-10-12 10:00:00,0.0,0.0,1.3715567669443718,40.83459746264813,2.1880375985856024,180.00365331590285,289.86185522095275,28.458182975654772,82.41206183677168,97.59159147913117,82.41206183677168,0.0,45.7835495661525,100.0,61.70050134032339,33.6321892596465,28.06831208067689
2022-10-12 11:00:00,0.0,0.0,3.5781742531758227,40.83459746264813,1.1043454758692175,181.66592185968878,289.1888837493808,28.43715261716815,82.22720668802809,99.43871517166069,82.22720668802809,0.0,45.262868151758795,100.0,62.285891644633864,34.183510350899944,28.10238129373392
2022-10-12 12:00:00,0.0,0.0,5.427521696148302,40.83459746264813,2.188502880971067,185.6651140349969,331.02409291028283,29.74450290344634,93.66136625133095,92.00374778366594,93.66136625133095,0.0,50.44640008875134,100.0,64.78734402520061,32.30324067508274,32.48410335011787
2022-10-12 13:00:00,0.0,0.0,6.305071047363178,40.83459746264813,1.1036627959814909,183.0105726484535,346.50510319486904,30.228284474839654,97.86299972093833,85.14757292751516,97.86299972093833,0.0,53.47395962140623,100.0,63.77841798726005,29.779833254208874,33.998584733051175
2022-10-12 14:00:00,0.0,0.0,8.098918102659182,40.83459746264813,1.1036419499202443,184.80441970374955,277.8369316905338,26.98240411532918,79.43011974906364,105.37429995468591,79.43011974906364,0.0,42.98063859965794,100.0,65.42820319085284,37.392150973624595,28.036052217228246
2022-10-12 15:00:00,0.0,0.0,6.512398434987327,40.83459746264813,2.187871293012227,186.10779245787987,166.357443247313,23.49867010147853,48.17708514427722,137.93070731360265,48.177085144277214,0.0,25.88665660261416,99.99999999999999,69.05002230901344,51.27725471386385,17.772767595149595
2022-10-12 16:00:00,0.0,0.0,2.18562061000009,40.83459746264813,1.103522974980229,164.72792742990472,57.495397520368364,19.59673117251151,7.768647977253039,156.95927945265169,7.768647977253039,0.0,4.716047909094689,100.0,65.89712906550055,62.798759192732724,3.098369872767826
2022-10-12 17:00:00,0.0,0.0,0.0,40.83459746264813,1.1033056824393732,136.74485312545113,0.0,17.2,0.0,136.74485312545113,0.0,0.0,0.0,0.0,61.627857290300476,61.627857290300476,0.0
2022-10-12 18:00:00,0.0,0.0,0.0,40.83459746264813,0.020000016,134.17605986162698,0.0,17.2,0.0,134.17605986162698,0.0,0.0,0.0,0.0,59.385899824123385,59.385899824123385,0.0
2022-10-12 19:00:00,0.0,0.0,0.0,40.83459746264813,1.103189334529933,111.9853861309906,0.0,17.2,0.0,111.9853861309906,0.0,0.0,0.0,0.0,49.756082548008344,49.756082548008344,0.0
2022-10-12 20:00:00,0.0,0.0,0.0,40.83459746264813,0.020000016,110.70098949907849,0.0,17.2,0.0,110.70098949907849,0.0,0.0,0.0,0.0,49.28159298173042,49.28159298173042,0.0
2022-10-12 21:00:00,0.0,0.0,0.0,0.0,1.1028540704637375,47.675718305793986,0.0,16.7,0.0,47.675718305793986,0.0,0.0,0.0,0.0,21.393048283528707,21.393048283528707,0.0
2022-10-12 22:00:00,0.0,0.0,0.0,0.0,0.020000016,43.46825895116388,0.0,16.7,0.0,43.46825895116388,0.0,0.0,0.0,0.0,19.357843309168846,19.357843309168846,0.0
2022-10-12 23:00:00,0.0,0.0,0.0,0.0,0.020000016,43.46825895116388,0.0,16.1,0.0,43.46825895116388,0.0,0.0,0.0,0.0,19.35697394398982,19.35697394398982,0.0
2022-10-13 00:00:00,0.0,0.0,0.0,0.0,1.1028621232238682,43.46825895116388,0.0,16.1,0.0,43.46825895116388,0.0,0.0,0.0,0.0,20.410659170406195,20.410659170406195,0.0
2022-10-13 01:00:00,0.0,0.0,0.0,0.0,0.020000016,43.46825895116388,0.0,16.1,0.0,43.46825895116388,0.0,0.0,0.0,0.0,20.834894748329397,20.834894748329397,0.0
2022-10-13 02:00:00,0.0,0.0,0.0,0.0,1.1029150841698905,43.46825895116388,0.0,16.1,0.0,43.46825895116388,0.0,0.0,0.0,0.0,21.075515726704506,21.075515726704506,0.0
2022-10-13 03:00:00,0.0,0.0,0.0,0.0,0.020000016,43.46825895116388,0.0,16.1,0.0,43.46825895116388,0.0,0.0,0.0,0.0,20.99790071939626,20.99790071939626,0.0
2022-10-13 04:00:00,0.0,0.0,0.0,0.0,0.020000016,47.675718305793986,0.0,15.6,0.0,47.675718305793986,0.0,0.0,0.0,0.0,22.68007966613098,22.68007966613098,0.0
2022-10-13 05:00:00,0.0,4.1925503581350165,0.0,40.83459746264813,5.295563109556431,82.57397768604213,0.0,16.1,0.0,82.57397768604213,0.0,0.0,0.0,0.0,40.20831158302036,40.20831158302036,0.0
2022-10-13 06:00:00,0.0,1.8526699692377215,0.0,40.83459746264813,2.9560116794942686,98.76960946899328,14.261176781542936,17.145661774423218,0.48220792390390593,98.28740154508938,0.4822079239038999,0.0,0.4882148734781414,99.99999999999875,47.5164405033773,47.287056605015835,0.229383898361462
2022-10-13 07:00:00,0.0,0.0,0.0,40.83459746264813,1.1037134464456542,186.98067465638707,56.67090723808594,18.970965851190186,7.564571304445822,179.41610335194125,7.5645713044458205,0.0,4.045643389803344,99.99999999999997,80.13296247870335,76.89910824605276,3.233854232650586
2022-10-13 08:00:00,0.0,0.0,0.0,40.83459746264813,1.1037918743877093,178.6320965489585,134.1263689079993,21.99144902837498,39.05839156975041,139.57370497920806,39.05839156975043,0.0,21.86527075723232,100.00000000000004,70.22162687079032,54.91093266740599,15.31069420338433
2022-10-13 09:00:00,0.0,0.0,1.5296757086878627,40.83459746264813,1.1038107530431114,178.2351773097782,285.5800089000808,28.924375278127528,81.05279999924669,97.18237731053152,81.05279999924669,0.0,45.47519811892937,100.0,67.69105617508477,36.998792399370025,30.692263775714743
2022-10-13 10:00:00,0.0,0.0,5.063333250268936,40.83459746264813,2.1880779495554044,183.6954297992274,270.25124195139705,27.845351310981158,77.01295419842357,106.68247560080384,77.01295419842357,0.0,41.92426250484076,100.0,68.27493651464394,39.81633954970047,28.458596964943467
2022-10-13 11:00:00,0.0,0.0,9.103254620893228,40.83459746264813,2.188632168834114,187.19100222740616,258.44160619297435,26.97630019353045,73.88691864956151,113.30408357784465,73.88691864956151,0.0,39.47140501967135,100.0,68.62144062019108,41.6911365107989,26.930304109392182
2022-10-13 12:00:00,0.0,0.0,17.914155432562957,40.83459746264813,1.1042278297412917,198.15174777141158,243.66292868145726,28.21446652129554,69.34029617449902,128.81145159691255,69.34029617449903,0.0,34.99353245901732,100.00000000000003,71.78212631918457,46.73259762466592,25.04952869451865
2022-10-13 13:00:00,0.0,0.0,24.61396815808371,40.83459746264813,2.187402161162859,201.31946975917407,353.82256521537704,31.656955162980534,99.39100483926887,101.9284649199052,99.39100483926887,0.0,49.36979267736207,100.0,72.67759828198695,36.99125799444746,35.68634028753949
2022-10-13 14:00:00,0.0,0.0,29.072138864004128,40.83459746264813,1.1036537941633704,205.77764046509446,242.56950895679162,26.980297154899738,69.34814727422895,136.42949319086551,69.34814727422895,0.0,33.70052602289037,100.0,76.25310035037633,50.62237185855769,25.630728491818637
2022-10-13 15:00:00,0.0,0.0,36.82061215464559,40.83459746264813,1.1039671264178343,216.41600617753812,146.35165464548857,23.473489207671516,42.387339442339304,174.0286667351988,42.38733944233931,0.0,19.586046425589526,100.00000000000003,84.54690814597741,68.02644259832566,16.520465547651753
2022-10-13 16:00:00,0.0,0.0,29.533397804453596,40.83459746264813,1.1034670662181645,192.07570462435822,67.06932199041748,19.295916312200546,10.582804084219607,181.4929005401386,10.582804084219617,0.0,5.509704678640316,100.00000000000011,83.65269222595018,79.05462259341802,4.598069632532159
2022-10-13 17:00:00,0.0,0.0,9.761682944425743,40.83459746264813,1.1032964600146868,146.5065360698769,0.0,16.7,0.0,146.5065360698769,0.0,0.0,0.0,0.0,68.80546222800061,68.80546222800061,0.0
2022-10-13 18:00:00,0.0,0.0,0.9083218221426419,40.83459746264813,1.1031623934636707,135.0843816837696,0.0,16.7,0.0,135.0843816837696,0.0,0.0,0.0,0.0,62.84535769544527,62.84535769544527,0.0
2022-10-13 19:00:00,0.0,0.0,0.0,40.83459746264813,0.020000016,111.9853861309906,0.0,16.7,0.0,111.9853861309906,0.0,0.0,0.0,0.0,51.36961784865655,51.36961784865655,0.0
2022-10-13 20:00:00,0.0,0.0,0.0,40.83459746264813,1.1030148904556376,110.70098949907849,0.0,17.2,0.0,110.70098949907849,0.0,0.0,0.0,0.0,49.872899800776594,49.872899800776594,0.0
2022-10-13 21:00:00,0.0,0.0,0.0,0.0,0.020000016,47.675718305793986,0.0,17.2,0.0,47.675718305793986,0.0,0.0,0.0,0.0,20.871978049383742,20.871978049383742,0.0
2022-10-13 22:00:00,0.0,0.0,0.0,0.0,1.1028461318794633,43.46825895116388,0.0,17.2,0.0,43.46825895116388,0.0,0.0,0.0,0.0,19.28765382115469,19.28765382115469,0.0
2022-10-13 23:00:00,0.0,0.0,0.0,0.0,0.020000016,38.10742263904787,0.0,17.2,0.0,38.10742263904787,0.0,0.0,0.0,0.0,16.844223760924354,16.844223760924354,0.0
2022-10-14 00:00:00,0.0,0.0,0.0,0.0,0.020000016,38.10742263904787,0.0,17.2,0.0,38.10742263904787,0.0,0.0,0.0,0.0,16.75562400328857,16.75562400328857,0.0
2022-10-14 01:00:00,0.0,0.0,0.0,0.0,1.1028970586177897,38.10742263904787,0.0,17.2,0.0,38.10742263904787,0.0,0.0,0.0,0.0,16.989850709575062,16.989850709575062,0.0
2022-10-14 02:00:00,0.0,0.0,0.0,0.0,0.020000016,38.10742263904787,0.0,17.2,0.0,38.10742263904787,0.0,0.0,0.0,0.0,16.88004473820506,16.88004473820506,0.0
2022-10-14 03:00:00,0.0,0.0,0.0,0.0,0.020000016,38.10742263904787,0.0,17.2,0.0,38.10742263904787,0.0,0.0,0.0,0.0,17.107355514246983,17.107355514246983,0.0
2022-10-14 04:00:00,0.0,0.0,0.0,0.0,1.1029627279730176,38.10742263904787,0.0,17.2,0.0,38.10742263904787,0.0,0.0,0.0,0.0,17.010250004481552,17.010250004481552,0.0
2022-10-14 05:00:00,0.0,7.850827046331044,0.0,40.83459746264813,7.870827062331044,82.57397768604213,0.0,17.8,0.0,82.57397768604213,0.0,0.0,0.0,0.0,37.59280529626281,37.59280529626281,0.0
2022-10-14 06:00:00,0.0,4.694289951815893,0.0,40.83459746264813,5.797340228002989,75.83888804889047,30.907157002734476,18.765848656335454,2.251668208095429,73.58721984079504,2.251668208095424,0.0,2.9690153244913855,99.99999999999977,34.28172297401023,33.29488434844825,0.9868386255619797
2022-10-14 07:00:00,0.0,0.0,0.0,40.83459746264813,0.020000016,114.21720088209123,95.51923366992213,21.284976052185065,21.310474076204933,92.90672680588631,21.310474076204926,0.0,18.657850053779697,99.99999999999997,47.20385927568733,38.39730586369564,8.806553411991686
2022-10-14 08:00:00,0.0,0.0,0.26518769013974336,40.83459746264813,1.1033738075006936,116.73008267807715,172.01396825487708,24.27543650796491,49.67283395764572,67.05724872043143,49.67283395764572,0.0,42.55358414731482,100.0,45.56580954379988,26.26046262616087,19.30534691763901
2022-10-14 09:00:00,0.0,0.0,4.347012744954931,40.83459746264813,1.1033397455351885,119.84861025895825,165.78994956919635,24.580935924037384,47.82153975369718,72.02707050526107,47.82153975369718,0.0,39.901622263594575,100.0,46.02337215365818,27.738567321133296,18.284804832524884
2022-10-14 10:00:00,0.0,0.0,13.281945961614223,40.83459746264813,1.103434654037908,131.03123758146373,207.08497893832987,27.07140559182281,59.183377372775524,71.8478602086882,59.183377372775524,0.0,45.16738028668964,100.0,49.68065527048547,27.330940556317387,22.34971471416808
2022-10-14 11:00:00,0.0,0.0,31.79829829196062,40.83459746264813,1.10328771874823,148.26319327989802,244.26914893263591,27.033410904144873,69.82023185106866,78.44296142882936,69.82023185106866,0.0,47.092086920898055,100.0,55.645375117499526,29.534353910996124,26.111021206503402
2022-10-14 12:00:00,0.0,0.0,50.817011152595086,40.83459746264813,0.020000016,164.71311287670827,283.7094127532002,28.265919148537506,80.72095574574588,83.99215713096238,80.72095574574588,0.0,49.007000314642504,100.0,60.92604007087122,31.069780169192185,29.85625990167903
2022-10-14 13:00:00,0.0,0.0,49.96730935949427,40.83459746264813,1.1031534554333824,124.76444534313265,218.58460745089005,25.730768982840313,62.782153488362795,61.982291854769855,62.782153488362795,0.0,50.32054870736336,100.0,46.279747301743555,23.091472821584198,23.188274480159357
2022-10-14 14:00:00,0.0,0.0,51.306204396185144,40.83459746264813,1.103000939829464,124.81894374791145,288.25886241477747,29.008089450461796,81.78739297477182,43.03155077313963,81.78739297477182,0.0,65.5248238119627,100.0,46.57195385192938,16.18589267697728,30.3860611749521
2022-10-14 15:00:00,0.0,0.0,48.72156819881529,40.83459746264813,0.020000016,122.55540670851958,173.01796392060027,24.30681137251876,49.95697537004464,72.59843133847494,49.956975370044646,0.0,40.76276739781879,100.00000000000003,47.194173141312135,27.957989990199593,19.23618315111254
2022-10-14 16:00:00,0.0,0.0,39.064314953716256,40.83459746264813,1.1029353646943305,102.12391575608036,61.25682283708939,20.214275713659045,8.798613664844813,93.32530209123556,8.798613664844808,0.0,8.615625046987043,99.99999999999994,42.76689577376333,39.09936963984607,3.6675261339172636
2022-10-14 17:00:00,0.0,0.0,0.0,0.0,0.020000016,38.10742263904787,0.0,17.2,0.0,38.10742263904787,0.0,0.0,0.0,0.0,17.31904224700689,17.31904224700689,0.0
2022-10-14 18:00:00,0.0,0.0,0.0,0.0,1.1029266501935244,38.10742263904787,0.0,17.2,0.0,38.10742263904787,0.0,0.0,0.0,0.0,17.216023590913277,17.216023590913277,0.0
2022-10-14 19:00:00,0.0,0.0,0.0,0.0,0.020000016,38.10742263904787,0.0,17.2,0.0,38.10742263904787,0.0,0.0,0.0,0.0,16.625868229202613,16.625868229202613,0.0
2022-10-14 20:00:00,0.0,0.0,0.0,0.0,1.1030412188550547,38.10742263904787,0.0,17.2,0.0,38.10742263904787,0.0,0.0,0.0,0.0,16.705023681458595,16.705023681458595,0.0
2022-10-14 21:00:00,0.0,0.0,0.0,0.0,0.020000016,38.10742263904787,0.0,16.7,0.0,38.10742263904787,0.0,0.0,0.0,0.0,16.997606137046528,16.997606137046528,0.0
2022-10-14 22:00:00,0.0,0.0,0.0,0.0,0.020000016,38.10742263904787,0.0,16.7,0.0,38.10742263904787,0.0,0.0,0.0,0.0,17.302656055272102,17.302656055272102,0.0
2022-10-14 23:00:00,0.0,0.0,0.0,0.0,1.1028450054264574,38.10742263904787,0.0,16.7,0.0,38.10742263904787,0.0,0.0,0.0,0.0,17.858309499320306,17.858309499320306,0.0
2022-10-15 00:00:00,0.0,0.0,0.0,0.0,0.020000016,38.10742263904787,0.0,17.2,0.0,38.10742263904787,0.0,0.0,0.0,0.0,18.06385182248708,18.06385182248708,0.0
2022-10-15 01:00:00,0.0,0.0,0.0,0.0,0.020000016,38.10742263904787,0.0,17.2,0.0,38.10742263904787,0.0,0.0,0.0,0.0,18.05470604105371,18.05470604105371,0.0
2022-10-15 02:00:00,0.0,0.0,0.0,0.0,1.102741534377264,38.10742263904787,0.0,17.2,0.0,38.10742263904787,0.0,0.0,0.0,0.0,18.42532931818408,18.42532931818408,0.0
2022-10-15 03:00:00,0.0,0.0,0.0,0.0,0.020000016,38.10742263904787,0.0,17.2,0.0,38.10742263904787,0.0,0.0,0.0,0.0,18.25362678722954,18.25362678722954,0.0
2022-10-15 04:00:00,0.0,0.0,0.0,0.0,0.020000016,38.10742263904787,0.0,16.7,0.0,38.10742263904787,0.0,0.0,0.0,0.0,18.008214985434073,18.008214985434073,0.0
2022-10-15 05:00:00,0.0,0.0,0.0,0.0,1.1027541743143003,35.13925359784786,0.0,16.7,0.0,35.13925359784786,0.0,0.0,0.0,0.0,16.546210600812156,16.546210600812156,0.0
2022-10-15 06:00:00,0.0,0.0,0.0,0.0,0.020000016,20.298408391847865,7.497140367041014,16.93428563647003,0.13336591247431331,20.16504247937355,0.13336591247431429,0.0,0.6570264520240708,100.00000000000074,9.252976763076441,9.19220591773927,0.0607708453371707
2022-10-15 07:00:00,0.0,0.0,0.0,2.5355265556666406,0.020000016,22.833934947514503,67.56606446132805,19.311439514416502,10.739541520114505,12.094393427399998,10.739541520114505,0.0,47.033249174091715,100.0,9.588373544731812,5.080343596248548,4.508029948483264
2022-10-15 08:00:00,0.0,0.0,0.04137617210091172,6.677859972330933,1.1028761172127084,27.017644536279708,185.6035455871912,24.100110799599726,53.63180043962166,0.0,27.017644536279708,26.61415590334195,100.0,50.376165474243216,10.654536825385671,0.19857330162274187,10.455963523762929
2022-10-15 09:00:00,0.0,0.0,1.4847245356270644,7.883065544510215,0.020000016,29.666198471985147,177.4955710054389,24.446736593919965,51.22336829209912,0.0,29.666198471985147,21.55716982011397,100.0,57.91536062762388,10.996114192972502,0.0036010111631256747,10.992513181809377
2022-10-15 10:00:00,0.0,0.0,6.271323686267354,8.463842101117628,0.020000016,35.03357417923285,240.8320867041084,27.526002709503388,68.7113911990004,0.0,35.03357417923285,33.67781701976755,100.0,50.986559241348196,12.92766169375302,0.0036010111631256747,12.924060682589895
2022-10-15 11:00:00,0.0,0.0,9.585106922859875,6.846226933635786,1.102994379246279,36.72974224834353,246.16350823114388,27.692609632223245,70.18878699869563,0.0,36.72974224834353,33.459044750352106,100.0,52.32992878054169,13.766010435155232,0.19859459475086047,13.567415840404372
2022-10-15 12:00:00,0.0,0.0,16.100786596646294,10.66875463182541,0.020000016,47.067949620319574,273.183515907452,28.536984872107872,77.64722088309463,0.0,47.067949620319574,30.57927126277506,100.0,60.61768738791683,17.624193970774066,0.0036010111631256747,17.62059295961094
2022-10-15 13:00:00,0.0,0.0,20.317089176566284,11.838813957573766,1.102978648406041,52.45431152598791,327.2238896321062,30.22574655100332,92.41831581560582,0.0,52.45431152598791,39.96400428961791,100.0,56.75748477243992,20.020027001846874,0.19859176240656123,19.821435239440312
2022-10-15 14:00:00,0.0,0.0,22.2541025803144,12.329065896303998,0.020000016,54.88157686846626,276.7853813834813,28.04954316823379,78.81474994522009,0.0,54.88157686846626,23.933173076753825,100.0,69.63363698623863,21.047667253492172,0.0036010111631256747,21.044066242329045
2022-10-15 15:00:00,0.0,0.0,20.06703604506329,13.116730462501959,0.020000016,53.4821748994131,187.78280846169986,24.76821276442812,54.12782977819965,0.0,53.4821748994131,0.6456548787865444,100.0,98.80716651409773,21.424281701876062,0.0036010111631256747,21.420680690712935
2022-10-15 16:00:00,0.0,0.0,11.480449119960449,11.04517993383898,1.1029356902512393,42.824037445647285,95.24318044519627,20.776349388912386,21.226808808114043,21.59722863753324,21.226808808114043,0.0,49.567509450867,100.0,18.63197682606464,9.495003108655995,9.136973717408646
2022-10-15 17:00:00,0.0,0.0,1.080130155034511,6.726164330310815,0.020000016,45.91371712439319,0.0,16.7,0.0,45.91371712439319,0.0,0.0,0.0,0.0,21.43796071351484,21.43796071351484,0.0
2022-10-15 18:00:00,0.0,0.0,0.0,0.0,0.020000016,38.10742263904787,0.0,16.7,0.0,38.10742263904787,0.0,0.0,0.0,0.0,17.437175257187942,17.437175257187942,0.0
2022-10-15 19:00:00,0.0,0.0,0.0,0.0,1.102801270090303,38.10742263904787,0.0,16.7,0.0,38.10742263904787,0.0,0.0,0.0,0.0,17.275448595490683,17.275448595490683,0.0
2022-10-15 20:00:00,0.0,0.0,0.0,0.0,0.020000016,38.10742263904787,0.0,16.7,0.0,38.10742263904787,0.0,0.0,0.0,0.0,16.80402043004016,16.80402043004016,0.0
2022-10-15 21:00:00,0.0,0.0,0.0,0.0,1.1028160094535653,38.10742263904787,0.0,16.7,0.0,38.10742263904787,0.0,0.0,0.0,0.0,17.372815714161913,17.372815714161913,0.0
2022-10-15 22:00:00,0.0,0.0,0.0,0.0,0.020000016,38.10742263904787,0.0,15.6,0.0,38.10742263904787,0.0,0.0,0.0,0.0,17.412214895359366,17.412214895359366,0.0
2022-10-15 23:00:00,0.0,0.0,0.0,0.0,0.020000016,43.46825895116388,0.0,15.6,0.0,43.46825895116388,0.0,0.0,0.0,0.0,20.441289663526604,20.441289663526604,0.0
2022-10-16 00:00:00,0.0,0.0,0.0,0.0,1.1028019187603213,43.46825895116388,0.0,15.6,0.0,43.46825895116388,0.0,0.0,0.0,0.0,20.861414175891174,20.861414175891174,0.0
2022-10-16 01:00:00,0.0,0.0,0.0,0.0,0.020000016,43.46825895116388,0.0,15.0,0.0,43.46825895116388,0.0,0.0,0.0,0.0,21.05549616250655,21.05549616250655,0.0
2022-10-16 02:00:00,0.0,0.0,0.0,0.0,0.020000016,43.46825895116388,0.0,14.4,0.0,43.46825895116388,0.0,0.0,0.0,0.0,21.596893327743295,21.596893327743295,0.0
2022-10-16 03:00:00,0.0,0.0,0.0,0.0,1.1028382323809869,43.46825895116388,0.0,13.9,0.0,43.46825895116388,0.0,0.0,0.0,0.0,22.18394249276277,22.18394249276277,0.0
2022-10-16 04:00:00,0.0,0.0,0.0,0.0,0.020000016,47.675718305793986,0.0,13.3,0.0,47.675718305793986,0.0,0.0,0.0,0.0,23.91154346996964,23.91154346996964,0.0
2022-10-16 05:00:00,0.0,0.25076241781879055,0.0,40.83459746264813,1.3537024727050895,85.54214672724213,0.0,14.4,0.0,85.54214672724213,0.0,0.0,0.0,0.0,42.45450699335796,42.45450699335796,0.0
2022-10-16 06:00:00,0.0,0.0,0.0,40.83459746264813,0.020000016,98.76960946899328,22.47714855439453,15.70241089232483,1.204075921649858,97.56553354734342,1.20407592164986,0.0,1.2190753088153652,100.00000000000016,48.298976953216766,47.71021994980764,0.5887570034091283
2022-10-16 07:00:00,0.0,0.0,2.033318320138531,40.83459746264813,2.187372475138355,189.01399297652557,37.75983434824218,18.97999482338257,3.358226303748022,185.65576667277756,3.358226303748012,0.0,1.7767077721939264,99.9999999999997,84.35385300014715,82.8621288760223,1.4917241241248576
2022-10-16 08:00:00,0.0,0.0,20.422223993604497,40.83459746264813,1.1039085506644934,199.054320542563,94.86621581301763,21.8645692441568,20.975625431847952,178.07869511071505,20.97562543184796,0.0,10.537638858917822,100.00000000000004,83.83043669604842,75.01763254898465,8.812804147063773
2022-10-16 09:00:00,0.0,0.0,49.19195481678309,40.83459746264813,1.1039424143114773,225.89745641787346,163.81919732883438,25.119349916526076,47.15909442460399,178.73836199326945,47.15909442460401,0.0,20.876328212110266,100.00000000000003,93.26286989661037,73.83450197103413,19.42836792557624
2022-10-16 10:00:00,0.0,0.0,69.22528961779098,40.83459746264813,2.1883091583335994,247.85738616674948,205.0276243586952,27.007113261209227,58.60944685519671,189.24793931155278,58.609446855196694,0.0,23.64643949555991,99.99999999999997,100.71180444730186,76.99021692712955,23.721587520172307
2022-10-16 11:00:00,0.0,0.0,73.778858720989,40.83459746264813,2.1887982541159543,251.86660632750196,206.66930577139163,27.058415805355992,59.067441711103406,192.79916461639854,59.06744171110341,0.0,23.45187501128993,100.00000000000003,100.86997996126857,77.30650077666664,23.56347918460193
2022-10-16 12:00:00,0.0,0.0,83.74043488130664,40.83459746264813,1.1042629169558813,263.97802722015524,242.49367772935543,28.17792742904236,69.01699872470432,194.96102849545093,69.01699872470431,0.0,26.144978599732006,99.99999999999997,104.14017121342692,76.9647279655746,27.17544324785233
2022-10-16 13:00:00,0.0,0.0,90.06435308110233,40.83459746264813,2.1874308099863007,266.7698546821927,318.120740025099,30.541273125784343,89.7403399394437,177.02951474274903,89.74033993944369,0.0,33.6396104598673,99.99999999999999,106.38284493769659,70.72855917805592,35.65428575964067
2022-10-16 14:00:00,0.0,0.0,93.70478390613175,40.83459746264813,1.1036613773159967,270.4102855072221,274.5643889212382,28.580137153788698,78.02708247148799,192.38320303573414,78.02708247148797,0.0,28.855071960420688,99.99999999999997,110.6099383634834,78.75070031955013,31.85923804393326
2022-10-16 15:00:00,0.0,0.0,90.68904311444426,40.83459746264813,1.1039838006766507,270.2844371373369,189.32208428460396,25.316315133893873,54.460946348633556,215.82349078870334,54.46094634863357,0.0,20.149493964745325,100.00000000000003,112.56412179159422,89.92307256607678,22.641049225517435
2022-10-16 16:00:00,0.0,0.0,75.11339693138216,40.83459746264813,1.1034315600513942,237.6557037512869,95.60755505053241,20.787736095329137,21.388648235198147,216.26705551608876,21.388648235198133,0.0,8.999846373383038,99.99999999999993,104.28830671684325,94.92039961955,9.367907097293255
2022-10-16 17:00:00,0.0,0.0,48.30845952869493,40.83459746264813,1.103186905432456,185.05331265414608,0.0,17.2,0.0,185.05331265414608,0.0,0.0,0.0,0.0,83.22927484739594,83.22927484739594,0.0
2022-10-16 18:00:00,0.0,0.0,21.05875699805271,40.83459746264813,1.1032527288911378,155.23481685967968,0.0,17.2,0.0,155.23481685967968,0.0,0.0,0.0,0.0,68.51593166248783,68.51593166248783,0.0
2022-10-16 19:00:00,0.0,0.0,3.286405956079948,40.83459746264813,0.020000016,115.27179208707057,0.0,17.2,0.0,115.27179208707057,0.0,0.0,0.0,0.0,50.22060451597454,50.22060451597454,0.0
2022-10-16 20:00:00,0.0,0.0,0.4726536348065635,40.83459746264813,1.1029092870285995,111.17364313388508,0.0,17.2,0.0,111.17364313388508,0.0,0.0,0.0,0.0,48.10608144133126,48.10608144133126,0.0
2022-10-16 21:00:00,0.0,0.0,0.0,0.0,0.020000016,47.675718305793986,0.0,16.7,0.0,47.675718305793986,0.0,0.0,0.0,0.0,20.89414725839594,20.89414725839594,0.0
2022-10-16 22:00:00,0.0,0.0,0.0,0.0,1.102936111056568,43.46825895116388,0.0,16.7,0.0,43.46825895116388,0.0,0.0,0.0,0.0,19.225727752937384,19.225727752937384,0.0
2022-10-16 23:00:00,0.0,0.0,0.0,0.0,0.020000016,43.46825895116388,0.0,16.7,0.0,43.46825895116388,0.0,0.0,0.0,0.0,19.22439575418877,19.22439575418877,0.0
2022-10-17 00:00:00,0.0,0.0,0.0,0.0,0.020000016,43.46825895116388,0.0,16.1,0.0,43.46825895116388,0.0,0.0,0.0,0.0,18.907077463845276,18.907077463845276,0.0
2022-10-17 01:00:00,0.0,0.0,0.0,0.0,1.1029403041334769,43.46825895116388,0.0,15.6,0.0,43.46825895116388,0.0,0.0,0.0,0.0,19.145746911432475,19.145746911432475,0.0
2022-10-17 02:00:00,0.0,0.0,0.0,0.0,0.020000016,43.46825895116388,0.0,15.6,0.0,43.46825895116388,0.0,0.0,0.0,0.0,18.874258928337145,18.874258928337145,0.0
2022-10-17 03:00:00,0.0,0.0,0.0,0.0,1.1027577262998498,43.46825895116388,0.0,15.0,0.0,43.46825895116388,0.0,0.0,0.0,0.0,19.198093290254075,19.198093290254075,0.0
2022-10-17 04:00:00,0.0,0.0,0.0,0.0,0.020000016,47.675718305793986,0.0,14.4,0.0,47.675718305793986,0.0,0.0,0.0,0.0,20.306305651685495,20.306305651685495,0.0
2022-10-17 05:00:00,0.0,0.1382302782773198,0.0,40.83459746264813,0.15823029427731977,85.54214672724213,0.0,15.0,0.0,85.54214672724213,0.0,0.0,0.0,0.0,36.30948012143552,36.30948012143552,0.0
2022-10-17 06:00:00,0.0,0.0,0.0,40.83459746264813,1.1033008965130764,98.76960946899328,22.993948712109372,16.318560897253416,1.2573041311630595,97.51230533783023,1.2573041311630533,0.0,1.2729665915685922,99.9999999999995,42.1732645673971,41.63894174425608,0.534322823141018
2022-10-17 07:00:00,0.0,0.0,0.18769204767494096,40.83459746264813,1.1038352849664355,187.168366704062,52.16483580644529,19.430151118951414,6.3987820823346535,180.76958462172735,6.398782082334662,0.0,3.4187305232256398,100.00000000000013,74.01701398642254,71.49336632706017,2.523647659362368
2022-10-17 08:00:00,0.0,0.0,13.596678706964376,40.83459746264813,2.18778924948385,192.22877525592284,128.9838912085192,24.030746600266227,37.28057992884253,154.94819532708033,37.28057992884251,0.0,19.39386019559725,99.99999999999997,70.5266587247389,56.925211943499995,13.601446781238899
2022-10-17 09:00:00,0.0,0.0,38.885152366688544,40.83459746264813,1.1039388222358892,215.5906539677789,166.85137287173666,26.314105402241772,47.81955162154363,167.77110234623527,47.81955162154364,0.0,22.18071643712835,100.00000000000003,74.84271676536635,58.28615340743929,16.556563357927054
2022-10-17 10:00:00,0.0,0.0,60.94174642066774,40.83459746264813,2.1883251769080667,239.57384296962624,225.85525424966013,27.05797669530188,64.55101717600077,175.0228257936255,64.55101717600076,0.0,26.944100564511412,99.99999999999997,81.05732391298096,59.32331918490739,21.73400472807357
2022-10-17 11:00:00,0.0,0.0,69.7296154356954,40.83459746264813,2.1888095812865007,247.8173630422083,222.66385886496377,26.358245589530117,63.80491959625961,184.0124434459487,63.80491959625962,0.0,25.746751080307618,100.00000000000003,82.23949747666651,61.16696570620784,21.072531770458674
2022-10-17 12:00:00,0.0,0.0,80.57196250890844,40.83459746264813,1.1043109373750821,260.80955484775706,240.7305880029996,28.62283087509374,68.4010716589013,192.40848318885577,68.40107165890129,0.0,26.226443927190168,99.99999999999997,85.89041898236623,63.41656287811762,22.47385610424861
2022-10-17 13:00:00,0.0,0.0,86.92165331228908,40.83459746264813,2.187473544811386,263.62715491337946,309.8590353314299,30.783094854107183,87.32990644368532,176.29724846969413,87.32990644368533,0.0,33.1262940164034,100.00000000000003,88.49541441811327,59.310632983698056,29.184781434415214
2022-10-17 14:00:00,0.0,0.0,92.44804535897977,40.83459746264813,1.103655084185072,269.1535469600702,265.5799175491376,27.699372423410548,75.7230885671776,193.43045839289258,75.7230885671776,0.0,28.13378810066782,100.0,91.34487069750686,65.70200398511784,25.642866712389022
2022-10-17 15:00:00,0.0,0.0,91.37026780390748,40.83459746264813,1.1040053431543009,270.96566182680004,100.99036476480114,20.355948898900035,23.90239642732391,247.06326539947614,23.902396427323907,0.0,8.8211902077106,99.99999999999999,94.26044163746738,85.96308325366829,8.297358383799093
2022-10-17 16:00:00,0.0,0.0,76.37088142542618,40.83459746264813,1.1034984121509204,241.88135728653086,26.226495722046565,17.519577991313955,1.6286204376939277,240.25273684883692,1.6286204376939395,0.0,0.6733137501641715,100.00000000000074,91.77496721476467,91.15837151705375,0.6165956977109204
2022-10-17 17:00:00,0.0,0.0,50.67452997988956,40.83459746264813,1.1031946323281399,187.41938310534073,0.0,16.7,0.0,187.41938310534073,0.0,0.0,0.0,0.0,79.28679903010838,79.28679903010838,0.0
2022-10-17 18:00:00,0.0,0.0,30.467891727422984,40.83459746264813,1.1031810798111532,164.64395158904995,0.0,16.7,0.0,164.64395158904995,0.0,0.0,0.0,0.0,69.20584763978339,69.20584763978339,0.0
2022-10-17 19:00:00,0.0,0.0,2.7046298082418785,40.83459746264813,0.020000016,114.69001593923248,0.0,16.7,0.0,114.69001593923248,0.0,0.0,0.0,0.0,48.01112133308676,48.01112133308676,0.0
2022-10-17 20:00:00,0.0,0.0,0.04404408659229487,40.83459746264813,1.10300075762389,110.7450335856708,0.0,16.1,0.0,110.7450335856708,0.0,0.0,0.0,0.0,46.63011224947666,46.63011224947666,0.0
2022-10-17 21:00:00,0.0,0.0,0.0,0.0,0.020000016,47.675718305793986,0.0,16.1,0.0,47.675718305793986,0.0,0.0,0.0,0.0,20.49033392434586,20.49033392434586,0.0
2022-10-17 22:00:00,0.0,0.0,0.0,0.0,1.1029378543157775,43.46825895116388,0.0,16.7,0.0,43.46825895116388,0.0,0.0,0.0,0.0,18.565879895933257,18.565879895933257,0.0
2022-10-17 23:00:00,0.0,0.0,0.0,0.0,0.020000016,43.46825895116388,0.0,16.7,0.0,43.46825895116388,0.0,0.0,0.0,0.0,18.675826326225085,18.675826326225085,0.0
2022-10-18 00:00:00,0.0,0.0,0.0,0.0,0.020000016,43.46825895116388,0.0,15.6,0.0,43.46825895116388,0.0,0.0,0.0,0.0,19.630823975382153,19.630823975382153,0.0
2022-10-18 01:00:00,0.0,0.0,0.0,0.0,1.102940364814602,43.46825895116388,0.0,16.1,0.0,43.46825895116388,0.0,0.0,0.0,0.0,19.555435262972857,19.555435262972857,0.0
2022-10-18 02:00:00,0.0,0.0,0.0,0.0,0.020000016,43.46825895116388,0.0,15.6,0.0,43.46825895116388,0.0,0.0,0.0,0.0,19.304160009364157,19.304160009364157,0.0
2022-10-18 03:00:00,0.0,0.0,0.0,0.0,0.020000016,43.46825895116388,0.0,15.6,0.0,43.46825895116388,0.0,0.0,0.0,0.0,19.515198406572058,19.515198406572058,0.0
2022-10-18 04:00:00,0.0,0.0,0.0,0.0,1.1030023114906256,47.675718305793986,0.0,15.0,0.0,47.675718305793986,0.0,0.0,0.0,0.0,21.57972541155417,21.57972541155417,0.0
2022-10-18 05:00:00,0.0,0.07009292504952504,0.0,40.83459746264813,0.09009294104952503,85.54214672724213,0.0,14.4,0.0,85.54214672724213,0.0,0.0,0.0,0.0,37.74415737466139,37.74415737466139,0.0
2022-10-18 06:00:00,0.0,0.0,0.0,40.83459746264813,1.1033457927776553,98.76960946899328,26.447733268945317,15.226491664654542,1.6698868329979824,97.09972263599529,1.6698868329979888,0.0,1.690688909246134,100.00000000000038,43.8928515518433,43.154118665227486,0.7387328866158143
2022-10-18 07:00:00,0.0,0.0,0.5071653454910703,40.83459746264813,1.1038448753015206,187.48784000187817,56.88319204863283,17.877599751519778,7.651509095905313,179.83633090597286,7.651509095905311,0.0,4.081069522070691,99.99999999999997,75.25669215406973,72.19352526016047,3.063166893909255
2022-10-18 08:00:00,0.0,0.0,10.388520936375722,40.83459746264813,2.1878148885936657,189.0206174853342,86.51253066139653,26.60351658316864,17.14178954803485,171.87882793729938,17.141789548034836,0.0,9.068740635854097,99.99999999999993,68.37518205530078,62.21013744435005,6.16504461095073
2022-10-18 09:00:00,0.0,0.0,31.51805267866369,40.83459746264813,1.1039327417339435,208.22355427975404,155.16193931438326,25.94881060357448,44.52976164360971,163.69379263614434,44.5297616436097,0.0,21.385554481402593,99.99999999999999,72.34510175192594,56.91620728883982,15.428894463086117
2022-10-18 10:00:00,0.0,0.0,55.27107576028787,40.83459746264813,2.188361859039981,233.90317230924637,212.33943623452603,27.23560738232894,60.64790920504294,173.25526310420344,60.647909205042936,0.0,25.928639020277828,99.99999999999999,79.87899147308381,59.26961896702612,20.609372506057696
2022-10-18 11:00:00,0.0,0.0,68.9594835735798,40.83459746264813,1.1044948798321805,247.04723118009278,193.7488331745063,25.45465103670332,55.70579726651917,191.3414339135736,55.70579726651917,0.0,22.54864262207039,100.0,84.57414086159572,65.5486613921751,19.025479469420617
2022-10-18 12:00:00,0.0,0.0,80.22749998687075,40.83459746264813,2.1886539364656996,260.46509232571935,283.3243279898756,27.753885249683613,80.76597985304139,179.69911247267797,80.76597985304139,0.0,31.008370116653143,100.0,91.8290363830993,63.47654298558839,28.352493397510905
2022-10-18 13:00:00,0.0,0.0,86.31369304415742,40.83459746264813,1.1037045100517227,263.0191946452478,285.1499495330941,28.310935922909188,81.11713842754334,181.90205621770446,81.11713842754335,0.0,30.840767548144786,100.00000000000003,90.80883500938431,62.86398082109564,27.944854188288673
2022-10-18 14:00:00,0.0,0.0,89.19403945742556,40.83459746264813,2.1873511340279204,265.89954105851587,249.63701736962184,26.101156792800683,71.60253875400986,194.297002304506,71.60253875400986,0.0,26.92841757791995,100.0,92.01084984691566,67.3398371065278,24.671012740387866
2022-10-18 15:00:00,0.0,0.0,87.27151915297719,40.83459746264813,1.1040112374128868,266.86691317586974,91.80657659147131,20.068955518483477,19.773442687831523,247.0934704880382,19.773442687831533,0.0,7.409477050757696,100.00000000000004,96.30555912251083,89.18454920734206,7.12100991516877
2022-10-18 16:00:00,0.0,0.0,72.26209262666747,40.83459746264813,1.103452079304167,237.77256848777216,81.81231154032277,20.356634735635087,15.686202126272567,222.08636636149959,15.686202126272576,0.0,6.597145425999494,100.00000000000007,93.2153057962523,87.07886352445446,6.136442271797833
2022-10-18 17:00:00,0.0,0.0,50.99025307327579,40.83459746264813,1.103369191547216,187.73510619872692,0.0,17.8,0.0,187.73510619872692,0.0,0.0,0.0,0.0,80.83933827199301,80.83933827199301,0.0
2022-10-18 18:00:00,0.0,0.0,27.87047796374946,40.83459746264813,1.1032344401466705,162.04653782537645,0.0,17.8,0.0,162.04653782537645,0.0,0.0,0.0,0.0,69.84461930978394,69.84461930978394,0.0
2022-10-18 19:00:00,0.0,0.0,3.5427497470633433,40.83459746264813,0.020000016,115.52813587805394,0.0,18.3,0.0,115.52813587805394,0.0,0.0,0.0,0.0,50.131836809330125,50.131836809330125,0.0
2022-10-18 20:00:00,0.0,0.0,0.4046343903512026,40.83459746264813,1.1030214434250973,111.1056238894297,0.0,17.8,0.0,111.1056238894297,0.0,0.0,0.0,0.0,48.0973449826395,48.0973449826395,0.0
2022-10-18 21:00:00,0.0,0.0,0.0,0.0,0.020000016,47.675718305793986,0.0,18.3,0.0,47.675718305793986,0.0,0.0,0.0,0.0,20.847425054456256,20.847425054456256,0.0
2022-10-18 22:00:00,0.0,0.0,0.0,0.0,1.1027820661471601,43.46825895116388,0.0,18.3,0.0,43.46825895116388,0.0,0.0,0.0,0.0,19.682768759959142,19.682768759959142,0.0
2022-10-18 23:00:00,0.0,0.0,0.0,0.0,0.020000016,43.46825895116388,0.0,18.3,0.0,43.46825895116388,0.0,0.0,0.0,0.0,19.268298695729445,19.268298695729445,0.0
2022-10-19 00:00:00,0.0,0.0,0.0,0.0,0.020000016,43.46825895116388,0.0,20.0,0.0,43.46825895116388,0.0,0.0,0.0,0.0,19.534759123100084,19.534759123100084,0.0
2022-10-19 01:00:00,0.0,0.0,0.0,0.0,1.1027945669758636,43.46825895116388,0.0,17.2,0.0,43.46825895116388,0.0,0.0,0.0,0.0,20.110933361407493,20.110933361407493,0.0
2022-10-19 02:00:00,0.0,0.0,0.0,0.0,0.020000016,43.46825895116388,0.0,18.9,0.0,43.46825895116388,0.0,0.0,0.0,0.0,20.276544962101696,20.276544962101696,0.0
2022-10-19 03:00:00,0.0,0.0,0.0,0.0,0.020000016,43.46825895116388,0.0,19.4,0.0,43.46825895116388,0.0,0.0,0.0,0.0,20.479759072698382,20.479759072698382,0.0
2022-10-19 04:00:00,0.0,0.0,0.0,0.0,1.1030129838972886,47.675718305793986,0.0,16.1,0.0,47.675718305793986,0.0,0.0,0.0,0.0,23.101774640037878,23.101774640037878,0.0
2022-10-19 05:00:00,0.0,0.17404548434159323,0.0,40.83459746264813,0.19404550034159324,85.54214672724213,0.0,18.9,0.0,85.54214672724213,0.0,0.0,0.0,0.0,40.99936119743555,40.99936119743555,0.0
2022-10-19 06:00:00,0.0,0.0,0.0,40.83459746264813,1.1033648911849683,98.76960946899328,27.912773264062466,20.872274164501952,1.822514993602163,96.94709447539111,1.8225149936021694,0.0,1.8452183858986615,100.00000000000036,47.15126440690154,46.28488634181791,0.8663780650836301
2022-10-19 07:00:00,0.0,0.0,0.1661185791433465,40.83459746264813,1.103854363070728,187.1467932355304,88.51988057343746,25.566246267919922,18.015788042204246,169.13100519332616,18.015788042204235,0.0,9.626554498067607,99.99999999999994,79.69777146768172,72.04475478629357,7.653016681388152
2022-10-19 08:00:00,0.0,0.0,9.707752140956236,40.83459746264813,2.1878234391198985,188.33984868991473,172.56961694087502,29.792800529402342,48.81870070864502,139.5211479812697,48.818700708645025,0.0,25.92053728843161,100.00000000000003,72.94148653233783,54.13676711287132,18.804719419466515
2022-10-19 09:00:00,0.0,0.0,28.63705011896701,40.83459746264813,1.1039308096677436,205.34255172005734,216.10327331019954,34.55322729094374,60.03782889513905,145.3047228249183,60.03782889513906,0.0,29.237889756521767,100.00000000000003,76.63855478998597,54.289172794626,22.349381995359977
2022-10-19 10:00:00,0.0,0.0,45.28033741908876,40.83459746264813,2.188361692796494,223.91243396804725,265.4352258682095,38.89485080838155,72.51521739152157,151.3972165765257,72.51521739152156,0.0,32.385525049435,99.99999999999997,82.35380319651766,55.81069559861207,26.54310759790559
2022-10-19 11:00:00,0.0,0.0,62.15593055258687,40.83459746264813,1.7379854755951802,240.24367815909983,282.1116768875382,35.51598990273557,78.08686495742695,162.1568132016729,78.08686495742694,0.0,32.50319240688382,99.99999999999997,86.38022270510594,58.40560333410774,27.974619370998198
2022-10-19 12:00:00,0.0,0.0,78.94488298149835,40.83459746264813,1.5549867282576093,259.18247532034695,316.8871361843032,34.902723005759476,87.91959390034566,171.2628814200013,87.91959390034566,0.0,33.92188989308707,100.0,92.1666430673136,60.99694903979354,31.16969402752006
2022-10-19 13:00:00,0.0,0.0,87.14052280043344,40.83459746264813,2.1875007346658757,263.8460244015239,302.9835040071044,33.86823450022201,84.39605786394395,179.44996653757994,84.39605786394395,0.0,31.986859781335596,100.0,91.23736584472223,62.17938114187701,29.057984702845225
2022-10-19 14:00:00,0.0,0.0,91.92483091190792,40.83459746264813,1.1036982072363213,268.6303325129983,183.6974927812686,30.14054664941464,51.89862594714765,216.73170656585063,51.89862594714765,0.0,19.319719207300025,100.0,94.45841869475791,76.24770983616328,18.21070885859463
2022-10-19 15:00:00,0.0,0.0,88.97405143881166,40.83459746264813,1.1040270422119076,268.56944546170416,151.46891550578997,24.733403609555936,43.66607772974451,224.90336773195966,43.6660777297445,0.0,16.25876601661708,99.99999999999999,98.89402319163983,82.84739461712466,16.046628574515168
2022-10-19 16:00:00,0.0,0.0,72.26533451113767,40.83459746264813,1.1034980241204686,237.77581037224232,47.27872645766159,19.277460201801926,5.25912515482613,232.51668521741618,5.259125154826137,0.0,2.2117999079018515,100.00000000000013,97.91859894395132,95.75722998344665,2.1613689605046744
2022-10-19 17:00:00,0.0,0.0,46.921362072418546,40.83459746264813,1.1033514841697711,183.6662151978697,0.0,17.2,0.0,183.6662151978697,0.0,0.0,0.0,0.0,83.60056888191686,83.60056888191686,0.0
2022-10-19 18:00:00,0.0,0.0,23.963591864655424,40.83459746264813,1.1030954507025719,158.13965172628235,0.0,18.3,0.0,158.13965172628235,0.0,0.0,0.0,0.0,69.20364052173035,69.20364052173035,0.0
2022-10-19 19:00:00,0.0,0.0,4.9997868004136174,40.83459746264813,0.020000016,116.98517293140424,0.0,19.4,0.0,116.98517293140424,0.0,0.0,0.0,0.0,50.91320856745162,50.91320856745162,0.0
2022-10-19 20:00:00,0.0,0.0,1.0404313480461547,40.83459746264813,1.1030133688646353,111.74142084712469,0.0,19.4,0.0,111.74142084712469,0.0,0.0,0.0,0.0,47.984816639112374,47.984816639112374,0.0
2022-10-19 21:00:00,0.0,0.0,0.0,0.0,0.020000016,47.675718305793986,0.0,18.9,0.0,47.675718305793986,0.0,0.0,0.0,0.0,20.56423128771984,20.56423128771984,0.0
2022-10-19 22:00:00,0.0,0.0,0.0,0.0,1.102902462928782,43.46825895116388,0.0,18.9,0.0,43.46825895116388,0.0,0.0,0.0,0.0,18.98642892905189,18.98642892905189,0.0
2022-10-19 23:00:00,0.0,0.0,0.0,0.0,0.020000016,43.46825895116388,0.0,18.9,0.0,43.46825895116388,0.0,0.0,0.0,0.0,18.783410267129213,18.783410267129213,0.0
2022-10-20 00:00:00,0.0,0.0,0.0,0.0,0.020000016,43.46825895116388,0.0,18.9,0.0,43.46825895116388,0.0,0.0,0.0,0.0,18.943156118774745,18.943156118774745,0.0
2022-10-20 01:00:00,0.0,0.0,0.0,0.0,1.10290284206809,43.46825895116388,0.0,18.9,0.0,43.46825895116388,0.0,0.0,0.0,0.0,19.15226040521476,19.15226040521476,0.0
2022-10-20 02:00:00,0.0,0.0,0.0,0.0,0.020000016,43.46825895116388,0.0,18.9,0.0,43.46825895116388,0.0,0.0,0.0,0.0,18.85491555310388,18.85491555310388,0.0
2022-10-20 03:00:00,0.0,0.0,0.0,0.0,1.1028984339669134,43.46825895116388,0.0,18.9,0.0,43.46825895116388,0.0,0.0,0.0,0.0,18.684323803925043,18.684323803925043,0.0
2022-10-20 04:00:00,0.0,0.0,0.0,0.0,0.020000016,47.675718305793986,0.0,18.9,0.0,47.675718305793986,0.0,0.0,0.0,0.0,19.95803452946167,19.95803452946167,0.0
2022-10-20 05:00:00,0.0,0.0,0.18509361150315234,40.83459746264813,0.020000016,85.72724033874529,0.0,18.9,0.0,85.72724033874529,0.0,0.0,0.0,0.0,35.53754213157305,35.53754213157305,0.0
2022-10-20 06:00:00,0.0,0.0,0.0,40.83459746264813,1.103307228883731,98.76960946899328,21.821264060449273,19.581914501889038,1.1190833430695228,97.65052612592376,1.1190833430695193,0.0,1.1330239626196283,99.99999999999967,41.493730794396384,41.02584764407574,0.4678831503206453
2022-10-20 07:00:00,0.0,0.0,8.419232862849302,40.83459746264813,1.1037626387986244,195.39990751923636,41.25346524492182,20.189170788903805,3.9908538132561033,191.40905370598026,3.990853813256109,0.0,2.042403122869045,100.00000000000016,72.35698776844262,70.88322531801433,1.4737624504282962
2022-10-20 08:00:00,0.0,0.0,30.479898479274148,40.83459746264813,2.187684471827953,209.11199502823266,72.05863690850813,21.151832403390877,12.13373573815575,196.9782592900769,12.133735738155764,0.0,5.802505846935066,100.00000000000011,70.34603807195205,66.28706079282418,4.058977279127873
2022-10-20 09:00:00,0.0,0.0,50.19139177006391,40.83459746264813,1.1038766934850144,226.89689337115425,128.22606367623322,22.30706448988229,37.297062835476396,189.59983053567785,37.297062835476396,0.0,16.43789048026606,100.0,71.43530209860252,59.725516250776344,11.709785847826176
2022-10-20 10:00:00,0.0,0.0,62.85956417121258,40.83459746264813,2.1882637828956932,241.49166072017107,138.2889717934888,22.621530368546527,40.1777168937578,201.31394382641327,40.177716893757804,0.0,16.637310279759024,100.00000000000003,75.3336899549888,62.865740848517866,12.467949106470932
2022-10-20 11:00:00,0.0,0.0,68.29224373118657,40.83459746264813,2.1888429641980083,246.37999133769952,148.0224436021494,22.42570136256717,43.036514873045284,203.34347646465423,43.03651487304529,0.0,17.46753648272416,100.00000000000003,77.82394195983747,64.29885643068552,13.525085529151951
2022-10-20 12:00:00,0.0,0.0,80.17477325175281,40.83459746264813,1.104292194087145,260.41236559060144,274.59271560523433,29.181022362663576,77.8593098742697,182.55305571633176,77.85930987426968,0.0,29.898468798779543,99.99999999999997,83.8016141160571,58.80566127402156,24.995952842035535
2022-10-20 13:00:00,0.0,0.0,80.9866649687941,40.83459746264813,2.1874944255213737,257.69216656988453,277.1722325668351,31.461632267713597,77.917129318847,179.77503725103753,77.917129318847,0.0,30.236514503329442,100.0,84.32806331150141,58.94928553541315,25.378777776088256
2022-10-20 14:00:00,0.0,0.0,83.15254809342233,40.83459746264813,1.1036814042132992,259.8580496945127,180.1885934446159,27.330893545144246,51.446762454514115,208.41128723999861,51.4467624545141,0.0,19.798025312278973,99.99999999999997,87.7319023334773,70.40206040067422,17.329841932803077
2022-10-20 15:00:00,0.0,0.0,78.72543580143555,40.83459746264813,1.1040288679049075,258.32082982432814,91.4420095822146,22.857562799444207,19.41793688005711,238.90289294427103,19.417936880057113,0.0,7.516984554928202,100.00000000000003,92.669888307077,85.71884944212296,6.951038864954043
2022-10-20 16:00:00,0.0,0.0,62.39043289808005,40.83459746264813,1.1035482107886507,227.90090875918474,31.08465517886945,20.97139547433967,2.2594375033640683,225.64147125582068,2.259437503364069,0.0,0.9914122394972724,100.00000000000003,91.13571492543932,90.23415417284698,0.9015607525923315
2022-10-20 17:00:00,0.0,0.0,35.88693206269411,40.83459746264813,1.1033785984107816,172.63178518814524,0.0,18.9,0.0,172.63178518814524,0.0,0.0,0.0,0.0,77.5523772396006,77.5523772396006,0.0
2022-10-20 18:00:00,0.0,0.0,13.162758252746308,40.83459746264813,1.1031509312478245,147.3388181143733,0.0,18.3,0.0,147.3388181143733,0.0,0.0,0.0,0.0,66.70589189065053,66.70589189065053,0.0
2022-10-20 19:00:00,0.0,0.0,1.6015127674645286,40.83459746264813,1.1032664438907374,113.58689889845512,0.0,18.9,0.0,113.58689889845512,0.0,0.0,0.0,0.0,51.390555110153,51.390555110153,0.0
2022-10-20 20:00:00,0.0,0.0,0.0,40.83459746264813,0.020000016,110.70098949907849,0.0,18.3,0.0,110.70098949907849,0.0,0.0,0.0,0.0,50.3050236296494,50.3050236296494,0.0
2022-10-20 21:00:00,0.0,0.0,0.0,0.0,0.020000016,47.675718305793986,0.0,18.3,0.0,47.675718305793986,0.0,0.0,0.0,0.0,22.35564640306005,22.35564640306005,0.0
2022-10-20 22:00:00,0.0,0.0,0.0,0.0,1.1028656448704934,43.46825895116388,0.0,18.3,0.0,43.46825895116388,0.0,0.0,0.0,0.0,20.56062529786164,20.56062529786164,0.0
2022-10-20 23:00:00,0.0,0.0,0.0,0.0,0.020000016,38.10742263904787,0.0,18.3,0.0,38.10742263904787,0.0,0.0,0.0,0.0,17.454895208715097,17.454895208715097,0.0
2022-10-21 00:00:00,0.0,0.0,0.0,0.0,1.1028631654694037,38.10742263904787,0.0,18.3,0.0,38.10742263904787,0.0,0.0,0.0,0.0,17.74227566710766,17.74227566710766,0.0
2022-10-21 01:00:00,0.0,0.0,0.0,0.0,0.020000016,38.10742263904787,0.0,18.3,0.0,38.10742263904787,0.0,0.0,0.0,0.0,17.73269831975376,17.73269831975376,0.0
2022-10-21 02:00:00,0.0,0.0,0.0,0.0,0.020000016,38.10742263904787,0.0,16.1,0.0,38.10742263904787,0.0,0.0,0.0,0.0,17.850831329934806,17.850831329934806,0.0
2022-10-21 03:00:00,0.0,0.0,0.0,0.0,1.1028535438806186,38.10742263904787,0.0,16.7,0.0,38.10742263904787,0.0,0.0,0.0,0.0,18.032271421019768,18.032271421019768,0.0
2022-10-21 04:00:00,0.0,0.0,0.0,0.0,0.020000016,38.10742263904787,0.0,16.7,0.0,38.10742263904787,0.0,0.0,0.0,0.0,17.98230193803952,17.98230193803952,0.0
2022-10-21 05:00:00,0.0,1.4967896082102745,0.0,40.83459746264813,2.599679513162427,85.54214672724213,0.0,16.7,0.0,85.54214672724213,0.0,0.0,0.0,0.0,41.17843642187545,41.17843642187545,0.0
2022-10-21 06:00:00,0.0,2.862971238102538,0.0,40.83459746264813,2.882971254102538,75.83888804889047,15.901248694482408,16.596914021702577,0.6006785266948483,75.23820952219562,0.6006785266948498,0.0,0.7920455351449971,100.00000000000024,35.998028775217485,35.717019346859104,0.28100942835838083
2022-10-21 07:00:00,0.0,0.0,0.0,40.83459746264813,1.1032110772160246,114.21720088209123,84.2480781398437,19.332752441870113,16.696096925649563,97.52110395644166,16.69609692564957,0.0,14.617848097052644,100.00000000000004,46.784403335088605,39.974566282023915,6.80983705306469
2022-10-21 08:00:00,0.0,0.0,1.114181798850386,40.83459746264813,1.103365293626582,117.5790767867878,122.10230351810546,22.115696984940797,34.71685609817324,82.86222068861456,34.71685609817324,0.0,29.526389428220384,100.0,43.71585348759667,30.86679787710177,12.849055610494897
2022-10-21 09:00:00,0.0,0.0,13.983881461272356,40.83459746264813,0.020000016,129.48547897527567,217.03613145109583,26.182379107846742,62.23295266486154,67.25252631041413,62.23295266486154,0.0,48.06172333559077,100.0,46.282358624321525,24.039990177136687,22.242368447184838
2022-10-21 10:00:00,0.0,0.0,35.01008565066731,40.83459746264813,1.1033989212803952,152.7593772705168,190.75151009326993,25.960984690414683,54.741100537163355,98.01827673335345,54.74110053716336,0.0,35.83485447196087,100.00000000000003,54.77882913458094,35.220107618155154,19.558721516425784
2022-10-21 11:00:00,0.0,0.0,52.22052702948484,40.83459746264813,1.1033815060361967,168.68542201742224,288.71252631395294,30.12226644731103,81.57333171285055,87.1120903045717,81.57333171285055,0.0,48.358258074266466,100.0,61.913912796383805,32.069493655920304,29.8444191404635
2022-10-21 12:00:00,0.0,0.0,52.823216361633776,40.83459746264813,1.1032514872661878,166.719318085747,249.65617462818233,28.901755457130697,70.86298016553505,95.85633792021196,70.86298016553505,0.0,42.504360609901745,100.0,61.55468432907292,35.47569036855272,26.0789939605202
2022-10-21 13:00:00,0.0,0.0,49.8367212624715,40.83459746264813,1.1031656291522778,124.63385724610991,185.509731678911,26.397179114965972,53.150609515630926,71.48324773047898,53.15060951563093,0.0,42.645402052089565,100.00000000000003,46.6085348511013,26.81684238576581,19.791692465335487
2022-10-21 14:00:00,0.0,0.0,49.16515709334728,40.83459746264813,0.020000016,122.67789644507357,174.027222569126,26.53835070528519,49.83456310185233,72.84333334322125,49.834563101852325,0.0,40.622283676150815,99.99999999999999,46.0317343678725,27.33405546487302,18.69767890299948
2022-10-21 15:00:00,0.0,0.0,48.77864729343819,40.83459746264813,1.102900510694363,122.61248580314248,146.90121179952712,25.190662868735224,42.2777030272175,80.33478277592498,42.2777030272175,0.0,34.4807486368847,100.0,48.4202291727681,31.79304273770887,16.627186435059233
2022-10-21 16:00:00,0.0,0.0,37.10038459639903,40.83459746264813,0.020000016,103.12815443996315,52.841772425817204,21.65130538830679,6.513061021182338,96.61509341878082,6.513061021182338,0.0,6.315502353893054,100.0,44.41677200227766,41.611857142895275,2.804914859382386
2022-10-21 17:00:00,0.0,0.0,0.0,0.0,1.1030023979996186,38.10742263904787,0.0,20.0,0.0,38.10742263904787,0.0,0.0,0.0,0.0,18.117277774750615,18.117277774750615,0.0
2022-10-21 18:00:00,0.0,0.0,0.0,0.0,0.020000016,38.10742263904787,0.0,18.3,0.0,38.10742263904787,0.0,0.0,0.0,0.0,17.95314975972065,17.95314975972065,0.0
2022-10-21 19:00:00,0.0,0.0,0.0,0.0,1.1029583787786108,38.10742263904787,0.0,17.8,0.0,38.10742263904787,0.0,0.0,0.0,0.0,17.894150889520017,17.894150889520017,0.0
2022-10-21 20:00:00,0.0,0.0,0.0,0.0,0.020000016,38.10742263904787,0.0,18.3,0.0,38.10742263904787,0.0,0.0,0.0,0.0,17.863216242292495,17.863216242292495,0.0
2022-10-21 21:00:00,0.0,0.0,0.0,0.0,1.1028444567694355,38.10742263904787,0.0,18.3,0.0,38.10742263904787,0.0,0.0,0.0,0.0,18.631127931654273,18.631127931654273,0.0
2022-10-21 22:00:00,0.0,0.0,0.0,0.0,0.020000016,38.10742263904787,0.0,18.3,0.0,38.10742263904787,0.0,0.0,0.0,0.0,18.70157954035155,18.70157954035155,0.0
2022-10-21 23:00:00,0.0,0.0,0.0,0.0,0.020000016,38.10742263904787,0.0,18.3,0.0,38.10742263904787,0.0,0.0,0.0,0.0,18.836289279380583,18.836289279380583,0.0
2022-10-22 00:00:00,0.0,0.0,0.0,0.0,1.1027279761389581,38.10742263904787,0.0,18.3,0.0,38.10742263904787,0.0,0.0,0.0,0.0,19.241587869946066,19.241587869946066,0.0
2022-10-22 01:00:00,0.0,0.0,0.0,0.0,0.020000016,38.10742263904787,0.0,18.3,0.0,38.10742263904787,0.0,0.0,0.0,0.0,19.47039679209434,19.47039679209434,0.0
2022-10-22 02:00:00,0.0,0.0,0.0,0.0,0.020000016,38.10742263904787,0.0,18.3,0.0,38.10742263904787,0.0,0.0,0.0,0.0,19.32997093966945,19.32997093966945,0.0
2022-10-22 03:00:00,0.0,0.0,0.0,0.0,1.1028043984518499,38.10742263904787,0.0,18.3,0.0,38.10742263904787,0.0,0.0,0.0,0.0,19.482250003780738,19.482250003780738,0.0
2022-10-22 04:00:00,0.0,0.0,0.0,0.0,0.020000016,38.10742263904787,0.0,17.8,0.0,38.10742263904787,0.0,0.0,0.0,0.0,19.052739439970374,19.052739439970374,0.0
2022-10-22 05:00:00,0.0,0.0,0.0,0.0,0.020000016,35.13925359784786,0.0,17.2,0.0,35.13925359784786,0.0,0.0,0.0,0.0,17.151381070644895,17.151381070644895,0.0
2022-10-22 06:00:00,0.0,0.0,0.0,0.21122587543117122,1.1029628259854147,20.509634267279036,16.5308723894532,17.71658976217041,0.6465806986994533,19.863053568579584,0.6465806986994522,0.0,3.152570593279685,99.99999999999983,9.951330200349704,9.64386814650414,0.3074620538455637
2022-10-22 07:00:00,0.0,0.0,0.0,4.316432204275633,0.020000016,24.6148405961235,51.79653196523443,18.818641623913575,6.322731168125351,18.29210942799815,6.322731168125351,0.0,25.686663065862366,100.0,10.534937486011584,7.829788569384994,2.70514891662659
2022-10-22 08:00:00,0.0,0.0,0.018365857278707428,7.7452151785158145,0.020000016,28.061989427642388,81.69543916875003,19.752982474023437,15.675762569773028,12.38622685786936,15.675762569773028,0.0,55.86119476736621,100.0,10.869624247387671,4.7997338439330095,6.069890403454662
2022-10-22 09:00:00,0.0,0.0,0.7049262637780972,8.175576384297415,1.1028850972039774,29.178911039923374,103.47286762727643,21.03352711335239,25.030113089497455,4.148797950425919,25.030113089497455,0.0,85.78151890332911,100.0,11.205006057288182,1.7635222493642972,9.441483807923884
2022-10-22 10:00:00,0.0,0.0,6.060528295162753,8.171331261330426,0.020000016,34.53026794834105,120.76284403985346,21.57383887624542,34.02671303278792,0.5035549155531314,34.02671303278792,0.0,98.5416999476909,100.0,12.933977798438656,0.192164702615729,12.741813095822927
2022-10-22 11:00:00,0.0,0.0,8.77395501741509,7.465686226756653,1.1030261910444892,36.53804963601961,126.1249971257081,22.841406160178376,36.61411158735191,0.0,36.53804963601961,0.07606195133229932,100.0,99.79226055737873,14.67186985405021,0.19860032247830198,14.473269531571907
2022-10-22 12:00:00,0.0,0.0,11.48826883063425,10.988566280444395,0.020000016,42.77524350292651,245.71470023064578,29.37858438220768,69.61937322230884,0.0,42.77524350292651,26.84412971938233,100.0,61.441580874818335,17.365644596565964,0.0036010111631256747,17.362043585402837
2022-10-22 13:00:00,0.0,0.0,16.212830200614682,11.706193198021584,1.1029130656937056,48.21743179048413,302.99007168417046,32.268439740130326,84.91440697803708,0.0,48.21743179048413,36.69697518755295,100.0,56.783570075400114,19.576201442171808,0.19857995421204638,19.37762148795976
2022-10-22 14:00:00,0.0,0.0,17.92328549612426,16.157563349896954,0.020000016,54.379257237869076,189.0277786829888,27.0071180838434,54.03571047737233,0.3435467604967499,54.03571047737233,0.0,99.3682393288419,100.0,21.88472653853689,0.1418373566518079,21.74288918188508
2022-10-22 15:00:00,0.0,0.0,17.239611482651334,17.177984405197353,0.020000016,54.71600427969654,141.41499135785236,25.01921847993289,40.72462144344287,13.99138283625367,40.72462144344287,0.0,74.42908520013138,100.0,22.450568186887235,5.743495862822012,16.707072324065223
2022-10-22 16:00:00,0.0,0.0,10.309825926072175,18.51179929164483,1.102920519761448,52.088202650764885,25.166567232094344,20.18645522600295,1.4852419240461932,50.60296072671869,1.4852419240461927,0.0,2.851397914426565,99.99999999999997,23.05670770656844,22.404931566829628,0.6517761397388107
2022-10-22 17:00:00,0.0,0.0,0.33099442256106665,11.323259722245036,0.020000016,49.76167678385397,0.0,18.9,0.0,49.76167678385397,0.0,0.0,0.0,0.0,23.354019033602686,23.354019033602686,0.0
2022-10-22 18:00:00,0.0,0.0,0.0,0.0,0.020000016,38.10742263904787,0.0,18.9,0.0,38.10742263904787,0.0,0.0,0.0,0.0,17.965344134965143,17.965344134965143,0.0
2022-10-22 19:00:00,0.0,0.0,0.0,0.0,1.102856549261688,38.10742263904787,0.0,18.9,0.0,38.10742263904787,0.0,0.0,0.0,0.0,17.342718149486306,17.342718149486306,0.0
2022-10-22 20:00:00,0.0,0.0,0.0,0.0,0.020000016,38.10742263904787,0.0,19.4,0.0,38.10742263904787,0.0,0.0,0.0,0.0,16.983125316443683,16.983125316443683,0.0
2022-10-22 21:00:00,0.0,0.0,0.0,0.0,0.020000016,38.10742263904787,0.0,19.4,0.0,38.10742263904787,0.0,0.0,0.0,0.0,17.20433890486336,17.20433890486336,0.0
2022-10-22 22:00:00,0.0,0.0,0.0,0.0,1.102805376060104,38.10742263904787,0.0,19.4,0.0,38.10742263904787,0.0,0.0,0.0,0.0,17.526577249963573,17.526577249963573,0.0
2022-10-22 23:00:00,0.0,0.0,0.0,0.0,0.020000016,43.46825895116388,0.0,18.9,0.0,43.46825895116388,0.0,0.0,0.0,0.0,19.947707583136136,19.947707583136136,0.0
2022-10-23 00:00:00,0.0,0.0,0.0,0.0,1.1028877000655932,43.46825895116388,0.0,18.9,0.0,43.46825895116388,0.0,0.0,0.0,0.0,20.442612945856244,20.442612945856244,0.0
2022-10-23 01:00:00,0.0,0.0,0.0,0.0,0.020000016,43.46825895116388,0.0,18.3,0.0,43.46825895116388,0.0,0.0,0.0,0.0,20.174611894861215,20.174611894861215,0.0
2022-10-23 02:00:00,0.0,0.0,0.0,0.0,0.020000016,43.46825895116388,0.0,18.3,0.0,43.46825895116388,0.0,0.0,0.0,0.0,20.32457738824273,20.32457738824273,0.0
2022-10-23 03:00:00,0.0,0.0,0.0,0.0,1.1028618594395168,43.46825895116388,0.0,17.8,0.0,43.46825895116388,0.0,0.0,0.0,0.0,21.036384710513715,21.036384710513715,0.0
2022-10-23 04:00:00,0.0,0.0,0.0,0.0,0.020000016,47.675718305793986,0.0,17.2,0.0,47.675718305793986,0.0,0.0,0.0,0.0,22.86029388132688,22.86029388132688,0.0
2022-10-23 05:00:00,0.0,0.11221680529996264,0.0,40.83459746264813,1.2150517741758842,85.54214672724213,0.0,17.2,0.0,85.54214672724213,0.0,0.0,0.0,0.0,39.86541702952123,39.86541702952123,0.0
2022-10-23 06:00:00,0.0,0.0,0.0,40.83459746264813,0.020000016,98.76960946899328,24.90289754326161,17.978215548226924,1.4659575288115998,97.30365194018168,1.4659575288116002,0.0,1.4842192215732188,100.00000000000003,46.77990035958365,46.08563753351376,0.6942628260698882
2022-10-23 07:00:00,0.0,0.0,0.0,40.83459746264813,2.187628283451959,186.98067465638707,69.8620380433591,19.983188688854973,11.453877455778054,175.52679720060902,11.453877455778041,0.0,6.125701213147692,99.99999999999989,81.26115536050813,76.30746789965869,4.953687460849437
2022-10-23 08:00:00,0.0,0.0,0.0,40.83459746264813,1.103866983087653,178.6320965489585,94.88402805234381,21.265125876635743,21.02950944368892,157.60258710526958,21.02950944368891,0.0,11.77252568265371,99.99999999999994,69.70539363511635,61.52270636302978,8.182687272086568
2022-10-23 09:00:00,0.0,0.0,5.7412042753560595,40.83459746264813,1.1039639629611016,182.44670587644646,199.2467398063068,25.626460618947085,57.2500526207963,125.19665325565015,57.25005262079631,0.0,31.379055240145714,100.00000000000003,68.485834477666,47.05799853249125,21.427835945174756
2022-10-23 10:00:00,0.0,0.0,17.04574043047288,40.83459746264813,2.188420092202769,195.67783697943136,241.8187213827997,26.45683504321249,69.26839154765656,126.4094454317748,69.26839154765656,0.0,35.39920136941093,100.0,73.56188274720976,47.66104577971002,25.900836967499743
2022-10-23 11:00:00,0.0,0.0,32.28804384963651,40.83459746264813,2.1890853741600953,210.37579145614944,232.68290647579394,27.27134082736856,66.44950513636311,143.92628631978633,66.44950513636311,0.0,31.586098702907933,100.0,82.25241806269773,56.396583366613164,25.855834696084564
2022-10-23 12:00:00,0.0,0.0,59.91509503841587,40.83459746264813,2.1889042143436392,240.15268737726447,214.85809042304638,26.7143153257202,61.48663278023743,178.66605459702703,61.48663278023744,0.0,25.60314167279997,100.00000000000003,94.37186349816076,70.31060692543434,24.06125657272642
2022-10-23 13:00:00,0.0,0.0,73.45128198788746,40.83459746264813,1.1037495873047993,250.15678358897787,271.05740535499484,29.070543917343592,76.88880183925602,173.26798174972186,76.88880183925602,0.0,30.736244980503418,100.0,98.81428701280346,68.50356799574114,30.310719017062326
2022-10-23 14:00:00,0.0,0.0,69.51074911415456,40.83459746264813,1.103714425256563,246.2162507152449,226.47673866553527,26.477398083297977,64.8687549188033,181.3474957964416,64.86875491880332,0.0,26.34625242256069,100.00000000000003,98.08199471117881,72.29342119320854,25.788573517970264
2022-10-23 15:00:00,0.0,0.0,66.26171580604654,40.83459746264813,2.1880350736166365,245.8571098289391,154.86850254650446,23.739640704578264,44.81012315130878,201.04698667763031,44.81012315130877,0.0,18.226083916176545,99.99999999999999,98.70360984285364,80.78560994895555,17.917999893898084
2022-10-23 16:00:00,0.0,0.0,49.483405069948745,40.83459746264813,1.103484461028705,214.99388093105338,54.79476683806169,19.51233646368943,7.058141840403975,207.9357390906494,7.058141840403977,0.0,3.282950105295071,100.00000000000003,93.13193780543587,90.08098541350284,3.0509523919330235
2022-10-23 17:00:00,0.0,0.0,20.22118723436026,40.83459746264813,1.1033851892617255,156.9660403598114,0.0,17.2,0.0,156.9660403598114,0.0,0.0,0.0,0.0,72.3308391472037,72.3308391472037,0.0
2022-10-23 18:00:00,0.0,0.0,7.996366905115959,40.83459746264813,0.020000016,142.17242676674292,0.0,17.2,0.0,142.17242676674292,0.0,0.0,0.0,0.0,64.78873244023254,64.78873244023254,0.0
2022-10-23 19:00:00,0.0,0.0,1.7591053903584062,40.83459746264813,1.1032121844366203,113.74449152134902,0.0,17.2,0.0,113.74449152134902,0.0,0.0,0.0,0.0,51.260810944429586,51.260810944429586,0.0
2022-10-23 20:00:00,0.0,0.0,0.6571683048338841,40.83459746264813,1.1029499740893183,111.35815780391239,0.0,17.2,0.0,111.35815780391239,0.0,0.0,0.0,0.0,51.0458350344284,51.0458350344284,0.0
2022-10-23 21:00:00,0.0,0.0,0.0,0.0,0.020000016,47.675718305793986,0.0,17.2,0.0,47.675718305793986,0.0,0.0,0.0,0.0,21.90701789380253,21.90701789380253,0.0
2022-10-23 22:00:00,0.0,0.0,0.0,0.0,0.020000016,43.46825895116388,0.0,17.2,0.0,43.46825895116388,0.0,0.0,0.0,0.0,20.068549343020376,20.068549343020376,0.0
2022-10-23 23:00:00,0.0,0.0,0.0,0.0,1.1027765233290163,43.46825895116388,0.0,16.7,0.0,43.46825895116388,0.0,0.0,0.0,0.0,19.682333079382925,19.682333079382925,0.0
2022-10-24 00:00:00,0.0,0.0,0.0,0.0,0.020000016,43.46825895116388,0.0,16.1,0.0,43.46825895116388,0.0,0.0,0.0,0.0,18.672566206803747,18.672566206803747,0.0
2022-10-24 01:00:00,0.0,0.0,0.0,0.0,0.020000016,43.46825895116388,0.0,15.6,0.0,43.46825895116388,0.0,0.0,0.0,0.0,17.9855503740806,17.9855503740806,0.0
2022-10-24 02:00:00,0.0,0.0,0.0,0.0,1.1029425717782053,43.46825895116388,0.0,15.6,0.0,43.46825895116388,0.0,0.0,0.0,0.0,17.56567610684804,17.56567610684804,0.0
2022-10-24 03:00:00,0.0,0.0,0.0,0.0,0.020000016,43.46825895116388,0.0,14.4,0.0,43.46825895116388,0.0,0.0,0.0,0.0,17.354825936699214,17.354825936699214,0.0
2022-10-24 04:00:00,0.0,0.0,0.0,0.0,1.1030061118930208,47.675718305793986,0.0,14.4,0.0,47.675718305793986,0.0,0.0,0.0,0.0,19.314891097701448,19.314891097701448,0.0
2022-10-24 05:00:00,0.0,0.0,0.0,40.83459746264813,0.020000016,85.54214672724213,0.0,14.4,0.0,85.54214672724213,0.0,0.0,0.0,0.0,34.29701992338086,34.29701992338086,0.0
2022-10-24 06:00:00,0.0,0.0,0.0,40.83459746264813,1.1033336645956302,98.76960946899328,14.272031474121137,16.046000983566284,0.4848517321406504,98.28475773685263,0.4848517321406547,0.0,0.49089161610268806,100.00000000000088,42.426120667544545,42.21882958224379,0.2072910853007528
2022-10-24 07:00:00,0.0,0.0,0.0,40.83459746264813,1.1038639837188373,186.98067465638707,74.57847066914059,19.53057720841064,13.074058783280268,173.9066158731068,13.074058783280265,0.0,6.992197887458884,99.99999999999997,70.07529909323469,65.18939258533501,4.885906507899676
2022-10-24 08:00:00,0.0,0.0,0.0,40.83459746264813,2.187762116336969,178.6320965489585,154.54334207812497,23.129479439941406,44.816522435597086,133.8155741133614,44.81652243559708,0.0,25.088728902263103,99.99999999999999,60.8010304045122,45.64565109507851,15.155379309433684
2022-10-24 09:00:00,0.0,0.0,0.0,40.83459746264813,1.1039102350569174,176.70550160109036,117.72088378853533,24.27877761839173,32.01451181586045,144.6909897852299,32.01451181586046,0.0,18.117439200128963,100.00000000000003,58.693581689977776,48.095817843573485,10.597763846404291
2022-10-24 10:00:00,0.0,0.0,0.6304442357214897,40.83459746264813,2.1882711401195447,179.26254078468,224.55654058734015,27.61739189335438,64.04597465825894,115.21656612642106,64.04597465825894,0.0,35.72747233075723,100.0,60.44784660054823,38.9921248601582,21.455721740390032
2022-10-24 11:00:00,0.0,0.0,2.3691428146256404,40.83459746264813,2.1888441331901736,180.45689042113855,254.43902405811562,29.051219501816114,72.18003087758956,108.276859543549,72.18003087758956,0.0,39.99848978287307,100.0,62.20419639966454,37.48109222347256,24.72310417619198
2022-10-24 12:00:00,0.0,0.0,3.1802184309877886,40.83459746264813,1.104410915579462,183.4178107698364,239.08147592068866,28.071296122521524,68.0730056305429,115.3448051392935,68.0730056305429,0.0,37.11362890268327,100.0,64.97468369417967,40.93402102569715,24.040662668482526
2022-10-24 13:00:00,0.0,0.0,3.2599067432971576,40.83459746264813,2.1875692281445334,179.96540834438755,239.03277813296225,26.869774316655068,68.3651836627813,111.60022468160625,68.3651836627813,0.0,37.98795795909595,100.0,65.33439034650698,40.66481382179235,24.66957652471463
2022-10-24 14:00:00,0.0,0.0,1.1290097999772046,40.83459746264813,1.103715562439345,177.83451140106754,183.82480187798694,24.64452505868709,53.01117469077894,124.8233367102886,53.011174690778944,0.0,29.809272830751972,100.00000000000003,66.19222245246259,46.520040580587974,19.672181871874614
2022-10-24 15:00:00,0.0,0.0,0.0,40.83459746264813,1.1040682222535985,179.59539402289255,107.38275731298543,22.255711166030792,26.837317790990518,152.75807623190204,26.83731779099051,0.0,14.94321050770914,99.99999999999997,69.1661131763301,58.860180584822885,10.305932591507215
2022-10-24 16:00:00,0.0,0.0,0.0,40.83459746264813,1.1037082386311257,165.51047586110465,29.570587831231347,18.72408086972598,2.0614451949159545,163.4490306661887,2.0614451949159616,0.0,1.245507382049891,100.00000000000036,69.74788018702351,68.88164030166789,0.8662398853556255
2022-10-24 17:00:00,0.0,0.0,0.0,40.83459746264813,1.103474387554242,136.74485312545113,0.0,17.2,0.0,136.74485312545113,0.0,0.0,0.0,0.0,61.350295613881606,61.350295613881606,0.0
2022-10-24 18:00:00,0.0,0.0,0.0,40.83459746264813,1.1032020500942368,134.17605986162698,0.0,17.2,0.0,134.17605986162698,0.0,0.0,0.0,0.0,60.20082419549401,60.20082419549401,0.0
2022-10-24 19:00:00,0.0,0.0,0.0,40.83459746264813,1.1031913477589979,111.9853861309906,0.0,17.8,0.0,111.9853861309906,0.0,0.0,0.0,0.0,50.080280603340285,50.080280603340285,0.0
2022-10-24 20:00:00,0.0,0.0,0.0,40.83459746264813,0.020000016,110.70098949907849,0.0,17.8,0.0,110.70098949907849,0.0,0.0,0.0,0.0,49.39118696133451,49.39118696133451,0.0
2022-10-24 21:00:00,0.0,0.0,0.0,0.0,1.1029160741687736,47.675718305793986,0.0,17.8,0.0,47.675718305793986,0.0,0.0,0.0,0.0,21.93560912164141,21.93560912164141,0.0
2022-10-24 22:00:00,0.0,0.0,0.0,0.0,0.020000016,43.46825895116388,0.0,17.8,0.0,43.46825895116388,0.0,0.0,0.0,0.0,19.94466480500956,19.94466480500956,0.0
2022-10-24 23:00:00,0.0,0.0,0.0,0.0,0.020000016,43.46825895116388,0.0,16.1,0.0,43.46825895116388,0.0,0.0,0.0,0.0,19.634518777393005,19.634518777393005,0.0
2022-10-25 00:00:00,0.0,0.0,0.0,0.0,1.1028805011413332,43.46825895116388,0.0,17.2,0.0,43.46825895116388,0.0,0.0,0.0,0.0,20.335679732667085,20.335679732667085,0.0
2022-10-25 01:00:00,0.0,0.0,0.0,0.0,0.020000016,43.46825895116388,0.0,16.7,0.0,43.46825895116388,0.0,0.0,0.0,0.0,20.211559914969705,20.211559914969705,0.0
2022-10-25 02:00:00,0.0,0.0,0.0,0.0,0.020000016,43.46825895116388,0.0,17.2,0.0,43.46825895116388,0.0,0.0,0.0,0.0,20.11049621290825,20.11049621290825,0.0
2022-10-25 03:00:00,0.0,0.0,0.0,0.0,1.1028364678538354,43.46825895116388,0.0,16.7,0.0,43.46825895116388,0.0,0.0,0.0,0.0,20.328282200433744,20.328282200433744,0.0
2022-10-25 04:00:00,0.0,0.0,0.0,0.0,0.020000016,47.675718305793986,0.0,16.1,0.0,47.675718305793986,0.0,0.0,0.0,0.0,21.695337704524803,21.695337704524803,0.0
2022-10-25 05:00:00,0.0,12.315244383208395,0.0,40.83459746264813,13.418138954527677,88.51031576844213,0.0,15.6,0.0,88.51031576844213,0.0,0.0,0.0,0.0,42.088920312316915,42.088920312316915,0.0
2022-10-25 06:00:00,0.0,5.987642838632007,0.0,40.83459746264813,7.091039573053749,98.76960946899328,20.978513972753912,17.35557856164856,1.0426658454047568,97.72694362358853,1.0426658454047555,0.0,1.0556545186422746,99.99999999999987,46.1700013555351,45.6960836621525,0.47391769338259593
2022-10-25 07:00:00,0.0,0.0,0.0,40.83459746264813,1.1037972173033712,186.98067465638707,71.19194398593748,19.424748249560544,11.918232163700788,175.06244249268627,11.918232163700793,0.0,6.374044903625915,100.00000000000004,80.72570630034171,75.5928812544007,5.1328250459410185
2022-10-25 08:00:00,0.0,0.0,0.0,40.83459746264813,1.1038835692754232,178.6320965489585,96.05468603671879,20.801708938647465,21.588075007188188,157.0440215417703,21.588075007188195,0.0,12.085216164538188,100.00000000000003,71.07997060441056,62.513822441558276,8.566148162852286
2022-10-25 09:00:00,0.0,0.0,0.0,40.83459746264813,2.187842791314412,176.70550160109036,160.20714215270502,23.90647319227203,46.32634026150303,130.37916133958734,46.32634026150302,0.0,26.216693788110764,99.99999999999999,69.470753158987,51.36109185566155,18.109661303325446
2022-10-25 10:00:00,0.0,0.0,1.5137711590764984,40.83459746264813,1.1041888505178297,180.14586770803496,194.21755515139654,24.96929859848114,55.94100979121988,124.20485791681509,55.94100979121987,0.0,31.053174021112866,99.99999999999999,70.40075357628065,48.600821765691215,21.799931810589435
2022-10-25 11:00:00,0.0,0.0,3.979808443858142,40.83459746264813,2.18888219175074,182.06755605037108,204.88654344674433,25.30270448271076,58.9412359205842,123.12632012978688,58.941235920584205,0.0,32.37327791903651,100.00000000000003,71.62804044978344,48.56728189585487,23.060758553928572
2022-10-25 12:00:00,0.0,0.0,5.468730620545803,40.83459746264813,2.1887866097458546,185.70632295939438,191.61915355656916,25.388098548642784,55.10707062613504,130.59925233325936,55.10707062613503,0.0,29.674310356241595,99.99999999999997,73.65523634297728,51.91549698096701,21.739739362010262
2022-10-25 13:00:00,0.0,0.0,5.817589017342746,40.83459746264813,1.1037660328467098,182.52309061843312,255.14105708646767,26.873158033952112,72.9713533994609,109.55173721897222,72.9713533994609,0.0,39.979244901133335,100.0,72.89676790917,43.832642706931715,29.06412520223828
2022-10-25 14:00:00,0.0,0.0,5.701749761712148,40.83459746264813,2.18747334255622,182.40725136280253,220.31621666810182,25.184881770878185,63.407665899252265,118.99958546355026,63.407665899252265,0.0,34.76159276866485,100.0,70.90155442297254,46.39195524627557,24.509599176696966
2022-10-25 15:00:00,0.0,0.0,3.172589224707708,40.83459746264813,1.1040769500438148,182.76798324760026,151.36347377327922,22.530108555414976,43.991056444087235,138.77692680351302,43.991056444087235,0.0,24.069345003654977,100.0,73.44488647837956,55.81503069784714,17.629855780532417
2022-10-25 16:00:00,0.0,0.0,1.3828716361433055,40.83459746264813,1.1035405074508842,169.86151653844797,50.895741228514204,19.39049191339107,6.0920990323300535,163.76941750611792,6.092099032330054,0.0,3.5865092673602232,100.00000000000003,74.11902769256204,71.46786803567265,2.6511596568893907
2022-10-25 17:00:00,0.0,0.0,0.0,40.83459746264813,1.103326776257797,136.74485312545113,0.0,17.8,0.0,136.74485312545113,0.0,0.0,0.0,0.0,63.42126983699151,63.42126983699151,0.0
2022-10-25 18:00:00,0.0,0.0,0.0,40.83459746264813,1.1032231739771918,134.17605986162698,0.0,18.3,0.0,134.17605986162698,0.0,0.0,0.0,0.0,63.34994012381026,63.34994012381026,0.0
2022-10-25 19:00:00,0.0,0.0,0.0,40.83459746264813,0.020000016,111.9853861309906,0.0,17.8,0.0,111.9853861309906,0.0,0.0,0.0,0.0,52.00009557257403,52.00009557257403,0.0
2022-10-25 20:00:00,0.0,0.0,0.0,40.83459746264813,1.1029383609488543,110.70098949907849,0.0,17.8,0.0,110.70098949907849,0.0,0.0,0.0,0.0,50.85037575888407,50.85037575888407,0.0
2022-10-25 21:00:00,0.0,0.0,0.0,0.0,0.020000016,47.675718305793986,0.0,17.2,0.0,47.675718305793986,0.0,0.0,0.0,0.0,20.90296726628251,20.90296726628251,0.0
2022-10-25 22:00:00,0.0,0.0,0.0,0.0,1.1028797413295965,43.46825895116388,0.0,16.1,0.0,43.46825895116388,0.0,0.0,0.0,0.0,18.90361780471658,18.90361780471658,0.0
2022-10-25 23:00:00,0.0,0.0,0.0,0.0,0.020000016,43.46825895116388,0.0,16.1,0.0,43.46825895116388,0.0,0.0,0.0,0.0,18.62453378066271,18.62453378066271,0.0
2022-10-26 00:00:00,0.0,0.0,0.0,0.0,0.020000016,43.46825895116388,0.0,15.0,0.0,43.46825895116388,0.0,0.0,0.0,0.0,18.412626018275787,18.412626018275787,0.0
2022-10-26 01:00:00,0.0,0.0,0.0,0.0,1.1028340004752861,43.46825895116388,0.0,15.0,0.0,43.46825895116388,0.0,0.0,0.0,0.0,18.77016201407674,18.77016201407674,0.0
2022-10-26 02:00:00,0.0,0.0,0.0,0.0,0.020000016,43.46825895116388,0.0,13.9,0.0,43.46825895116388,0.0,0.0,0.0,0.0,18.569763774384246,18.569763774384246,0.0
2022-10-26 03:00:00,0.0,0.0,0.0,0.0,1.102948828298604,43.46825895116388,0.0,13.3,0.0,43.46825895116388,0.0,0.0,0.0,0.0,18.709327126342252,18.709327126342252,0.0
2022-10-26 04:00:00,0.0,0.0,0.0,0.0,0.020000016,47.675718305793986,0.0,12.2,0.0,47.675718305793986,0.0,0.0,0.0,0.0,20.168284447190224,20.168284447190224,0.0
2022-10-26 05:00:00,0.0,31.838141774905363,0.0,40.83459746264813,32.94106288861013,88.51031576844213,0.0,12.2,0.0,88.51031576844213,0.0,0.0,0.0,0.0,42.81330059522372,42.81330059522372,0.0
2022-10-26 06:00:00,0.0,22.132741210861706,0.0,40.83459746264813,22.152741226861707,98.76960946899328,22.681601498144527,14.008800046817017,1.2335077236524352,97.53610174534084,1.233507723652437,0.0,1.2488737479919587,100.00000000000013,44.722678720854844,44.21396163300473,0.5087170878501155
2022-10-26 07:00:00,0.0,0.9694365788352034,0.0,40.83459746264813,3.157214480673066,186.98067465638707,53.57725115273439,17.77428909852295,6.790499980727816,180.19017467565925,6.790499980727816,0.0,3.631658722596153,100.0,71.3135309343154,68.74431131410712,2.5692196202082727
2022-10-26 08:00:00,0.0,0.0,0.0,40.83459746264813,1.1039701720315598,178.6320965489585,77.48203223320313,20.221313507287597,14.076549342525496,164.555547206433,14.076549342525482,0.0,7.8801904106116,99.9999999999999,60.71753827646758,55.94854412471337,4.768994151754207
2022-10-26 09:00:00,0.0,0.0,0.0,40.83459746264813,1.103965948228812,176.70550160109036,124.79933054527372,23.299979079539803,36.1102234998576,140.59527810123276,36.1102234998576,0.0,20.43525706481726,100.0,58.50098272441227,46.58677558286925,11.914207141543017
2022-10-26 10:00:00,0.0,0.0,1.269031315074276,40.83459746264813,2.1884822758974862,179.90112786403276,170.32740437855094,26.422731386829717,48.796065459313496,131.10506240471926,48.796065459313496,0.0,27.123824090860072,100.0,60.46572225077927,44.1719840529326,16.29373819784667
2022-10-26 11:00:00,0.0,0.0,4.212623914063605,40.83459746264813,2.1890452952555832,182.30037152057653,181.35049858946084,26.267203080920652,51.9840602842943,130.31631123628222,51.984060284294316,0.0,28.51560852602365,100.00000000000003,61.036357098249134,43.74385944467863,17.292497653570507
2022-10-26 12:00:00,0.0,0.0,6.122804573069971,40.83459746264813,2.1887931560332228,186.3603969119186,165.5896537607978,24.57467668002493,47.76486957606952,138.59552733584908,47.764869576069515,0.0,25.630375534478556,99.99999999999999,61.376805795645076,45.74670752426785,15.630098271377229
2022-10-26 13:00:00,0.0,0.0,6.6122325718179535,40.83459746264813,1.1037736953522208,183.31773417290827,244.0770812852569,26.527408790164277,69.89693789127045,113.42079628163782,69.89693789127045,0.0,38.128846729767304,100.0,60.39019633794204,37.439886266032836,22.9503100719092
2022-10-26 14:00:00,0.0,0.0,5.116802672919375,40.83459746264813,1.1037393420901158,181.82230427400972,216.0203379526465,25.650635561020202,62.06408670288294,119.75821757112678,62.064086702882946,0.0,34.13447373835455,100.00000000000003,60.685554688454204,40.03869496500614,20.646859723448067
2022-10-26 15:00:00,0.0,0.0,1.7967390885118686,40.83459746264813,2.1881614834443885,181.3921331114044,155.4763989790804,23.158637468096263,45.08227184171885,136.30986126968554,45.082271841718864,0.0,24.853487893011867,100.00000000000003,63.89483038022164,48.11265406523191,15.782176314989734
2022-10-26 16:00:00,0.0,0.0,0.17597654522522185,40.83459746264813,1.1035979500257875,168.65462144752988,56.00904907578349,18.450282783618235,7.402834529717805,161.25178691781207,7.402834529717808,0.0,4.389345792116881,100.00000000000004,66.44961166493835,63.5416302049746,2.907981459963743
2022-10-26 17:00:00,0.0,0.0,0.0,40.83459746264813,1.1033933392027746,136.74485312545113,0.0,16.1,0.0,136.74485312545113,0.0,0.0,0.0,0.0,57.944650454002996,57.944650454002996,0.0
2022-10-26 18:00:00,0.0,0.0,0.0,40.83459746264813,1.1031786252613651,134.17605986162698,0.0,16.1,0.0,134.17605986162698,0.0,0.0,0.0,0.0,55.65761859092846,55.65761859092846,0.0
2022-10-26 19:00:00,0.0,0.0,0.0,40.83459746264813,0.020000016,111.9853861309906,0.0,16.1,0.0,111.9853861309906,0.0,0.0,0.0,0.0,45.906410786256174,45.906410786256174,0.0
2022-10-26 20:00:00,0.0,0.6932974889806643,0.0,40.83459746264813,1.7963184963485044,110.70098949907849,0.0,16.7,0.0,110.70098949907849,0.0,0.0,0.0,0.0,45.7202431678813,45.7202431678813,0.0
2022-10-26 21:00:00,0.0,0.0,0.0,0.0,0.020000016,47.675718305793986,0.0,16.1,0.0,47.675718305793986,0.0,0.0,0.0,0.0,19.903207453410005,19.903207453410005,0.0
2022-10-26 22:00:00,0.0,0.0,0.0,0.0,1.102885847906165,43.46825895116388,0.0,14.4,0.0,43.46825895116388,0.0,0.0,0.0,0.0,18.622596610088937,18.622596610088937,0.0
2022-10-26 23:00:00,0.0,0.0,0.0,0.0,0.020000016,43.46825895116388,0.0,13.9,0.0,43.46825895116388,0.0,0.0,0.0,0.0,18.3067808077297,18.3067808077297,0.0
2022-10-27 00:00:00,0.0,0.0,0.0,0.0,0.020000016,43.46825895116388,0.0,13.3,0.0,43.46825895116388,0.0,0.0,0.0,0.0,18.642573108127444,18.642573108127444,0.0
2022-10-27 01:00:00,0.0,0.0,0.0,0.0,1.1028288377734246,43.46825895116388,0.0,12.2,0.0,43.46825895116388,0.0,0.0,0.0,0.0,18.949250311408925,18.949250311408925,0.0
2022-10-27 02:00:00,0.0,0.0,0.0,0.0,0.020000016,43.46825895116388,0.0,11.7,0.0,43.46825895116388,0.0,0.0,0.0,0.0,18.638008940937574,18.638008940937574,0.0
2022-10-27 03:00:00,0.0,0.0,0.0,0.0,1.1029471095074839,43.46825895116388,0.0,11.7,0.0,43.46825895116388,0.0,0.0,0.0,0.0,19.02947054404852,19.02947054404852,0.0
2022-10-27 04:00:00,0.0,0.0,0.0,0.0,0.020000016,47.675718305793986,0.0,12.2,0.0,47.675718305793986,0.0,0.0,0.0,0.0,20.674838954189283,20.674838954189283,0.0
2022-10-27 05:00:00,0.0,48.28562315029562,0.0,40.83459746264813,48.30562316629562,88.51031576844213,0.0,10.6,0.0,88.51031576844213,0.0,0.0,0.0,0.0,47.12862656187825,47.12862656187825,0.0
2022-10-27 06:00:00,0.0,33.330105788642605,0.0,40.83459746264813,34.43341826440345,98.76960946899328,23.95156617949219,12.94848644310913,1.3806907717829822,97.3889186972103,1.3806907717829802,0.0,1.3978902814396772,99.99999999999986,47.49038645644629,46.91318867930241,0.5771977771438799
2022-10-27 07:00:00,0.0,2.2650942218962555,0.0,40.83459746264813,4.452880311315193,186.98067465638707,67.3082998628906,16.50338437071533,10.766204484002941,176.21447017238413,10.766204484002941,0.0,5.757923648413351,100.0,69.7003819414466,65.73325091318118,3.9671310282654133
2022-10-27 08:00:00,0.0,0.0,0.0,40.83459746264813,1.1039693856280026,178.6320965489585,102.1739846273438,19.892937019604492,24.507163589815093,154.1249329591434,24.507163589815093,0.0,13.719350588878246,100.0,60.74522610984039,52.43864554689051,8.306580562949875
2022-10-27 09:00:00,0.0,0.0,0.0,40.83459746264813,1.104035085808957,176.70550160109036,147.21940638158202,24.00060644942444,42.555970899369825,134.14953070172055,42.55597089936981,0.0,24.082991482313428,99.99999999999997,58.787258085255964,44.67740037386091,14.109857711395051
2022-10-27 10:00:00,0.0,0.0,0.0,40.83459746264813,2.188467180702235,178.6320965489585,192.16696516575703,24.905217661429905,55.36349484274601,123.26860170621248,55.36349484274601,0.0,30.993027519873667,100.0,58.121675903408786,40.23013209255277,17.891543810856014
2022-10-27 11:00:00,0.0,0.0,2.11084739062455,40.83459746264813,2.189008511823319,180.19859499713743,208.0398702742498,25.901245946070304,59.7156878713936,120.48290712574384,59.7156878713936,0.0,33.138819907193074,100.0,59.41547870144455,39.856500874487644,19.558977826956905
2022-10-27 12:00:00,0.0,0.0,6.682339388199068,40.83459746264813,2.1890019110865437,186.9199317270477,190.89171667645206,25.365366146139124,54.90249373563835,132.01743799140934,54.90249373563836,0.0,29.372198688693324,100.00000000000003,62.131914950718325,43.99817029477433,18.133744655943993
2022-10-27 13:00:00,0.0,0.0,8.199620958002873,40.83459746264813,1.1037794202326616,184.90512255909326,248.43596305803246,27.163623845563514,70.97677394546628,113.92834861362698,70.97677394546628,0.0,38.38550980261947,100.0,61.78138701001157,38.14257244747402,23.638814562537547
2022-10-27 14:00:00,0.0,0.0,10.266017427695232,40.83459746264813,1.1037502687217449,186.9715190287856,214.3382759763144,26.098071124259825,61.47862528064357,125.49289374814202,61.47862528064357,0.0,32.881278175409435,100.0,64.23554110272786,43.179419337233846,21.05612176549402
2022-10-27 15:00:00,0.0,0.0,9.670916030695002,40.83459746264813,2.18817281776191,189.26631005358755,142.90133117567802,22.76566659923994,41.49581796850636,147.77049208508117,41.49581796850637,0.0,21.92456647818491,100.00000000000004,68.24973890240751,53.3726582443386,14.877080658068913
2022-10-27 16:00:00,0.0,0.0,2.6389523268870847,40.83459746264813,1.103637324769967,171.11759722919174,43.80024394311277,18.068757623222275,4.533491995137301,166.58410523405445,4.533491995137297,0.0,2.649342948092721,99.9999999999999,68.83397860598745,67.01559496673788,1.818383639249575
2022-10-27 17:00:00,0.0,0.0,0.0,40.83459746264813,1.1034452790731482,136.74485312545113,0.0,15.6,0.0,136.74485312545113,0.0,0.0,0.0,0.0,58.9087110203326,58.9087110203326,0.0
2022-10-27 18:00:00,0.0,0.0,0.0,40.83459746264813,1.1032425528695344,134.17605986162698,0.0,15.6,0.0,134.17605986162698,0.0,0.0,0.0,0.0,57.84939603896045,57.84939603896045,0.0
2022-10-27 19:00:00,0.0,0.0,0.0,40.83459746264813,0.020000016,111.9853861309906,0.0,15.0,0.0,111.9853861309906,0.0,0.0,0.0,0.0,48.229547621543574,48.229547621543574,0.0
2022-10-27 20:00:00,0.0,0.5478324898330228,0.0,40.83459746264813,1.650709566306902,110.70098949907849,0.0,14.4,0.0,110.70098949907849,0.0,0.0,0.0,0.0,47.52612759593807,47.52612759593807,0.0
2022-10-27 21:00:00,0.0,0.0,0.0,0.0,0.020000016,47.675718305793986,0.0,14.4,0.0,47.675718305793986,0.0,0.0,0.0,0.0,20.29104942182764,20.29104942182764,0.0
2022-10-27 22:00:00,0.0,0.0,0.0,0.0,1.1029275751710008,43.46825895116388,0.0,14.4,0.0,43.46825895116388,0.0,0.0,0.0,0.0,18.964699321045916,18.964699321045916,0.0
2022-10-27 23:00:00,0.0,0.0,0.0,0.0,0.020000016,38.10742263904787,0.0,13.3,0.0,38.10742263904787,0.0,0.0,0.0,0.0,16.845938594943114,16.845938594943114,0.0
2022-10-28 00:00:00,0.0,0.0,0.0,0.0,0.020000016,38.10742263904787,0.0,12.8,0.0,38.10742263904787,0.0,0.0,0.0,0.0,16.98007672263256,16.98007672263256,0.0
2022-10-28 01:00:00,0.0,0.0,0.0,0.0,1.102865112561035,38.10742263904787,0.0,12.2,0.0,38.10742263904787,0.0,0.0,0.0,0.0,17.52544478286613,17.52544478286613,0.0
2022-10-28 02:00:00,0.0,0.0,0.0,0.0,0.020000016,38.10742263904787,0.0,12.2,0.0,38.10742263904787,0.0,0.0,0.0,0.0,17.47966503343048,17.47966503343048,0.0
2022-10-28 03:00:00,0.0,0.0,0.0,0.0,0.020000016,38.10742263904787,0.0,11.1,0.0,38.10742263904787,0.0,0.0,0.0,0.0,17.73384154243293,17.73384154243293,0.0
2022-10-28 04:00:00,0.0,0.0,0.0,0.0,1.102856285164182,38.10742263904787,0.0,11.1,0.0,38.10742263904787,0.0,0.0,0.0,0.0,17.79295730041579,17.79295730041579,0.0
2022-10-28 05:00:00,0.0,45.74177216859558,0.0,40.83459746264813,45.761772184595586,88.51031576844213,0.0,11.1,0.0,88.51031576844213,0.0,0.0,0.0,0.0,48.712095572373,48.712095572373,0.0
2022-10-28 06:00:00,0.0,32.25591282710113,0.0,40.83459746264813,33.35905433759756,75.83888804889047,18.85302089472655,12.789156902960205,0.8559246083952118,74.98296344049525,0.8559246083952132,0.0,1.1286091218049386,100.00000000000017,40.18045208615178,39.79475961873977,0.3856924674120137
2022-10-28 07:00:00,0.0,5.660388535445869,0.0,40.83459746264813,6.763674609645343,114.21720088209123,40.84785698554689,15.176495530798341,3.98406310862185,110.23313777346938,3.9840631086218536,0.0,3.4881463368505097,100.00000000000009,49.24613538533156,47.57083684815607,1.6752985371754932
2022-10-28 08:00:00,0.0,0.6420158059837756,0.0,40.83459746264813,1.745413606659797,116.46489498793738,57.49009302480471,18.996565407025145,7.784124496128234,108.68077049180916,7.7841244961282285,0.0,6.683665920906427,99.99999999999993,44.54646491015145,41.59013226776691,2.956332642384538
2022-10-28 09:00:00,0.0,0.0,0.5625124622611277,40.83459746264813,0.020000016,116.06410997626445,89.31598244638852,22.19112445144964,18.57082057093996,97.49328940532449,18.570820570939958,0.0,16.00048505497329,99.99999999999997,42.829516630755066,35.97716240238678,6.852354228368284
2022-10-28 10:00:00,0.0,0.0,4.221241864705691,40.83459746264813,1.1035137827572716,121.97053348455516,135.80211913012548,25.94381622281642,38.974429967199086,82.99610351735608,38.974429967199086,0.0,31.953971876440406,100.0,45.31253918616795,30.896871902050187,14.415667284117767
2022-10-28 11:00:00,0.0,0.0,7.710177405967445,40.83459746264813,1.1034172340669697,124.17507239390488,149.86393058475406,27.483247830773564,42.76424973507023,81.41082265883466,42.76424973507022,0.0,34.43867509850496,99.99999999999999,44.97930621198839,29.557448651278687,15.4218575607097
2022-10-28 12:00:00,0.0,0.0,10.220514799188452,40.83459746264813,1.1033150382976147,124.11661652330166,132.38832232421063,26.337135072631582,37.93920317826059,86.17741334504106,37.9392031782606,0.0,30.567384320485314,100.00000000000003,45.25174296133912,31.4801915996623,13.771551361676817
2022-10-28 13:00:00,0.0,0.0,12.371285467703306,40.83459746264813,1.103192294445371,87.16842145134166,218.48668097862307,26.22770878058197,62.638329691271714,24.530091760069944,62.638329691271714,0.0,71.85896985210074,100.0,32.47796837711075,9.28236850913592,23.195599867974828
2022-10-28 14:00:00,0.0,0.0,13.573590013849156,40.83459746264813,0.020000016,87.08632936557544,207.6694152294751,24.7896692259211,59.855336214983616,27.23099315059182,59.855336214983616,0.0,68.73103580209452,100.0,32.26690888287469,10.09200319862863,22.174905684246056
2022-10-28 15:00:00,0.0,0.0,10.00378773970794,40.83459746264813,1.1031912411996547,83.83762624941221,156.12870593085927,23.179022060339353,45.268024771893984,38.569601477518226,45.268024771893984,0.0,53.99487890702459,100.0,32.75445706499884,15.175977685576967,17.57847937942187
2022-10-28 16:00:00,0.0,0.0,2.1568734747086493,40.83459746264813,0.020000016,71.15281235947279,61.85595249719607,19.132998515537377,9.006835401799295,62.1459769576735,9.006835401799293,0.0,12.658439073772163,99.99999999999997,30.74375053482616,26.852527436186808,3.891223098639351
2022-10-28 17:00:00,0.0,0.0,0.0,0.0,1.1029397925311046,38.10742263904787,0.0,16.7,0.0,38.10742263904787,0.0,0.0,0.0,0.0,17.596719109360688,17.596719109360688,0.0
2022-10-28 18:00:00,0.0,0.0,0.0,0.0,0.020000016,38.10742263904787,0.0,16.7,0.0,38.10742263904787,0.0,0.0,0.0,0.0,17.25711768521844,17.25711768521844,0.0
2022-10-28 19:00:00,0.0,0.0,0.0,0.0,1.1029608154370976,38.10742263904787,0.0,16.7,0.0,38.10742263904787,0.0,0.0,0.0,0.0,17.519555363699546,17.519555363699546,0.0
2022-10-28 20:00:00,0.0,0.0,0.0,0.0,0.020000016,38.10742263904787,0.0,15.6,0.0,38.10742263904787,0.0,0.0,0.0,0.0,17.332189307817366,17.332189307817366,0.0
2022-10-28 21:00:00,0.0,0.0,0.0,0.0,1.1029236681871466,38.10742263904787,0.0,15.0,0.0,38.10742263904787,0.0,0.0,0.0,0.0,17.49325455370087,17.49325455370087,0.0
2022-10-28 22:00:00,0.0,0.0,0.0,0.0,0.020000016,38.10742263904787,0.0,15.0,0.0,38.10742263904787,0.0,0.0,0.0,0.0,17.444225130376164,17.444225130376164,0.0
2022-10-28 23:00:00,0.0,0.0,0.0,0.0,0.020000016,38.10742263904787,0.0,15.0,0.0,38.10742263904787,0.0,0.0,0.0,0.0,17.557213638500944,17.557213638500944,0.0
2022-10-29 00:00:00,0.0,0.0,0.0,0.0,1.1029238306828884,38.10742263904787,0.0,13.9,0.0,38.10742263904787,0.0,0.0,0.0,0.0,17.895478428913442,17.895478428913442,0.0
2022-10-29 01:00:00,0.0,0.0,0.0,0.0,0.020000016,38.10742263904787,0.0,13.9,0.0,38.10742263904787,0.0,0.0,0.0,0.0,17.648290378608266,17.648290378608266,0.0
2022-10-29 02:00:00,0.0,0.0,0.0,0.0,0.020000016,38.10742263904787,0.0,13.3,0.0,38.10742263904787,0.0,0.0,0.0,0.0,17.470709789110305,17.470709789110305,0.0
2022-10-29 03:00:00,0.0,0.0,0.0,0.0,1.1029220027550912,38.10742263904787,0.0,13.3,0.0,38.10742263904787,0.0,0.0,0.0,0.0,17.69122231444899,17.69122231444899,0.0
2022-10-29 04:00:00,0.0,0.0,0.0,0.0,0.020000016,38.10742263904787,0.0,11.7,0.0,38.10742263904787,0.0,0.0,0.0,0.0,16.877377218620328,16.877377218620328,0.0
2022-10-29 05:00:00,0.0,0.0,0.0,0.0,1.1028036737578013,38.10742263904787,0.0,10.6,0.0,38.10742263904787,0.0,0.0,0.0,0.0,16.836642056583376,16.836642056583376,0.0
2022-10-29 06:00:00,0.0,0.0,0.0,0.0,0.020000016,20.298408391847865,21.826107451757814,12.382065857867431,1.1488190162034924,19.14958937564437,1.1488190162034932,0.0,5.659650717565007,100.00000000000007,8.821534092707715,8.322469879783675,0.4990642129240399
2022-10-29 07:00:00,0.0,0.0,0.0,0.0,0.020000016,20.298408391847865,54.20331959238282,17.793853737261966,6.94963580435064,13.348772587497225,6.94963580435064,0.0,34.23734349113655,100.0,7.924851901997837,5.2128260257080425,2.712025876289794
2022-10-29 08:00:00,0.0,0.0,0.0,0.7920970328668919,1.1028697107198018,21.090505424714756,78.95895742968756,21.367467419677734,14.557388950625214,6.533116474089542,14.557388950625214,0.0,69.02342384628793,100.0,7.649320452047146,2.506558870515024,5.142761581532122
2022-10-29 09:00:00,0.0,0.0,0.0,0.0,0.020000016,20.298408391847865,108.15364400830694,25.079801375259592,26.942415976673022,0.0,20.298408391847865,6.644007584825157,100.0,75.33997103089197,7.136766196184343,0.0036010111631256747,7.133165185021218
2022-10-29 10:00:00,0.0,0.0,0.0,0.0,0.020000016,20.298408391847865,154.64256788550773,28.13258024642212,44.020850672988125,0.0,20.298408391847865,23.72244228114026,100.0,46.110895363281294,7.040247264281105,0.0036010111631256747,7.03664625311798
2022-10-29 11:00:00,0.0,0.0,0.0,0.0,1.1029797049206949,20.298408391847865,168.99261089369435,30.281019090427947,47.718873802912945,0.0,20.298408391847865,27.42046541106508,100.0,42.537484173838095,7.271775340855769,0.19859195263246215,7.073183388223307
2022-10-29 12:00:00,0.0,0.0,0.0,0.0,0.020000016,20.298408391847865,155.46012179392565,29.858128806060176,43.96772568936012,0.0,20.298408391847865,23.669317297512258,100.0,46.16660987939145,7.074247098337453,0.0036010111631256747,7.070646087174327
2022-10-29 13:00:00,0.0,0.0,0.0,1.5451042162887203,1.1029816125298766,21.84351260813659,225.4221191948446,32.6444412248389,63.08530055230442,0.0,21.84351260813659,41.241787944167825,100.0,34.62536029296713,7.871672187521465,0.1985922960982853,7.67307989142318
2022-10-29 14:00:00,0.0,0.0,0.09010410806949869,8.65307222857906,0.020000016,29.04158472849643,211.0284956250008,32.19464048828128,59.158333796377924,0.0,29.04158472849643,30.116749067881493,100.0,49.091282436143516,10.237565053637983,0.0036010111631256747,10.233964042474858
2022-10-29 15:00:00,0.0,0.0,0.0,7.072930916517098,0.020000016,27.37133930836496,143.2587404344921,27.77683563857788,40.8346151971334,0.0,27.37133930836496,13.463275888768443,100.0,67.0297471305336,10.059831073056412,0.0036010111631256747,10.056230061893286
2022-10-29 16:00:00,0.0,0.0,0.0,1.090265655018727,1.1029249123731217,27.32501212926659,42.99730928368967,23.0436659151153,4.290395441077729,23.034616688188862,4.290395441077727,0.0,15.701348715898567,99.99999999999996,11.274229253567208,9.535203269435172,1.7390259841320361
2022-10-29 17:00:00,0.0,0.0,0.0,0.0,0.020000016,38.10742263904787,0.0,19.4,0.0,38.10742263904787,0.0,0.0,0.0,0.0,16.609291500354626,16.609291500354626,0.0
2022-10-29 18:00:00,0.0,0.0,0.0,0.0,1.1028578119233892,38.10742263904787,0.0,20.0,0.0,38.10742263904787,0.0,0.0,0.0,0.0,16.873806541255583,16.873806541255583,0.0
2022-10-29 19:00:00,0.0,0.0,0.0,0.0,0.020000016,38.10742263904787,0.0,18.9,0.0,38.10742263904787,0.0,0.0,0.0,0.0,16.508878441700734,16.508878441700734,0.0
2022-10-29 20:00:00,0.0,0.0,0.0,0.0,0.020000016,38.10742263904787,0.0,18.3,0.0,38.10742263904787,0.0,0.0,0.0,0.0,16.586045972544806,16.586045972544806,0.0
2022-10-29 21:00:00,0.0,0.0,0.0,0.0,1.102862870881716,38.10742263904787,0.0,16.7,0.0,38.10742263904787,0.0,0.0,0.0,0.0,17.08034968282676,17.08034968282676,0.0
2022-10-29 22:00:00,0.0,0.0,0.0,0.0,0.020000016,38.10742263904787,0.0,17.8,0.0,38.10742263904787,0.0,0.0,0.0,0.0,17.32761641710068,17.32761641710068,0.0
2022-10-29 23:00:00,0.0,0.0,0.0,0.0,0.020000016,43.46825895116388,0.0,15.0,0.0,43.46825895116388,0.0,0.0,0.0,0.0,20.43889890928429,20.43889890928429,0.0
2022-10-30 00:00:00,0.0,0.0,0.0,0.0,1.1029504339876168,43.46825895116388,0.0,15.6,0.0,43.46825895116388,0.0,0.0,0.0,0.0,20.465662418369,20.465662418369,0.0
2022-10-30 01:00:00,0.0,0.0,0.0,0.0,0.020000016,43.46825895116388,0.0,15.0,0.0,43.46825895116388,0.0,0.0,0.0,0.0,20.570825075201075,20.570825075201075,0.0
2022-10-30 02:00:00,0.0,0.0,0.0,0.0,1.1028724673434294,43.46825895116388,0.0,13.9,0.0,43.46825895116388,0.0,0.0,0.0,0.0,20.819262667010147,20.819262667010147,0.0
2022-10-30 03:00:00,0.0,0.0,0.0,0.0,0.020000016,43.46825895116388,0.0,13.9,0.0,43.46825895116388,0.0,0.0,0.0,0.0,20.676018261862893,20.676018261862893,0.0
2022-10-30 04:00:00,0.0,0.0,0.0,0.0,0.020000016,47.675718305793986,0.0,12.2,0.0,47.675718305793986,0.0,0.0,0.0,0.0,22.305825277430493,22.305825277430493,0.0
2022-10-30 05:00:00,0.0,29.80678706562309,0.0,40.83459746264813,30.90976290669527,88.51031576844213,0.0,12.2,0.0,88.51031576844213,0.0,0.0,0.0,0.0,46.60312351761458,46.60312351761458,0.0
2022-10-30 06:00:00,0.0,15.0349677825395,0.0,40.83459746264813,16.13835142910699,98.76960946899328,24.125962616894522,14.653936331777954,1.3924077968919863,97.3772016721013,1.3924077968919875,0.0,1.409753267607184,100.00000000000009,48.6044397670733,47.96020052760731,0.644239239465989
2022-10-30 07:00:00,0.0,0.2577249319072288,0.0,40.83459746264813,1.361664720655021,186.98067465638707,66.42343631601562,19.87573238487549,10.358150096567059,176.62252455982002,10.358150096567044,0.0,5.539690192904768,99.99999999999987,80.18969064955259,75.76101178501487,4.428678864537716
2022-10-30 08:00:00,0.0,0.0,0.04451180274892601,40.83459746264813,1.104024410201691,178.67660835170742,90.96122459531249,23.942538268603517,19.13775456202388,159.53885378968354,19.137754562023872,0.0,10.710833801116863,99.99999999999997,69.73882263969372,62.29050425292683,7.448318386766893
2022-10-30 09:00:00,0.0,0.0,2.9997211221037423,40.83459746264813,2.1880532073188848,179.7052227231941,148.18875984026684,27.43089874500834,42.2944997529838,137.41072297021032,42.294499752983796,0.0,23.535487234075223,99.99999999999997,66.59736393731019,51.01607022831098,15.581293708999212
2022-10-30 10:00:00,0.0,0.0,9.1097235533614,40.83459746264813,2.188575673900488,187.74182010231988,175.12084353702744,29.872526360532106,49.52554678347845,138.21627331884144,49.52554678347843,0.0,26.37960298695669,99.99999999999997,68.41948634318395,50.47464734939229,17.944838993791656
2022-10-30 11:00:00,0.0,0.0,15.553444861568266,40.83459746264813,2.1892728813170392,193.6411924680812,207.5970203069884,32.58740688459339,58.1094907145063,135.53170175357488,58.10949071450631,0.0,30.008847794141104,100.00000000000003,72.0966084419374,50.57953567271643,21.517072769220974
2022-10-30 12:00:00,0.0,0.0,30.0055233963835,40.83459746264813,2.1890817312317012,210.2431157352321,192.4154882946369,32.7129840092074,53.83420624298233,156.40890949224976,53.83420624298233,0.0,25.60569274990102,100.0,76.70188392834443,57.162758772453984,19.539125155890446
2022-10-30 13:00:00,0.0,0.0,49.084344521035625,40.83459746264813,1.1038001790708412,225.78984612212602,219.9043354258189,31.87201048205684,61.72212997522478,164.06771614690123,61.72212997522479,0.0,27.3360963901983,100.00000000000003,82.96426567386948,60.33940171015108,22.624863963718397
2022-10-30 14:00:00,0.0,0.0,59.50278549204419,40.83459746264813,1.103756204723459,236.20828709313454,231.0124546488144,29.41913920777545,65.44374126458955,170.764545828545,65.44374126458953,0.0,27.705946336584596,99.99999999999997,88.54653634175318,64.06894101526507,24.477595326488114
2022-10-30 15:00:00,0.0,0.0,55.652361798720655,40.83459746264813,2.1882620272175206,235.2477558216132,134.64790342257058,24.807746981955333,38.8061808036636,196.4415750179496,38.80618080366361,0.0,16.495877152209722,100.00000000000003,91.2255084844778,76.24205401437524,14.983454470102558
2022-10-30 16:00:00,0.0,0.0,34.21114934731415,40.83459746264813,1.1035431849762058,202.68979424961879,35.06460303169777,20.495768844740553,2.8800397409279688,199.80975450869082,2.8800397409279697,0.0,1.420910091497311,100.00000000000003,88.84000767766435,87.58049429796303,1.2595133797013176
2022-10-30 17:00:00,0.0,0.0,8.89988844696045,40.83459746264813,1.103417740831503,145.6447415724116,0.0,18.9,0.0,145.6447415724116,0.0,0.0,0.0,0.0,68.78277962762822,68.78277962762822,0.0
2022-10-30 18:00:00,0.0,0.0,0.34209836733829524,40.83459746264813,0.020000016,134.51815822896526,0.0,18.3,0.0,134.51815822896526,0.0,0.0,0.0,0.0,63.123556396940494,63.123556396940494,0.0
2022-10-30 19:00:00,0.0,0.0,0.0,40.83459746264813,1.1032602770147708,111.9853861309906,0.0,17.2,0.0,111.9853861309906,0.0,0.0,0.0,0.0,51.19902702152992,51.19902702152992,0.0
2022-10-30 20:00:00,0.0,0.0,0.0,40.83459746264813,1.103002972248692,110.70098949907849,0.0,17.2,0.0,110.70098949907849,0.0,0.0,0.0,0.0,50.119760861481446,50.119760861481446,0.0
2022-10-30 21:00:00,0.0,0.0,0.0,0.0,0.020000016,47.675718305793986,0.0,17.8,0.0,47.675718305793986,0.0,0.0,0.0,0.0,21.91488438732299,21.91488438732299,0.0
2022-10-30 22:00:00,0.0,0.0,0.0,0.0,0.020000016,43.46825895116388,0.0,17.2,0.0,43.46825895116388,0.0,0.0,0.0,0.0,20.06767997784135,20.06767997784135,0.0
2022-10-30 23:00:00,0.0,0.0,0.0,0.0,1.1029447613244348,43.46825895116388,0.0,16.7,0.0,43.46825895116388,0.0,0.0,0.0,0.0,20.45914115816097,20.45914115816097,0.0
2022-10-31 00:00:00,0.0,0.0,0.0,0.0,0.020000016,43.46825895116388,0.0,15.6,0.0,43.46825895116388,0.0,0.0,0.0,0.0,19.957705282694906,19.957705282694906,0.0
2022-10-31 01:00:00,0.0,0.0,0.0,0.0,1.1028558566067541,43.46825895116388,0.0,16.1,0.0,43.46825895116388,0.0,0.0,0.0,0.0,19.809057338215077,19.809057338215077,0.0
2022-10-31 02:00:00,0.0,0.0,0.0,0.0,0.020000016,43.46825895116388,0.0,15.6,0.0,43.46825895116388,0.0,0.0,0.0,0.0,19.756447243751015,19.756447243751015,0.0
2022-10-31 03:00:00,0.0,0.0,0.0,0.0,0.020000016,43.46825895116388,0.0,14.4,0.0,43.46825895116388,0.0,0.0,0.0,0.0,19.752100417855903,19.752100417855903,0.0
2022-10-31 04:00:00,0.0,0.0,0.0,0.0,1.1029457718991804,47.675718305793986,0.0,13.9,0.0,47.675718305793986,0.0,0.0,0.0,0.0,21.741574295225487,21.741574295225487,0.0
2022-10-31 05:00:00,0.0,11.025296377260341,0.0,40.83459746264813,11.04529639326034,88.51031576844213,0.0,13.3,0.0,88.51031576844213,0.0,0.0,0.0,0.0,41.97767085382212,41.97767085382212,0.0
2022-10-31 06:00:00,0.0,5.634368565596912,0.0,40.83459746264813,6.7377275112009976,98.76960946899328,21.037184273144508,14.557412008535767,1.059062833653821,97.71054663533945,1.059062833653826,0.0,1.0722557670801536,100.00000000000047,45.23721480915921,44.765164027628856,0.4720507815303563
2022-10-31 07:00:00,0.0,0.0,0.0,40.83459746264813,1.1039437829045888,186.98067465638707,57.06201967382816,20.08318811480713,7.638472519479964,179.3422021369071,7.638472519479961,0.0,4.085166840646566,99.99999999999997,76.98611919641118,73.84922768683634,3.1368915095748378
2022-10-31 08:00:00,0.0,0.0,0.09508423364272918,40.83459746264813,2.1880119753694998,178.7271807826012,107.53634016210938,25.060510630065917,26.637639286587277,152.08954149601394,26.637639286587273,0.0,14.904078478689014,99.99999999999999,66.94480549846533,57.02601413371169,9.918791364753638
2022-10-31 09:00:00,0.0,0.0,5.699280147809823,40.83459746264813,1.1040529539953303,182.40478174890015,114.41505502968748,27.47547046967773,29.884960476683766,152.51982127221638,29.884960476683773,0.0,16.383868991890598,100.00000000000003,67.47149274838466,56.44962047497893,11.021872273405734
2022-10-31 10:00:00,0.0,0.0,18.332057136043474,40.83459746264813,2.1886389642286486,196.96415368500195,131.02888520163916,27.394652662551223,37.40196704457831,159.56218664042365,37.4019670445783,0.0,18.989225371634877,99.99999999999997,72.20424132310612,58.568045168158534,13.636196154947584
2022-10-31 11:00:00,0.0,0.0,33.230792309284766,40.83459746264813,2.1892993007993398,211.3185399157977,167.2292447568367,26.925913898651146,47.81882562851682,163.49971428728088,47.818825628516805,0.0,22.628788580297197,99.99999999999997,78.33480132287634,60.697783866310495,17.63701745656585
2022-10-31 12:00:00,0.0,0.0,55.358454648865866,40.83459746264813,2.188891373910373,235.5960469877145,124.03295818967179,25.576029943427244,35.36959394234929,200.2264530453652,35.3695939423493,0.0,15.0128129884088,100.00000000000003,85.8589328035907,73.02825890506408,12.830673898526626
2022-10-31 13:00:00,0.0,0.0,69.2022095905644,40.83459746264813,1.1038091473365674,245.90771119165473,187.3148146115096,27.553587956609675,53.43696364296081,192.4707475486939,53.43696364296082,0.0,21.73049530818222,100.00000000000003,89.96735126459647,70.46018768673363,19.50716357786284
2022-10-31 14:00:00,0.0,0.0,72.35933778651565,40.83459746264813,2.187544861743272,249.064839387606,198.27087289190146,27.295964777871923,56.61692582732406,192.44791356028196,56.61692582732405,0.0,22.73180187397476,99.99999999999999,92.13690194667878,71.28205731818396,20.854844628494817
2022-10-31 15:00:00,0.0,0.0,67.65099451706078,40.83459746264813,1.104122484800555,247.2463885399534,150.92424537975523,25.816382668117352,43.33488802810167,203.91150051185173,43.33488802810166,0.0,17.527005463660807,99.99999999999997,95.43563411232772,78.74346859278324,16.692165519544474
2022-10-31 16:00:00,0.0,0.0,51.1300958654793,40.83459746264813,1.1035150992423024,219.60874076778396,61.08226457579198,20.2088207679935,8.748713320100384,210.86002744768356,8.748713320100393,0.0,3.9837728177456073,100.00000000000011,93.76958061693918,90.0419288455108,3.727651771428384
2022-10-31 17:00:00,0.0,0.0,24.563270285449086,40.83459746264813,1.103343217010021,161.30812341090024,0.0,16.7,0.0,161.30812341090024,0.0,0.0,0.0,0.0,72.65342719560873,72.65342719560873,0.0
2022-10-31 18:00:00,0.0,0.0,5.4511219682022265,40.83459746264813,1.1032030955601908,139.62718182982923,0.0,16.1,0.0,139.62718182982923,0.0,0.0,0.0,0.0,60.93924881382192,60.93924881382192,0.0
2022-10-31 19:00:00,0.0,0.0,0.0,40.83459746264813,1.103271275174195,111.9853861309906,0.0,16.7,0.0,111.9853861309906,0.0,0.0,0.0,0.0,48.85293516230884,48.85293516230884,0.0
2022-10-31 20:00:00,0.0,0.0,0.0,40.83459746264813,0.020000016,110.70098949907849,0.0,16.1,0.0,110.70098949907849,0.0,0.0,0.0,0.0,48.3594537392031,48.3594537392031,0.0
2022-10-31 21:00:00,0.0,0.0,0.0,0.0,0.020000016,47.675718305793986,0.0,16.3,0.0,47.675718305793986,0.0,0.0,0.0,0.0,20.938962433603383,20.938962433603383,0.0
2022-10-31 22:00:00,0.0,0.0,0.0,0.0,1.1027937320762604,43.46825895116388,0.0,16.4,0.0,43.46825895116388,0.0,0.0,0.0,0.0,19.40326995535852,19.40326995535852,0.0
2022-10-31 23:00:00,0.0,0.0,0.0,0.0,0.020000016,43.46825895116388,0.0,16.6,0.0,43.46825895116388,0.0,0.0,0.0,0.0,18.955327231281068,18.955327231281068,0.0
2022-11-01 00:00:00,0.0,0.0,0.0,0.0,1.1029012308004313,43.46825895116388,0.0,16.7,0.0,43.46825895116388,0.0,0.0,0.0,0.0,19.689745137036496,19.689745137036496,0.0
2022-11-01 01:00:00,0.0,0.0,0.0,0.0,0.020000016,43.46825895116388,0.0,16.9,0.0,43.46825895116388,0.0,0.0,0.0,0.0,19.618435521581073,19.618435521581073,0.0
2022-11-01 02:00:00,0.0,0.0,0.0,0.0,0.020000016,43.46825895116388,0.0,17.0,0.0,43.46825895116388,0.0,0.0,0.0,0.0,19.614088695685954,19.614088695685954,0.0
2022-11-01 03:00:00,0.0,0.0,0.0,0.0,1.1027706086949143,43.46825895116388,0.0,17.2,0.0,43.46825895116388,0.0,0.0,0.0,0.0,19.642341216215538,19.642341216215538,0.0
2022-11-01 04:00:00,0.0,0.0,0.0,0.0,0.020000016,47.675718305793986,0.0,17.2,0.0,47.675718305793986,0.0,0.0,0.0,0.0,21.060773893874682,21.060773893874682,0.0
2022-11-01 05:00:00,0.0,1.4266050427282653,0.0,40.83459746264813,2.5295500210599084,88.51031576844213,0.0,17.2,0.0,88.51031576844213,0.0,0.0,0.0,0.0,39.37210471746633,39.37210471746633,0.0
2022-11-01 06:00:00,0.0,0.5567300125542773,0.0,40.83459746264813,1.660091396737015,98.76960946899328,18.904443283300793,18.39076385260315,0.8435343950571526,97.92607507393613,0.8435343950571479,0.0,0.854042452523778,99.99999999999945,43.92099201348105,43.54844083023209,0.37255118324895875
2022-11-01 07:00:00,0.0,0.0,0.0,40.83459746264813,1.1038487132960701,186.98067465638707,60.25920754218751,20.18310023569336,8.51532771230065,178.4653469440864,8.51532771230066,0.0,4.554121824594554,100.00000000000013,76.89822116200028,73.40523373441455,3.4929874275857316
2022-11-01 08:00:00,0.0,0.0,0.0,40.83459746264813,1.1039400954335548,178.6320965489585,141.24620626874992,23.313943945898433,40.932679002388895,137.69941754656958,40.93267900238891,0.0,22.91451524847905,100.00000000000004,68.09771793008389,52.539001977880844,15.558715952203045
2022-11-01 09:00:00,0.0,0.0,0.0,40.83459746264813,2.187920475899236,176.70550160109036,186.92769907968753,25.241490596240233,53.78707478537874,122.91842681571163,53.787074785378735,0.0,30.43882295572332,99.99999999999999,65.42686174198771,45.63160460872478,19.79525713326293
2022-11-01 10:00:00,0.0,0.0,0.0,40.83459746264813,1.1042285802888487,178.6320965489585,130.547409501432,22.379606546919753,37.96218032744918,140.6699162215093,37.962180327449175,0.0,21.2516009501376,99.99999999999997,66.11763308165634,52.10882929722104,14.008803784435294
2022-11-01 11:00:00,0.0,0.0,0.0,40.83459746264813,3.2736980018318085,178.08774760651295,207.4347782337309,25.882336819804088,59.546182195100116,118.54156541141283,59.546182195100116,0.0,33.43642838735214,100.0,64.84883264977844,43.36278372832047,21.48604892145797
2022-11-01 12:00:00,0.0,0.0,0.0,40.83459746264813,1.1045141927586464,180.23759233884863,227.15021276496464,27.098444148905145,64.91133021192124,115.32626212692739,64.91133021192124,0.0,36.01431275773327,100.0,65.61970712903504,42.05884160201398,23.560865527021058
2022-11-01 13:00:00,0.0,0.0,0.0,40.83459746264813,2.1876923996245714,176.70550160109036,215.66421154127158,26.139506610664736,61.849420877016506,114.85608072407385,61.84942087701651,0.0,35.00141213296263,100.00000000000003,65.07340967355782,42.434666149943475,22.638743523614345
2022-11-01 14:00:00,0.0,0.0,0.0,40.83459746264813,1.103783456208848,176.70550160109036,205.91233437836414,27.03476044932388,58.85628478977205,117.84921681131831,58.85628478977205,0.0,33.307556503044886,100.0,65.98707844197868,44.074589333322606,21.912489108656075
2022-11-01 15:00:00,0.0,0.0,0.0,40.83459746264813,2.1882732075834266,179.59539402289255,112.16569438952803,22.405177949672748,29.265252615431784,150.33014140746076,29.26525261543179,0.0,16.29510198446483,100.00000000000003,70.38771240976617,58.98216550795392,11.405546901812244
2022-11-01 16:00:00,0.0,0.0,0.030289949948693155,40.83459746264813,1.1036141909010826,168.50893485225333,21.718707672232394,19.578709614757262,1.1086019302818542,167.40033292197148,1.10860193028185,0.0,0.6578891091168899,99.99999999999962,72.18488061630434,71.71129141469758,0.47358920160675666
2022-11-01 17:00:00,0.0,0.0,0.0,40.83459746264813,1.1033635130449797,136.74485312545113,0.0,18.3,0.0,136.74485312545113,0.0,0.0,0.0,0.0,60.719198153706344,60.719198153706344,0.0
2022-11-01 18:00:00,0.0,0.0,0.0,40.83459746264813,0.020000016,134.17605986162698,0.0,18.3,0.0,134.17605986162698,0.0,0.0,0.0,0.0,58.16087239758672,58.16087239758672,0.0
2022-11-01 19:00:00,0.0,0.0,0.0,40.83459746264813,1.1032482271706614,111.9853861309906,0.0,17.8,0.0,111.9853861309906,0.0,0.0,0.0,0.0,48.42794647213915,48.42794647213915,0.0
2022-11-01 20:00:00,0.0,0.0,0.0,40.83459746264813,1.103040768012896,110.70098949907849,0.0,17.8,0.0,110.70098949907849,0.0,0.0,0.0,0.0,47.02733552496768,47.02733552496768,0.0
2022-11-01 21:00:00,0.0,0.0,0.0,0.0,0.020000016,47.675718305793986,0.0,17.2,0.0,47.675718305793986,0.0,0.0,0.0,0.0,20.388307887171464,20.388307887171464,0.0
2022-11-01 22:00:00,0.0,0.0,0.0,0.0,0.020000016,43.46825895116388,0.0,17.2,0.0,43.46825895116388,0.0,0.0,0.0,0.0,18.768413717791063,18.768413717791063,0.0
2022-11-01 23:00:00,0.0,0.0,0.0,0.0,1.102798612934071,43.46825895116388,0.0,17.2,0.0,43.46825895116388,0.0,0.0,0.0,0.0,19.200274064857055,19.200274064857055,0.0
2022-11-02 00:00:00,0.0,0.0,0.0,0.0,0.020000016,43.46825895116388,0.0,17.2,0.0,43.46825895116388,0.0,0.0,0.0,0.0,19.449778676850556,19.449778676850556,0.0
2022-11-02 01:00:00,0.0,0.0,0.0,0.0,1.1028938741413423,43.46825895116388,0.0,16.7,0.0,43.46825895116388,0.0,0.0,0.0,0.0,20.136162831895433,20.136162831895433,0.0
2022-11-02 02:00:00,0.0,0.0,0.0,0.0,0.020000016,43.46825895116388,0.0,16.7,0.0,43.46825895116388,0.0,0.0,0.0,0.0,20.309580838904576,20.309580838904576,0.0
2022-11-02 03:00:00,0.0,0.0,0.0,0.0,0.020000016,43.46825895116388,0.0,16.7,0.0,43.46825895116388,0.0,0.0,0.0,0.0,20.585169600654957,20.585169600654957,0.0
2022-11-02 04:00:00,0.0,0.0,0.0,0.0,1.102965257131592,47.675718305793986,0.0,16.7,0.0,47.675718305793986,0.0,0.0,0.0,0.0,23.044555184847,23.044555184847,0.0
2022-11-02 05:00:00,0.0,2.2809063644274183,0.0,40.83459746264813,2.3009063804274184,88.51031576844213,0.0,16.7,0.0,88.51031576844213,0.0,0.0,0.0,0.0,42.65184438291742,42.65184438291742,0.0
2022-11-02 06:00:00,0.0,1.7545621663355389,0.0,40.83459746264813,2.857976206097434,98.76960946899328,17.377607111132818,17.243050222222898,0.7157336966711685,98.05387577232212,0.7157336966711654,0.0,0.7246497181867014,99.99999999999957,48.26968597769963,47.92362873535912,0.34605724234051394
2022-11-02 07:00:00,0.0,0.0,0.0,40.83459746264813,1.1039531381995,186.98067465638707,78.89698950117192,19.66553092191162,14.624860907523775,172.35581374886328,14.624860907523782,0.0,7.821589548973323,100.00000000000004,83.40329763504312,76.8953807798041,6.507916855239017
2022-11-02 08:00:00,0.0,0.0,0.27224890301069304,40.83459746264813,2.1879725701520223,178.90434545196916,118.14893187539067,20.892154121105957,32.65075801729761,146.25358743467154,32.65075801729762,0.0,18.250399639433823,100.00000000000003,71.00391243031342,58.117311256046385,12.886601174267035
2022-11-02 09:00:00,0.0,0.0,4.465350570198727,40.83459746264813,1.1039832995277956,181.17085217128908,157.40623289531254,22.118944777978516,45.81624046394336,135.35461170734573,45.81624046394336,0.0,25.288968901369476,100.0,68.15324173692504,50.96825718250685,17.184984554418193
2022-11-02 10:00:00,0.0,0.0,10.42039926443399,40.83459746264813,2.188496289843438,189.05249581339248,123.70677701626465,22.165836781758273,35.62869649282605,153.42379932056645,35.62869649282604,0.0,18.84592760308965,99.99999999999996,70.04192438341039,56.91613445197082,13.12578993143957
2022-11-02 11:00:00,0.0,0.0,14.50724088755008,40.83459746264813,2.1892190360638275,192.59498849406302,148.2552093853272,21.832975293291476,43.197829244958825,149.3971592491042,43.197829244958825,0.0,22.42936308090408,100.0,71.5156471451214,55.563552761543015,15.952094383578391
2022-11-02 12:00:00,0.0,0.0,23.042225259991955,40.83459746264813,2.1890170317808733,203.27981759884057,160.06608602662527,22.80206518833204,46.473926650678976,156.8058909481616,46.473926650678976,0.0,22.86204661123429,100.0,73.85336110877205,57.05907823501617,16.794282873755876
2022-11-02 13:00:00,0.0,0.0,32.30220048470369,40.83459746264813,1.1038174069972981,209.00770208579408,185.3056301194723,24.09080094123351,53.547553447511255,155.46014863828282,53.54755344751126,0.0,25.61989482355579,100.00000000000003,76.56493193083529,56.999994589950845,19.56493734088444
2022-11-02 14:00:00,0.0,0.0,35.488249259555296,40.83459746264813,2.18757931953631,212.19375086064565,198.63579981865053,24.00736874433283,57.41721694114847,154.77653391949718,57.41721694114847,0.0,27.058863283328343,100.0,81.71394667347354,59.70965953903251,22.004287134441036
2022-11-02 15:00:00,0.0,0.0,32.735247201347285,40.83459746264813,1.1041712887998416,212.33064122423983,103.27091000164872,21.027215937551524,24.93307502595283,187.397566198287,24.93307502595283,0.0,11.74257039972922,100.0,87.21614988432133,76.99807707718534,10.218072807135982
2022-11-02 16:00:00,0.0,0.0,15.515208715623677,40.83459746264813,1.1035320409997957,183.99385361792835,39.08297449953161,18.42134295311036,3.604975043319083,180.38887857460927,3.6049750433190866,0.0,1.9592910156689156,100.00000000000009,83.86897636445707,82.22963198838293,1.6393443760741349
2022-11-02 17:00:00,0.0,0.0,0.4714840792898827,40.83459746264813,1.1034828544966802,137.21633720474102,0.0,16.7,0.0,137.21633720474102,0.0,0.0,0.0,0.0,63.93978766664033,63.93978766664033,0.0
2022-11-02 18:00:00,0.0,0.0,0.0,40.83459746264813,1.1032490595460773,134.17605986162698,0.0,16.7,0.0,134.17605986162698,0.0,0.0,0.0,0.0,60.910624016233285,60.910624016233285,0.0
2022-11-02 19:00:00,0.0,0.0,0.0,40.83459746264813,1.1032014211121608,111.9853861309906,0.0,16.7,0.0,111.9853861309906,0.0,0.0,0.0,0.0,51.01536039124547,51.01536039124547,0.0
2022-11-02 20:00:00,0.0,0.0,0.0,40.83459746264813,0.020000016,110.70098949907849,0.0,16.1,0.0,110.70098949907849,0.0,0.0,0.0,0.0,50.353178560081496,50.353178560081496,0.0
2022-11-02 21:00:00,0.0,0.0,0.0,0.0,1.1029557890358501,47.675718305793986,0.0,15.0,0.0,47.675718305793986,0.0,0.0,0.0,0.0,22.26052629257366,22.26052629257366,0.0
2022-11-02 22:00:00,0.0,0.0,0.0,0.0,0.020000016,43.46825895116388,0.0,15.6,0.0,43.46825895116388,0.0,0.0,0.0,0.0,19.83121264914702,19.83121264914702,0.0
2022-11-02 23:00:00,0.0,0.0,0.0,0.0,0.020000016,43.46825895116388,0.0,15.6,0.0,43.46825895116388,0.0,0.0,0.0,0.0,19.949663654788942,19.949663654788942,0.0
2022-11-03 00:00:00,0.0,0.0,0.0,0.0,1.1028614944142672,43.46825895116388,0.0,15.0,0.0,43.46825895116388,0.0,0.0,0.0,0.0,20.439565449391285,20.439565449391285,0.0
2022-11-03 01:00:00,0.0,0.0,0.0,0.0,0.020000016,43.46825895116388,0.0,14.4,0.0,43.46825895116388,0.0,0.0,0.0,0.0,20.321751951410906,20.321751951410906,0.0
2022-11-03 02:00:00,0.0,0.0,0.0,0.0,1.1029285030100566,43.46825895116388,0.0,13.9,0.0,43.46825895116388,0.0,0.0,0.0,0.0,20.21919344143431,20.21919344143431,0.0
2022-11-03 03:00:00,0.0,0.0,0.0,0.0,0.020000016,43.46825895116388,0.0,14.4,0.0,43.46825895116388,0.0,0.0,0.0,0.0,20.012475288973373,20.012475288973373,0.0
2022-11-03 04:00:00,0.0,0.0,0.0,0.0,0.020000016,47.675718305793986,0.0,13.3,0.0,47.675718305793986,0.0,0.0,0.0,0.0,21.759938302829152,21.759938302829152,0.0
2022-11-03 05:00:00,0.0,5.851175241927353,0.0,40.83459746264813,6.954190580887799,88.51031576844213,0.0,13.3,0.0,88.51031576844213,0.0,0.0,0.0,0.0,41.125559596034435,41.125559596034435,0.0
2022-11-03 06:00:00,0.0,7.08730073700989,0.0,40.83459746264813,8.190607429704949,98.76960946899328,17.973000739160163,13.861656273098756,0.7749305285269927,97.99467894046629,0.7749305285269941,0.0,0.7845839754689603,100.00000000000017,45.660294751628406,45.31362183038657,0.3466729212418329
2022-11-03 07:00:00,0.0,0.0,0.0,40.83459746264813,1.1038636302048932,186.98067465638707,45.172421469140595,16.411638170910642,4.8508186048679995,182.12985605151906,4.85081860486801,0.0,2.5942887487074917,100.00000000000023,78.539914171279,76.50751819221139,2.0323959790676014
2022-11-03 08:00:00,0.0,0.0,0.0,40.83459746264813,2.1880751943669425,178.6320965489585,65.29791461660155,19.2405598317688,10.033181114405723,168.59891543455277,10.033181114405721,0.0,5.616673211723675,99.99999999999997,70.37308766791709,66.44258896634865,3.930498701568439
2022-11-03 09:00:00,0.0,0.0,8.76906381529304,40.83459746264813,1.1040866620700807,185.47456541638337,80.53316265585941,21.416661332995606,15.140916940581992,170.33364847580137,15.140916940582002,0.0,8.163338680207293,100.00000000000007,69.60059152105502,63.93508751564335,5.66550400541167
2022-11-03 10:00:00,0.0,0.0,25.533757049589497,40.83459746264813,2.1886310904339608,204.165853598548,104.60686615773598,22.66896456742925,25.429189233028325,178.7366643655197,25.429189233028325,0.0,12.455162694849955,100.0,73.95910430280851,64.79645883836375,9.162645464444765
2022-11-03 11:00:00,0.0,0.0,28.907338759462114,40.83459746264813,2.1892880013462896,206.99508636597503,165.79335836324233,23.481042448851323,48.01684053185915,158.97824583411588,48.016840531859145,0.0,23.197091957518055,99.99999999999999,73.32165606428997,56.40460289230802,16.917053171981948
2022-11-03 12:00:00,0.0,0.0,54.327752592224265,40.83459746264813,2.189076781217783,234.56534493107293,116.79033774160467,24.249698054425146,31.51376451340426,203.05158041766867,31.513764513404254,0.0,13.434961811031625,99.99999999999997,81.55961766076439,70.65506729501368,10.904550365750708
2022-11-03 13:00:00,0.0,0.0,63.58310472456583,40.83459746264813,1.1038265351111307,240.2886063256562,174.93164287060569,24.366613839706424,50.49838086119851,189.79022546445768,50.49838086119851,0.0,21.01572006820811,100.0,83.76030871753751,66.19924428115142,17.56106443638609
2022-11-03 14:00:00,0.0,0.0,61.54343913551708,40.83459746264813,1.1037975676607699,238.2489407366075,185.87791773518228,24.10868492922445,53.709384428919,184.53955630768849,53.70938442891901,0.0,22.543388551010015,100.00000000000003,84.48168448413976,65.48145264856538,19.000231835574382
2022-11-03 15:00:00,0.0,0.0,50.84332166144312,40.83459746264813,2.1882568810088947,230.4387156843357,136.28938606563497,22.559043314551094,39.605843252593075,190.83287243174263,39.605843252593075,0.0,17.1871480601579,100.0,87.69109522031464,72.6872136209348,15.003881599379838
2022-11-03 16:00:00,0.0,0.0,21.036685871243265,40.83459746264813,1.103567706556384,192.48349981474792,45.28278543030769,18.115087044697116,4.844773414948521,187.6387263997994,4.84477341494852,0.0,2.5169811540268543,99.99999999999997,84.33034833909956,82.21277055102678,2.1175777880727793
2022-11-03 17:00:00,0.0,0.0,1.2891522296925617,40.83459746264813,1.1034055420765194,138.0340053551437,0.0,16.1,0.0,138.0340053551437,0.0,0.0,0.0,0.0,65.07396097167947,65.07396097167947,0.0
2022-11-03 18:00:00,0.0,0.0,0.0,40.83459746264813,1.1032522473908257,134.17605986162698,0.0,16.1,0.0,134.17605986162698,0.0,0.0,0.0,0.0,62.59252150057154,62.59252150057154,0.0
2022-11-03 19:00:00,0.0,0.0,0.0,40.83459746264813,1.1033053424322243,111.9853861309906,0.0,16.1,0.0,111.9853861309906,0.0,0.0,0.0,0.0,51.59154391396613,51.59154391396613,0.0
2022-11-03 20:00:00,0.0,0.0,0.0,40.83459746264813,0.020000016,110.70098949907849,0.0,15.6,0.0,110.70098949907849,0.0,0.0,0.0,0.0,51.5183064745593,51.5183064745593,0.0
2022-11-03 21:00:00,0.0,0.0,0.0,0.0,0.020000016,47.675718305793986,0.0,16.1,0.0,47.675718305793986,0.0,0.0,0.0,0.0,22.056719649282723,22.056719649282723,0.0
2022-11-03 22:00:00,0.0,0.0,0.0,0.0,1.1028857748307985,43.46825895116388,0.0,16.1,0.0,43.46825895116388,0.0,0.0,0.0,0.0,20.781447677741244,20.781447677741244,0.0
2022-11-03 23:00:00,0.0,0.0,0.0,0.0,0.020000016,38.10742263904787,0.0,16.1,0.0,38.10742263904787,0.0,0.0,0.0,0.0,17.977729047322835,17.977729047322835,0.0
2022-11-04 00:00:00,0.0,0.0,0.0,0.0,1.1029486551606442,38.10742263904787,0.0,15.6,0.0,38.10742263904787,0.0,0.0,0.0,0.0,18.21672847141812,18.21672847141812,0.0
2022-11-04 01:00:00,0.0,0.0,0.0,0.0,0.020000016,38.10742263904787,0.0,15.0,0.0,38.10742263904787,0.0,0.0,0.0,0.0,17.93352443706154,17.93352443706154,0.0
2022-11-04 02:00:00,0.0,0.0,0.0,0.0,0.020000016,38.10742263904787,0.0,15.0,0.0,38.10742263904787,0.0,0.0,0.0,0.0,17.865693224764037,17.865693224764037,0.0
2022-11-04 03:00:00,0.0,0.0,0.0,0.0,1.1028176191354093,38.10742263904787,0.0,14.4,0.0,38.10742263904787,0.0,0.0,0.0,0.0,18.043125568206644,18.043125568206644,0.0
2022-11-04 04:00:00,0.0,0.0,0.0,0.0,0.020000016,38.10742263904787,0.0,14.4,0.0,38.10742263904787,0.0,0.0,0.0,0.0,17.436032034508774,17.436032034508774,0.0
2022-11-04 05:00:00,0.0,17.77261140934597,0.0,40.83459746264813,18.87555639381157,88.51031576844213,0.0,14.4,0.0,88.51031576844213,0.0,0.0,0.0,0.0,43.42468674217969,43.42468674217969,0.0
2022-11-04 06:00:00,0.0,14.704652587937526,0.0,40.83459746264813,14.724652603937525,75.83888804889047,22.16253422109372,15.09257919440918,1.173158223407063,74.66572982548341,1.1731582234070572,0.0,1.5469085235674427,99.99999999999952,37.68154138327523,37.139653734092406,0.5418876491828257
2022-11-04 07:00:00,0.0,0.8777760541192569,0.0,40.83459746264813,1.9810668346642408,114.21720088209123,66.1651221128908,17.667660066027835,10.360148507924789,103.85705237416644,10.36014850792479,0.0,9.070567679748855,100.00000000000003,49.64655385863473,45.175683570782326,4.4708702878524065
2022-11-04 08:00:00,0.0,0.0,0.6815942505899176,40.83459746264813,1.1034913670285027,117.14648923852734,131.3153991703118,20.203606224072246,38.48999285214386,78.65649638638348,38.48999285214386,0.0,32.85629223917468,100.0,46.40243089817443,31.221592817360367,15.180838080814063
2022-11-04 09:00:00,0.0,0.0,6.5839522192908335,40.83459746264813,1.1033999809945148,122.08554973329414,136.34675528203164,20.960836102563487,39.85472009677319,82.23082963652095,39.85472009677319,0.0,32.64491185389187,100.0,47.15399090643586,31.82546701001592,15.328523896419938
2022-11-04 10:00:00,0.0,0.0,12.700889302561862,40.83459746264813,1.1035131763607287,130.45018092241133,256.6480116862943,25.8202503651967,73.69030191531957,56.75987900709177,73.69030191531957,0.0,56.48922937036692,100.0,48.51156475990581,21.219992994057634,27.291571765848175
2022-11-04 11:00:00,0.0,0.0,21.01389531215062,40.83459746264813,1.1033627111811004,137.47879030008804,247.29122470647673,26.627850772077394,70.79091201375294,66.68787828633509,70.79091201375294,0.0,51.49224244643911,100.0,50.73173986367162,24.711124334776446,26.020615528895174
2022-11-04 12:00:00,0.0,0.0,31.2901189514354,40.83459746264813,0.020000016,145.18622067554858,156.2962767957495,24.28425864986717,45.13253394700662,100.05368672854196,45.13253394700662,0.0,31.085962384726212,100.0,52.4506713679983,36.146994804981624,16.303676563016673
2022-11-04 13:00:00,0.0,0.0,36.48786025997038,40.83459746264813,1.1032250473748206,111.28499624360876,193.22683355389265,24.938338548559145,55.662024311379476,55.622971932229284,55.662024311379476,0.0,50.01754611154621,100.0,40.5027232161907,20.343607871338403,20.1591153448523
2022-11-04 14:00:00,0.0,0.0,41.710787571132315,40.83459746264813,1.103093963054534,115.2235269228586,147.80213914026945,22.91881684813342,42.894798172095484,72.3287287507631,42.89479817209549,0.0,37.227465013124686,100.00000000000003,42.62218678494947,26.82896551995649,15.79322126499298
2022-11-04 15:00:00,0.0,0.0,33.39121447835321,40.83459746264813,0.020000016,107.22505298805751,84.39823657810497,20.43744489306578,16.68858620760591,90.5364667804516,16.68858620760591,0.0,15.564073640014565,100.0,42.36607494568489,35.77274830678395,6.59332663890094
2022-11-04 16:00:00,0.0,0.0,7.3014683549264,40.83459746264813,1.1028989839629075,79.26557628089053,18.894467453630885,17.790452107925965,0.8444713332885274,78.421104947602,0.8444713332885243,0.0,1.065369575181037,99.99999999999963,35.33819636775357,34.96382955863677,0.3743668091168004
2022-11-04 17:00:00,0.0,0.0,0.0,0.0,0.020000016,38.10742263904787,0.0,17.2,0.0,38.10742263904787,0.0,0.0,0.0,0.0,18.0872878874101,18.0872878874101,0.0
2022-11-04 18:00:00,0.0,0.0,0.0,0.0,1.102907137811729,38.10742263904787,0.0,16.7,0.0,38.10742263904787,0.0,0.0,0.0,0.0,18.051144244835587,18.051144244835587,0.0
2022-11-04 19:00:00,0.0,0.0,0.0,0.0,0.020000016,38.10742263904787,0.0,15.0,0.0,38.10742263904787,0.0,0.0,0.0,0.0,17.49662283650486,17.49662283650486,0.0
2022-11-04 20:00:00,0.0,0.0,0.0,0.0,1.1029398376888757,38.10742263904787,0.0,14.4,0.0,38.10742263904787,0.0,0.0,0.0,0.0,17.98103247480616,17.98103247480616,0.0
2022-11-04 21:00:00,0.0,0.0,0.0,0.0,0.020000016,38.10742263904787,0.0,14.4,0.0,38.10742263904787,0.0,0.0,0.0,0.0,18.09471883482471,18.09471883482471,0.0
2022-11-04 22:00:00,0.0,0.0,0.0,0.0,1.1028085547849567,38.10742263904787,0.0,14.4,0.0,38.10742263904787,0.0,0.0,0.0,0.0,18.19593470094917,18.19593470094917,0.0
2022-11-04 23:00:00,0.0,0.0,0.0,0.0,0.020000016,38.10742263904787,0.0,14.4,0.0,38.10742263904787,0.0,0.0,0.0,0.0,18.007833911207683,18.007833911207683,0.0
2022-11-05 00:00:00,0.0,0.0,0.0,0.0,0.020000016,38.10742263904787,0.0,14.4,0.0,38.10742263904787,0.0,0.0,0.0,0.0,18.72882634753847,18.72882634753847,0.0
2022-11-05 01:00:00,0.0,0.0,0.0,0.0,1.1028850038636753,38.10742263904787,0.0,14.4,0.0,38.10742263904787,0.0,0.0,0.0,0.0,19.13682073059555,19.13682073059555,0.0
2022-11-05 02:00:00,0.0,0.0,0.0,0.0,0.020000016,38.10742263904787,0.0,13.9,0.0,38.10742263904787,0.0,0.0,0.0,0.0,19.045117955442567,19.045117955442567,0.0
2022-11-05 03:00:00,0.0,0.0,0.0,0.0,0.020000016,38.10742263904787,0.0,13.9,0.0,38.10742263904787,0.0,0.0,0.0,0.0,19.301580909803356,19.301580909803356,0.0
2022-11-05 04:00:00,0.0,0.0,0.0,0.0,1.1028565343919314,38.10742263904787,0.0,13.9,0.0,38.10742263904787,0.0,0.0,0.0,0.0,19.6840381937521,19.6840381937521,0.0
2022-11-05 05:00:00,0.0,0.0,0.0,0.0,0.020000016,38.10742263904787,0.0,13.9,0.0,38.10742263904787,0.0,0.0,0.0,0.0,19.229176806789166,19.229176806789166,0.0
2022-11-05 06:00:00,0.0,0.0,0.0,0.0,1.1029175086567935,23.266577433047868,16.66555988818361,14.420798746505739,0.664963223731763,22.601614209316104,0.664963223731764,0.0,2.858019086155962,100.00000000000016,11.606300002479923,11.280265209068121,0.32603479341180197
2022-11-05 07:00:00,0.0,0.0,0.0,0.5280646885779281,0.020000016,20.826473080425792,36.75598138652335,16.148624418328854,3.2146504929756894,17.611822587450103,3.2146504929756894,0.0,15.435405123861552,100.0,9.701135803967189,8.204282021670453,1.4968537822967356
2022-11-05 08:00:00,0.0,0.0,0.0,5.004251474304546,0.020000016,25.302659866152407,81.73432370039039,18.1541976156372,15.781739164155766,9.52092070199664,15.781739164155766,0.0,62.37185832493104,100.0,10.438038400066386,3.9298858948560103,6.508152505210376
2022-11-05 09:00:00,0.0,0.0,0.046537985928342185,7.920651884951738,1.1028998473432066,28.265598262727945,96.69236487539027,18.621636402355946,22.049416098945322,6.216182163782623,22.049416098945322,0.0,78.00795827491997,100.0,11.123231302786916,2.601131980544549,8.522099322242367
2022-11-05 10:00:00,0.0,0.0,1.2771099783490791,5.156771227339416,0.020000016,26.73228959753636,218.89473328625726,22.940460415195542,63.522079501898276,0.0,26.73228959753636,36.78978990436191,100.0,42.08346106921374,10.38575398360631,0.0036010111631256747,10.382152972443185
2022-11-05 11:00:00,0.0,0.0,4.356646363848409,4.275781458025156,1.1028093181372842,28.930836213721435,221.5381845916395,24.723068268488735,63.868372737967384,0.0,28.930836213721435,34.93753652424595,100.0,45.297594057102266,12.17404696254833,0.1985612744215492,11.975485688126781
2022-11-05 12:00:00,0.0,0.0,6.327652648728842,3.8894159747523886,0.020000016,30.515477015329097,144.53850806849718,22.81682837714054,41.963342928373976,0.0,30.515477015329097,11.447865913044879,100.0,72.71936620353408,11.830179283224071,0.0036010111631256747,11.826578272060946
2022-11-05 13:00:00,0.0,0.0,7.68259370526902,8.942914472615534,0.020000016,36.92391656973243,80.94110673515625,16.929409585473636,15.545311944053111,21.378604625679316,15.545311944053111,0.0,42.10092912190155,100.0,14.042074090975394,8.131746489846401,5.9103276011289925
2022-11-05 14:00:00,0.0,0.0,5.940695071588361,8.563242626141578,1.102980324551096,34.8023460895778,108.839845503345,19.501245171979534,27.848737776642768,6.953608312935035,27.848737776642768,0.0,80.01971391515636,100.0,13.697378041961715,2.8956881205352847,10.80168992142643
2022-11-05 15:00:00,0.0,0.0,2.591934912933916,9.367354123153927,0.020000016,32.2576974279357,64.48630208399742,17.615196940124918,9.842938212742002,22.4147592151937,9.842938212742002,0.0,30.513455694509222,100.0,13.130064537025861,9.124726904805822,4.005337632220039
2022-11-05 16:00:00,0.0,0.0,0.03468182694901235,7.705048350170351,1.1029219072188345,36.94264569256723,24.83842043529462,15.776200638602957,1.4699573842697795,35.47268830829745,1.469957384269783,0.0,3.9790257484604976,100.00000000000024,17.023924813583587,16.354440072704836,0.669484740878751
2022-11-05 17:00:00,0.0,0.0,0.0,0.0,0.020000016,38.10742263904787,0.0,13.9,0.0,38.10742263904787,0.0,0.0,0.0,0.0,18.681001532126462,18.681001532126462,0.0
2022-11-05 18:00:00,0.0,0.0,0.0,0.0,0.020000016,38.10742263904787,0.0,13.9,0.0,38.10742263904787,0.0,0.0,0.0,0.0,18.47255393029087,18.47255393029087,0.0
2022-11-05 19:00:00,0.0,0.0,0.0,0.0,1.102905979314243,38.10742263904787,0.0,13.3,0.0,38.10742263904787,0.0,0.0,0.0,0.0,18.713069967487897,18.713069967487897,0.0
2022-11-05 20:00:00,0.0,0.0,0.0,0.0,0.020000016,38.10742263904787,0.0,13.3,0.0,38.10742263904787,0.0,0.0,0.0,0.0,18.731684404236397,18.731684404236397,0.0
2022-11-05 21:00:00,0.0,0.0,0.0,0.0,0.020000016,38.10742263904787,0.0,13.3,0.0,38.10742263904787,0.0,0.0,0.0,0.0,18.676238104296583,18.676238104296583,0.0
2022-11-05 22:00:00,0.0,0.0,0.0,0.0,1.1029119352207073,38.10742263904787,0.0,13.3,0.0,38.10742263904787,0.0,0.0,0.0,0.0,19.165977757916405,19.165977757916405,0.0
2022-11-05 23:00:00,0.0,0.0,0.0,0.0,0.020000016,43.46825895116388,0.0,13.3,0.0,43.46825895116388,0.0,0.0,0.0,0.0,22.148940216423078,22.148940216423078,0.0
2022-11-06 00:00:00,0.0,0.0,0.0,0.0,1.1028909344564275,43.46825895116388,0.0,13.3,0.0,43.46825895116388,0.0,0.0,0.0,0.0,22.525395155854667,22.525395155854667,0.0
2022-11-06 01:00:00,0.0,0.0,0.0,0.0,0.020000016,43.46825895116388,0.0,13.3,0.0,43.46825895116388,0.0,0.0,0.0,0.0,22.527766093182468,22.527766093182468,0.0
2022-11-06 02:00:00,0.0,0.0,0.0,0.0,0.020000016,43.46825895116388,0.0,13.3,0.0,43.46825895116388,0.0,0.0,0.0,0.0,22.350415596661726,22.350415596661726,0.0
2022-11-06 03:00:00,0.0,0.0,0.0,0.0,1.1029348429220338,43.46825895116388,0.0,13.3,0.0,43.46825895116388,0.0,0.0,0.0,0.0,22.68840903265895,22.68840903265895,0.0
2022-11-06 04:00:00,0.0,0.0,0.0,0.0,0.020000016,43.46825895116388,0.0,12.8,0.0,43.46825895116388,0.0,0.0,0.0,0.0,22.465171800292797,22.465171800292797,0.0
2022-11-06 05:00:00,0.0,0.0,0.0,0.0,1.1030515849673648,47.675718305793986,0.0,12.8,0.0,47.675718305793986,0.0,0.0,0.0,0.0,24.451004418230504,24.451004418230504,0.0
2022-11-06 06:00:00,0.0,19.267257783321796,0.0,40.83459746264813,19.287257799321793,73.66947056244213,15.534748243652324,13.285460882614135,0.5801206850071586,73.08934987743497,0.5801206850071594,0.0,0.7874641701346965,100.00000000000013,39.92801626175351,39.64094354077772,0.28707272097579306
2022-11-06 07:00:00,0.0,1.8002247760932082,0.0,40.83459746264813,2.903611825926448,98.76960946899328,40.50270524179689,16.265709538806153,3.901787060657735,94.86782240833554,3.901787060657739,0.0,3.9503923136221633,100.00000000000011,47.98554464592006,46.11057989179159,1.8749647541284702
2022-11-06 08:00:00,0.0,0.0,0.19850944533672318,40.83459746264813,1.1039731541389468,187.17918410172382,59.3440470369141,18.554501469903563,8.3075397428651,178.87164435885873,8.307539742865089,0.0,4.4382818435357105,99.99999999999987,84.12336570334502,80.39855564653531,3.7248100568097016
2022-11-06 09:00:00,0.0,0.0,2.42108868258684,40.83459746264813,2.1880307674386903,181.05318523154534,102.41045204414053,21.000326626379394,24.521723005255605,156.53146222628973,24.52172300525561,0.0,13.543933498819843,100.00000000000003,77.74892923595353,67.27202308195807,10.476906153995458
2022-11-06 10:00:00,0.0,0.0,3.5775431972518783,40.83459746264813,1.104010006778946,180.28304479834225,123.20295918046872,22.15009247438965,35.34111633474623,144.941928463596,35.34111633474623,0.0,19.60312816675437,100.0,73.54332857421828,59.16550221575347,14.377826358464809
2022-11-06 11:00:00,0.0,0.0,5.608162964660595,40.83459746264813,2.188578442584208,184.24025951361907,117.1871211337498,22.56209753542968,31.925824570499714,152.31443494311935,31.925824570499714,0.0,17.328364959309965,100.0,74.99109312938175,62.064646019032125,12.926447110349628
2022-11-06 12:00:00,0.0,0.0,5.758776761195157,40.83459746264813,2.189359127711604,183.8465243677081,120.17416029130557,22.6554425091033,33.562620711815946,150.28390365589215,33.56262071181595,0.0,18.255782004716046,100.00000000000003,73.78205061469473,60.38452367895203,13.397526935742697
2022-11-06 13:00:00,0.0,0.0,4.803083159835751,40.83459746264813,2.188922817196533,185.04067549868435,193.37639625049096,24.943012382827842,55.70414509611966,129.33653040256468,55.704145096119674,0.0,30.103729866958755,100.00000000000003,75.92772019826705,53.189288170031,22.738432028236055
2022-11-06 14:00:00,0.0,0.0,1.9507036841885743,40.83459746264813,2.1876989616443536,178.65620528527893,184.10973516776767,23.55342922399274,53.307402592007385,125.34880269327155,53.30740259200738,0.0,29.83797988258281,99.99999999999999,73.73405493566496,51.85083309762001,21.883221838044946
2022-11-06 15:00:00,0.0,0.0,0.0,40.83459746264813,1.1038185296417344,176.70550160109036,107.63651754518418,20.563641173287007,27.131425661260778,149.57407593982958,27.131425661260778,0.0,15.354035621657951,100.0,76.11319352621528,64.45726174788103,11.65593177833425
2022-11-06 16:00:00,0.0,0.0,0.0,40.83459746264813,2.1884388753957587,188.49990114649253,36.134997020453035,17.829218656889157,3.0882394556361445,185.4116616908564,3.088239455636142,0.0,1.6383241778127615,99.99999999999991,88.26231574571422,86.82274836466671,1.4395673810475103
2022-11-06 17:00:00,0.0,0.0,0.0,40.83459746264813,1.103582712034745,180.35132106710464,0.0,16.1,0.0,180.35132106710464,0.0,0.0,0.0,0.0,87.00720189354254,87.00720189354254,0.0
2022-11-06 18:00:00,0.0,0.0,0.0,40.83459746264813,1.1034427921522865,136.74485312545113,0.0,16.1,0.0,136.74485312545113,0.0,0.0,0.0,0.0,65.9435495416003,65.9435495416003,0.0
2022-11-06 19:00:00,0.0,0.0,0.0,40.83459746264813,0.020000016,134.17605986162698,0.0,16.7,0.0,134.17605986162698,0.0,0.0,0.0,0.0,64.39804654025446,64.39804654025446,0.0
2022-11-06 20:00:00,0.0,0.8475443302323762,0.0,40.83459746264813,1.9508684311992563,111.9853861309906,0.0,15.6,0.0,111.9853861309906,0.0,0.0,0.0,0.0,54.64400957295002,54.64400957295002,0.0
2022-11-06 21:00:00,0.0,1.4913185801076727,0.0,40.83459746264813,2.5943386943039783,110.70098949907849,0.0,15.6,0.0,110.70098949907849,0.0,0.0,0.0,0.0,54.84565181800381,54.84565181800381,0.0
2022-11-06 22:00:00,0.0,0.0,0.0,0.0,0.020000016,47.675718305793986,0.0,15.6,0.0,47.675718305793986,0.0,0.0,0.0,0.0,23.774475779840476,23.774475779840476,0.0
2022-11-06 23:00:00,0.0,0.0,0.0,0.0,0.020000016,43.46825895116388,0.0,14.4,0.0,43.46825895116388,0.0,0.0,0.0,0.0,21.544079393117634,21.544079393117634,0.0
2022-11-07 00:00:00,0.0,0.0,0.0,0.0,1.1029509840958729,43.46825895116388,0.0,13.9,0.0,43.46825895116388,0.0,0.0,0.0,0.0,21.809266401596695,21.809266401596695,0.0
2022-11-07 01:00:00,0.0,0.0,0.0,0.0,0.020000016,43.46825895116388,0.0,13.9,0.0,43.46825895116388,0.0,0.0,0.0,0.0,21.265882535830183,21.265882535830183,0.0
2022-11-07 02:00:00,0.0,0.0,0.0,0.0,0.5289673889262517,43.46825895116388,0.0,13.3,0.0,43.46825895116388,0.0,0.0,0.0,0.0,21.256241278740852,21.256241278740852,0.0
2022-11-07 03:00:00,0.0,0.0,0.0,0.0,0.5936715555883078,43.46825895116388,0.0,13.3,0.0,43.46825895116388,0.0,0.0,0.0,0.0,21.509357469217097,21.509357469217097,0.0
2022-11-07 04:00:00,0.0,0.0,0.0,0.0,0.020000016,43.46825895116388,0.0,12.2,0.0,43.46825895116388,0.0,0.0,0.0,0.0,21.402590210231594,21.402590210231594,0.0
2022-11-07 05:00:00,0.0,0.0,0.0,0.0,1.1030073035547907,47.675718305793986,0.0,12.2,0.0,47.675718305793986,0.0,0.0,0.0,0.0,23.505348572748407,23.505348572748407,0.0
2022-11-07 06:00:00,0.0,31.06142484170675,0.0,40.83459746264813,31.081424857706747,73.66947056244213,16.147557470214835,12.204611170944213,0.6291947084469603,73.04027585399517,0.6291947084469598,0.0,0.8540779560966919,99.99999999999991,41.48062252790952,41.17414178542501,0.30648074248450996
2022-11-07 07:00:00,0.0,13.189345609060105,0.0,40.83459746264813,14.292730917218233,98.76960946899328,63.833561627343755,16.394798800854492,9.68707517282489,89.08253429616839,9.68707517282489,0.0,9.807748785182705,100.0,49.39119470489052,44.7994242022198,4.591770502670727
2022-11-07 08:00:00,0.0,0.1737491056232978,0.0,40.83459746264813,1.2776401485030227,186.98067465638707,90.84154817460937,18.938798380456547,19.439433441849907,167.54124121453717,19.4394334418499,0.0,10.39649336893965,99.99999999999997,80.77757466630756,72.40345552822745,8.374119138080104
2022-11-07 09:00:00,0.0,0.0,0.0,40.83459746264813,2.1880304077994843,178.6320965489585,114.04668248789066,21.363958827746586,30.370472697568662,148.26162385138983,30.37047269756866,0.0,17.00168854551001,99.99999999999999,73.4580559114776,61.03592516871806,12.422130742759542
2022-11-07 10:00:00,0.0,0.0,0.0,40.83459746264813,1.1040406558981446,176.70550160109036,201.70711873125038,25.203347460351573,58.04794287332171,118.65755872776865,58.047942873321716,0.0,32.85010503202325,100.00000000000003,71.90234141698575,48.347647157849266,23.554694259136483
2022-11-07 11:00:00,0.0,0.0,0.0,40.83459746264811,2.1885990368680828,178.6320965489585,150.48777077454,23.602742836704373,43.564541818360766,135.06755473059772,43.564541818360766,0.0,24.38785787100743,100.0,72.80793746193868,55.14774349961158,17.6601939623271
2022-11-07 12:00:00,0.0,0.0,0.0,40.83459746264813,2.1891858572331016,178.08774760651295,132.13266134062494,23.02914566689453,38.331703867614415,139.75604373889854,38.33170386761441,0.0,21.524054508403786,99.99999999999997,73.3549331370839,57.65081737956095,15.704115757522956
2022-11-07 13:00:00,0.0,0.0,0.0,40.83459746264813,2.189090806764132,180.23759233884863,180.19426053003588,24.53107064156362,51.98598850529597,128.25160383355265,51.98598850529598,0.0,28.843033149023515,100.00000000000003,75.37028155537125,53.744890126995706,21.625391428375544
2022-11-07 14:00:00,0.0,0.0,0.0,40.83459746264813,2.1877742383733696,176.70550160109036,180.94697496655806,24.554592967704938,52.19861088110739,124.50689071998298,52.198610881107385,0.0,29.53989004764824,99.99999999999999,75.56531356622317,53.35976350434569,22.205550061877474
2022-11-07 15:00:00,0.0,0.0,0.0,40.83459746264813,1.103825753003202,176.70550160109036,118.3654318688222,21.998919745900693,32.638341030330935,144.06716057075943,32.638341030330935,0.0,18.470472472335032,100.0,78.42185220520274,63.973674589600996,14.448177615601743
2022-11-07 16:00:00,0.0,0.0,0.0,40.83459746264813,2.1884953755996994,188.49990114649253,31.115005519909314,17.672343922497166,2.2910796149471264,186.2088215315454,2.2910796149471366,0.0,1.2154274888275014,100.00000000000044,91.27266933990882,90.16810549134858,1.1045638485602325
2022-11-07 17:00:00,0.0,0.0,0.0,40.83459746264813,1.1036699768927214,180.35132106710464,0.0,16.7,0.0,180.35132106710464,0.0,0.0,0.0,0.0,90.85862006700438,90.85862006700438,0.0
2022-11-07 18:00:00,0.0,0.33115196781428397,0.0,40.83459746264813,1.4345770292184357,136.74485312545113,0.0,16.1,0.0,136.74485312545113,0.0,0.0,0.0,0.0,68.38047966969799,68.38047966969799,0.0
2022-11-07 19:00:00,0.0,2.383445942689273,0.0,40.83459746264813,2.403445958689273,134.17605986162698,0.0,16.7,0.0,134.17605986162698,0.0,0.0,0.0,0.0,67.59054292210885,67.59054292210885,0.0
2022-11-07 20:00:00,0.0,15.285642979286814,0.0,40.83459746264813,16.38890984814466,111.9853861309906,0.0,16.7,0.0,111.9853861309906,0.0,0.0,0.0,0.0,58.859534030964525,58.859534030964525,0.0
2022-11-07 21:00:00,0.0,24.0486531526997,0.0,40.83459746264813,25.151556838351823,110.70098949907849,0.0,16.1,0.0,110.70098949907849,0.0,0.0,0.0,0.0,60.30579528846435,60.30579528846435,0.0
2022-11-07 22:00:00,0.0,0.0,0.0,0.0,0.020000016,47.675718305793986,0.0,15.6,0.0,47.675718305793986,0.0,0.0,0.0,0.0,24.16923072741245,24.16923072741245,0.0
2022-11-07 23:00:00,0.0,0.0,0.0,0.0,1.1029016061514159,43.46825895116388,0.0,15.6,0.0,43.46825895116388,0.0,0.0,0.0,0.0,22.490622470136845,22.490622470136845,0.0
2022-11-08 00:00:00,0.0,0.0,0.0,0.0,0.020000016,43.46825895116388,0.0,14.4,0.0,43.46825895116388,0.0,0.0,0.0,0.0,22.167414226477323,22.167414226477323,0.0
2022-11-08 01:00:00,0.0,0.0,0.0,0.0,0.020000016,43.46825895116388,0.0,13.9,0.0,43.46825895116388,0.0,0.0,0.0,0.0,22.27630221514999,22.27630221514999,0.0
2022-11-08 02:00:00,0.0,0.0,0.0,0.0,1.1029328470014765,43.46825895116388,0.0,13.3,0.0,43.46825895116388,0.0,0.0,0.0,0.0,22.444986423166107,22.444986423166107,0.0
2022-11-08 03:00:00,0.0,0.08330558220475398,0.0,3.675809025742021,0.103305598204754,47.1440679769059,0.0,13.3,0.0,47.1440679769059,0.0,0.0,0.0,0.0,24.030959799094514,24.030959799094514,0.0
2022-11-08 04:00:00,0.0,0.3746123022554232,0.0,6.556904391954251,1.477570174871741,50.02516334311814,0.0,12.8,0.0,50.02516334311814,0.0,0.0,0.0,0.0,25.38542251716766,25.38542251716766,0.0
2022-11-08 05:00:00,0.0,0.6475261489640791,0.0,5.2455235135634,0.6675261649640791,52.921241819357384,0.0,12.2,0.0,52.921241819357384,0.0,0.0,0.0,0.0,26.146325876776782,26.146325876776782,0.0
2022-11-08 06:00:00,0.0,60.714068955533875,0.0,40.83459746264813,60.73406897153387,73.66947056244213,16.193243359863292,12.206038854995727,0.6327568840224906,73.03671367841964,0.6327568840224842,0.0,0.8589133045094446,99.99999999999898,47.37211440945537,47.05915285461785,0.3129615548375213
2022-11-08 07:00:00,0.0,24.666262357373192,0.0,40.83459746264813,25.769615154379284,98.76960946899328,52.972205092382794,15.555381409136963,6.691074823117248,92.07853464587603,6.691074823117248,0.0,6.7744267281099,100.0,51.3420520214735,48.17824420211074,3.1638078193627592
2022-11-08 08:00:00,0.0,0.6280730497414047,0.0,40.83459746264813,2.8160515850585743,186.98067465638707,52.395669775195316,18.837364680474852,6.469410813616082,180.51126384277097,6.4694108136160935,0.0,3.4599355390629962,100.00000000000017,81.36214949234986,78.56461452127192,2.797534971077937
2022-11-08 09:00:00,0.0,0.0,0.0,40.83459746264813,1.1040778708590533,178.6320965489585,67.95442887363278,20.423575902301025,10.819576211419426,167.81252033753907,10.819576211419417,0.0,6.05690490144029,99.99999999999993,73.84701676403452,69.3862136878284,4.460803076206119
2022-11-08 10:00:00,0.0,0.0,0.06744343919466313,40.83459746264813,2.188159552168097,176.77294504028504,75.59771256210936,22.962428517565918,13.266661752671933,163.50628328761312,13.266661752671922,0.0,7.504916405419712,99.99999999999993,70.63294101582649,65.36156563501983,5.27137538080666
2022-11-08 11:00:00,0.0,0.0,1.265302838636693,40.83459746264813,1.8519374901261785,179.8973993875952,79.97407728750007,22.49918991523438,14.872397988017477,165.02500139957772,14.872397988017468,0.0,8.267155633514395,99.99999999999994,72.24652803020831,66.30136129648827,5.945166733720043
2022-11-08 12:00:00,0.0,0.0,2.373340683793467,40.83459746264813,2.5257666346926886,180.4610882903064,77.71740044062501,21.82866876376953,14.079437971658571,166.38165031864784,14.079437971658564,0.0,7.801924561714421,99.99999999999994,72.30264071499782,66.69712367815154,5.60551703684628
2022-11-08 13:00:00,0.0,0.0,2.0105425117610887,40.83459746264813,2.1890615967556384,182.2481348506097,144.16773060345835,23.905241581358073,41.68848882226306,140.55964602834663,41.688488822263054,0.0,22.8745763880851,99.99999999999997,73.64513428752673,56.88927997519454,16.75585431233219
2022-11-08 14:00:00,0.0,0.0,0.2790565036500943,40.83459746264813,1.103862585575515,176.98455810474044,172.03883996969628,24.276213749053007,49.679873727434604,127.30468437730585,49.6798737274346,0.0,28.070174177587724,99.99999999999999,72.03766797316463,51.872358827830304,20.165309145334327
2022-11-08 15:00:00,0.0,0.0,0.0,40.83459746264813,1.103905723618883,176.70550160109036,127.8151708726636,22.29422408977074,37.17929547383248,139.52620612725786,37.1792954738325,0.0,21.040259152634714,100.00000000000004,75.94622252651395,60.00875983222355,15.937462694290403
2022-11-08 16:00:00,0.0,0.0,0.0,40.83459746264813,2.188513400451528,188.49990114649253,34.50687349850815,18.87833979682838,2.8055678847834207,185.69433326170912,2.8055678847834145,0.0,1.4883657061459517,99.99999999999977,89.73262839292403,88.40294352177035,1.329684871153674
2022-11-08 17:00:00,0.0,0.0,0.0,40.83459746264813,1.1036039018359949,180.35132106710464,0.0,17.2,0.0,180.35132106710464,0.0,0.0,0.0,0.0,88.32196683935422,88.32196683935422,0.0
2022-11-08 18:00:00,0.0,0.1222082084961576,0.0,40.83459746264813,1.2256352156816261,136.74485312545113,0.0,17.2,0.0,136.74485312545113,0.0,0.0,0.0,0.0,65.70368394432336,65.70368394432336,0.0
2022-11-08 19:00:00,0.0,1.4318869527720872,0.0,40.83459746264813,2.535139686145357,134.17605986162698,0.0,17.2,0.0,134.17605986162698,0.0,0.0,0.0,0.0,64.16458793323136,64.16458793323136,0.0
2022-11-08 20:00:00,0.0,9.31793177698566,0.0,40.83459746264811,10.421225987702437,111.9853861309906,0.0,17.2,0.0,111.9853861309906,0.0,0.0,0.0,0.0,55.03468899720168,55.03468899720168,0.0
2022-11-08 21:00:00,0.0,20.822619033253503,0.0,40.83459746264811,20.842619049253504,110.70098949907849,0.0,16.7,0.0,110.70098949907849,0.0,0.0,0.0,0.0,56.74307184449801,56.74307184449801,0.0
2022-11-08 22:00:00,0.0,0.0,0.0,0.0,0.020000016,47.675718305793986,0.0,16.1,0.0,47.675718305793986,0.0,0.0,0.0,0.0,23.046705939902537,23.046705939902537,0.0
2022-11-08 23:00:00,0.0,0.0,0.0,0.0,1.1029128378039597,43.46825895116388,0.0,15.6,0.0,43.46825895116388,0.0,0.0,0.0,0.0,21.324805787330316,21.324805787330316,0.0
2022-11-09 00:00:00,0.0,0.0,0.0,0.0,0.020000016,43.46825895116388,0.0,15.0,0.0,43.46825895116388,0.0,0.0,0.0,0.0,21.501697840640247,21.501697840640247,0.0
2022-11-09 01:00:00,0.0,0.0,0.0,1.172183944459631,1.1029386091181523,44.64044289562351,0.0,13.9,0.0,44.64044289562351,0.0,0.0,0.0,0.0,21.818397452095613,21.818397452095613,0.0
2022-11-09 02:00:00,0.0,0.252241223751299,0.0,4.458453780121591,0.272241239751299,47.92671273128548,0.0,14.4,0.0,47.92671273128548,0.0,0.0,0.0,0.0,23.068217272793078,23.068217272793078,0.0
2022-11-09 03:00:00,0.0,1.8928148978598351,0.0,6.219588791907761,1.9128149138598352,49.68784774307164,0.0,13.3,0.0,49.68784774307164,0.0,0.0,0.0,0.0,24.251462619707837,24.251462619707837,0.0
2022-11-09 04:00:00,0.0,3.9635907245285567,0.0,6.71156526743675,5.066547308635373,50.17982421860062,0.0,12.8,0.0,50.17982421860062,0.0,0.0,0.0,0.0,25.023137679853278,25.023137679853278,0.0
2022-11-09 05:00:00,0.0,7.347869855007526,0.0,10.36140433339598,7.367869871007526,58.03712263918997,0.0,12.8,0.0,58.03712263918997,0.0,0.0,0.0,0.0,28.98591992881251,28.98591992881251,0.0
2022-11-09 06:00:00,0.0,88.01769562145819,0.0,40.83459746264813,89.12064975337493,73.66947056244213,16.17654911748047,14.405517159921265,0.6265463459520877,73.04292421649004,0.626546345952093,0.0,0.8504830307162765,100.00000000000084,51.1589213012019,50.860293649062484,0.298627652139416
2022-11-09 07:00:00,0.0,52.419867612746316,0.0,40.83459746264813,53.523319604916786,98.76960946899328,49.199100212109414,17.137471881628418,5.739191611131087,93.03041785786219,5.7391916111310906,0.0,5.810685738240965,100.00000000000007,55.616124459731495,52.94441598091775,2.6717084788137413
2022-11-09 08:00:00,0.0,4.745472704095723,0.0,40.83459746264813,5.849440565285931,186.98067465638707,107.29107907031253,22.752846220947266,26.742727581336123,160.23794707505095,26.742727581336112,0.0,14.302401908903695,99.99999999999996,78.9203612534055,67.78348606579598,11.136875187609519
2022-11-09 09:00:00,0.0,0.2278032360535572,0.0,40.83459746264813,2.416000042167412,178.6320965489585,162.36531599062494,26.77391612470703,46.4542942803114,132.1778022686471,46.45429428031139,0.0,26.005569647210326,99.99999999999997,70.910722859557,52.58311013714574,18.32761272241126
2022-11-09 10:00:00,0.0,0.0,0.22614918900653214,40.83459746264813,1.1041251676082198,176.9316507900969,180.09941044218743,29.528106576318358,50.999623470827835,125.93202731926908,50.99962347082783,0.0,28.824477273052345,99.99999999999999,69.51088773243022,49.53204023585077,19.978847496579448
2022-11-09 11:00:00,0.0,0.0,1.5466890259453092,40.83459746264813,2.188830819150547,180.1787855749038,231.36378766874972,28.33011836464843,65.8117592972057,114.3670262776981,65.8117592972057,0.0,36.52580912187716,100.0,72.78002610620754,46.340480867351644,26.4395452388559
2022-11-09 12:00:00,0.0,0.0,2.7601420865929973,40.83459746264813,2.1892577569002385,180.8478896931059,189.91892259140616,26.534966330981444,54.38600689817321,126.4618827949327,54.38600689817321,0.0,30.07279044862775,100.0,71.0858083678746,49.82686213144769,21.258946236426915
2022-11-09 13:00:00,0.0,0.0,2.935786549058403,40.83459746264813,2.1891276624917047,183.17337888790698,208.14856428515316,27.104642633911038,59.47997023226883,123.69340865563814,59.47997023226884,0.0,32.47195121550257,100.00000000000003,71.55151583876956,48.44533180264007,23.10618403612949
2022-11-09 14:00:00,0.0,0.0,1.4005998452617818,40.83459746264813,1.1038683580118027,178.1061014463521,188.43673281346938,26.98864790042092,53.870462166269995,124.23563928008213,53.87046216626999,0.0,30.24627552273748,99.99999999999999,72.39138858474666,50.55580480258161,21.835583782165052
2022-11-09 15:00:00,0.0,0.0,0.0235268404648478,40.83459746264813,2.1877822453541094,176.72902844155522,115.15129617122622,22.99847800535082,30.776874293330696,145.9521541482245,30.776874293330707,0.0,17.414724997205937,100.00000000000004,74.58740817446304,61.666814693008405,12.920593481454631
2022-11-09 16:00:00,0.0,0.0,0.0,40.83459746264813,1.104300943682827,188.49990114649253,31.113690964869097,19.872302842652157,2.272730797301776,186.22717034919077,2.2727307973017616,0.0,1.2056933629559365,99.99999999999937,88.21885868257343,87.15760703677337,1.0612516458000556
2022-11-09 17:00:00,0.0,0.0,0.0,40.83459746264813,2.187481795416971,180.35132106710464,0.0,17.8,0.0,180.35132106710464,0.0,0.0,0.0,0.0,85.86866035307416,85.86866035307416,0.0
2022-11-09 18:00:00,0.0,0.5685940358653974,0.0,40.83459746264813,0.5885940518653973,136.74485312545113,0.0,17.8,0.0,136.74485312545113,0.0,0.0,0.0,0.0,63.90839017405754,63.90839017405754,0.0
2022-11-09 19:00:00,0.0,3.905845060184911,0.0,40.83459746264813,5.009159934045976,134.17605986162698,0.0,18.3,0.0,134.17605986162698,0.0,0.0,0.0,0.0,63.03011319852646,63.03011319852646,0.0
2022-11-09 20:00:00,0.0,11.66375883471652,0.0,40.83459746264811,12.767024642505113,111.9853861309906,0.0,17.8,0.0,111.9853861309906,0.0,0.0,0.0,0.0,53.83158313674021,53.83158313674021,0.0
2022-11-09 21:00:00,0.0,18.163932607191565,0.0,40.83459746264811,19.266989048740804,110.70098949907849,0.0,17.2,0.0,110.70098949907849,0.0,0.0,0.0,0.0,54.78225901950116,54.78225901950116,0.0
2022-11-09 22:00:00,0.0,0.0,0.0,0.0,0.020000016,47.675718305793986,0.0,17.2,0.0,47.675718305793986,0.0,0.0,0.0,0.0,22.137291613219514,22.137291613219514,0.0
2022-11-09 23:00:00,0.0,0.0,0.0,0.0,0.020000016,43.46825895116388,0.0,17.8,0.0,43.46825895116388,0.0,0.0,0.0,0.0,19.76774899107832,19.76774899107832,0.0
2022-11-10 00:00:00,0.0,0.0,0.0,0.0,1.1028098278585146,43.46825895116388,0.0,17.2,0.0,43.46825895116388,0.0,0.0,0.0,0.0,19.600401407754315,19.600401407754315,0.0
2022-11-10 01:00:00,0.0,0.0,0.0,1.3356944969949969,0.020000016,44.80395344815888,0.0,16.1,0.0,44.80395344815888,0.0,0.0,0.0,0.0,19.808740593387277,19.808740593387277,0.0
2022-11-10 02:00:00,0.0,0.34999906253335383,0.0,4.761176255891092,0.3699990785333538,48.22943520705497,0.0,16.1,0.0,48.22943520705497,0.0,0.0,0.0,0.0,21.566818408265487,21.566818408265487,0.0
2022-11-10 03:00:00,0.0,1.6755943929699928,0.0,5.8606470494638465,2.778581878321393,49.328906000627725,0.0,14.4,0.0,49.328906000627725,0.0,0.0,0.0,0.0,22.640084409048583,22.640084409048583,0.0
2022-11-10 04:00:00,0.0,3.877229671302093,0.0,6.452901769483154,3.897229687302093,49.92116072064703,0.0,15.0,0.0,49.92116072064703,0.0,0.0,0.0,0.0,23.203661013935374,23.203661013935374,0.0
2022-11-10 05:00:00,0.0,5.463125283394383,0.0,7.997418833672686,6.566174083166803,55.67313713946667,0.0,17.2,0.0,55.67313713946667,0.0,0.0,0.0,0.0,25.96653118889369,25.96653118889369,0.0
2022-11-10 06:00:00,0.0,81.40925105431307,0.0,40.83459746264813,81.42925107031307,73.66947056244213,15.404251480664058,16.581382858770752,0.5637480474111413,73.10572251503099,0.5637480474111385,0.0,0.7652397161362882,99.99999999999952,46.900972431250466,46.65426219200217,0.24671023924829427
2022-11-10 07:00:00,0.0,41.56920359482489,0.0,40.83459746264813,42.672636929202696,98.76960946899328,47.66364211640626,19.7894888161377,5.335190794155817,93.43441867483746,5.335190794155821,0.0,5.4016522114838335,100.00000000000007,47.78615663517063,45.61993579297351,2.16622084219712
2022-11-10 08:00:00,0.0,2.4215109627345437,0.0,40.83459746264813,4.609516344471274,186.98067465638707,72.41261599687499,24.46289424990234,12.105233257234545,174.87544139915252,12.105233257234545,0.0,6.474055823940221,100.0,70.27176318395861,65.77606113072056,4.495702053238048
2022-11-10 09:00:00,0.0,0.0,0.0,40.83459746264813,1.104121910736678,178.6320965489585,123.51870707343758,27.759959596044922,34.79286553641608,143.8392310125424,34.79286553641609,0.0,19.477387439653242,100.00000000000003,63.3800769961465,51.07401442024381,12.306062575902686
2022-11-10 10:00:00,0.0,0.0,1.8464727268936516,40.83459746264813,2.188292490399139,178.551974327984,192.11019648046863,32.70344364001464,53.75074441444091,124.8012299135431,53.7507444144409,0.0,30.103696482070593,99.99999999999999,63.11931155052397,44.23667503773088,18.882636512793084
2022-11-10 11:00:00,0.0,0.0,5.48860993350114,40.83459746264813,1.1044151014555879,184.1207064824596,208.39196054531237,34.81224876704101,57.837952408608274,126.28275407385134,57.837952408608274,0.0,31.413062394542923,100.0,65.23764875423703,44.806970445420234,20.430678308816795
2022-11-10 12:00:00,0.0,0.0,6.76232370218557,40.83459746264813,2.189369140195389,184.85007130869852,181.28298413671877,34.56509325427246,50.36176112734105,134.48831018135746,50.361761127341055,0.0,27.24465334029394,100.00000000000003,67.12969381456774,48.94783900356945,18.181854810998296
2022-11-10 13:00:00,0.0,0.0,6.638302964380062,40.83459746264813,3.2736515043481105,186.87589530322867,187.80736076421422,33.06898002388169,52.47369490969152,134.40220039353716,52.47369490969152,0.0,28.079434656110475,100.0,67.16489439028092,48.47087821022877,18.694016180052152
2022-11-10 14:00:00,0.0,0.0,4.328617577625886,40.83459746264813,1.1038799618010937,181.03411917871628,192.3745308357738,31.611704088617934,54.04850322886204,126.98561594985424,54.048503228862046,0.0,29.8554236483486,100.00000000000003,67.790557951418,47.61073854337391,20.179819408044082
2022-11-10 15:00:00,0.0,0.0,0.6638692197380155,40.83459746264813,1.10384581440781,177.36937082082838,101.90362148902533,26.484488171532043,23.79412440025835,153.57524642057004,23.79412440025834,0.0,13.415013139046557,99.99999999999996,71.41964505539971,61.86535234371997,9.554292711679743
2022-11-10 16:00:00,0.0,0.0,0.0,40.83459746264813,2.188646289342314,188.49990114649253,28.72039512252704,21.997512347578972,1.9215927853980095,186.5783083610945,1.921592785398019,0.0,1.0194131528507566,100.00000000000048,82.53289859533355,81.69556453909637,0.8373340562371823
2022-11-10 17:00:00,0.0,0.0,0.0,40.83459746264813,1.1036188487196663,180.35132106710464,0.0,20.6,0.0,180.35132106710464,0.0,0.0,0.0,0.0,81.83563426836841,81.83563426836841,0.0
2022-11-10 18:00:00,0.0,0.0,0.0,40.83459746264813,1.1034531054339838,136.74485312545113,0.0,20.6,0.0,136.74485312545113,0.0,0.0,0.0,0.0,60.97697833299456,60.97697833299456,0.0
2022-11-10 19:00:00,0.0,0.22088275866788676,0.0,40.83459746264813,1.3240393505937174,134.17605986162698,0.0,21.1,0.0,134.17605986162698,0.0,0.0,0.0,0.0,58.874673753509825,58.874673753509825,0.0
2022-11-10 20:00:00,0.0,4.954751068236962,0.0,40.83459746264811,6.058068568218336,111.9853861309906,0.0,21.7,0.0,111.9853861309906,0.0,0.0,0.0,0.0,49.582109729961445,49.582109729961445,0.0
2022-11-10 21:00:00,0.0,12.28286197572105,0.0,40.83459746264811,12.302861991721048,110.70098949907849,0.0,20.6,0.0,110.70098949907849,0.0,0.0,0.0,0.0,50.383903452207306,50.383903452207306,0.0
2022-11-10 22:00:00,0.0,0.0,0.0,0.0,0.020000016,47.675718305793986,0.0,20.0,0.0,47.675718305793986,0.0,0.0,0.0,0.0,21.116316105700935,21.116316105700935,0.0
2022-11-10 23:00:00,0.0,0.0,0.0,0.0,1.1029566950986283,43.46825895116388,0.0,18.9,0.0,43.46825895116388,0.0,0.0,0.0,0.0,19.54131101908813,19.54131101908813,0.0
2022-11-11 00:00:00,0.0,0.0,0.0,0.0,0.020000016,38.10742263904787,0.0,19.4,0.0,38.10742263904787,0.0,0.0,0.0,0.0,17.892940031950957,17.892940031950957,0.0
2022-11-11 01:00:00,0.0,0.0,0.0,0.0,1.1029199730847365,38.10742263904787,0.0,18.3,0.0,38.10742263904787,0.0,0.0,0.0,0.0,19.04536921248457,19.04536921248457,0.0
2022-11-11 02:00:00,0.0,0.0,0.0,0.0,0.020000016,38.10742263904787,0.0,17.8,0.0,38.10742263904787,0.0,0.0,0.0,0.0,18.784653721704675,18.784653721704675,0.0
2022-11-11 03:00:00,0.0,0.14456300816171608,0.0,2.92219583503308,0.1645630241617161,41.02961847408094,0.0,16.7,0.0,41.02961847408094,0.0,0.0,0.0,0.0,20.212304116141276,20.212304116141276,0.0
2022-11-11 04:00:00,0.0,1.2929399917166942,0.0,5.58283911360989,2.3958724502158626,43.690261752657754,0.0,16.7,0.0,43.690261752657754,0.0,0.0,0.0,0.0,22.046916377649026,22.046916377649026,0.0
2022-11-11 05:00:00,0.0,2.418626714431253,0.0,6.219588791907761,2.438626730431253,44.32701143095563,0.0,16.7,0.0,44.32701143095563,0.0,0.0,0.0,0.0,21.80646834286623,21.80646834286623,0.0
2022-11-11 06:00:00,0.0,2.5032246577824973,0.0,5.27455507723403,3.6061999529769917,28.541132510281898,14.016224842382817,17.138007026324463,0.4657980648236904,28.075334445458207,0.4657980648236908,0.0,1.6320237630931,100.00000000000009,14.309226520001904,14.086293237186961,0.2229332828149424
2022-11-11 07:00:00,0.0,0.28040163875536345,0.0,3.666221809888987,0.30040165475536335,23.964630201736856,34.29426764091796,19.971695863778685,2.760140737825035,21.20448946391182,2.7601407378250364,0.0,11.517560315305817,100.00000000000004,10.99549883039581,9.735315174430722,1.260183655965088
2022-11-11 08:00:00,0.0,0.0,0.0,0.0,0.020000016,20.298408391847865,50.19993034804687,23.268747823376465,5.843348153104889,14.455060238742975,5.843348153104889,0.0,28.78722331476818,100.0,8.599976965110695,6.125319022270775,2.4746579428399205
2022-11-11 09:00:00,0.0,0.0,0.0,1.861061878547067,1.1029151053441275,22.159470270394934,61.92224262597648,26.935070082061763,8.771122961427288,13.388347308967646,8.771122961427288,0.0,39.58182598410538,100.0,9.069681054799153,5.558337399650966,3.5113436551481865
2022-11-11 10:00:00,0.0,0.0,0.0,4.536220795987525,0.020000016,24.83462918783539,69.63031096699224,29.375947217718508,10.989803655108219,13.844825532727171,10.989803655108219,0.0,44.251933749392535,100.0,9.66911451792272,5.391937884372877,4.277176633549844
2022-11-11 11:00:00,0.0,0.0,0.04753715223066824,3.62897663679002,0.020000016,23.974922180868553,73.04479878867183,30.082649962145997,12.061908763901393,11.91301341696716,12.061908763901393,0.0,50.31052310787696,100.0,9.20529601879138,4.575875125662206,4.629420893129174
2022-11-11 12:00:00,0.0,0.0,0.15677732482759701,4.536220795987525,1.102737094845045,24.991406512662984,77.5663965527344,29.12394989227295,13.650604921613475,11.340801591049509,13.650604921613475,0.0,54.62119514840752,100.0,10.16437144564249,4.720919721050685,5.443451724591804
2022-11-11 13:00:00,0.0,0.0,0.27969479488944554,4.8495691908511915,0.020000016,25.4276723775885,127.3426610541568,28.3794581579424,36.21610628166777,0.0,25.4276723775885,10.78843390407927,100.0,70.21095028777219,10.335245713262996,0.0036010111631256747,10.33164470209987
2022-11-11 14:00:00,0.0,0.0,0.06874553024646005,9.598020753491259,1.1030429434279179,29.965174675585587,163.76906119016135,29.01778316219254,46.46433699560767,0.0,29.965174675585587,16.49916232002208,100.0,64.49069676474289,12.431736074186315,0.19860333875187575,12.233132735434438
2022-11-11 15:00:00,0.0,0.0,0.0,7.685771174569109,0.020000016,27.984179566416977,124.05183118382772,26.076619724494616,35.314687680625745,0.0,27.984179566416977,7.330508114208769,100.0,79.24232494846495,11.693012578748991,0.0036010111631256747,11.689411567585866
2022-11-11 16:00:00,0.0,0.0,0.0,1.8066668519977482,1.102866556514864,31.009582367445613,40.75448689669904,21.273577715521846,3.8795412918899,27.130041075555713,3.8795412918899004,0.0,12.510782137984252,100.00000000000003,14.302814976312263,12.53826381281552,1.7645511634967423
2022-11-11 17:00:00,0.0,0.0,0.0,0.0,0.020000016,38.10742263904787,0.0,19.4,0.0,38.10742263904787,0.0,0.0,0.0,0.0,17.90989783502533,17.90989783502533,0.0
2022-11-11 18:00:00,0.0,0.0,0.0,0.0,0.020000016,38.10742263904787,0.0,19.4,0.0,38.10742263904787,0.0,0.0,0.0,0.0,17.92628402676012,17.92628402676012,0.0
2022-11-11 19:00:00,0.0,0.0,0.0,0.0,1.1027838254887288,38.10742263904787,0.0,18.3,0.0,38.10742263904787,0.0,0.0,0.0,0.0,18.051312579513965,18.051312579513965,0.0
2022-11-11 20:00:00,0.0,0.0,0.0,0.0,0.020000016,38.10742263904787,0.0,19.4,0.0,38.10742263904787,0.0,0.0,0.0,0.0,18.060993765789156,18.060993765789156,0.0
2022-11-11 21:00:00,0.0,0.0,0.0,0.0,0.020000016,38.10742263904787,0.0,18.3,0.0,38.10742263904787,0.0,0.0,0.0,0.0,18.42148998395455,18.42148998395455,0.0
2022-11-11 22:00:00,0.0,0.0,0.0,0.0,1.1029192746588388,38.10742263904787,0.0,17.8,0.0,38.10742263904787,0.0,0.0,0.0,0.0,18.87217085083822,18.87217085083822,0.0
2022-11-11 23:00:00,0.0,0.0,0.0,0.0,0.020000016,38.10742263904787,0.0,16.7,0.0,38.10742263904787,0.0,0.0,0.0,0.0,19.648358455818695,19.648358455818695,0.0
2022-11-12 00:00:00,0.0,0.0,0.0,0.0,1.1028460858018878,38.10742263904787,0.0,16.7,0.0,38.10742263904787,0.0,0.0,0.0,0.0,20.192198793370835,20.192198793370835,0.0
2022-11-12 01:00:00,0.0,0.0,0.0,0.0,0.020000016,38.10742263904787,0.0,16.7,0.0,38.10742263904787,0.0,0.0,0.0,0.0,19.666268944459045,19.666268944459045,0.0
2022-11-12 02:00:00,0.0,0.0,0.0,1.1417078439377244,0.020000016,39.249130482985585,0.0,15.0,0.0,39.249130482985585,0.0,0.0,0.0,0.0,20.275580659972768,20.275580659972768,0.0
2022-11-12 03:00:00,0.0,0.08245408021920539,0.0,2.9304598611490773,1.1853637195043927,41.03788250019694,0.0,15.6,0.0,41.03788250019694,0.0,0.0,0.0,0.0,21.561331705177242,21.561331705177242,0.0
2022-11-12 04:00:00,0.0,0.1640843532855261,0.0,3.7669366780059255,0.18408436928552607,41.87435931705379,0.0,15.0,0.0,41.87435931705379,0.0,0.0,0.0,0.0,21.65224806692725,21.65224806692725,0.0
2022-11-12 05:00:00,0.0,1.2010005817372196,0.0,5.882273191861271,1.2210005977372196,43.989695830909135,0.0,15.0,0.0,43.989695830909135,0.0,0.0,0.0,0.0,22.366454029329613,22.366454029329613,0.0
2022-11-12 06:00:00,0.0,1.2327969157520133,0.0,4.599923877141051,2.335755662291392,27.866501310188912,12.363477671337886,14.786358677229309,0.3654882772699297,27.501013032918983,0.36548827726992883,0.0,1.3115685862447837,99.99999999999976,14.264492292664547,14.082919543958234,0.1815727487063139
2022-11-12 07:00:00,0.0,0.1719705778002743,0.0,1.609370419790953,0.19197059380027431,21.90777881163882,32.53216631220703,18.216630197256467,2.499620208030554,19.408158603608268,2.499620208030553,0.0,11.409738200855827,99.99999999999997,10.324209937162346,9.150188317854555,1.1740216193077906
2022-11-12 08:00:00,0.0,0.0,0.0,0.6300028303144583,1.1029551198817704,20.928411222162325,71.31265091542967,22.82852034110718,11.811118360572532,9.117292861589792,11.811118360572532,0.0,56.4358098433437,100.0,9.041155193617938,4.050780519500634,4.990374674117303
2022-11-12 09:00:00,0.0,0.0,0.0,3.9760390490134077,0.020000016,24.274447440861273,51.45220462851562,23.80788139464111,6.126350525113082,18.14809691574819,6.126350525113082,0.0,25.237857792802203,100.0,9.818609717163769,7.341511777592171,2.477097939571598
2022-11-12 10:00:00,0.0,0.0,0.21267740950130784,3.9662922368365097,0.020000016,24.477378038185687,58.91666069179687,25.74114564661865,7.975651096452085,16.5017269417336,7.975651096452086,0.0,32.58376401267224,100.00000000000003,9.821354955389213,6.622361178857764,3.1989937765314487
2022-11-12 11:00:00,0.0,0.0,2.75913300352891,4.198905195941035,1.1029846438862063,27.256446591317804,62.97404859667961,23.667939018646237,9.18207682354264,18.074369767775163,9.18207682354264,0.0,33.68772518743318,100.0,11.008363277778933,7.366797519946039,3.641565757832894
2022-11-12 12:00:00,0.0,0.0,4.359182288887205,3.9662922368365097,0.020000016,28.623882917571578,60.7037003332031,23.596990635412595,8.53417324772593,20.089709669845647,8.534173247725931,0.0,29.814869185644234,100.00000000000003,11.246346624112302,7.894336726736749,3.352009897375553
2022-11-12 13:00:00,0.0,0.0,5.073636645555433,7.015110269824563,1.1031627743191328,32.38715530722786,113.86963125771886,25.258425976803714,29.845773764782237,2.5413815424456203,29.845773764782237,0.0,92.15311898084961,100.0,12.928234372082835,1.1975022227040015,11.730732149378834
2022-11-12 14:00:00,0.0,0.0,3.668782758283571,8.30646971084449,0.020000016,32.27366086097593,156.91354816042644,25.503548380013328,45.10690501749311,0.0,32.27366086097593,12.833244156517182,100.0,71.54926911624669,12.899833154600497,0.0036010111631256747,12.896232143437372
2022-11-12 15:00:00,0.0,0.0,0.6470182722799006,9.624127038451011,0.020000016,30.569553702578773,117.65709180805256,23.676784119001642,32.05086593037223,0.0,30.569553702578773,1.4813122277934596,100.0,95.37824584517783,12.554084131525354,0.0036010111631256747,12.550483120362228
2022-11-12 16:00:00,0.0,0.0,0.0,5.455986907173764,1.1029076705124983,34.65890242262164,39.29860876530733,19.528081523915855,3.6302937602784713,31.028608662343167,3.6302937602784695,0.0,10.47434715621289,99.99999999999996,15.632014937088735,14.015463277105534,1.6165516599832017
2022-11-12 17:00:00,0.0,0.0,0.0,0.0,0.020000016,38.10742263904787,0.0,17.2,0.0,38.10742263904787,0.0,0.0,0.0,0.0,17.448226409753264,17.448226409753264,0.0
2022-11-12 18:00:00,0.0,0.0,0.0,0.0,1.102953995444795,38.10742263904787,0.0,16.7,0.0,38.10742263904787,0.0,0.0,0.0,0.0,17.406756164745527,17.406756164745527,0.0
2022-11-12 19:00:00,0.0,0.0,0.0,0.0,0.020000016,38.10742263904787,0.0,17.2,0.0,38.10742263904787,0.0,0.0,0.0,0.0,16.96616751336931,16.96616751336931,0.0
2022-11-12 20:00:00,0.0,0.0,0.0,0.0,0.020000016,38.10742263904787,0.0,16.7,0.0,38.10742263904787,0.0,0.0,0.0,0.0,17.220534559484953,17.220534559484953,0.0
2022-11-12 21:00:00,0.0,0.0,0.0,0.0,1.1029229499833184,38.10742263904787,0.0,16.7,0.0,38.10742263904787,0.0,0.0,0.0,0.0,17.69084141077143,17.69084141077143,0.0
2022-11-12 22:00:00,0.0,0.0,0.0,0.0,0.020000016,38.10742263904787,0.0,16.7,0.0,38.10742263904787,0.0,0.0,0.0,0.0,17.445749427281726,17.445749427281726,0.0
2022-11-12 23:00:00,0.0,0.0,0.0,0.0,1.1028860926272188,38.10742263904787,0.0,16.7,0.0,38.10742263904787,0.0,0.0,0.0,0.0,18.626562537491026,18.626562537491026,0.0
2022-11-13 00:00:00,0.0,0.0,0.0,0.0,0.020000016,43.46825895116388,0.0,16.7,0.0,43.46825895116388,0.0,0.0,0.0,0.0,21.283052498115897,21.283052498115897,0.0
2022-11-13 01:00:00,0.0,0.0,0.0,0.0,0.020000016,43.46825895116388,0.0,16.1,0.0,43.46825895116388,0.0,0.0,0.0,0.0,21.230238563490232,21.230238563490232,0.0
2022-11-13 02:00:00,0.0,0.0,0.0,0.0,1.1029246526453351,43.46825895116388,0.0,15.6,0.0,43.46825895116388,0.0,0.0,0.0,0.0,21.42065542558472,21.42065542558472,0.0
2022-11-13 03:00:00,0.0,0.0,0.0,0.0,0.020000016,43.46825895116388,0.0,16.1,0.0,43.46825895116388,0.0,0.0,0.0,0.0,21.179380700517367,21.179380700517367,0.0
2022-11-13 04:00:00,0.0,0.08329506097114167,0.0,2.380080510730606,1.1862573511971,45.84833946189449,0.0,16.1,0.0,45.84833946189449,0.0,0.0,0.0,0.0,22.42160479588358,22.42160479588358,0.0
2022-11-13 05:00:00,0.0,0.8009103987749588,0.0,4.482353085607256,0.8209104147749589,52.158071391401236,0.0,16.1,0.0,52.158071391401236,0.0,0.0,0.0,0.0,24.981567001363246,24.981567001363246,0.0
2022-11-13 06:00:00,0.0,68.4980157077172,0.0,40.83459746264813,68.5180157237172,73.66947056244213,12.158801450683614,16.479962545333866,0.35135278742041726,73.3181177750217,0.3513527874204243,0.0,0.4769313322573945,100.000000000002,46.79890708721624,46.634546010024906,0.1643610771913373
2022-11-13 07:00:00,0.0,30.325884079737254,0.0,40.83459746264813,31.42916162884461,98.76960946899328,36.77480534707029,17.849212667095944,3.198338214407118,95.57127125458616,3.1983382144071157,0.0,3.2381804804150502,99.99999999999993,51.11705247664749,49.64503330515768,1.472019171489805
2022-11-13 08:00:00,0.0,0.6239689217743509,0.0,40.83459746264813,2.812098789785577,186.98067465638707,97.50248218476622,20.246952568273944,22.28871646301446,164.6919581933726,22.288716463014453,0.0,11.92033160858696,99.99999999999997,78.26971233448069,69.0000580446776,9.269654289803086
2022-11-13 09:00:00,0.0,0.0,0.8471568327186502,40.83459746264813,1.1041291602713776,179.47925338167715,137.0870727960936,21.483971024877924,39.994698424417,139.48455495726014,39.99469842441701,0.0,22.283744594905937,100.00000000000003,71.02849146708944,55.2449836808775,15.783507786211935
2022-11-13 10:00:00,0.0,0.0,5.536428347696048,40.83459746264813,2.188289054184948,182.2419299487864,219.36042129374832,24.655013165429637,63.25644216557527,118.98548778321114,63.256442165575265,0.0,34.71014721110097,99.99999999999999,71.0409977047082,46.51932161701212,24.521676087696086
2022-11-13 11:00:00,0.0,0.0,9.271774430433526,40.83459746264813,2.188816216408148,187.903870979392,216.91852766718742,25.07870398959961,62.454343668211905,125.44952731118009,62.454343668211905,0.0,33.237390662942474,100.0,73.55540895136916,49.23849797243252,24.31691097893664
2022-11-13 12:00:00,0.0,0.0,11.986633790554878,40.83459746264813,2.189388976557713,190.0743813970678,167.67834450468735,23.539948265771482,48.55224240522084,141.522138991847,48.552242405220824,0.0,25.543811874254935,99.99999999999997,74.44052678083885,55.526272468249,18.914254312589854
2022-11-13 13:00:00,0.0,0.0,18.35066750235282,40.83459746264813,2.189135566522532,198.58825984120142,215.91224313810721,25.04725759806585,62.17185318056452,136.4164066606369,62.17185318056451,0.0,31.306912719956077,99.99999999999999,79.3975292366343,54.664011745076216,24.733517491558082
2022-11-13 14:00:00,0.0,0.0,21.590439621279696,40.83459746264813,1.1039031743469385,198.29594122237006,115.33297121677151,21.40415535052411,31.054851777591846,167.24108944477823,31.054851777591836,0.0,15.660861027289897,99.99999999999997,77.58275780600889,65.46375717406255,12.119000631946335
2022-11-13 15:00:00,0.0,0.0,9.946021581397192,40.83459746264813,2.187730194448665,186.65152318248755,88.21513190719445,19.956722872099824,18.2640865634344,168.38743661905315,18.264086563434404,0.0,9.785125913801286,100.00000000000003,76.76050592236741,69.28793754580387,7.472568376563544
2022-11-13 16:00:00,0.0,0.0,0.6126836730486257,40.83459746264813,1.1043392207861988,189.11258481954115,18.16426164230438,17.76763317632201,0.7805249880129765,188.33205983152817,0.780524988012985,0.0,0.41273032609532223,100.0000000000011,85.06594586056842,84.71567356432277,0.3502722962456488
2022-11-13 17:00:00,0.0,0.0,0.0,40.83459746264813,2.1874665569373777,180.35132106710464,0.0,17.2,0.0,180.35132106710464,0.0,0.0,0.0,0.0,85.40064593121046,85.40064593121046,0.0
2022-11-13 18:00:00,0.0,0.0,0.0,40.83459746264813,1.103523814952171,136.74485312545113,0.0,17.2,0.0,136.74485312545113,0.0,0.0,0.0,0.0,63.68112053482839,63.68112053482839,0.0
2022-11-13 19:00:00,0.0,0.0,0.0,40.83459746264813,0.020000016,134.17605986162698,0.0,17.2,0.0,134.17605986162698,0.0,0.0,0.0,0.0,62.04929461237667,62.04929461237667,0.0
2022-11-13 20:00:00,0.0,1.9628260653116367,0.0,40.83459746264813,3.0661537399661953,111.9853861309906,0.0,17.2,0.0,111.9853861309906,0.0,0.0,0.0,0.0,52.24227678096673,52.24227678096673,0.0
2022-11-13 21:00:00,0.0,4.399849410476524,0.0,40.83459746264811,5.502907762280524,110.70098949907849,0.0,17.2,0.0,110.70098949907849,0.0,0.0,0.0,0.0,52.45015579008714,52.45015579008714,0.0
2022-11-13 22:00:00,0.0,0.0,0.0,0.0,0.020000016,47.675718305793986,0.0,17.2,0.0,47.675718305793986,0.0,0.0,0.0,0.0,22.4860394926264,22.4860394926264,0.0
2022-11-13 23:00:00,0.0,0.0,0.0,0.0,0.020000016,43.46825895116388,0.0,16.7,0.0,43.46825895116388,0.0,0.0,0.0,0.0,20.117016451750924,20.117016451750924,0.0
2022-11-14 00:00:00,0.0,0.0,0.0,0.0,1.102917895264247,43.46825895116388,0.0,17.2,0.0,43.46825895116388,0.0,0.0,0.0,0.0,20.46522187716887,20.46522187716887,0.0
2022-11-14 01:00:00,0.0,0.0,0.0,0.0,0.020000016,43.46825895116388,0.0,16.7,0.0,43.46825895116388,0.0,0.0,0.0,0.0,20.323708023063705,20.323708023063705,0.0
2022-11-14 02:00:00,0.0,0.0,0.0,0.0,1.1029095382268672,43.46825895116388,0.0,16.1,0.0,43.46825895116388,0.0,0.0,0.0,0.0,20.926201258657926,20.926201258657926,0.0
2022-11-14 03:00:00,0.0,0.0,0.0,0.0,0.020000016,43.46825895116388,0.0,15.6,0.0,43.46825895116388,0.0,0.0,0.0,0.0,20.94465210218108,20.94465210218108,0.0
2022-11-14 04:00:00,0.0,0.0,0.0,0.0,0.020000016,43.46825895116388,0.0,16.1,0.0,43.46825895116388,0.0,0.0,0.0,0.0,21.07136207702372,21.07136207702372,0.0
2022-11-14 05:00:00,0.0,0.0,0.0,2.7282091819758083,1.1029509307907979,50.40392748776979,0.0,15.6,0.0,50.40392748776979,0.0,0.0,0.0,0.0,24.026035413131872,24.026035413131872,0.0
2022-11-14 06:00:00,0.0,52.384767443922165,0.0,40.83459746264813,52.40476745992216,73.66947056244213,10.874409646289065,15.939825301446533,0.28158781007477535,73.38788275236735,0.2815878100747824,0.0,0.38223134756494415,100.00000000000252,44.206016798870614,44.07311298427152,0.1329038145990964
2022-11-14 07:00:00,0.0,20.397164095400413,0.0,40.83459746264813,21.500650655068178,98.76960946899328,28.72618820156248,18.097693381298825,1.9498017742287113,96.81980769476456,1.9498017742287175,0.0,1.974090800511688,100.00000000000031,48.69038059099987,47.805609290899234,0.8847713001006383
2022-11-14 08:00:00,0.0,0.4147965385026956,0.0,40.83459746264813,2.6028160013838253,186.98067465638707,42.808228205273394,19.637757131414794,4.305951660061237,182.67472299632584,4.3059516600612255,0.0,2.3028859361932668,99.99999999999973,77.9683881304961,76.18365728643393,1.7847308440621674
2022-11-14 09:00:00,0.0,0.0,0.7699552951838927,40.83459746264813,1.1041278523633964,179.40205184414236,52.02207598886718,22.2256898746521,6.299311980575748,173.10273986356663,6.299311980575737,0.0,3.5112820147945345,99.99999999999983,71.18998461230056,68.69728386846694,2.4927007438336233
2022-11-14 10:00:00,0.0,0.0,5.295109479691456,40.83459746264813,2.1883344636528967,182.0006110807818,60.05880793300781,22.976837747906494,8.372878349524518,173.62773273125728,8.372878349524512,0.0,4.600467163161431,99.99999999999993,71.00842761963744,67.75983454880543,3.2485930708320154
2022-11-14 11:00:00,0.0,0.0,10.040742399921198,40.83459746264813,2.1889164805206405,188.67283894887964,63.923628095507794,21.397613377984616,9.540161047304375,179.13267790157528,9.540161047304366,0.0,5.056457039844111,99.99999999999991,73.7718124785865,70.06150074487412,3.7103117337123734
2022-11-14 12:00:00,0.0,0.0,14.337933709785549,40.83459746264813,2.189601422501954,192.4256813162985,61.2445113457031,20.81389097955322,8.775904251161824,183.64977706513667,8.775904251161819,0.0,4.560672042904961,99.99999999999994,75.67116517380632,72.23803143075182,3.4331337430544977
2022-11-14 13:00:00,0.0,0.0,22.717458397091946,40.83459746264813,2.189092311453685,202.95505073594052,109.95254538017004,21.736017043130314,28.190741065164836,174.76430967077567,28.190741065164843,0.0,13.89014018766307,100.00000000000003,81.16721284435857,69.94772076153895,11.219492082819627
2022-11-14 14:00:00,0.0,0.0,35.36086729046061,40.83459746264813,1.103908118890997,212.06636889155098,154.29465420525213,23.12170794391413,44.74568239817069,167.3206864933803,44.745682398170686,0.0,21.09984842577904,99.99999999999999,86.81938815139522,68.54256671903842,18.276821432356797
2022-11-14 15:00:00,0.0,0.0,29.67735444230913,40.83459746264813,2.187743730470825,206.38285604339953,120.69375014688654,21.571679692090207,33.988055852732096,172.39480019066744,33.98805585273209,0.0,16.468449223119997,99.99999999999997,89.00541532116466,74.41247360051487,14.59294172064979
2022-11-14 16:00:00,0.0,0.0,6.538186155279361,40.83459746264813,1.1044003185250382,195.0380873017719,40.38420897560082,18.462006530487525,3.8484549867167344,191.18963231505515,3.848454986716746,0.0,1.9731812590851752,100.00000000000031,90.0938525529599,88.32006116503229,1.7737913879276164
2022-11-14 17:00:00,0.0,0.0,0.3929178114485892,40.83459746264813,2.187487505785403,180.74423887855323,0.0,17.2,0.0,180.74423887855323,0.0,0.0,0.0,0.0,86.3250915213207,86.3250915213207,0.0
2022-11-14 18:00:00,0.0,0.0,0.0,40.83459746264813,0.020000016,136.74485312545113,0.0,16.7,0.0,136.74485312545113,0.0,0.0,0.0,0.0,64.39196627807868,64.39196627807868,0.0
2022-11-14 19:00:00,0.0,0.0,0.0,40.83459746264813,1.1031959363559878,134.17605986162698,0.0,16.1,0.0,134.17605986162698,0.0,0.0,0.0,0.0,62.93801471589009,62.93801471589009,0.0
2022-11-14 20:00:00,0.0,0.0,0.0,40.83459746264813,1.103347762841533,111.9853861309906,0.0,17.2,0.0,111.9853861309906,0.0,0.0,0.0,0.0,52.619017469530235,52.619017469530235,0.0
2022-11-14 21:00:00,0.0,0.7991169939575883,0.0,40.83459746264813,1.902068817750456,110.70098949907849,0.0,14.4,0.0,110.70098949907849,0.0,0.0,0.0,0.0,52.48706237195894,52.48706237195894,0.0
2022-11-14 22:00:00,0.0,0.0,0.0,0.0,0.020000016,47.675718305793986,0.0,15.6,0.0,47.675718305793986,0.0,0.0,0.0,0.0,23.067444877365553,23.067444877365553,0.0
2022-11-14 23:00:00,0.0,0.0,0.0,0.0,0.020000016,43.46825895116388,0.0,15.6,0.0,43.46825895116388,0.0,0.0,0.0,0.0,20.68992810472726,20.68992810472726,0.0
2022-11-15 00:00:00,0.0,0.0,0.0,0.0,1.1029659561253815,43.46825895116388,0.0,13.3,0.0,43.46825895116388,0.0,0.0,0.0,0.0,20.732995005685993,20.732995005685993,0.0
2022-11-15 01:00:00,0.0,0.0,0.0,0.0,0.020000016,43.46825895116388,0.0,13.3,0.0,43.46825895116388,0.0,0.0,0.0,0.0,20.458024943222807,20.458024943222807,0.0
2022-11-15 02:00:00,0.0,0.0,0.0,0.0,1.1029520059383722,43.46825895116388,0.0,11.7,0.0,43.46825895116388,0.0,0.0,0.0,0.0,20.55846743426012,20.55846743426012,0.0
2022-11-15 03:00:00,0.0,0.0,0.0,0.0,0.020000016,43.46825895116388,0.0,12.2,0.0,43.46825895116388,0.0,0.0,0.0,0.0,20.53974527005099,20.53974527005099,0.0
2022-11-15 04:00:00,0.0,0.0,0.0,0.0,0.020000016,43.46825895116388,0.0,11.7,0.0,43.46825895116388,0.0,0.0,0.0,0.0,20.443028393884653,20.443028393884653,0.0
2022-11-15 05:00:00,0.0,0.0,0.0,0.0,1.1029829938446583,47.675718305793986,0.0,10.6,0.0,47.675718305793986,0.0,0.0,0.0,0.0,22.225966295039047,22.225966295039047,0.0
2022-11-15 06:00:00,0.0,27.028988826140623,0.0,40.83459746264813,27.048988842140623,76.63763960364213,0.0,10.6,0.0,76.63763960364213,0.0,0.0,0.0,0.0,39.88362004816118,39.88362004816118,0.0
2022-11-15 07:00:00,0.0,8.249661193989846,0.0,40.83459746264813,9.353170829974601,98.76960946899328,52.358914961718696,14.93621609255371,6.551508860798998,92.21810060819428,6.551508860799004,0.0,6.633122167862491,100.00000000000009,45.45972089398669,42.55602665179197,2.9036942421947245
2022-11-15 08:00:00,0.0,0.0,0.0,40.83459746264813,2.1880386664782825,186.98067465638707,86.08046016796872,19.89001438024902,17.395069085943824,169.58560557044325,17.395069085943817,0.0,9.303137405996956,99.99999999999996,76.49602675652395,69.41614666319938,7.079880093324562
2022-11-15 09:00:00,0.0,0.0,1.0558724033172437,40.83459746264813,1.1041338655323878,179.68796895227575,110.94251521289068,21.766953600402836,28.697417193932875,150.9905517583429,28.697417193932864,0.0,15.97069484465861,99.99999999999997,69.15046408578533,58.13840418595747,11.012059899827861
2022-11-15 10:00:00,0.0,0.0,2.887442182707157,40.83459746264813,2.1882245767556845,179.59294378379752,126.77291642812514,23.36165363837891,36.73192286296482,142.8610209208327,36.731922862964836,0.0,20.452876426584144,100.00000000000004,68.61147247278014,54.65903523289727,13.952437239882869
2022-11-15 11:00:00,0.0,0.0,7.836396055938579,40.83459746264813,2.1889272886250977,186.46849260489705,132.13898179453128,24.1293431810791,38.17862159185341,148.28987101304364,38.178621591853414,0.0,20.47456975626925,100.00000000000003,68.72456403738816,54.734199048161436,13.990364989226727
2022-11-15 12:00:00,0.0,0.0,14.965509430714505,40.83459746264813,2.1896436539752404,193.05325703722744,134.63830911093746,24.807447159716798,38.80345869204749,154.24979834517995,38.803458692047485,0.0,20.09987258830076,99.99999999999997,70.00152860400733,56.01055353800269,13.990975066004644
2022-11-15 13:00:00,0.0,0.0,17.34480308967028,40.83459746264813,2.18915305180005,197.58239542851885,151.8404628398638,24.745014463745743,43.77131026291595,153.8110851656029,43.77131026291596,0.0,22.15344649910953,100.00000000000003,73.91061560458309,57.62418648195732,16.28642912262577
2022-11-15 14:00:00,0.0,0.0,15.633356928744536,40.83459746264813,1.103917548414646,192.3388585298349,162.27210185641334,24.471003183012915,46.82583795751901,145.5130205723159,46.82583795751901,0.0,24.34549020173974,100.0,75.0243469456036,56.80769120498998,18.216655740613618
2022-11-15 15:00:00,0.0,0.0,10.732344268676366,40.83459746264813,2.187751040000694,187.43784586976673,105.04681797663943,21.582713061769983,25.74572079685711,161.69212507290962,25.745720796857114,0.0,13.735604289192182,100.00000000000003,76.25749921806411,65.83717618274417,10.420323035319939
2022-11-15 16:00:00,0.0,0.0,2.5048603987248717,40.83459746264813,1.104352906768204,193.9729305864174,25.604483552948107,18.000140111029626,1.5495989949365943,192.4233315914808,1.5495989949365878,0.0,0.7988738378349249,99.99999999999959,84.60034075495571,83.9260792402789,0.6742615146768145
2022-11-15 17:00:00,0.0,0.0,0.04142967467392203,40.83459746264813,2.187525617478341,180.39275074177857,0.0,16.7,0.0,180.39275074177857,0.0,0.0,0.0,0.0,80.3033436531556,80.3033436531556,0.0
2022-11-15 18:00:00,0.0,0.0,0.0,40.83459746264813,1.1034603895388637,136.74485312545113,0.0,16.7,0.0,136.74485312545113,0.0,0.0,0.0,0.0,58.857434421056176,58.857434421056176,0.0
2022-11-15 19:00:00,0.0,0.0,0.0,40.83459746264813,0.020000016,134.17605986162698,0.0,16.1,0.0,134.17605986162698,0.0,0.0,0.0,0.0,57.67515506088763,57.67515506088763,0.0
2022-11-15 20:00:00,0.0,0.13521606088607468,0.0,40.83459746264813,1.238509840941566,111.9853861309906,0.0,16.1,0.0,111.9853861309906,0.0,0.0,0.0,0.0,49.20316239572088,49.20316239572088,0.0
2022-11-15 21:00:00,0.0,0.6919297901932806,0.0,40.83459746264813,1.794879020537527,110.70098949907849,0.0,15.0,0.0,110.70098949907849,0.0,0.0,0.0,0.0,49.44119775167694,49.44119775167694,0.0
2022-11-15 22:00:00,0.0,0.0,0.0,0.0,0.020000016,47.675718305793986,0.0,13.9,0.0,47.675718305793986,0.0,0.0,0.0,0.0,21.514408353554316,21.514408353554316,0.0
2022-11-15 23:00:00,0.0,0.0,0.0,0.0,0.020000016,43.46825895116388,0.0,13.9,0.0,43.46825895116388,0.0,0.0,0.0,0.0,19.545408846543115,19.545408846543115,0.0
2022-11-16 00:00:00,0.0,0.0,0.0,0.0,1.1029225392888131,43.46825895116388,0.0,13.3,0.0,43.46825895116388,0.0,0.0,0.0,0.0,19.643237936560908,19.643237936560908,0.0
2022-11-16 01:00:00,0.0,0.0,0.0,0.0,0.020000016,43.46825895116388,0.0,11.7,0.0,43.46825895116388,0.0,0.0,0.0,0.0,19.50824348513987,19.50824348513987,0.0
2022-11-16 02:00:00,0.0,0.0,0.0,0.0,1.1029015897778698,43.46825895116388,0.0,11.1,0.0,43.46825895116388,0.0,0.0,0.0,0.0,19.250281103674265,19.250281103674265,0.0
2022-11-16 03:00:00,0.0,0.0,0.0,0.0,0.020000016,43.46825895116388,0.0,11.7,0.0,43.46825895116388,0.0,0.0,0.0,0.0,19.21374603074574,19.21374603074574,0.0
2022-11-16 04:00:00,0.0,0.0,0.0,0.0,0.020000016,43.46825895116388,0.0,11.1,0.0,43.46825895116388,0.0,0.0,0.0,0.0,19.296770405342464,19.296770405342464,0.0
2022-11-16 05:00:00,0.0,0.0,0.0,0.0,1.1029639577798245,47.675718305793986,0.0,10.6,0.0,47.675718305793986,0.0,0.0,0.0,0.0,21.35159019385943,21.35159019385943,0.0
2022-11-16 06:00:00,0.0,32.35164833650679,0.0,40.83459746264813,32.37164835250679,76.63763960364213,0.0,11.7,0.0,76.63763960364213,0.0,0.0,0.0,0.0,39.636073838037504,39.636073838037504,0.0
2022-11-16 07:00:00,0.0,10.714907207446076,0.0,40.83459746264813,11.818120292207396,98.76960946899328,39.9002698037109,14.546883431365966,3.809907734933729,94.95970173405955,3.8099077349337307,0.0,3.8573684308529885,100.00000000000004,44.462981311331326,42.82995960844536,1.6330217028859693
2022-11-16 08:00:00,0.0,0.0,0.0,40.83459746264813,2.188091613455546,186.98067465638707,142.37619350625002,19.449256047070314,41.846480797907546,145.13419385847953,41.84648079790753,0.0,22.380110070096006,99.99999999999997,72.82747545289082,56.61677648899341,16.210698963897414
2022-11-16 09:00:00,0.0,0.0,1.145959226045956,40.83459746264813,1.1041523573533156,179.77805577500447,155.0528256234377,22.045400800732427,45.143385337391926,134.63467043761256,45.14338533739192,0.0,25.110620505257714,99.99999999999999,69.26953211794529,51.92544347131931,17.344088646625977
2022-11-16 10:00:00,0.0,0.0,7.049215130846193,40.83459746264813,2.188374153913836,183.75471673193655,176.9911211320315,23.830972535375984,51.19392349841584,132.5607932335207,51.19392349841584,0.0,27.85992349415341,100.0,70.67560295470027,51.095207064643674,19.580395890056593
2022-11-16 11:00:00,0.0,0.0,10.75333966330255,40.83459746264813,2.1889157984522947,189.38543621226103,218.13260442187485,26.216643888183587,62.5393908091976,126.84604540306343,62.5393908091976,0.0,33.022280941974955,100.0,73.18156682261564,49.14549005596267,24.036076766652968
2022-11-16 12:00:00,0.0,0.0,12.172633320159722,40.83459746264813,2.1893631494596626,190.2603809266726,170.7869086171875,23.63709089428711,49.434666231998555,140.82571469467405,49.43466623199856,0.0,25.982638104278237,100.00000000000003,73.62351375657744,54.59660507054352,19.02690868603392
2022-11-16 13:00:00,0.0,0.0,15.228593078803298,40.83459746264813,2.1893047198348157,195.4661854176519,138.24255427863005,23.220079821207186,40.07605792687636,155.39012749077554,40.07605792687636,0.0,20.502808627101405,100.0,77.8916410848958,62.00248601833749,15.889155066558303
2022-11-16 14:00:00,0.0,0.0,13.230454369745733,40.83459746264813,2.1878273668496653,189.9359559708361,164.92976901224637,23.4540552816327,47.77147196406106,142.16448400677504,47.77147196406105,0.0,25.151357845797335,99.99999999999999,76.85263829947557,57.62223226034279,19.23040603913278
2022-11-16 15:00:00,0.0,0.0,8.130567161196307,40.83459746264813,1.103887815681704,184.83606876228666,109.56851284857271,20.124016026517896,28.15913681227234,156.6769319500143,28.15913681227235,0.0,15.234654686627835,100.00000000000004,77.04342686592791,65.33640653190974,11.707020334018168
2022-11-16 16:00:00,0.0,0.0,2.055967881046238,40.83459746264813,2.1886354557848975,193.5240380687388,24.31022443761348,16.35969451367542,1.4051643333250026,192.1188737354138,1.40516433332499,0.0,0.7260929171113526,99.9999999999991,85.52335382622044,84.90523608763411,0.618117738586335
2022-11-16 17:00:00,0.0,0.0,0.11300296268595769,40.83459746264813,1.1036374282583028,180.46432402979062,0.0,15.6,0.0,180.46432402979062,0.0,0.0,0.0,0.0,82.7836966601247,82.7836966601247,0.0
2022-11-16 18:00:00,0.0,0.0,0.0,40.83459746264813,1.1034559579116459,136.74485312545113,0.0,15.6,0.0,136.74485312545113,0.0,0.0,0.0,0.0,61.79402934400892,61.79402934400892,0.0
2022-11-16 19:00:00,0.0,0.0,0.0,40.83459746264813,1.1032902889256928,134.17605986162698,0.0,15.6,0.0,134.17605986162698,0.0,0.0,0.0,0.0,60.715405272501485,60.715405272501485,0.0
2022-11-16 20:00:00,0.0,0.0,0.0,40.83459746264813,0.020000016,111.9853861309906,0.0,15.6,0.0,111.9853861309906,0.0,0.0,0.0,0.0,51.152926126493085,51.152926126493085,0.0
2022-11-16 21:00:00,0.0,0.0,0.0,40.83459746264813,1.1030656055232866,110.70098949907849,0.0,15.6,0.0,110.70098949907849,0.0,0.0,0.0,0.0,50.71811098687099,50.71811098687099,0.0
2022-11-16 22:00:00,0.0,0.0,0.0,0.0,0.020000016,47.675718305793986,0.0,14.4,0.0,47.675718305793986,0.0,0.0,0.0,0.0,21.737769093816958,21.737769093816958,0.0
2022-11-16 23:00:00,0.0,0.0,0.0,0.0,1.1029509736887153,43.46825895116388,0.0,13.3,0.0,43.46825895116388,0.0,0.0,0.0,0.0,19.52892153514482,19.52892153514482,0.0
2022-11-17 00:00:00,0.0,0.0,0.0,0.0,0.020000016,43.46825895116388,0.0,13.3,0.0,43.46825895116388,0.0,0.0,0.0,0.0,19.554319839628107,19.554319839628107,0.0
2022-11-17 01:00:00,0.0,0.0,0.0,0.0,0.020000016,43.46825895116388,0.0,13.3,0.0,43.46825895116388,0.0,0.0,0.0,0.0,19.752317759150657,19.752317759150657,0.0
2022-11-17 02:00:00,0.0,0.0,0.0,0.0,1.1029235303172829,43.46825895116388,0.0,13.3,0.0,43.46825895116388,0.0,0.0,0.0,0.0,20.179636430453353,20.179636430453353,0.0
2022-11-17 03:00:00,0.0,0.0,0.0,0.0,0.020000016,43.46825895116388,0.0,12.8,0.0,43.46825895116388,0.0,0.0,0.0,0.0,20.1441841135954,20.1441841135954,0.0
2022-11-17 04:00:00,0.0,0.0,0.0,0.0,1.1028964176667506,43.46825895116388,0.0,12.8,0.0,43.46825895116388,0.0,0.0,0.0,0.0,20.63648295038613,20.63648295038613,0.0
2022-11-17 05:00:00,0.0,0.0,0.0,0.0,0.020000016,47.675718305793986,0.0,12.8,0.0,47.675718305793986,0.0,0.0,0.0,0.0,22.13514620589575,22.13514620589575,0.0
2022-11-17 06:00:00,0.0,11.729639750401592,0.0,40.83459746264813,12.832511551525172,76.63763960364213,0.0,12.8,0.0,76.63763960364213,0.0,0.0,0.0,0.0,37.2833194757259,37.2833194757259,0.0
2022-11-17 07:00:00,0.0,4.834388418719708,0.0,40.83459746264813,5.937798831014811,98.76960946899328,62.52481546523427,16.35390048328857,9.295292064022862,89.47431740497042,9.29529206402286,0.0,9.411085164754983,99.99999999999997,44.00326467853813,39.96269417122803,4.0405705073101
2022-11-17 08:00:00,0.0,0.0,0.0,40.83459746264813,1.1040700805156178,186.98067465638707,78.4427412269531,17.451335663342284,14.57308722158622,172.40758743480086,14.573087221586206,0.0,7.793900224377229,99.9999999999999,73.00064885604745,67.32654448088675,5.674104375160695
2022-11-17 09:00:00,0.0,0.0,0.12276721311846146,40.83459746264813,2.1883390899130672,178.75486376207695,139.35171891093717,19.954741215966784,40.882481625999645,137.8723821360773,40.882481625999645,0.0,22.87069608378002,100.0,69.64096425783715,53.80370411314928,15.837260144687875
2022-11-17 10:00:00,0.0,0.0,3.9664795314627117,40.83459746264813,1.1041732459323288,180.67198113255307,182.69244535781297,22.409138917431655,53.11980550679418,127.55217562575889,53.11980550679418,0.0,29.4012415061868,100.0,68.90836127489581,48.706899240661976,20.201462034233835
2022-11-17 11:00:00,0.0,0.0,1.5143766675146069,40.83459746264813,2.188896060140006,180.14647321647308,173.637433328906,22.126169791528312,50.5393199952272,129.60715322124588,50.5393199952272,0.0,28.054570868282614,100.0,68.95065348934598,49.71740987196232,19.233243617383664
2022-11-17 12:00:00,0.0,0.0,0.4994853204354973,40.83459746264813,2.1896197578223346,178.58723292694842,199.89095004140597,23.446592188793936,57.899475373013495,120.68775755393492,57.8994753730135,0.0,32.42083682247176,100.00000000000003,69.55214789511315,47.130576056913675,22.421571838199476
2022-11-17 13:00:00,0.0,0.0,0.6121951304616823,40.83459746264813,2.1892441114980845,180.8497874693103,98.18210407255877,20.26819075226746,22.59877231308279,158.25101515622748,22.598772313082804,0.0,12.495879939542508,100.00000000000007,71.05128202419833,62.222054675338434,8.829227348859895
2022-11-17 14:00:00,0.0,0.0,0.018942500640723538,40.83459746264813,2.1879137595354927,176.7244441017311,59.48219189647757,18.558818496764925,8.34613219371598,168.37831190801512,8.346132193715988,0.0,4.722681254502378,100.00000000000011,69.35534735583187,66.09851965120001,3.25682770463186
2022-11-17 15:00:00,0.0,0.0,0.08930357907764062,40.83459746264813,1.1038930067274089,176.794805180168,33.87578357191279,17.758618236622276,2.7148392581936442,174.07996592197435,2.714839258193649,0.0,1.5355876862032296,100.00000000000017,73.63578256873916,72.50809263767067,1.1276899310684882
2022-11-17 16:00:00,0.0,0.0,0.10612138131513514,40.83459746264813,2.188597786871898,191.5741915690077,10.513130439990212,16.428535326249694,0.2627278312388861,191.3114637377688,0.262727831238891,0.0,0.13714155810191833,100.00000000000186,87.44537058681664,87.32598706030169,0.11938352651495165
2022-11-17 17:00:00,0.0,0.0,0.0,40.83459746264813,1.1036532523013947,180.35132106710464,0.0,14.4,0.0,180.35132106710464,0.0,0.0,0.0,0.0,83.12966119140401,83.12966119140401,0.0
2022-11-17 18:00:00,0.0,0.0,0.0,40.83459746264813,1.1034750068335089,136.74485312545113,0.0,15.0,0.0,136.74485312545113,0.0,0.0,0.0,0.0,61.61558074044647,61.61558074044647,0.0
2022-11-17 19:00:00,0.0,0.0,0.0,40.83459746264813,1.103267077485594,134.17605986162698,0.0,15.0,0.0,134.17605986162698,0.0,0.0,0.0,0.0,59.07442788116439,59.07442788116439,0.0
2022-11-17 20:00:00,0.0,0.0,0.0,40.83459746264813,1.1032751987116296,111.9853861309906,0.0,15.0,0.0,111.9853861309906,0.0,0.0,0.0,0.0,49.17601370773128,49.17601370773128,0.0
2022-11-17 21:00:00,0.0,0.0,0.0,40.83459746264813,0.020000016,110.70098949907849,0.0,15.0,0.0,110.70098949907849,0.0,0.0,0.0,0.0,48.813327796149316,48.813327796149316,0.0
2022-11-17 22:00:00,0.0,0.0,0.0,0.0,1.1028850852968042,47.675718305793986,0.0,14.4,0.0,47.675718305793986,0.0,0.0,0.0,0.0,21.241445083549817,21.241445083549817,0.0
2022-11-17 23:00:00,0.0,0.0,0.0,0.0,0.020000016,43.46825895116388,0.0,13.3,0.0,43.46825895116388,0.0,0.0,0.0,0.0,18.949676357617417,18.949676357617417,0.0
2022-11-18 00:00:00,0.0,0.0,0.0,0.0,0.020000016,38.10742263904787,0.0,13.9,0.0,38.10742263904787,0.0,0.0,0.0,0.0,16.635395084862374,16.635395084862374,0.0
2022-11-18 01:00:00,0.0,0.0,0.0,0.0,1.102849478429894,38.10742263904787,0.0,13.9,0.0,38.10742263904787,0.0,0.0,0.0,0.0,16.89133445522059,16.89133445522059,0.0
2022-11-18 02:00:00,0.0,0.0,0.0,0.0,0.020000016,38.10742263904787,0.0,13.3,0.0,38.10742263904787,0.0,0.0,0.0,0.0,16.6062429065435,16.6062429065435,0.0
2022-11-18 03:00:00,0.0,0.0,0.0,0.0,1.1029721261407732,38.10742263904787,0.0,12.8,0.0,38.10742263904787,0.0,0.0,0.0,0.0,17.17678113355819,17.17678113355819,0.0
2022-11-18 04:00:00,0.0,0.0,0.0,0.0,0.020000016,38.10742263904787,0.0,13.3,0.0,38.10742263904787,0.0,0.0,0.0,0.0,17.19652688322235,17.19652688322235,0.0
2022-11-18 05:00:00,0.0,0.0,0.0,0.0,0.020000016,38.10742263904787,0.0,13.3,0.0,38.10742263904787,0.0,0.0,0.0,0.0,17.147558845131176,17.147558845131176,0.0
2022-11-18 06:00:00,0.0,10.82801310340735,0.0,40.83459746264813,11.931068419190103,76.63763960364213,0.0,12.8,0.0,76.63763960364213,0.0,0.0,0.0,0.0,36.872708314131195,36.872708314131195,0.0
2022-11-18 07:00:00,0.0,24.767379261878066,0.0,40.83459746264813,25.870459464752912,75.83888804889047,46.38533031386719,15.84954157230835,5.125121043881525,70.71376700500895,5.125121043881521,0.0,6.7579063666882195,99.99999999999991,37.54514154795983,35.32265843288583,2.2224831150739988
2022-11-18 08:00:00,0.0,6.730961232387513,0.0,40.83459746264813,6.750961248387513,114.21720088209123,75.8764995398437,20.171140610620117,13.501685556343013,100.71551532574821,13.50168555634302,0.0,11.821061496929072,100.00000000000004,45.79734230275517,40.52729688797558,5.270045414779588
2022-11-18 09:00:00,0.0,4.149873306674703,0.0,40.83459746264813,5.25330142041551,116.46489498793738,95.95713120468756,22.998660350146487,21.371798418850208,95.09309656908718,21.371798418850204,0.0,18.350420889542505,99.99999999999999,44.40589930992044,36.430799011942305,7.975100297978138
2022-11-18 10:00:00,0.0,1.0697337080201945,0.0,40.83459746264813,2.1731189275795137,115.50159751400331,109.81348978359365,25.131671555737302,27.770405935655536,87.73119157834778,27.770405935655532,0.0,24.043308952751648,99.99999999999999,43.27528159582062,32.96454642800076,10.310735167819864
2022-11-18 11:00:00,0.0,0.0,0.0,40.83459746264813,1.1035539903422065,117.74929161984949,114.77380948945304,26.886681546545407,30.138785525580122,87.61050609426937,30.13878552558012,0.0,25.595725554666092,99.99999999999999,44.14567471777875,32.897126489994115,11.248548227784639
2022-11-18 12:00:00,0.0,0.0,0.0,40.83459746264813,1.103448287635109,116.46489498793738,111.7799753554687,27.893124229858394,28.479771546139254,87.98512344179812,28.47977154613926,0.0,24.453524428188423,100.00000000000003,44.425055543863586,33.610147096932664,10.814908446930922
2022-11-18 13:00:00,0.0,0.0,0.0,40.83459746264813,1.1033695475230587,113.89610172411322,130.28042639738692,28.47126332491834,37.03885834544277,76.85724337867046,37.03885834544276,0.0,32.51986484591086,99.99999999999997,45.59024504457392,30.82896363387289,14.76128141070103
2022-11-18 14:00:00,0.0,0.0,0.0,40.83459746264813,1.1032466899015994,74.79713598363837,153.78303372828722,29.805719804008977,43.50199463903962,31.295141344598747,43.50199463903962,0.0,58.15997373021815,100.0,30.044567209260133,12.68618379841735,17.358383410842784
2022-11-18 15:00:00,0.0,0.0,0.0,40.83459746264811,1.1032246452654952,73.51273935172627,103.554003207901,24.33606260024691,24.767480271323834,48.745259080402434,24.767480271323834,0.0,33.69141252215114,100.0,31.404793909050778,20.890998533873812,10.513795375176965
2022-11-18 16:00:00,0.0,0.05957630230410826,0.0,40.83459746264813,0.07957631830410825,85.7065146745043,20.948046295689796,19.554626446740304,1.0314131333009848,84.67510154120332,1.0314131333009868,0.0,1.2034244272072918,100.0000000000002,40.820913515889465,40.3298370948622,0.491076421027266
2022-11-18 17:00:00,0.0,1.236359541710077,0.0,40.83459746264813,2.3392956388092307,80.86861504956414,0.0,17.8,0.0,80.86861504956414,0.0,0.0,0.0,0.0,42.2302651291319,42.2302651291319,0.0
2022-11-18 18:00:00,0.0,0.0,0.0,0.0,0.020000016,38.10742263904787,0.0,17.2,0.0,38.10742263904787,0.0,0.0,0.0,0.0,18.63698745897836,18.63698745897836,0.0
2022-11-18 19:00:00,0.0,0.0,0.0,0.0,1.1030300840193916,38.10742263904787,0.0,17.8,0.0,38.10742263904787,0.0,0.0,0.0,0.0,18.843038623790605,18.843038623790605,0.0
2022-11-18 20:00:00,0.0,0.0,0.0,0.0,0.020000016,38.10742263904787,0.0,17.8,0.0,38.10742263904787,0.0,0.0,0.0,0.0,18.66556802595765,18.66556802595765,0.0
2022-11-18 21:00:00,0.0,0.0,0.0,0.0,1.1030967451190217,38.10742263904787,0.0,18.3,0.0,38.10742263904787,0.0,0.0,0.0,0.0,19.24698930612311,19.24698930612311,0.0
2022-11-18 22:00:00,0.0,0.0,0.0,0.0,0.020000016,38.10742263904787,0.0,18.9,0.0,38.10742263904787,0.0,0.0,0.0,0.0,19.377224143741866,19.377224143741866,0.0
2022-11-18 23:00:00,0.0,0.0,0.0,0.0,1.1029691292455943,38.10742263904787,0.0,17.8,0.0,38.10742263904787,0.0,0.0,0.0,0.0,18.99069391158465,18.99069391158465,0.0
2022-11-19 00:00:00,0.0,0.0,0.0,0.0,0.020000016,38.10742263904787,0.0,17.8,0.0,38.10742263904787,0.0,0.0,0.0,0.0,18.207897880062685,18.207897880062685,0.0
2022-11-19 01:00:00,0.0,0.0,0.0,0.0,0.020000016,38.10742263904787,0.0,16.1,0.0,38.10742263904787,0.0,0.0,0.0,0.0,17.215390057428685,17.215390057428685,0.0
2022-11-19 02:00:00,0.0,0.0,0.0,0.0,1.1027655179677196,38.10742263904787,0.0,16.7,0.0,38.10742263904787,0.0,0.0,0.0,0.0,17.17045620893563,17.17045620893563,0.0
2022-11-19 03:00:00,0.0,0.0,0.0,0.0,0.020000016,38.10742263904787,0.0,15.0,0.0,38.10742263904787,0.0,0.0,0.0,0.0,16.925202034032335,16.925202034032335,0.0
2022-11-19 04:00:00,0.0,0.0,0.0,0.0,0.020000016,38.10742263904787,0.0,15.0,0.0,38.10742263904787,0.0,0.0,0.0,0.0,16.988650892726348,16.988650892726348,0.0
2022-11-19 05:00:00,0.0,0.0,0.0,0.0,1.1030131828029208,38.10742263904787,0.0,15.0,0.0,38.10742263904787,0.0,0.0,0.0,0.0,17.399145336926058,17.399145336926058,0.0
2022-11-19 06:00:00,0.0,0.0,0.0,0.0,0.020000016,26.234746474247864,0.0,16.7,0.0,26.234746474247864,0.0,0.0,0.0,0.0,11.928736194764863,11.928736194764863,0.0
2022-11-19 07:00:00,0.0,0.0,0.0,0.0,1.102981401205986,20.298408391847865,54.477778433203085,20.602430576037595,6.9491356378477205,13.349272754000143,6.949135637847721,0.0,34.234879423544335,100.00000000000003,8.992065757481743,5.981630707809733,3.0104350496720107
2022-11-19 08:00:00,0.0,0.0,0.0,0.0,0.020000016,20.298408391847865,81.44688044882813,23.14521501402588,15.388689558975821,4.909718832872043,15.388689558975821,0.0,75.81229652052987,100.0,8.541517548942174,2.0687269466457643,6.47279060229641
2022-11-19 09:00:00,0.0,0.0,0.006199019274588371,3.1862970048508443,0.020000016,23.490904415973297,127.95209328515625,26.198502915161132,36.68679208655548,0.0,23.490904415973297,13.19588767058218,100.0,64.03095795498008,9.546193657541878,0.0036010111631256747,9.542592646378752
2022-11-19 10:00:00,0.0,0.0,0.03511531385921302,4.226731574798879,1.102911986922268,24.560255280505956,132.62373312890634,28.54449166027832,37.69471393332306,0.0,24.560255280505956,13.134458652817102,100.0,65.15570147037005,10.119326476709976,0.1985797599788023,9.920746716731173
2022-11-19 11:00:00,0.0,0.0,0.26879653117541913,3.9384658579786667,0.020000016,24.50567078100195,143.70348882656234,30.590734025830074,40.53049323364618,0.0,24.50567078100195,16.024822452644234,100.0,60.46230584891745,9.606638220114359,0.0036010111631256747,9.603037208951234
2022-11-19 12:00:00,0.0,0.0,0.5232133282218231,4.226731574798879,1.1030298297437544,25.048353294868573,109.54926733007812,31.223414604064942,27.013705046820164,0.0,25.048353294868573,1.9653517519515908,100.0,92.72461238269521,9.71672474614472,0.19860097762761153,9.518123768517109
2022-11-19 13:00:00,0.0,0.0,0.29593985253650346,4.952914364086107,0.020000016,25.547262608470472,131.57780428005657,31.91180638375177,36.92530804089592,0.0,25.547262608470472,11.378045432425449,100.0,69.18632223778903,9.974058925683938,0.0036010111631256747,9.970457914520813
2022-11-19 14:00:00,0.0,0.0,0.01956449493747434,9.288531532302613,1.1030045304851708,29.60650441908795,149.95730764497483,30.286165863905467,42.34300433346975,0.0,29.60650441908795,12.736499914381799,100.0,69.9206513215825,11.977988303186056,0.1985964224856267,11.779391880700429
2022-11-19 15:00:00,0.0,0.0,0.0,8.381625879030521,0.020000016,28.68003427087838,109.62734895332632,27.325854654791446,27.45154126211091,1.2284930087674688,27.45154126211091,0.0,95.7165566917928,100.0,12.077035038174797,0.5207597130639671,11.55627532511083
2022-11-19 16:00:00,0.0,0.0,0.0,2.1161560731863944,0.020000016,34.287240629834265,25.331585670812522,24.09161205221289,1.4834211213971993,32.803819508437066,1.4834211213971997,0.0,4.326452330802131,100.00000000000003,14.935351433049648,14.289336368892382,0.6460150641572664
2022-11-19 17:00:00,0.0,0.0,0.0,0.0,1.1027543497336019,38.10742263904787,0.0,22.2,0.0,38.10742263904787,0.0,0.0,0.0,0.0,16.806528311887547,16.806528311887547,0.0
2022-11-19 18:00:00,0.0,0.0,0.0,0.0,0.020000016,38.10742263904787,0.0,21.7,0.0,38.10742263904787,0.0,0.0,0.0,0.0,16.82078769600134,16.82078769600134,0.0
2022-11-19 19:00:00,0.0,0.0,0.0,0.0,0.020000016,38.10742263904787,0.0,20.6,0.0,38.10742263904787,0.0,0.0,0.0,0.0,16.823455215586076,16.823455215586076,0.0
2022-11-19 20:00:00,0.0,0.0,0.0,0.0,1.102812916115172,38.10742263904787,0.0,20.0,0.0,38.10742263904787,0.0,0.0,0.0,0.0,16.874751143312697,16.874751143312697,0.0
2022-11-19 21:00:00,0.0,0.0,0.0,0.0,0.020000016,38.10742263904787,0.0,18.9,0.0,38.10742263904787,0.0,0.0,0.0,0.0,16.457814495364413,16.457814495364413,0.0
2022-11-19 22:00:00,0.0,0.0,0.0,0.0,1.1029005094025595,38.10742263904787,0.0,18.3,0.0,38.10742263904787,0.0,0.0,0.0,0.0,16.696424176569618,16.696424176569618,0.0
2022-11-19 23:00:00,0.0,0.0,0.0,0.0,0.020000016,38.10742263904787,0.0,18.3,0.0,38.10742263904787,0.0,0.0,0.0,0.0,16.686459031198698,16.686459031198698,0.0
2022-11-20 00:00:00,0.0,0.0,0.0,0.0,0.020000016,43.46825895116388,0.0,18.3,0.0,43.46825895116388,0.0,0.0,0.0,0.0,18.892298255801883,18.892298255801883,0.0
2022-11-20 01:00:00,0.0,0.0,0.0,0.0,1.1028316636917488,43.46825895116388,0.0,15.6,0.0,43.46825895116388,0.0,0.0,0.0,0.0,19.260048871717512,19.260048871717512,0.0
2022-11-20 02:00:00,0.0,0.0,0.0,0.0,0.020000016,43.46825895116388,0.0,16.7,0.0,43.46825895116388,0.0,0.0,0.0,0.0,18.90577341607674,18.90577341607674,0.0
2022-11-20 03:00:00,0.0,0.0,0.0,0.0,1.1029656369365417,43.46825895116388,0.0,15.6,0.0,43.46825895116388,0.0,0.0,0.0,0.0,19.01730276741347,19.01730276741347,0.0
2022-11-20 04:00:00,0.0,0.0,0.0,0.0,0.020000016,43.46825895116388,0.0,15.0,0.0,43.46825895116388,0.0,0.0,0.0,0.0,19.17462459768969,19.17462459768969,0.0
2022-11-20 05:00:00,0.0,0.0,0.0,0.0,1.1029608444568302,47.675718305793986,0.0,15.0,0.0,47.675718305793986,0.0,0.0,0.0,0.0,20.716310686879634,20.716310686879634,0.0
2022-11-20 06:00:00,0.0,34.84253267414191,0.0,40.83459746264813,34.86253269014191,76.63763960364213,0.0,14.4,0.0,76.63763960364213,0.0,0.0,0.0,0.0,39.537749035971665,39.537749035971665,0.0
2022-11-20 07:00:00,0.0,12.342399537287731,0.0,40.83459746264813,13.445799898075839,98.76960946899328,38.353407410742165,18.398543981585693,3.471928036900753,95.29768143209253,3.4719280369007492,0.0,3.5151784598183418,99.9999999999999,44.809381287529284,43.31935129157277,1.4900299959565118
2022-11-20 08:00:00,0.0,0.06604785555578252,0.0,40.83459746264813,1.1701170988789653,186.98067465638707,102.53342609296872,22.60416956540527,24.436909751904622,162.54376490448243,24.436909751904636,0.0,13.069216803721645,100.00000000000007,76.16129521026846,66.23514465359357,9.926150556674898
2022-11-20 09:00:00,0.0,0.0,1.0727626218150579,40.83459746264813,2.188329583379879,179.70485917077357,131.7374955703124,25.81679673657226,37.82573722695976,141.8791219438138,37.825737226959774,0.0,21.048811591128967,100.00000000000004,71.6874199022349,56.681004300869276,15.006415601365617
2022-11-20 10:00:00,0.0,0.0,5.369877010019518,40.83459746264813,2.188427321810137,182.0753786111099,134.2549598414062,27.495467495043943,38.30842165091771,143.7669569601922,38.308421650917694,0.0,21.03986928004124,99.99999999999997,69.29499201957078,54.79831909843051,14.496672921140274
2022-11-20 11:00:00,0.0,0.0,8.649502607425068,40.83459746264813,2.1888872682991907,187.28159915638355,141.83648170312497,28.832390053222653,40.26967563829574,147.01192351808783,40.26967563829572,0.0,21.502206206958867,99.99999999999997,70.00387124155083,55.03623685193087,14.967634389619953
2022-11-20 12:00:00,0.0,0.0,11.808320511638884,40.83459746264813,2.189583948993043,189.89606811815182,136.9864951382812,25.38082797307129,39.39652007076646,150.49954804738536,39.39652007076646,0.0,20.746359027430866,100.0,69.83637916654419,55.42966272446595,14.406716442078242
2022-11-20 13:00:00,0.0,0.0,17.76601930751394,40.83459746264813,2.189365991289209,198.00361164636251,142.78237174523355,24.46194911703855,41.20318691010211,156.8004247362604,41.20318691010212,0.0,20.809310783528353,100.00000000000003,73.18527398487701,58.03795239705073,15.147321587826283
2022-11-20 14:00:00,0.0,0.0,17.017671917803504,40.83459746264813,1.103951494202363,193.72317351889384,152.37922235364965,24.76185069855155,43.923885601961416,149.79928791693243,43.923885601961416,0.0,22.67353192914606,100.0,71.6293440794492,55.433509360865976,16.19583471858322
2022-11-20 15:00:00,0.0,0.0,10.235335567907885,40.83459746264813,2.1878186405872335,186.94083716899823,95.10090555670418,21.871903298647005,21.078971645678692,165.86186552331952,21.078971645678706,0.0,11.27574475694837,100.00000000000007,72.97743649985527,64.7931041789876,8.184332320867668
2022-11-20 16:00:00,0.0,0.0,0.3956568826459568,40.83459746264813,2.1888584481073994,191.8637270703385,16.853568588413417,18.32667401838792,0.6705933955334094,191.1931336748051,0.670593395533416,0.0,0.3495154637997687,100.000000000001,78.43563517451848,78.16286795791828,0.27276721660020087
2022-11-20 17:00:00,0.0,0.0,0.0,40.83459746264813,1.1037489339638948,180.35132106710464,0.0,16.7,0.0,180.35132106710464,0.0,0.0,0.0,0.0,76.71007314554338,76.71007314554338,0.0
2022-11-20 18:00:00,0.0,0.0,0.0,40.83459746264813,1.1034975607320279,136.74485312545113,0.0,16.7,0.0,136.74485312545113,0.0,0.0,0.0,0.0,59.1336657170583,59.1336657170583,0.0
2022-11-20 19:00:00,0.0,0.0,0.0,40.83459746264813,0.020000016,134.17605986162698,0.0,16.1,0.0,134.17605986162698,0.0,0.0,0.0,0.0,56.29448340491149,56.29448340491149,0.0
2022-11-20 20:00:00,0.0,0.553721270732354,0.0,40.83459746264813,1.657024547769649,111.9853861309906,0.0,16.1,0.0,111.9853861309906,0.0,0.0,0.0,0.0,47.47275179063667,47.47275179063667,0.0
2022-11-20 21:00:00,0.0,1.6288387060550185,0.0,40.83459746264813,2.7318270529947677,110.70098949907849,0.0,16.1,0.0,110.70098949907849,0.0,0.0,0.0,0.0,47.60122617846521,47.60122617846521,0.0
2022-11-20 22:00:00,0.0,0.0,0.0,0.0,0.020000016,47.675718305793986,0.0,15.0,0.0,47.675718305793986,0.0,0.0,0.0,0.0,20.730619544607062,20.730619544607062,0.0
2022-11-20 23:00:00,0.0,0.0,0.0,0.0,1.1028189768544205,43.46825895116388,0.0,15.0,0.0,43.46825895116388,0.0,0.0,0.0,0.0,19.516074632669557,19.516074632669557,0.0
2022-11-21 00:00:00,0.0,0.0,0.0,0.0,0.020000016,43.46825895116388,0.0,15.0,0.0,43.46825895116388,0.0,0.0,0.0,0.0,18.893167620980904,18.893167620980904,0.0
2022-11-21 01:00:00,0.0,0.0,0.0,0.0,0.020000016,43.46825895116388,0.0,15.0,0.0,43.46825895116388,0.0,0.0,0.0,0.0,19.38827109043466,19.38827109043466,0.0
2022-11-21 02:00:00,0.0,0.0,0.0,0.0,1.1029556476540563,43.46825895116388,0.0,15.0,0.0,43.46825895116388,0.0,0.0,0.0,0.0,19.51588189900887,19.51588189900887,0.0
2022-11-21 03:00:00,0.0,0.0,0.0,0.0,0.020000016,43.46825895116388,0.0,13.9,0.0,43.46825895116388,0.0,0.0,0.0,0.0,18.925334132604764,18.925334132604764,0.0
2022-11-21 04:00:00,0.0,0.0,0.0,0.0,1.1029034584776778,43.46825895116388,0.0,12.2,0.0,43.46825895116388,0.0,0.0,0.0,0.0,18.939048706044108,18.939048706044108,0.0
2022-11-21 05:00:00,0.0,0.0,0.0,0.0,0.020000016,47.675718305793986,0.0,13.3,0.0,47.675718305793986,0.0,0.0,0.0,0.0,20.428593869139856,20.428593869139856,0.0
2022-11-21 06:00:00,0.0,29.722722137555472,0.0,40.83459746264813,30.825759557134006,76.63763960364213,0.0,13.9,0.0,76.63763960364213,0.0,0.0,0.0,0.0,39.021679870591456,39.021679870591456,0.0
2022-11-21 07:00:00,0.0,12.986536864581458,0.0,40.83459746264813,14.089949154606671,98.76960946899328,49.083545826562506,17.13386080708008,5.712338049170408,93.05727141982287,5.7123380491704125,0.0,5.783497656699438,100.00000000000009,44.83301104306664,42.38681652027039,2.4461945227962474
2022-11-21 08:00:00,0.0,0.0,0.0,40.83459746264813,1.1039817127401936,186.98067465638707,86.42300128945301,20.50071879029541,17.494901126421258,169.4857735299658,17.49490112642127,0.0,9.356529041608985,100.00000000000007,77.33391008055466,70.1167385188721,7.217171561682562
2022-11-21 09:00:00,0.0,0.0,0.0,40.83459746264813,2.1881962964621464,178.6320965489585,113.5277182617187,21.84774119567871,30.0415484095072,148.5905481394513,30.041548409507186,0.0,16.817553502359285,99.99999999999996,70.95991590956282,59.09245283361315,11.867463075949672
2022-11-21 10:00:00,0.0,0.0,0.0,40.83459746264813,1.1042131272324296,176.70550160109036,130.87818864140633,24.689943395043947,37.736160000390214,138.96934160070015,37.736160000390214,0.0,21.355396214872215,100.0,68.71990638668528,54.086955623333964,14.632950763351317
2022-11-21 11:00:00,0.0,0.0,0.020166625397657737,40.83459746264813,2.1887561436623297,178.65226317435614,138.03541568437507,24.31360674013672,39.85516167162721,138.79710150272894,39.8551616716272,0.0,22.30879193102102,99.99999999999997,71.80586234743474,55.87475784824356,15.931104499191179
2022-11-21 12:00:00,0.0,0.0,2.1762660442423734,40.83459746264813,2.189602629051741,180.26401365075526,133.7531707617188,23.07978658630371,38.79459616389602,141.46941748685924,38.79459616389602,0.0,21.5209876770285,100.0,73.19926869337719,57.530907194702856,15.668361498674336
2022-11-21 13:00:00,0.0,0.0,4.8026260577385145,40.83459746264813,3.2740022811823803,185.0402183965871,137.99044054587017,22.612201267058445,40.09235504328462,144.9478633533025,40.09235504328461,0.0,21.666832967823645,99.99999999999997,73.11137306162587,57.39817681128654,15.71319625033933
2022-11-21 14:00:00,0.0,0.0,4.089362562149427,40.83459746264813,1.1039485379052032,180.79486416323977,149.75221918672628,22.479756849585197,43.53080935794793,137.26405480529183,43.53080935794793,0.0,24.077459035918157,100.0,73.61684880514176,55.93964008701947,17.677208718122287
2022-11-21 15:00:00,0.0,0.0,0.8774594592459068,40.83459746264813,1.1039065755862343,177.5829610603363,94.59885582411471,20.156214244503584,20.98788838120064,156.59507267913565,20.987888381200634,0.0,11.818638599043128,99.99999999999997,75.81447157037611,66.87772375821898,8.936747812157137
2022-11-21 16:00:00,0.0,0.0,0.0,40.83459746264813,2.188723235375803,191.46807018769255,21.561055090307843,16.27378297157212,1.1056634482095271,190.36240673948302,1.1056634482095262,0.0,0.5774662308580565,99.99999999999993,87.32824311293454,86.82622768090948,0.5020154320250612
2022-11-21 17:00:00,0.0,0.0,0.0,40.83459746264813,1.1037321598380516,180.35132106710464,0.0,15.6,0.0,180.35132106710464,0.0,0.0,0.0,0.0,83.21353876303486,83.21353876303486,0.0
2022-11-21 18:00:00,0.0,0.0,0.0,40.83459746264813,1.1036317437168868,136.74485312545113,0.0,15.0,0.0,136.74485312545113,0.0,0.0,0.0,0.0,63.12663958802346,63.12663958802346,0.0
2022-11-21 19:00:00,0.0,0.0,0.0,40.83459746264813,1.1033072915213358,134.17605986162698,0.0,15.6,0.0,134.17605986162698,0.0,0.0,0.0,0.0,62.249711578343586,62.249711578343586,0.0
2022-11-21 20:00:00,0.0,0.0,0.0,40.83459746264813,1.1033246169416744,111.9853861309906,0.0,15.0,0.0,111.9853861309906,0.0,0.0,0.0,0.0,52.899536694359504,52.899536694359504,0.0
2022-11-21 21:00:00,0.0,0.0,0.0,40.83459746264813,1.1030426248013645,110.70098949907849,0.0,14.4,0.0,110.70098949907849,0.0,0.0,0.0,0.0,53.43470913148988,53.43470913148988,0.0
2022-11-21 22:00:00,0.0,0.0,0.0,0.0,0.020000016,47.675718305793986,0.0,13.9,0.0,47.675718305793986,0.0,0.0,0.0,0.0,23.332045113962707,23.332045113962707,0.0
2022-11-21 23:00:00,0.0,0.0,0.0,0.0,0.020000016,43.46825895116388,0.0,13.9,0.0,43.46825895116388,0.0,0.0,0.0,0.0,21.134391052502913,21.134391052502913,0.0
2022-11-22 00:00:00,0.0,0.0,0.0,0.0,1.1028683738165086,43.46825895116388,0.0,13.3,0.0,43.46825895116388,0.0,0.0,0.0,0.0,20.47021181059108,20.47021181059108,0.0
2022-11-22 01:00:00,0.0,0.0,0.0,0.0,0.020000016,43.46825895116388,0.0,12.8,0.0,43.46825895116388,0.0,0.0,0.0,0.0,20.608642460488586,20.608642460488586,0.0
2022-11-22 02:00:00,0.0,0.0,0.0,0.0,1.1029729336100291,43.46825895116388,0.0,11.7,0.0,43.46825895116388,0.0,0.0,0.0,0.0,20.741472572480472,20.741472572480472,0.0
2022-11-22 03:00:00,0.0,0.0,0.0,0.0,0.020000016,43.46825895116388,0.0,11.7,0.0,43.46825895116388,0.0,0.0,0.0,0.0,20.44107232223185,20.44107232223185,0.0
2022-11-22 04:00:00,0.0,0.0,0.0,0.0,0.020000016,43.46825895116388,0.0,11.1,0.0,43.46825895116388,0.0,0.0,0.0,0.0,20.453243434738173,20.453243434738173,0.0
2022-11-22 05:00:00,0.0,0.0,0.0,0.0,1.1029764497524008,47.675718305793986,0.0,10.6,0.0,47.675718305793986,0.0,0.0,0.0,0.0,22.564939473926724,22.564939473926724,0.0
2022-11-22 06:00:00,0.0,19.65327740477407,0.0,40.83459746264813,19.673277420774067,76.63763960364213,0.0,10.6,0.0,76.63763960364213,0.0,0.0,0.0,0.0,39.76151341150767,39.76151341150767,0.0
2022-11-22 07:00:00,0.0,9.328755796141527,0.0,40.83459746264813,10.432231886313952,98.76960946899328,33.80127223623046,14.356289757382203,2.736047584568093,96.03356188442518,2.736047584568098,0.0,2.770131014264084,100.00000000000017,47.370128248560746,46.109945771822446,1.2601824767383007
2022-11-22 08:00:00,0.0,0.0,0.0,40.83459746264813,2.188106579607587,186.98067465638707,51.83047005468752,17.219702189208984,6.367636749993592,180.6130379063935,6.367636749993579,0.0,3.405505281064653,99.9999999999998,76.96442557432525,74.35681464883538,2.6076109254898654
2022-11-22 09:00:00,0.0,0.0,0.0,40.83459746264811,1.1040970996423007,178.6320965489585,65.13406371914066,18.735439491223143,10.001160307130721,168.63093624182775,10.001160307130732,0.0,5.59874764969221,100.00000000000011,68.05308817461945,64.25409742615429,3.798990748465158
2022-11-22 10:00:00,0.0,0.0,0.24776947902260318,40.83459746264813,2.188310079851803,176.95327108011296,73.58499149589841,20.599530984246826,12.678710436477395,164.27456064363557,12.678710436477388,0.0,7.165004839462556,99.99999999999994,64.37942419230487,59.79486589202682,4.584558300278047
2022-11-22 11:00:00,0.0,0.0,3.653494159469838,40.83459746264813,2.188851771580393,182.28559070842834,81.85839695859377,21.458074904956053,15.640961869486103,166.64462883894225,15.640961869486091,0.0,8.58047079239758,99.99999999999993,63.906049182542084,58.45642524797574,5.449623934566347
2022-11-22 12:00:00,0.0,0.0,5.52802184893367,40.83459746264813,2.1896722951885033,183.61576945544658,88.6168858007812,21.069277681274414,18.356344054797457,165.25942540064912,18.35634405479746,0.0,9.997150086420836,100.00000000000003,65.39974226383866,58.901045778118714,6.498696485719947
2022-11-22 13:00:00,0.0,0.0,4.8193830572827006,40.83459746264813,2.1893281097907544,185.05697539613126,105.0427546537523,21.58258608292976,25.743741035477736,159.31323436065352,25.74374103547774,0.0,13.91125137562144,100.00000000000003,66.2004498836678,57.04597557145192,9.154474312215882
2022-11-22 14:00:00,0.0,0.0,1.6520407316619399,40.83459746264813,2.187989276962099,178.35754233275227,138.018941766099,21.513091930190594,40.26228520460338,138.0952571281489,40.26228520460339,0.0,22.573917916792194,100.00000000000003,65.4052725556865,50.72966959860856,14.675602957077935
2022-11-22 15:00:00,0.0,0.0,0.0,40.83459746264813,1.1039161404025948,176.70550160109036,104.87383090178155,19.977307215680675,25.8115196336351,150.89398196745526,25.8115196336351,0.0,14.607083197615523,100.0,67.28588776859073,57.486415282082994,9.799472486507732
2022-11-22 16:00:00,0.0,0.0,0.0,40.83459746264813,2.188790535973932,191.46807018769255,29.44905338286394,16.520282918214498,2.060827940023748,189.4072422476688,2.0608279400237564,0.0,1.0763298225148275,100.0000000000004,81.7574917283242,80.88175319935081,0.8757385289733861
2022-11-22 17:00:00,0.0,0.0,0.0,40.83459746264813,1.1036610787524206,180.35132106710464,0.0,15.0,0.0,180.35132106710464,0.0,0.0,0.0,0.0,79.4676290262922,79.4676290262922,0.0
2022-11-22 18:00:00,0.0,0.0,0.0,40.83459746264813,1.1035011829330383,136.74485312545113,0.0,14.4,0.0,136.74485312545113,0.0,0.0,0.0,0.0,59.54321720434782,59.54321720434782,0.0
2022-11-22 19:00:00,0.0,0.0,0.0,40.83459746264813,1.103239088666184,134.17605986162698,0.0,15.0,0.0,134.17605986162698,0.0,0.0,0.0,0.0,57.89300263468424,57.89300263468424,0.0
2022-11-22 20:00:00,0.0,0.11602109531371055,0.0,40.83459746264813,1.2193806723632399,111.9853861309906,0.0,14.4,0.0,111.9853861309906,0.0,0.0,0.0,0.0,48.43205835906872,48.43205835906872,0.0
2022-11-22 21:00:00,0.0,0.5826106917352091,0.0,40.83459746264813,0.6026107077352091,110.70098949907849,0.0,14.4,0.0,110.70098949907849,0.0,0.0,0.0,0.0,47.83778543495361,47.83778543495361,0.0
2022-11-22 22:00:00,0.0,0.0,0.0,0.0,1.1029609047684366,47.675718305793986,0.0,14.4,0.0,47.675718305793986,0.0,0.0,0.0,0.0,20.908443842511115,20.908443842511115,0.0
2022-11-22 23:00:00,0.0,0.0,0.0,0.0,0.020000016,43.46825895116388,0.0,12.8,0.0,43.46825895116388,0.0,0.0,0.0,0.0,18.790799871150913,18.790799871150913,0.0
2022-11-23 00:00:00,0.0,0.0,0.0,0.0,1.102864518719263,38.10742263904787,0.0,11.7,0.0,38.10742263904787,0.0,0.0,0.0,0.0,16.757199035541472,16.757199035541472,0.0
2022-11-23 01:00:00,0.0,0.0,0.0,0.0,0.020000016,38.10742263904787,0.0,11.7,0.0,38.10742263904787,0.0,0.0,0.0,0.0,16.63882475289989,16.63882475289989,0.0
2022-11-23 02:00:00,0.0,0.0,0.0,0.0,0.020000016,38.10742263904787,0.0,11.1,0.0,38.10742263904787,0.0,0.0,0.0,0.0,16.482393782966597,16.482393782966597,0.0
2022-11-23 03:00:00,0.0,0.0,0.0,0.0,1.102875040217319,38.10742263904787,0.0,11.1,0.0,38.10742263904787,0.0,0.0,0.0,0.0,16.731859493886585,16.731859493886585,0.0
2022-11-23 04:00:00,0.0,0.0,0.0,0.0,0.020000016,38.10742263904787,0.0,10.0,0.0,38.10742263904787,0.0,0.0,0.0,0.0,16.58795134367676,16.58795134367676,0.0
2022-11-23 05:00:00,0.0,0.0,0.0,0.0,1.103033875123177,38.10742263904787,0.0,10.0,0.0,38.10742263904787,0.0,0.0,0.0,0.0,16.811723142605967,16.811723142605967,0.0
2022-11-23 06:00:00,0.0,0.0,0.0,0.0,0.020000016,26.234746474247864,0.0,10.6,0.0,26.234746474247864,0.0,0.0,0.0,0.0,11.435785308513745,11.435785308513745,0.0
2022-11-23 07:00:00,0.0,0.0,0.0,0.0,0.020000016,20.298408391847865,32.1347334225586,13.204210419454956,2.483044105348812,17.815364286499054,2.48304410534881,0.0,12.23270345839547,99.99999999999993,8.726740525517785,7.659664736464661,1.0670757890531242
2022-11-23 08:00:00,0.0,0.0,0.0,0.0,1.1029236082921043,20.298408391847865,72.1335542167969,15.554173569274903,12.407272515287847,7.891135876560018,12.407272515287847,0.0,61.124361456195686,100.0,8.074364308448226,3.260342572516541,4.814021735931686
2022-11-23 09:00:00,0.0,0.0,0.0,2.361297069725593,0.020000016,22.65970546157346,92.40915814453118,18.4877861920166,20.14896902166123,2.510736439912229,20.14896902166123,0.0,88.91981873211036,100.0,8.415450171135733,0.935649146069543,7.47980102506619
2022-11-23 10:00:00,0.0,0.0,0.0,4.198905195941035,0.020000016,24.497313587788906,75.14140327031251,20.648168852197266,13.218381664589216,11.27893192319969,13.218381664589216,0.0,53.958494743595644,100.0,9.071649095387004,4.1786668465143375,4.892982248872666
2022-11-23 11:00:00,0.0,0.0,0.0,3.9662922368365097,1.1030535781903654,24.26470062868438,79.88614053750011,20.79644189179688,14.932345115771616,9.332355512912764,14.932345115771616,0.0,61.539375013427644,100.0,9.30951504560367,3.7027181015337436,5.6067969440699255
2022-11-23 12:00:00,0.0,0.0,0.0,4.198905195941035,0.020000016,24.497313587788906,72.6092370738282,20.569038658557133,12.346064809715301,12.151248778073604,12.346064809715301,0.0,50.3976273376743,100.0,9.302536275951915,4.616093534832085,4.686442741119831
2022-11-23 13:00:00,0.0,0.0,0.0,3.9662922368365097,1.10308502814467,24.26470062868438,81.48689300476475,20.3464654063989,15.56223834863143,8.70246228005295,15.56223834863143,0.0,64.13529920181507,100.0,9.420410390054052,3.505981705656678,5.9144286843973735
2022-11-23 14:00:00,0.0,0.0,0.0,6.156658712150905,0.020000016,26.455067103998775,133.33841805113002,21.366825564097812,38.91768550811768,0.0,26.455067103998775,12.462618404118903,100.0,67.97697951097483,10.009701041908581,0.0036010111631256747,10.006100030745456
2022-11-23 15:00:00,0.0,0.0,0.0,5.800228772729721,1.1028931680441298,26.098637164577582,103.08160355847087,19.921300111202214,24.94192604271938,1.1567111218582014,24.94192604271938,0.0,95.56792519638478,100.0,10.712542846567903,0.6645632306281861,10.047979615939717
2022-11-23 16:00:00,0.0,0.0,0.0,0.3634218850062424,0.020000016,32.53450644165411,29.14522641247689,15.910788325389904,2.0229375801879947,30.511568861466113,2.022937580187996,0.0,6.217821634441695,100.00000000000007,14.603786121919823,13.695972653434659,0.9078134684851644
2022-11-23 17:00:00,0.0,0.0,0.0,0.0,0.020000016,38.10742263904787,0.0,14.4,0.0,38.10742263904787,0.0,0.0,0.0,0.0,17.52139266122024,17.52139266122024,0.0
2022-11-23 18:00:00,0.0,0.0,0.0,0.0,1.102888917231076,38.10742263904787,0.0,14.4,0.0,38.10742263904787,0.0,0.0,0.0,0.0,17.26765235475367,17.26765235475367,0.0
2022-11-23 19:00:00,0.0,0.0,0.0,0.0,0.020000016,38.10742263904787,0.0,14.4,0.0,38.10742263904787,0.0,0.0,0.0,0.0,16.82974294032152,16.82974294032152,0.0
2022-11-23 20:00:00,0.0,0.0,0.0,0.0,1.1028973393757322,38.10742263904787,0.0,14.4,0.0,38.10742263904787,0.0,0.0,0.0,0.0,16.698900588276516,16.698900588276516,0.0
2022-11-23 21:00:00,0.0,0.0,0.0,0.0,0.020000016,38.10742263904787,0.0,14.4,0.0,38.10742263904787,0.0,0.0,0.0,0.0,16.464483294326246,16.464483294326246,0.0
2022-11-23 22:00:00,0.0,0.0,0.0,0.0,0.020000016,38.10742263904787,0.0,13.3,0.0,38.10742263904787,0.0,0.0,0.0,0.0,16.995510228801376,16.995510228801376,0.0
2022-11-23 23:00:00,0.0,0.0,0.0,0.0,1.1029411359467105,38.10742263904787,0.0,12.8,0.0,38.10742263904787,0.0,0.0,0.0,0.0,17.162104196044883,17.162104196044883,0.0
2022-11-24 00:00:00,0.0,0.0,0.0,0.0,0.020000016,43.46825895116388,0.0,12.8,0.0,43.46825895116388,0.0,0.0,0.0,0.0,19.24808595531716,19.24808595531716,0.0
2022-11-24 01:00:00,0.0,0.04856729281748698,0.0,0.8638999080837698,1.1515472754691949,44.332158859247656,0.0,11.1,0.0,44.332158859247656,0.0,0.0,0.0,0.0,19.64610158042524,19.64610158042524,0.0
2022-11-24 02:00:00,0.0,0.28135349973102936,0.0,4.204545149753302,0.3013535157310294,47.67280410091719,0.0,10.6,0.0,47.67280410091719,0.0,0.0,0.0,0.0,21.197147444059446,21.197147444059446,0.0
2022-11-24 03:00:00,0.0,1.1818627599527376,0.0,4.7869194220436,1.2018627759527376,48.25517837320748,0.0,10.6,0.0,48.25517837320748,0.0,0.0,0.0,0.0,21.535051144020173,21.535051144020173,0.0
2022-11-24 04:00:00,0.0,1.4927779472909075,0.0,5.891123149985752,2.5957488583158006,49.359382101149635,0.0,9.4,0.0,49.359382101149635,0.0,0.0,0.0,0.0,22.048768292966425,22.048768292966425,0.0
2022-11-24 05:00:00,0.0,3.3025746660437996,0.0,6.005956776537334,3.3225746820437996,53.68167508233132,0.0,9.4,0.0,53.68167508233132,0.0,0.0,0.0,0.0,23.986263147303273,23.986263147303273,0.0
2022-11-24 06:00:00,0.0,87.28441150086938,0.0,40.83459746264813,88.38737420798721,79.60580864484213,0.0,10.6,0.0,79.60580864484213,0.0,0.0,0.0,0.0,50.629480420698954,50.629480420698954,0.0
2022-11-24 07:00:00,0.0,45.38427534682418,0.0,40.83459746264813,46.48780416234653,98.76960946899328,29.232477169628893,14.813514911550904,2.04306104165734,96.72654842733594,2.0430610416573387,0.0,2.06851181516387,99.99999999999993,49.60695419212383,48.753965991926684,0.8529882001971458
2022-11-24 08:00:00,0.0,4.191202520738243,0.0,40.83459746264813,5.295277440994207,186.98067465638707,45.427541095019514,18.119610659219358,4.875717956331158,182.1049567000559,4.875717956331158,0.0,2.6076052861030834,100.0,69.79783149784502,68.00264090350346,1.7951905943415625
2022-11-24 09:00:00,0.0,0.08560185603708345,0.0,40.83459746264813,2.273997665096471,178.6320965489585,55.985137989257794,20.04953556216431,7.353783750945793,171.2783127980127,7.35378375094578,0.0,4.116720283205262,99.99999999999983,63.603217856941626,61.00170654828829,2.601511308653336
2022-11-24 10:00:00,0.0,0.0,0.08770866845283797,40.83459746264813,1.1042638369553257,176.7932102695432,64.17472873710933,21.405460273034667,9.614982842859797,167.1782274266834,9.614982842859803,0.0,5.438547571029774,100.00000000000004,61.255242293775176,57.93465989407933,3.3205823996958443
2022-11-24 11:00:00,0.0,0.0,1.9056407576265935,40.83459746264813,2.189042437198939,180.5377373065851,68.03542686445314,22.726107089514162,10.754526952960473,169.7832103536246,10.754526952960475,0.0,5.956941254169693,100.00000000000003,61.8347407575121,58.174760144880594,3.6599806126315073
2022-11-24 12:00:00,0.0,0.0,2.61645793870406,40.83459746264813,3.2744512144373217,180.70420554521698,66.0244233128906,23.163263228527832,10.111909112014354,170.59229643320262,10.11190911201436,0.0,5.595834962171974,100.00000000000004,61.61428003080942,58.19943776413661,3.4148422666728067
2022-11-24 13:00:00,0.0,0.0,2.8298290288225743,40.83459746264813,2.189421591507967,183.06742136767113,71.46359407325592,21.633237314789245,11.91320951712297,171.15421185054817,11.913209517122965,0.0,6.507553025066416,99.99999999999996,62.01836164501088,58.00813705735695,4.01022458765393
2022-11-24 14:00:00,0.0,0.0,1.3917912719815033,40.83459746264813,1.1039779015769013,178.09729287307186,130.2864978007531,22.971453056273532,37.80414121690555,140.29315165616632,37.80414121690555,0.0,21.226679309408805,100.0,61.139212867197145,48.203580846302486,12.935632020894658
2022-11-24 15:00:00,0.0,0.0,0.0,40.83459746264813,2.1879576332283426,176.70550160109036,103.85979704560276,22.145618657675087,25.115396473656943,151.59010512743342,25.115396473656943,0.0,14.213137817493946,100.0,65.26783348073923,56.047217973365555,9.220615507373672
2022-11-24 16:00:00,0.0,0.0,0.0,40.83459746264813,2.188877504223186,191.46807018769255,24.868969531859022,17.477155297870596,1.4646075109540944,190.00346267673845,1.464607510954096,0.0,0.7649356414980152,100.00000000000011,80.61444300797297,80.00080907607098,0.6136339319019868
2022-11-24 17:00:00,0.0,0.0,0.0,40.83459746264813,1.10367781356943,180.35132106710464,0.0,16.7,0.0,180.35132106710464,0.0,0.0,0.0,0.0,77.18167904487737,77.18167904487737,0.0
2022-11-24 18:00:00,0.0,0.1310226185857673,0.0,40.83459746264813,1.2344912559883716,136.74485312545113,0.0,16.1,0.0,136.74485312545113,0.0,0.0,0.0,0.0,58.383959041711364,58.383959041711364,0.0
2022-11-24 19:00:00,0.0,1.832390225501389,0.0,40.83459746264813,2.9356528637678547,134.17605986162698,0.0,16.7,0.0,134.17605986162698,0.0,0.0,0.0,0.0,56.58262716191469,56.58262716191469,0.0
2022-11-24 20:00:00,0.0,9.704037563334369,0.0,40.83459746264813,9.72403757933437,111.9853861309906,0.0,16.1,0.0,111.9853861309906,0.0,0.0,0.0,0.0,49.06744226803504,49.06744226803504,0.0
2022-11-24 21:00:00,0.0,16.05490516092811,0.0,40.83459746264813,17.157984128519942,110.70098949907849,0.0,15.6,0.0,110.70098949907849,0.0,0.0,0.0,0.0,50.772646364568025,50.772646364568025,0.0
2022-11-24 22:00:00,0.0,0.0,0.0,0.0,0.020000016,47.675718305793986,0.0,14.4,0.0,47.675718305793986,0.0,0.0,0.0,0.0,20.73538711643764,20.73538711643764,0.0
2022-11-24 23:00:00,0.0,0.0,0.0,0.0,1.1028063087308995,43.46825895116388,0.0,13.3,0.0,43.46825895116388,0.0,0.0,0.0,0.0,18.32243396096971,18.32243396096971,0.0
2022-11-25 00:00:00,0.0,0.0,0.0,0.0,0.020000016,38.10742263904787,0.0,12.2,0.0,38.10742263904787,0.0,0.0,0.0,0.0,15.612782398343525,15.612782398343525,0.0
2022-11-25 01:00:00,0.0,0.0,0.0,0.0,1.1029321221479014,38.10742263904787,0.0,11.7,0.0,38.10742263904787,0.0,0.0,0.0,0.0,15.999064034162933,15.999064034162933,0.0
2022-11-25 02:00:00,0.0,0.03967758845684216,0.0,1.6000018854435176,0.05967760445684217,39.70742452449139,0.0,11.7,0.0,39.70742452449139,0.0,0.0,0.0,0.0,16.46768560869398,16.46768560869398,0.0
2022-11-25 03:00:00,0.0,0.34080529292331396,0.0,4.57089231347042,0.3608053089233139,42.678314952518285,0.0,11.7,0.0,42.678314952518285,0.0,0.0,0.0,0.0,17.913247850004787,17.913247850004787,0.0
2022-11-25 04:00:00,0.0,0.6289443052446242,0.0,6.219588791907761,1.7318633485654187,44.32701143095563,0.0,11.1,0.0,44.32701143095563,0.0,0.0,0.0,0.0,18.774687879265926,18.774687879265926,0.0
2022-11-25 05:00:00,0.0,0.37231995775177057,0.0,5.58283911360989,0.3923199737517706,43.690261752657754,0.0,10.6,0.0,43.690261752657754,0.0,0.0,0.0,0.0,18.382099879513884,18.382099879513884,0.0
2022-11-25 06:00:00,0.0,71.31681805398433,0.0,40.83459746264813,72.41985853197158,79.60580864484213,0.0,12.2,0.0,79.60580864484213,0.0,0.0,0.0,0.0,45.9152304020903,45.9152304020903,0.0
2022-11-25 07:00:00,0.0,45.917485202421275,0.0,40.83459746264813,45.93748521842127,75.83888804889047,45.131269818164064,15.810352181817628,4.8524250085136105,70.98646304037686,4.852425008513606,0.0,6.398333537518945,99.99999999999991,39.68808100015556,37.67791541612871,2.0101655840268506
2022-11-25 08:00:00,0.0,5.846432278366989,0.0,40.83459746264813,6.949663996000413,114.21720088209123,86.89579872187497,18.315493710058593,17.827507075752322,96.38969380633891,17.827507075752322,0.0,15.608425822093142,100.0,45.37567892521609,38.488556391711455,6.8871225335046375
2022-11-25 09:00:00,0.0,0.2516530061327913,0.0,40.83459746264813,1.355163746276029,116.46489498793738,110.50654129453126,21.753329415454104,28.473732576939078,87.9911624109983,28.473732576939085,0.0,24.448339201171475,100.00000000000003,42.95400408368833,32.512116873073225,10.441887210615107
2022-11-25 10:00:00,0.0,0.0,0.28729117335056154,40.83459746264813,1.103468680646248,115.78888868735386,128.31428277421875,22.909821336694336,37.240307120336055,78.5485815670178,37.240307120336055,0.0,32.16224591367318,100.0,40.96273719974071,27.852100876490795,13.110636323249913
2022-11-25 11:00:00,0.0,0.0,1.1385689156878969,40.83459746264813,1.1035875318195008,118.88786053553736,135.7144350890626,24.841076096533207,39.10874045179761,79.77912008373974,39.108740451797615,0.0,32.89548678530339,100.00000000000003,41.28040160017223,27.76637633705357,13.514025263118665
2022-11-25 12:00:00,0.0,0.0,0.0805093361209113,40.83459746264813,1.103472862873602,116.5454043240583,131.48055537890622,25.80876735559082,37.753087048960374,78.79231727509793,37.75308704896037,0.0,32.393458384670986,99.99999999999997,39.36085023391779,26.674869158290885,12.685981075626902
2022-11-25 13:00:00,0.0,0.0,0.0,40.83459746264813,1.1034526061360215,113.89610172411322,123.53797875721442,26.66056183616295,34.946757560879476,78.94934416323375,34.946757560879476,0.0,30.68301463515394,100.0,36.30658874777911,25.227592932041297,11.078995815737812
2022-11-25 14:00:00,0.0,0.0,0.0,40.83459746264813,1.1033147861943813,74.79713598363837,144.6902012313446,27.32156878847952,41.31283411791009,33.48430186572828,41.31283411791009,0.0,55.233176477435094,100.0,24.35550930711032,11.012909836219487,13.342599470890834
2022-11-25 15:00:00,0.0,0.0,0.0,40.83459746264813,1.1031507214700178,73.51273935172627,91.75200320807106,24.56725010025222,19.427119417439712,54.085619934286555,19.427119417439712,0.0,26.42687456454242,100.0,25.876255036094218,19.09045935917961,6.785795676914606
2022-11-25 16:00:00,0.0,0.05590570668511259,0.0,40.83459746264813,0.07590572268511257,85.7065146745043,20.630052586380064,18.94468914332438,1.0025498142405767,84.70396486026372,1.0025498142405809,0.0,1.169747501748331,100.00000000000043,32.65156471000121,32.26978371524025,0.38178099476095895
2022-11-25 17:00:00,0.0,3.052495380912251,0.0,40.83459746264813,4.155535981005478,80.86861504956414,0.0,17.8,0.0,80.86861504956414,0.0,0.0,0.0,0.0,32.261896572918424,32.261896572918424,0.0
2022-11-25 18:00:00,0.0,0.0,0.0,0.0,0.020000016,38.10742263904787,0.0,18.3,0.0,38.10742263904787,0.0,0.0,0.0,0.0,14.588264340692723,14.588264340692723,0.0
2022-11-25 19:00:00,0.0,0.0,0.0,0.0,1.102942244102407,38.10742263904787,0.0,16.7,0.0,38.10742263904787,0.0,0.0,0.0,0.0,14.863845736207798,14.863845736207798,0.0
2022-11-25 20:00:00,0.0,0.0,0.0,0.0,0.020000016,38.10742263904787,0.0,16.1,0.0,38.10742263904787,0.0,0.0,0.0,0.0,14.725641599306488,14.725641599306488,0.0
2022-11-25 21:00:00,0.0,0.0,0.0,0.0,1.1030235119710836,38.10742263904787,0.0,15.0,0.0,38.10742263904787,0.0,0.0,0.0,0.0,14.90577853342416,14.90577853342416,0.0
2022-11-25 22:00:00,0.0,0.0,0.0,0.0,0.020000016,38.10742263904787,0.0,15.0,0.0,38.10742263904787,0.0,0.0,0.0,0.0,14.87121195378765,14.87121195378765,0.0
2022-11-25 23:00:00,0.0,0.0,0.0,0.0,1.102914823878909,38.10742263904787,0.0,14.4,0.0,38.10742263904787,0.0,0.0,0.0,0.0,14.768000631247995,14.768000631247995,0.0
2022-11-26 00:00:00,0.0,0.022127443989330836,0.0,1.4060152323862452,0.04212745998933084,39.51343787143411,0.0,13.9,0.0,39.51343787143411,0.0,0.0,0.0,0.0,15.122462888387064,15.122462888387064,0.0
2022-11-26 01:00:00,0.0,0.10375235483312115,0.0,4.284234419491986,0.12375237083312116,42.391657058539856,0.0,11.1,0.0,42.391657058539856,0.0,0.0,0.0,0.0,16.661219019378517,16.661219019378517,0.0
2022-11-26 02:00:00,0.0,0.2056964499976254,0.0,4.482353085607257,1.30864123428437,42.58977572465512,0.0,11.1,0.0,42.58977572465512,0.0,0.0,0.0,0.0,16.894186273103717,16.894186273103717,0.0
2022-11-26 03:00:00,0.0,0.08691823286846824,0.0,5.183742686282625,0.10691824886846824,43.29116532533048,0.0,9.4,0.0,43.29116532533048,0.0,0.0,0.0,0.0,17.210821793153933,17.210821793153933,0.0
2022-11-26 04:00:00,0.0,1.0318933948393914,0.0,6.168931085839707,2.1348146204731044,44.276353724887564,0.0,10.0,0.0,44.276353724887564,0.0,0.0,0.0,0.0,18.083846658000773,18.083846658000773,0.0
2022-11-26 05:00:00,0.0,1.4854029073830326,0.0,5.633496819677945,1.5054029233830326,43.74091945872582,0.0,8.9,0.0,43.74091945872582,0.0,0.0,0.0,0.0,17.849867836436506,17.849867836436506,0.0
2022-11-26 06:00:00,0.0,3.976821365611092,0.0,7.9506544204958525,3.996821381611092,37.153569935943715,0.0,8.9,0.0,37.153569935943715,0.0,0.0,0.0,0.0,15.569725480453592,15.569725480453592,0.0
2022-11-26 07:00:00,0.0,1.2810506705878428,0.0,4.0839892700878995,2.3840227647973022,24.38239766193577,35.965718546484375,12.823928704577636,3.1145666956424782,21.267830966293293,3.114566695642477,0.0,12.77383274125144,99.99999999999996,10.370557372776375,9.100670666795546,1.269886705980829
2022-11-26 08:00:00,0.0,0.12353940007925884,0.0,1.9973437259054978,0.14353941607925885,22.295752117753363,58.091978858203106,16.815374339318847,8.010717165316654,14.285034952436709,8.010717165316654,0.0,35.92934260754535,100.0,8.095680331567275,5.196241307166738,2.899439024400537
2022-11-26 09:00:00,0.0,0.0,0.0,1.6066226037234963,1.1029183674100733,21.905030995571362,74.57448603515623,19.530452688598633,13.072667662947225,8.832363332624137,13.072667662947225,0.0,59.67883663615991,100.0,7.900170756521209,3.3039515329055944,4.5962192236156145
2022-11-26 10:00:00,0.0,0.0,0.0,3.29166103674353,0.020000016,23.5900694285914,85.4287664097656,21.569648950305172,17.028180791268795,6.561888637322603,17.028180791268795,0.0,72.1836823872611,100.0,8.386921934348793,2.3355321856516458,6.051389748697147
2022-11-26 11:00:00,0.0,0.0,0.00286624868097742,4.536220795987524,0.020000016,24.837495436516363,89.8775415527343,22.808673173522948,18.762550141556016,6.074945294960347,18.762550141556016,0.0,75.5412323658492,100.0,8.8817637549459,2.175090206846702,6.706673548099198
2022-11-26 12:00:00,0.0,0.0,0.06265977810215705,3.62897663679002,1.1030435575941715,23.990044806740045,86.8604866207031,23.314390206896974,17.491504587293985,6.49854021944606,17.491504587293985,0.0,72.9115127887536,100.0,8.495200595071708,2.4460261061248927,6.049174488946815
2022-11-26 13:00:00,0.0,0.0,0.02604861821414274,4.536220795987525,0.020000016,24.86067780604953,84.19648931051213,21.531140290953502,16.542801102356965,8.317876703692566,16.542801102356965,0.0,66.54203570560527,100.0,8.743123687101777,2.92766738757921,5.815456299522567
2022-11-26 14:00:00,0.0,0.0,0.0,6.307325382498149,1.103067296750416,26.605733774346014,133.26138281117738,23.06441821284929,38.65413730795971,0.0,26.605733774346014,12.048403533613694,100.0,68.83023558998774,9.889347164876598,0.19860772357767664,9.690739441298922
2022-11-26 15:00:00,0.0,0.0,0.0,8.11752011840287,0.020000016,28.415928510250733,99.20011478728738,20.90000358710273,23.01683442619777,5.399094084052962,23.01683442619777,0.0,80.99976186910347,100.0,11.018041140663962,2.0963708645533146,8.921670276110648
2022-11-26 16:00:00,0.0,0.0,0.0,0.6970710623874504,1.1029822943909728,32.86815561903532,24.850450761871905,16.376576586308495,1.4682210103754036,31.399934608659915,1.4682210103754052,0.0,4.467001517800704,100.00000000000011,13.407811139823668,12.817755139068948,0.5900560007547195
2022-11-26 17:00:00,0.0,0.0,0.0,0.0,0.020000016,38.10742263904787,0.0,15.0,0.0,38.10742263904787,0.0,0.0,0.0,0.0,15.790553524954682,15.790553524954682,0.0
2022-11-26 18:00:00,0.0,0.0,0.0,0.0,0.020000016,38.10742263904787,0.0,15.0,0.0,38.10742263904787,0.0,0.0,0.0,0.0,15.754160936334392,15.754160936334392,0.0
2022-11-26 19:00:00,0.0,0.0,0.0,0.0,1.1028946669013417,38.10742263904787,0.0,14.4,0.0,38.10742263904787,0.0,0.0,0.0,0.0,16.18483097569564,16.18483097569564,0.0
2022-11-26 20:00:00,0.0,0.0,0.0,0.0,0.020000016,38.10742263904787,0.0,13.9,0.0,38.10742263904787,0.0,0.0,0.0,0.0,16.254130321358698,16.254130321358698,0.0
2022-11-26 21:00:00,0.0,0.0,0.0,0.8334238075618633,1.1028963822098092,38.940846446609726,0.0,12.8,0.0,38.940846446609726,0.0,0.0,0.0,0.0,16.91276706215769,16.91276706215769,0.0
2022-11-26 22:00:00,0.0,0.5101514797929211,0.0,2.2300705056006733,0.5301514957929211,40.33749314464854,0.0,12.2,0.0,40.33749314464854,0.0,0.0,0.0,0.0,17.563202027720312,17.563202027720312,0.0
2022-11-26 23:00:00,0.0,1.2644252737635178,0.0,4.562042355345939,1.2844252897635178,42.669464994393806,0.0,12.2,0.0,42.669464994393806,0.0,0.0,0.0,0.0,18.272337799602568,18.272337799602568,0.0
2022-11-27 00:00:00,0.0,1.7279142959707745,0.0,4.204545149753302,2.8308936841118757,47.67280410091719,0.0,12.8,0.0,47.67280410091719,0.0,0.0,0.0,0.0,21.192072911284495,21.192072911284495,0.0
2022-11-27 01:00:00,0.0,3.4345763231431836,0.0,6.597182579287696,3.4545763391431836,50.06544153045159,0.0,12.2,0.0,50.06544153045159,0.0,0.0,0.0,0.0,23.4766216319014,23.4766216319014,0.0
2022-11-27 02:00:00,0.0,4.842577217027655,0.0,8.684823242059961,5.945595486744107,52.15308219322383,0.0,11.7,0.0,52.15308219322383,0.0,0.0,0.0,0.0,25.294049015840887,25.294049015840887,0.0
2022-11-27 03:00:00,0.0,8.548972266712703,0.0,13.176501408348297,8.568972282712702,56.64476035951217,0.0,11.1,0.0,56.64476035951217,0.0,0.0,0.0,0.0,27.75690920722558,27.75690920722558,0.0
2022-11-27 04:00:00,0.0,11.380658548524808,0.0,13.822519891476686,11.400658564524807,57.29077884264056,0.0,11.7,0.0,57.29077884264056,0.0,0.0,0.0,0.0,28.175283270721874,28.175283270721874,0.0
2022-11-27 05:00:00,0.0,14.453254024025048,0.0,15.453893169218997,15.556369660450981,63.129611475012986,0.0,9.4,0.0,63.129611475012986,0.0,0.0,0.0,0.0,30.75030368783754,30.75030368783754,0.0
2022-11-27 06:00:00,0.0,128.04451667496298,0.0,40.83459746264813,128.064516690963,79.60580864484213,0.0,11.7,0.0,79.60580864484213,0.0,0.0,0.0,0.0,58.02293056579798,58.02293056579798,0.0
2022-11-27 07:00:00,0.0,94.63736173350885,0.0,40.83459746264811,95.74090924602301,98.76960946899328,43.66787863710934,13.564621207409665,4.5793511192278,94.19025834976549,4.579351119227795,0.0,4.636396907760772,99.99999999999989,62.41343433651242,60.318930721600005,2.094503614912412
2022-11-27 08:00:00,0.0,13.286368359692815,0.0,40.83459746264813,15.474660321780473,186.98067465638707,79.69391629804687,18.590434884313964,14.980008028135979,172.00066662825108,14.980008028135984,0.0,8.01152742424565,100.00000000000004,82.1426871301575,75.78502192293631,6.3576652072211886
2022-11-27 09:00:00,0.0,1.2253619154260658,0.0,40.83459746264813,2.329607697327892,178.6320965489585,105.17716204101552,21.586786313781737,25.80926786215155,152.82282868680693,25.809267862151557,0.0,14.448281333963909,100.00000000000003,77.05797521303127,65.98502502213238,11.072950190898894
2022-11-27 10:00:00,0.0,0.0,0.0,40.83459746264813,2.1885115633867738,176.70550160109036,121.83622972382808,23.807382178869627,34.35164715680579,142.35385444428456,34.3516471568058,0.0,19.44005525892117,100.00000000000003,76.29524004350968,61.54000528201111,14.75523476149857
2022-11-27 11:00:00,0.0,0.0,0.0,40.83459746264813,2.1890671851521675,178.6320965489585,129.35880648281233,25.142462702587885,37.235698532255384,141.3963980167031,37.235698532255384,0.0,20.844909314519537,100.0,75.93051079990687,60.18502331855737,15.7454874813495
2022-11-27 12:00:00,0.0,0.0,0.0,40.83459746264813,2.1897987124773013,178.08774760651295,125.50662722812504,25.622082100878906,36.062711467391786,142.02503613912117,36.06271146739178,0.0,20.24996775582382,99.99999999999997,76.82419280529928,61.34715892483875,15.477033880460525
2022-11-27 13:00:00,0.0,0.0,0.0,40.83459746264813,3.2742293582776942,180.23759233884863,113.47110897890633,24.645972155590826,29.704454741477882,150.53313759737074,29.70445474147789,0.0,16.48072100610021,100.00000000000003,76.50740262091495,63.99558923925704,12.511813381657902
2022-11-27 14:00:00,0.0,0.0,0.0,40.83459746264813,1.1039983011352006,176.70550160109036,138.71257050931814,22.634767828416194,40.29883027675014,136.4066713243402,40.29883027675015,0.0,22.805645501476278,100.00000000000004,74.51845874219728,57.56937521025033,16.949083531946954
2022-11-27 15:00:00,0.0,0.0,0.0,40.83459746264813,2.187912403649453,176.70550160109036,89.69036191898182,20.00282380996818,18.876896989715085,157.82860461137528,18.87689698971508,0.0,10.68268775939379,99.99999999999997,75.96557640406483,67.89249386847338,8.073082535591453
2022-11-27 16:00:00,0.0,0.0,0.0,40.83459746264813,1.1044755215925202,191.46807018769255,19.920488786654452,16.22251527458295,0.9439798251096526,190.52409036258288,0.9439798251096647,0.0,0.49302206064139,100.0000000000013,82.42195199609542,82.01657401989945,0.4053779761959646
2022-11-27 17:00:00,0.0,0.0,0.0,40.83459746264813,2.187442182756002,180.35132106710464,0.0,15.6,0.0,180.35132106710464,0.0,0.0,0.0,0.0,78.61853011390056,78.61853011390056,0.0
2022-11-27 18:00:00,0.0,2.66512625184675,0.0,40.83459746264811,3.768603900072303,136.74485312545113,0.0,15.0,0.0,136.74485312545113,0.0,0.0,0.0,0.0,56.876570981813664,56.876570981813664,0.0
2022-11-27 19:00:00,0.0,8.805617272860689,0.0,40.83459746264813,8.82561728886069,134.17605986162698,0.0,15.0,0.0,134.17605986162698,0.0,0.0,0.0,0.0,58.47098398512711,58.47098398512711,0.0
2022-11-27 20:00:00,0.0,22.725425927961446,0.0,40.83459746264811,23.828776827822445,111.9853861309906,0.0,15.0,0.0,111.9853861309906,0.0,0.0,0.0,0.0,52.19716939563317,52.19716939563317,0.0
2022-11-27 21:00:00,0.0,30.520083605895795,0.0,40.83459746264813,31.623095596698892,110.70098949907849,0.0,12.8,0.0,110.70098949907849,0.0,0.0,0.0,0.0,52.306063601243466,52.306063601243466,0.0
2022-11-27 22:00:00,0.0,0.0,0.0,0.0,0.020000016,47.675718305793986,0.0,12.2,0.0,47.675718305793986,0.0,0.0,0.0,0.0,19.839083612288714,19.839083612288714,0.0
2022-11-27 23:00:00,0.0,0.0,0.0,0.0,1.1029773356126666,43.46825895116388,0.0,12.2,0.0,43.46825895116388,0.0,0.0,0.0,0.0,18.34572027296947,18.34572027296947,0.0
2022-11-28 00:00:00,0.0,0.0,0.0,1.4212532826471982,0.020000016,44.88951223381108,0.0,11.7,0.0,44.88951223381108,0.0,0.0,0.0,0.0,19.066830171495678,19.066830171495678,0.0
2022-11-28 01:00:00,0.0,0.45455025633986623,0.0,5.183742686282625,0.47455027233986624,48.6520016374465,0.0,10.6,0.0,48.6520016374465,0.0,0.0,0.0,0.0,20.792464649975425,20.792464649975425,0.0
2022-11-28 02:00:00,0.0,2.836796426192245,0.0,6.168931085839707,3.9397819211769427,49.637190037003585,0.0,10.0,0.0,49.637190037003585,0.0,0.0,0.0,0.0,22.270265602807697,22.270265602807697,0.0
2022-11-28 03:00:00,0.0,3.2636784286354144,0.0,5.633496819677945,3.2836784446354144,49.10175577084183,0.0,9.4,0.0,49.10175577084183,0.0,0.0,0.0,0.0,21.881748966017252,21.881748966017252,0.0
2022-11-28 04:00:00,0.0,7.25708623455923,0.0,9.358788755933272,8.360056294386707,52.82704770709715,0.0,9.4,0.0,52.82704770709715,0.0,0.0,0.0,0.0,24.690494566004872,24.690494566004872,0.0
2022-11-28 05:00:00,0.0,7.192575193648324,0.0,13.746638772929387,7.212575209648324,61.422357078723365,0.0,8.9,0.0,61.422357078723365,0.0,0.0,0.0,0.0,28.42427559823084,28.42427559823084,0.0
2022-11-28 06:00:00,0.0,113.72826450790195,0.0,40.83459746264813,114.8311812435584,79.60580864484213,0.0,8.3,0.0,79.60580864484213,0.0,0.0,0.0,0.0,55.47985733393811,55.47985733393811,0.0
2022-11-28 07:00:00,0.0,71.64182848266486,0.0,40.83459746264813,72.74528966728272,98.76960946899328,33.58785386601563,11.649620433312988,2.727636896970285,96.041972572023,2.7276368969702816,0.0,2.7616155532401576,99.99999999999987,56.79744554304055,55.59062987434502,1.2068156686955334
2022-11-28 08:00:00,0.0,6.983360319904355,0.0,40.83459746264813,8.087489757650829,186.98067465638707,66.48918277675781,15.377786961773683,10.54817737781965,176.4324972785674,10.548177377819655,0.0,5.641319562678849,100.00000000000004,84.01934258129782,79.36168937834778,4.657653202950044
2022-11-28 09:00:00,0.0,0.2547640274313487,0.0,40.83459746264813,2.443243075833968,178.6320965489585,90.74330633671872,18.43572832302246,19.432723683474723,159.19937286548375,19.432723683474734,0.0,10.878629349876505,100.00000000000004,78.53518005734627,70.03948475378637,8.495695303559899
2022-11-28 10:00:00,0.0,0.0,0.0,40.83459746264813,1.1042937422964938,176.70550160109036,56.2182390773437,18.45681997116699,7.458059838974531,169.24744176211584,7.4580598389745205,0.0,4.220615527755872,99.99999999999986,74.4319262407162,71.2988325926622,3.1330936480540004
2022-11-28 11:00:00,0.0,0.0,0.7058197685716444,40.83459746264813,2.18910851428877,179.33791631753013,61.05675264433594,20.208023520135498,8.741432117841871,170.59648419968826,8.741432117841867,0.0,4.874279961168145,99.99999999999996,75.98418493279982,72.29971500229006,3.6844699305097635
2022-11-28 12:00:00,0.0,0.0,1.2101826710949501,40.83459746264813,3.2746849315372812,179.29793027760786,58.66823937304685,20.133382480407715,8.073077652283693,171.22485262532416,8.0730776522837,0.0,4.50260504389767,100.00000000000009,77.53800462561215,74.07332225496981,3.464682370642336
2022-11-28 13:00:00,0.0,0.0,0.5898109182534484,40.83459746264813,2.1894336017101854,180.82740325710205,54.80128949238288,19.512540296636967,7.0598170948389365,173.76758616226311,7.059817094838934,0.0,3.90417434950455,99.99999999999997,80.64993067725062,77.51660735513373,3.133323322116894
2022-11-28 14:00:00,0.0,0.0,0.33834447582092547,40.83459746264813,2.1880835043998843,177.04384607691128,119.48873965022977,20.93402311406968,33.39037931628834,143.65346676062293,33.390379316288346,0.0,18.85994913473746,100.00000000000003,80.95776749838595,65.76347539050894,15.194292107877004
2022-11-28 15:00:00,0.0,0.0,0.0,40.83459746264813,1.1039714858653835,176.70550160109036,100.49475936838388,18.740461230261996,23.807455531214163,152.8980460698762,23.807455531214174,0.0,13.472956594729629,100.00000000000004,82.70345274825935,71.5876327234578,11.11582002480155
2022-11-28 16:00:00,0.0,0.0,0.0,40.83459746264813,2.1886915707902466,191.46807018769255,30.590510203457992,15.355953443858063,2.232969297008958,189.23510089068358,2.232969297008964,0.0,1.1662358610602936,100.00000000000027,89.8872081697713,88.84350715550283,1.0437010142684642
2022-11-28 17:00:00,0.0,0.0,0.0,40.83459746264813,1.1037773212934512,180.35132106710464,0.0,13.9,0.0,180.35132106710464,0.0,0.0,0.0,0.0,84.4345253379979,84.4345253379979,0.0
2022-11-28 18:00:00,0.0,0.3217690346977908,0.0,40.83459746264813,1.4252925080738459,136.74485312545113,0.0,13.9,0.0,136.74485312545113,0.0,0.0,0.0,0.0,62.72372458681801,62.72372458681801,0.0
2022-11-28 19:00:00,0.0,2.2504552224908334,0.0,40.83459746264813,3.353734274425854,134.17605986162698,0.0,13.3,0.0,134.17605986162698,0.0,0.0,0.0,0.0,60.94415712531752,60.94415712531752,0.0
2022-11-28 20:00:00,0.0,10.374569096904269,0.0,40.83459746264811,11.477941394412474,111.9853861309906,0.0,12.2,0.0,111.9853861309906,0.0,0.0,0.0,0.0,52.08376096280824,52.08376096280824,0.0
2022-11-28 21:00:00,0.0,17.415128121106573,0.0,40.83459746264813,17.43512813710657,110.70098949907849,0.0,11.7,0.0,110.70098949907849,0.0,0.0,0.0,0.0,53.1417319880895,53.1417319880895,0.0
2022-11-28 22:00:00,0.0,0.0,0.0,0.0,1.1029792542635597,47.675718305793986,0.0,10.6,0.0,47.675718305793986,0.0,0.0,0.0,0.0,21.815954444296096,21.815954444296096,0.0
2022-11-28 23:00:00,0.0,0.0,0.0,0.0,0.020000016,43.46825895116388,0.0,11.7,0.0,43.46825895116388,0.0,0.0,0.0,0.0,19.5764886516932,19.5764886516932,0.0
2022-11-29 00:00:00,0.0,0.0,0.0,0.0,0.020000016,43.46825895116388,0.0,11.7,0.0,43.46825895116388,0.0,0.0,0.0,0.0,19.732539701327877,19.732539701327877,0.0
2022-11-29 01:00:00,0.0,0.0,0.0,0.0,1.1028993819784167,43.46825895116388,0.0,11.1,0.0,43.46825895116388,0.0,0.0,0.0,0.0,20.492386205688568,20.492386205688568,0.0
2022-11-29 02:00:00,0.0,0.0,0.0,0.0,0.020000016,43.46825895116388,0.0,11.1,0.0,43.46825895116388,0.0,0.0,0.0,0.0,19.66233846312175,19.66233846312175,0.0
2022-11-29 03:00:00,0.0,0.0,0.0,0.0,1.1029698645536274,43.46825895116388,0.0,10.6,0.0,43.46825895116388,0.0,0.0,0.0,0.0,19.66237249143295,19.66237249143295,0.0
2022-11-29 04:00:00,0.0,0.0,0.0,0.0,0.020000016,43.46825895116388,0.0,9.4,0.0,43.46825895116388,0.0,0.0,0.0,0.0,19.517806502109128,19.517806502109128,0.0
2022-11-29 05:00:00,0.0,0.0,0.0,0.0,1.1029605520192363,47.675718305793986,0.0,10.0,0.0,47.675718305793986,0.0,0.0,0.0,0.0,21.210231075874148,21.210231075874148,0.0
2022-11-29 06:00:00,0.0,53.17653719795598,0.0,40.83459746264813,53.19653721395598,79.60580864484213,0.0,9.4,0.0,79.60580864484213,0.0,0.0,0.0,0.0,43.83084589861012,43.83084589861012,0.0
2022-11-29 07:00:00,0.0,15.899999572756819,0.0,40.83459746264813,17.003494911860614,98.76960946899328,35.04155826445311,12.795048695764159,2.956864192076838,95.81274527691644,2.9568641920768357,0.0,2.9936983733899276,99.99999999999993,45.09881978639722,43.8403488176074,1.2584709687898226
2022-11-29 08:00:00,0.0,0.10683721075511836,0.0,40.83459746264813,2.295056479492822,186.98067465638707,58.03708709003908,15.113658971563723,8.044448731349474,178.9362259250376,8.044448731349462,0.0,4.30228885746224,99.99999999999984,71.96699044705838,68.88854080654558,3.078449640512801
2022-11-29 09:00:00,0.0,0.0,1.8156366592334088,40.83459746264813,1.104246810041745,180.44773320819186,75.01952843085934,17.344360263464353,13.334044337897154,167.1136888702947,13.334044337897154,0.0,7.389421912279152,100.0,63.56574832748893,58.88329864757128,4.682449679917653
2022-11-29 10:00:00,0.0,0.0,5.92238874238021,40.83459746264813,2.188498919889351,182.62789034347057,86.70865832578134,19.909645572680667,17.648628834606964,164.9792615088636,17.648628834606967,0.0,9.66370952509771,100.00000000000003,62.11039626003912,56.14630687481621,5.9640893852229055
2022-11-29 11:00:00,0.0,0.0,7.559913814066814,40.83459746264813,2.1889431256832377,186.19201036302533,91.3260247066406,20.65393827208252,19.52538781075264,166.66662255227268,19.525387810752648,0.0,10.486694768848185,100.00000000000004,65.78382319569822,58.926604623500936,6.857218572197283
2022-11-29 12:00:00,0.0,0.0,7.120449213343996,40.83459746264813,2.1898556838426932,185.20819681985694,88.31075598984376,19.459711124682617,18.336746992546125,166.8714498273108,18.336746992546125,0.0,9.90061309780009,100.0,64.48465489125743,58.139315278221815,6.34533961303562
2022-11-29 13:00:00,0.0,0.0,5.760449862144184,40.83459746264813,2.189557140716579,185.99804220099276,82.16617558359378,19.267692986987306,15.884863337287525,170.11317886370523,15.884863337287527,0.0,8.540338999978324,100.00000000000003,66.87830086445042,61.20033588885368,5.677964975596744
2022-11-29 14:00:00,0.0,0.0,1.8951963729648222,40.83459746264813,2.188081862836534,178.60069797405518,127.21943872668139,20.075607460208793,37.30677379491316,141.293924179142,37.30677379491317,0.0,20.88836954060091,100.00000000000003,62.80151393510755,49.76559450182002,13.035919433287532
2022-11-29 15:00:00,0.0,0.0,0.009062167255936922,40.83459746264813,1.1039744795209718,176.7145637683463,94.53870507723887,18.554334533663713,21.083255308045384,155.63130846030091,21.08325530804538,0.0,11.93068350364334,99.99999999999997,62.34133098416902,54.92729883881832,7.414032145350703
2022-11-29 16:00:00,0.0,0.0,0.0,40.83459746264813,2.1888000516109325,191.46807018769255,23.93399002928384,15.14793718841512,1.3679245542207232,190.1001456334718,1.3679245542207354,0.0,0.7144400384250934,100.00000000000088,74.44245582009779,73.91342467799846,0.5290311420993277
2022-11-29 17:00:00,0.0,0.0,0.0,40.83459746264813,2.1874761218092718,180.35132106710464,0.0,13.3,0.0,180.35132106710464,0.0,0.0,0.0,0.0,72.74269018427488,72.74269018427488,0.0
2022-11-29 18:00:00,0.0,0.0,0.0,40.83459746264813,1.1035257806135077,136.74485312545113,0.0,12.8,0.0,136.74485312545113,0.0,0.0,0.0,0.0,54.73595632154514,54.73595632154514,0.0
2022-11-29 19:00:00,0.0,0.0,0.0,40.83459746264813,0.020000016,134.17605986162698,0.0,13.3,0.0,134.17605986162698,0.0,0.0,0.0,0.0,53.22587691587608,53.22587691587608,0.0
2022-11-29 20:00:00,0.0,1.6671996060190553,0.0,40.83459746264813,2.770519751122321,111.9853861309906,0.0,13.3,0.0,111.9853861309906,0.0,0.0,0.0,0.0,44.82208913222143,44.82208913222143,0.0
2022-11-29 21:00:00,0.0,3.3793525698716738,0.0,40.83459746264813,4.482356660233597,110.70098949907849,0.0,12.8,0.0,110.70098949907849,0.0,0.0,0.0,0.0,44.67674530148027,44.67674530148027,0.0
2022-11-29 22:00:00,0.0,0.0,0.0,0.0,0.020000016,47.675718305793986,0.0,12.2,0.0,47.675718305793986,0.0,0.0,0.0,0.0,18.824782705332947,18.824782705332947,0.0
2022-11-29 23:00:00,0.0,0.0,0.0,0.0,1.1028125363184431,43.46825895116388,0.0,11.1,0.0,43.46825895116388,0.0,0.0,0.0,0.0,17.613250437461186,17.613250437461186,0.0
2022-11-30 00:00:00,0.0,0.0,0.0,0.0,0.020000016,43.46825895116388,0.0,11.1,0.0,43.46825895116388,0.0,0.0,0.0,0.0,17.419810983831205,17.419810983831205,0.0
2022-11-30 01:00:00,0.0,0.0,0.0,0.0,0.020000016,43.46825895116388,0.0,10.0,0.0,43.46825895116388,0.0,0.0,0.0,0.0,17.635630889523732,17.635630889523732,0.0
2022-11-30 02:00:00,0.0,0.0,0.0,0.0,1.102910073015681,43.46825895116388,0.0,10.0,0.0,43.46825895116388,0.0,0.0,0.0,0.0,17.587839067497487,17.587839067497487,0.0
2022-11-30 03:00:00,0.0,0.0,0.0,0.0,0.020000016,43.46825895116388,0.0,10.0,0.0,43.46825895116388,0.0,0.0,0.0,0.0,17.575210009581614,17.575210009581614,0.0
2022-11-30 04:00:00,0.0,0.0,0.0,0.0,1.1029744086461448,43.46825895116388,0.0,8.9,0.0,43.46825895116388,0.0,0.0,0.0,0.0,17.831055559986154,17.831055559986154,0.0
2022-11-30 05:00:00,0.0,0.0,0.0,0.0,0.020000016,47.675718305793986,0.0,8.9,0.0,47.675718305793986,0.0,0.0,0.0,0.0,19.081754827001173,19.081754827001173,0.0
2022-11-30 06:00:00,0.0,40.00895747935941,0.0,40.83459746264813,41.112005123930786,79.60580864484213,0.0,8.9,0.0,79.60580864484213,0.0,0.0,0.0,0.0,38.91697910306422,38.91697910306422,0.0
2022-11-30 07:00:00,0.0,19.042990542061915,0.0,40.83459746264813,20.146420054368583,98.76960946899328,41.28554841855468,12.390173388079834,4.110386937544371,94.6592225314489,4.1103869375443765,0.0,4.161590756147263,100.00000000000013,42.298142621090584,40.68882337536852,1.6093192457220624
2022-11-30 08:00:00,0.0,1.2651855454775047,0.0,40.83459746264813,2.3692407532138056,186.98067465638707,87.56013338789064,15.536254168371583,18.282783154882402,168.69789150150467,18.282783154882395,0.0,9.777899875738775,99.99999999999996,68.75306091169351,62.07216629123638,6.680894620457131
2022-11-30 09:00:00,0.0,0.0,0.0,40.83459746264813,2.188314296543245,178.6320965489585,112.857887548828,16.826808985900875,30.233265402551083,148.39883114640742,30.23326540255107,0.0,16.924878555777855,99.99999999999996,62.974189279305094,52.382569410829376,10.591619868475718
2022-11-30 10:00:00,0.0,0.0,0.033708722728177695,40.83459746264813,1.1042029794935617,176.73921032381853,165.1224079054687,21.260075247045897,48.213309834334936,128.5259004894836,48.21330983433492,0.0,27.279351167179783,99.99999999999997,61.32053331001204,44.646924370003994,16.673608940008044
2022-11-30 11:00:00,0.0,0.0,1.0402864702020447,40.83459746264813,2.189094757990165,179.67238301916052,160.06714398984352,21.102098249682612,46.764193015448896,132.90819000371164,46.76419301544888,0.0,26.027479699237855,99.99999999999997,62.34698180655193,46.222220412895,16.124761393656932
2022-11-30 12:00:00,0.0,0.0,2.1397573060602837,40.83459746264813,3.2747569200427096,180.2275049125732,205.38947013749979,22.01842094179687,59.804724794794026,120.42278011777918,59.804724794794026,0.0,33.18290669551508,100.0,62.058014165064996,41.661014726552544,20.396999438512452
2022-11-30 13:00:00,0.0,0.0,2.7915715605696647,40.83459746264813,2.1895013092723685,183.02916389941828,141.96206637421864,20.036314574194332,41.63595552626999,141.3932083731483,41.63595552626998,0.0,22.748262975812192,99.99999999999997,64.59719073007986,49.99213025057487,14.605060479504992
2022-11-30 14:00:00,0.0,0.0,1.490913790399724,40.83459746264813,2.1880113940500765,178.19641539149006,167.21576271384308,20.225492584807597,49.00888582277644,129.18752956871361,49.00888582277645,0.0,27.502733831713716,100.00000000000003,63.0549398658527,45.82145525513159,17.233484610721113
2022-11-30 15:00:00,0.0,0.0,0.024328645859816533,40.83459746264813,1.1040587370239836,176.72983024695017,80.79397227647411,16.924811633639816,15.4891027475972,161.24072749935297,15.489102747597201,0.0,8.764283158057577,100.00000000000003,65.83271058992186,60.08036761151921,5.752342978402652
2022-11-30 16:00:00,0.0,0.0,0.0,40.83459746264813,2.1888773578991514,191.46807018769255,28.1920736162524,14.181002300507888,1.90450670017243,189.56356348752013,1.9045067001724192,0.0,0.9946863193980422,99.99999999999943,75.48118401989521,74.7343031498221,0.7468808700731131
2022-11-30 17:00:00,0.0,0.0,0.0,40.83459746264813,1.103712802036455,180.35132106710464,0.0,12.8,0.0,180.35132106710464,0.0,0.0,0.0,0.0,72.97859780709646,72.97859780709646,0.0
2022-11-30 18:00:00,0.0,0.377300672356796,0.0,40.83459746264813,1.480796912720358,136.74485312545113,0.0,13.3,0.0,136.74485312545113,0.0,0.0,0.0,0.0,54.367668063644786,54.367668063644786,0.0
2022-11-30 19:00:00,0.0,3.129416511416845,0.0,40.83459746264813,4.232725793908829,134.17605986162698,0.0,12.8,0.0,134.17605986162698,0.0,0.0,0.0,0.0,54.34330089687537,54.34330089687537,0.0
2022-11-30 20:00:00,0.0,13.911751063533817,0.0,40.83459746264813,15.015147319583274,111.9853861309906,0.0,13.9,0.0,111.9853861309906,0.0,0.0,0.0,0.0,47.55027107678082,47.55027107678082,0.0
2022-11-30 21:00:00,0.0,21.87861477556619,0.0,40.83459746264811,21.898614791566192,110.70098949907849,0.0,13.7,0.0,110.70098949907849,0.0,0.0,0.0,0.0,47.91660872050617,47.91660872050617,0.0
2022-11-30 22:00:00,0.0,0.0,0.0,0.0,1.1029846467682558,47.675718305793986,0.0,13.6,0.0,47.675718305793986,0.0,0.0,0.0,0.0,19.45839114499729,19.45839114499729,0.0
2022-11-30 23:00:00,0.0,0.0,0.0,0.0,0.020000016,43.46825895116388,0.0,13.4,0.0,43.46825895116388,0.0,0.0,0.0,0.0,17.693661015223537,17.693661015223537,0.0
2022-12-01 00:00:00,0.0,0.0,0.0,0.0,1.10295960407334,43.46825895116388,0.0,13.3,0.0,43.46825895116388,0.0,0.0,0.0,0.0,18.215312303544977,18.215312303544977,0.0
2022-12-01 01:00:00,0.0,0.039301580702575264,0.0,0.7800786252870879,0.05930159670257526,44.24833757645097,0.0,13.1,0.0,44.24833757645097,0.0,0.0,0.0,0.0,18.62440420364178,18.62440420364178,0.0
2022-12-01 02:00:00,0.0,0.4272498763472803,0.0,5.207641991768291,0.44724989234728024,48.67590094293218,0.0,13.0,0.0,48.67590094293218,0.0,0.0,0.0,0.0,20.726654292779838,20.726654292779838,0.0
2022-12-01 03:00:00,0.0,1.7013658031481973,0.0,5.582839113609891,2.8042676913379374,49.05109806477377,0.0,12.8,0.0,49.05109806477377,0.0,0.0,0.0,0.0,21.75973137254515,21.75973137254515,0.0
2022-12-01 04:00:00,0.0,4.42296780051755,0.0,8.66404118870155,4.44296781651755,52.132300139865436,0.0,11.7,0.0,52.132300139865436,0.0,0.0,0.0,0.0,23.39592170639041,23.39592170639041,0.0
2022-12-01 05:00:00,0.0,6.405284631635685,0.0,9.757975240506306,7.508425425475639,57.4336935463003,0.0,13.3,0.0,57.4336935463003,0.0,0.0,0.0,0.0,26.07796168430111,26.07796168430111,0.0
2022-12-01 06:00:00,0.0,96.9415835161259,0.0,40.83459746264813,96.9615835321259,79.60580864484213,0.0,13.9,0.0,79.60580864484213,0.0,0.0,0.0,0.0,51.27929712914541,51.27929712914541,0.0
2022-12-01 07:00:00,0.0,61.273726264062155,0.0,40.83459746264813,62.37726892966075,98.76960946899328,44.011175465039095,16.975349233282472,4.595316358910121,94.17429311008316,4.595316358910125,0.0,4.652561029263492,100.00000000000009,52.615519469715736,50.69008191533239,1.9254375543833433
2022-12-01 08:00:00,0.0,8.04028846221288,0.0,40.83459746264813,10.228525699063557,186.98067465638707,93.13820876249997,20.710569023828125,20.30377326919423,166.67690138719283,20.303773269194238,0.0,10.858754952353404,100.00000000000004,75.87571351473524,67.83653600766412,8.039177507071116
2022-12-01 09:00:00,0.0,0.8945434019300353,0.0,40.83459746264813,1.9987997674639382,178.6320965489585,123.98834427890603,24.474635758715813,35.48849472112807,143.14360182783042,35.48849472112806,0.0,19.866807481264473,99.99999999999997,68.46426469563991,54.93409864073624,13.530166054903674
2022-12-01 10:00:00,0.0,0.0,0.0,40.83459746264813,2.188607546834685,176.70550160109036,175.72125950156254,28.791289359423832,49.89780920980312,126.80769239128725,49.897809209803114,0.0,28.23783569707216,99.99999999999999,68.18270774686317,49.04066068875245,19.14204705811072
2022-12-01 11:00:00,0.0,0.0,0.21069860436358026,40.83459746264813,2.189124407287054,178.84279515332207,145.6262808257811,30.15082127580566,41.14106770380012,137.70172744952197,41.141067703800104,0.0,23.004039759348334,99.99999999999997,69.33447343178597,53.4754146533251,15.859058778460863
2022-12-01 12:00:00,0.0,0.0,1.0093800014643628,40.83459746264813,2.1898971199913775,179.09712760797728,153.63924236718762,28.701226323974613,43.64214451680422,135.45498309117306,43.64214451680422,0.0,24.367864018641207,100.0,69.50339599905402,52.66298348363219,16.840412515421832
2022-12-01 13:00:00,0.0,0.0,1.2847852839866594,40.83459746264813,3.2744283580228393,181.52237762283525,153.6191817960939,27.600599431127936,43.81661507212041,137.70576255071484,43.81661507212041,0.0,24.138409625265037,100.0,71.17544633238263,54.13713647851325,17.038309853869386
2022-12-01 14:00:00,0.0,0.0,0.29260187863732334,40.83459746264813,1.1040296912473038,176.9981034797277,135.50047529572058,24.83438985299127,39.048049219439356,137.95005426028834,39.04804921943935,0.0,22.06128113904434,99.99999999999997,69.95196360343128,54.56351788654242,15.38844571688886
2022-12-01 15:00:00,0.0,0.0,0.0,40.83459746264813,2.1880325110628913,176.70550160109036,82.9017938434297,20.89068105760718,16.07547655435636,160.630025046734,16.075476554356356,0.0,9.097326573705933,99.99999999999997,72.37670929193621,65.82820316275361,6.548506129182599
2022-12-01 16:00:00,0.0,0.0,0.0,40.83459746264813,2.188986746193976,191.46807018769255,14.548220239936946,17.65463188249803,0.5008963415133866,190.96717384617915,0.5008963415133962,0.0,0.26160828853728824,100.00000000000193,82.60477326663612,82.3897034044805,0.21506986215561597
2022-12-01 17:00:00,0.0,0.0,0.0,40.83459746264813,1.1038180272736087,180.35132106710464,0.0,16.1,0.0,180.35132106710464,0.0,0.0,0.0,0.0,78.82290131212353,78.82290131212353,0.0
2022-12-01 18:00:00,0.0,3.4279975717428606,0.0,40.83459746264813,4.531482337254153,136.74485312545113,0.0,16.1,0.0,136.74485312545113,0.0,0.0,0.0,0.0,59.23808259643385,59.23808259643385,0.0
2022-12-01 19:00:00,0.0,8.370881677155877,0.0,40.83459746264811,9.474112654892645,134.17605986162698,0.0,16.7,0.0,134.17605986162698,0.0,0.0,0.0,0.0,58.93794536057229,58.93794536057229,0.0
2022-12-01 20:00:00,0.0,25.021027082664418,0.0,40.83459746264813,25.04102709866442,111.9853861309906,0.0,18.9,0.0,111.9853861309906,0.0,0.0,0.0,0.0,52.46974847118397,52.46974847118397,0.0
2022-12-01 21:00:00,0.0,33.76213180960786,0.0,40.83459746264813,34.86511061128144,110.70098949907849,0.0,17.8,0.0,110.70098949907849,0.0,0.0,0.0,0.0,53.56506578313357,53.56506578313357,0.0
2022-12-01 22:00:00,0.0,0.0,0.0,0.0,0.020000016,47.675718305793986,0.0,17.8,0.0,47.675718305793986,0.0,0.0,0.0,0.0,20.57805724602852,20.57805724602852,0.0
2022-12-01 23:00:00,0.0,0.0,0.0,0.0,1.1029582073286395,43.46825895116388,0.0,16.1,0.0,43.46825895116388,0.0,0.0,0.0,0.0,19.280067055069274,19.280067055069274,0.0
2022-12-02 00:00:00,0.0,0.02792781900273754,0.0,2.380080510730606,0.04792783500273753,40.48750314977847,0.0,15.6,0.0,40.48750314977847,0.0,0.0,0.0,0.0,17.89944975587978,17.89944975587978,0.0
2022-12-02 01:00:00,0.0,0.7499233181776738,0.0,5.24131318571186,1.8528904333509562,43.34873582475972,0.0,16.1,0.0,43.34873582475972,0.0,0.0,0.0,0.0,19.58413703857475,19.58413703857475,0.0
2022-12-02 02:00:00,0.0,1.413078946329767,0.0,5.633496819677946,1.433078962329767,43.74091945872582,0.0,15.6,0.0,43.74091945872582,0.0,0.0,0.0,0.0,19.60857181997405,19.60857181997405,0.0
2022-12-02 03:00:00,0.0,6.219932424931062,0.0,9.03820016733069,7.322888801435575,47.145622806378555,0.0,13.3,0.0,47.145622806378555,0.0,0.0,0.0,0.0,22.060441643003823,22.060441643003823,0.0
2022-12-02 04:00:00,0.0,6.538857011583184,0.0,10.210630096782758,6.558857027583184,48.31805273583062,0.0,12.8,0.0,48.31805273583062,0.0,0.0,0.0,0.0,22.163280914741804,22.163280914741804,0.0
2022-12-02 05:00:00,0.0,6.6586758987540655,0.0,9.16428768792818,6.6786759147540655,47.27171032697604,0.0,15.0,0.0,47.27171032697604,0.0,0.0,0.0,0.0,21.716529777692234,21.716529777692234,0.0
2022-12-02 06:00:00,0.0,98.67715584195761,0.0,40.83459746264813,99.78026065151873,79.60580864484213,0.0,14.4,0.0,79.60580864484213,0.0,0.0,0.0,0.0,52.21468233321728,52.21468233321728,0.0
2022-12-02 07:00:00,0.0,86.35815893148592,0.0,40.83459746264813,87.46133813210622,75.83888804889047,38.27069190527343,15.095959122039796,3.4982040614499224,72.34068398744054,3.4982040614499255,0.0,4.612678470700633,100.00000000000009,48.05367887532768,46.56349641821093,1.4901824571167452
2022-12-02 08:00:00,0.0,30.841983676945603,0.0,40.83459746264811,30.861983692945604,114.21720088209123,85.89290756835945,20.484153361511233,17.281983829926588,96.93521705216465,17.281983829926588,0.0,15.130806652990152,100.0,51.734727260984116,44.74762119854479,6.987106062439324
2022-12-02 09:00:00,0.0,9.925463333069215,0.0,40.83459746264813,11.028964680136035,116.46489498793738,121.42457581289067,22.694517994152832,34.25978302298088,82.2051119649565,34.25978302298088,0.0,29.416403137210807,100.0,47.607398322603544,34.18715611684147,13.420242205762072
2022-12-02 10:00:00,0.0,1.1454706816387108,0.0,40.83459746264813,2.248915566761658,115.50159751400331,135.6413376656249,27.538791802050778,38.69774978000012,76.80384773400318,38.69774978000012,0.0,33.50408185939458,100.0,44.62759232728127,29.81119138026372,14.816400947017552
2022-12-02 11:00:00,0.0,0.0,0.0,40.83459746264813,1.1035923628237525,117.74929161984949,108.9001841941406,28.403130756066894,26.979663458046264,90.76962816180323,26.97966345804626,0.0,22.912803199826797,99.99999999999999,44.98170159726087,34.72066109257943,10.261040504681446
2022-12-02 12:00:00,0.0,0.0,0.0,40.83459746264813,1.1034595104272915,116.46489498793738,97.7569491550781,29.154904661096193,21.679508365674064,94.78538662226332,21.679508365674067,0.0,18.61462921330885,100.00000000000003,45.45984815649978,37.0346492178897,8.42519893861008
2022-12-02 13:00:00,0.0,0.0,0.0,40.83459746264813,1.1034204068332967,113.89610172411322,67.53844682578122,23.210576463305664,10.579144318879695,103.31695740523352,10.579144318879699,0.0,9.288416511835683,100.00000000000004,44.75938213973639,40.6203977164179,4.13898442331849
2022-12-02 14:00:00,0.0,0.12159319744805795,0.0,40.83459746264813,1.2248833275847553,74.79713598363837,113.70715692163294,24.153348653801032,29.882465382201566,44.914670601436804,29.882465382201566,0.0,39.951349726463135,100.0,30.02308559737615,18.116566678164848,11.906518919211301
2022-12-02 15:00:00,0.0,1.584327536322378,0.0,40.83459746264813,2.6875227802913386,73.51273935172627,94.31042854298555,21.8472008919683,20.731884928642227,52.78085442308404,20.73188492864223,0.0,28.201758105420666,100.00000000000003,31.816489356030285,22.98014536174439,8.836343994285894
2022-12-02 16:00:00,0.0,10.487091749234965,0.0,40.83459746264811,11.590338889847624,85.7065146745043,27.542348886850277,17.56069840271407,1.7958786952125523,83.91063597929175,1.7958786952125507,0.0,2.095381782858547,99.99999999999991,39.65886721987049,38.87158991746321,0.7872773024072757
2022-12-02 17:00:00,0.0,38.407557259688936,0.0,40.83459746264813,38.42755727568893,80.86861504956414,0.0,17.2,0.0,80.86861504956414,0.0,0.0,0.0,0.0,42.85003629669937,42.85003629669937,0.0
2022-12-02 18:00:00,0.0,0.0,0.0,0.0,1.1029975231451195,38.10742263904787,0.0,16.7,0.0,38.10742263904787,0.0,0.0,0.0,0.0,16.99615652299025,16.99615652299025,0.0
2022-12-02 19:00:00,0.0,0.0,0.0,0.0,0.020000016,38.10742263904787,0.0,16.1,0.0,38.10742263904787,0.0,0.0,0.0,0.0,16.91929538352328,16.91929538352328,0.0
2022-12-02 20:00:00,0.0,0.0,0.0,0.0,1.1030360354423911,38.10742263904787,0.0,16.1,0.0,38.10742263904787,0.0,0.0,0.0,0.0,16.923378279904746,16.923378279904746,0.0
2022-12-02 21:00:00,0.0,0.0,0.0,3.2639364141418112,0.020000016,41.37135905318967,0.0,15.0,0.0,41.37135905318967,0.0,0.0,0.0,0.0,18.1540436549785,18.1540436549785,0.0
2022-12-02 22:00:00,0.0,2.471708169534407,0.0,7.103956346251544,3.5747258643491415,45.21137898529941,0.0,15.0,0.0,45.21137898529941,0.0,0.0,0.0,0.0,20.461360679748285,20.461360679748285,0.0
2022-12-02 23:00:00,0.0,6.85081404553577,0.0,12.450158966462567,6.87081406153577,50.55758160551042,0.0,14.4,0.0,50.55758160551042,0.0,0.0,0.0,0.0,23.437938151704962,23.437938151704962,0.0
2022-12-03 00:00:00,0.0,11.889268714287956,0.0,16.83466364465624,11.909268730287955,54.9420862837041,0.0,13.3,0.0,54.9420862837041,0.0,0.0,0.0,0.0,26.279503139843463,26.279503139843463,0.0
2022-12-03 01:00:00,0.0,13.559672976482615,0.0,15.593286472067675,14.662650680637107,53.700709111115536,0.0,12.2,0.0,53.700709111115536,0.0,0.0,0.0,0.0,26.09568055618486,26.09568055618486,0.0
2022-12-03 02:00:00,0.0,20.450357610207984,0.0,16.989408255250563,20.470357626207985,55.09683089429842,0.0,11.7,0.0,55.09683089429842,0.0,0.0,0.0,0.0,29.247320092801203,29.247320092801203,0.0
2022-12-03 03:00:00,0.0,24.43815321375402,0.0,15.593286472067675,25.541144862328178,53.700709111115536,0.0,12.2,0.0,53.700709111115536,0.0,0.0,0.0,0.0,28.412273164781908,28.412273164781908,0.0
2022-12-03 04:00:00,0.0,30.682908343911304,0.0,16.989408255250563,30.702908359911305,55.09683089429842,0.0,10.6,0.0,55.09683089429842,0.0,0.0,0.0,0.0,29.76048404454203,29.76048404454203,0.0
2022-12-03 05:00:00,0.0,25.673080836712504,0.0,15.593286472067675,25.693080852712505,53.700709111115536,0.0,10.6,0.0,53.700709111115536,0.0,0.0,0.0,0.0,28.119036069376364,28.119036069376364,0.0
2022-12-03 06:00:00,0.0,24.60752408662531,0.0,16.989408255250563,25.710542332006558,46.19232377069842,0.0,11.1,0.0,46.19232377069842,0.0,0.0,0.0,0.0,24.825863516285978,24.825863516285978,0.0
2022-12-03 07:00:00,0.0,11.121624998698806,0.0,12.601994842050185,11.141625014698805,32.90040323389805,36.91646595527339,14.453639561102294,3.262475515586005,29.637927718312042,3.2624755155860043,0.0,9.916217416522727,99.99999999999999,16.43321001991781,15.00258188157819,1.4306281383396193
2022-12-03 08:00:00,0.0,3.5155004100120997,0.0,7.941712264533985,4.618424165788912,28.240120656381848,67.9272234416015,18.822725732550047,10.87388314341518,17.36623751296667,10.873883143415178,0.0,38.50508740995001,99.99999999999999,12.97931948516263,8.301809912191159,4.677509572971472
2022-12-03 09:00:00,0.0,0.26836024541519743,0.0,2.6631249678739977,0.28836026141519744,22.961533359721862,89.18339083242185,21.686980963513182,18.549906580398197,4.411626779323665,18.549906580398197,0.0,80.78688077921507,100.0,9.873026433102625,1.9388603905347086,7.934166042567917
2022-12-03 10:00:00,0.0,0.0,0.0,0.0,0.020000016,20.298408391847865,102.49467896249993,24.902958717578123,24.212577304808175,0.0,20.298408391847865,3.91416891296031,100.0,83.83415006306237,8.654884159810644,0.0036010111631256747,8.651283148647519
2022-12-03 11:00:00,0.0,0.0,0.0,1.2455518456700758,1.1030120919995718,21.543960237517943,109.39249259296865,26.71851539353027,27.396004561105666,0.0,21.543960237517943,5.852044323587723,100.0,78.63905917180377,9.236827702584142,0.19859778393942595,9.038229918644715
2022-12-03 12:00:00,0.0,0.0,0.0,2.95434543669704,0.020000016,23.252753828544908,106.34040036210938,25.023137511315916,26.052048370761202,0.0,23.252753828544908,2.7992945422162947,100.0,89.25499253502844,10.044372641867103,0.0036010111631256747,10.040771630703977
2022-12-03 13:00:00,0.0,0.0,0.0,2.3075406154619036,1.1031674383294834,22.605949007309768,97.53367225078118,24.147927257836912,21.986629604518924,0.6193194027908433,21.986629604518924,0.0,97.26036981419986,100.0,10.02520572809794,0.46783770530960966,9.557368022788332
2022-12-03 14:00:00,0.0,0.0,0.0,0.2604393379623688,0.020000016,20.558847729810235,124.5047119445337,23.89077224826668,35.861859876936236,0.0,20.558847729810235,15.303012147126001,100.0,57.327890411596314,9.225683337324101,0.0036010111631256747,9.222082326160976
2022-12-03 15:00:00,0.0,0.0,0.0,0.0,1.1029742831567264,20.298408391847865,88.10317862837714,20.553224332136786,18.17828723393346,2.1201211579144044,18.17828723393346,0.0,89.55523449431692,100.0,9.703320705924378,1.1913377086350343,8.511982997289344
2022-12-03 16:00:00,0.0,0.0,0.0,0.0,0.020000016,32.17108455664786,17.495126384849687,16.146722699526553,0.7283076024824471,31.442776954165417,0.7283076024824453,0.0,2.2638577857082134,99.99999999999976,15.386687658192649,15.03843645345163,0.3482512047410182
2022-12-03 17:00:00,0.0,0.0,0.0,0.0,0.020000016,38.10742263904787,0.0,15.0,0.0,38.10742263904787,0.0,0.0,0.0,0.0,17.86950396702794,17.86950396702794,0.0
2022-12-03 18:00:00,0.0,0.0,0.0,0.0,1.10282318483232,38.10742263904787,0.0,15.6,0.0,38.10742263904787,0.0,0.0,0.0,0.0,17.859067718966077,17.859067718966077,0.0
2022-12-03 19:00:00,0.0,0.2984509881572511,0.0,2.5725406591403854,0.3184510041572511,40.67996329818825,0.0,15.0,0.0,40.67996329818825,0.0,0.0,0.0,0.0,18.725575792529227,18.725575792529227,0.0
2022-12-03 20:00:00,0.0,1.067864727818436,0.0,4.592518455867847,2.1708351322633224,42.699941094915715,0.0,16.1,0.0,42.699941094915715,0.0,0.0,0.0,0.0,20.31870877383316,20.31870877383316,0.0
2022-12-03 21:00:00,0.0,2.8458786310484703,0.0,5.3975593108540965,2.86587864704847,43.50498194990196,0.0,15.0,0.0,43.50498194990196,0.0,0.0,0.0,0.0,20.786061352215214,20.786061352215214,0.0
2022-12-03 22:00:00,0.0,3.560964125831854,0.0,8.124267828154572,4.663910795880053,46.23169046720244,0.0,14.4,0.0,46.23169046720244,0.0,0.0,0.0,0.0,22.593829861087837,22.593829861087837,0.0
2022-12-03 23:00:00,0.0,5.515528056425401,0.0,11.778002324843959,5.535528072425401,49.88542496389182,0.0,13.9,0.0,49.88542496389182,0.0,0.0,0.0,0.0,24.322101126407212,24.322101126407212,0.0
2022-12-04 00:00:00,0.0,6.966612104982028,0.0,13.425035619691938,6.986612120982028,56.89329457085582,0.0,13.3,0.0,56.89329457085582,0.0,0.0,0.0,0.0,28.21000284270188,28.21000284270188,0.0
2022-12-04 01:00:00,0.0,9.794697828872883,0.0,14.028302075267161,10.897707811658869,57.496561026431046,0.0,13.3,0.0,57.496561026431046,0.0,0.0,0.0,0.0,29.605333414691348,29.605333414691348,0.0
2022-12-04 02:00:00,0.0,11.427513635374403,0.0,14.740776294061902,11.447513651374404,58.209035245225785,0.0,12.8,0.0,58.209035245225785,0.0,0.0,0.0,0.0,29.362622329420002,29.362622329420002,0.0
2022-12-04 03:00:00,0.0,15.25267707616051,0.0,16.877944871022233,16.355717721006627,60.346203822186126,0.0,12.8,0.0,60.346203822186126,0.0,0.0,0.0,0.0,30.98652774092431,30.98652774092431,0.0
2022-12-04 04:00:00,0.0,16.18936750861767,0.0,15.704749856295999,16.20936752461767,59.17300880745987,0.0,12.8,0.0,59.17300880745987,0.0,0.0,0.0,0.0,30.444011842331193,30.444011842331193,0.0
2022-12-04 05:00:00,0.0,21.3765580893575,0.0,16.877944871022233,22.479695272060237,64.55366317681623,0.0,12.8,0.0,64.55366317681623,0.0,0.0,0.0,0.0,34.284091506639705,34.284091506639705,0.0
2022-12-04 06:00:00,0.0,161.68743796153063,0.0,40.83459746264813,161.70743797753062,79.60580864484213,0.0,13.9,0.0,79.60580864484213,0.0,0.0,0.0,0.0,65.75645277653202,65.75645277653202,0.0
2022-12-04 07:00:00,0.0,119.00729402177718,0.0,40.83459746264813,120.11070303938462,98.76960946899328,40.63213714570317,15.169754285803224,3.9421889753722628,94.82742049362102,3.942188975372261,0.0,3.991297522149089,99.99999999999996,67.53903478366092,65.70650823845912,1.8325265452018016
2022-12-04 08:00:00,0.0,26.232830666241266,0.0,40.83459746264813,28.421143507987072,186.98067465638707,63.01698646289081,16.96928082696534,9.421373278516308,177.55930137787075,9.421373278516313,0.0,5.03868824723726,100.00000000000007,92.33343944836045,87.9388869894629,4.39455245889755
2022-12-04 09:00:00,0.0,4.7022990731657215,0.0,40.83459746264813,5.80659833773429,178.6320965489585,142.44187126640603,20.55130847707519,41.69850827434328,136.9335882746152,41.69850827434328,0.0,23.34323398758005,100.0,83.0393990722515,63.899366789245185,19.140032283006313
2022-12-04 10:00:00,0.0,0.12062759035889131,0.20066120618860558,40.83459746264813,2.30923355138799,176.90616280727897,146.0453544000005,21.763917325000016,42.56468044191687,134.3414823653621,42.56468044191686,0.0,24.060597870910065,99.99999999999997,82.51085236956374,62.7582867636878,19.752565605875937
2022-12-04 11:00:00,0.0,0.0,4.070145337771757,40.83459746264813,2.189293264009111,182.70224188673026,169.95782994609306,23.11118218581541,49.28993327245931,133.41230861427096,49.28993327245931,0.0,26.97828596050701,100.0,83.74385941874189,61.257545410179596,22.486314008562296
2022-12-04 12:00:00,0.0,0.0,3.3244179643320573,40.83459746264813,2.189880786605429,181.412165570845,185.59353370078074,23.5997979281494,53.727853526581654,127.68431204426334,53.727853526581654,0.0,29.61645563158215,100.0,82.31095230600793,58.05014004607999,24.260812259927945
2022-12-04 13:00:00,0.0,0.0,4.1704507790947964,40.83459746264813,3.274517220851581,184.4080431179434,149.84367239531235,21.882614762353512,43.65274120379941,140.755301914144,43.652741203799394,0.0,23.671820635220364,99.99999999999997,82.87521314151725,63.39670522526391,19.478507916253342
2022-12-04 14:00:00,0.0,0.0,2.15348288613145,40.83459746264813,1.1040399775895846,178.85898448722182,112.70586620300156,21.3220583188438,29.66509279878834,149.19389168843347,29.66509279878835,0.0,16.585743726453792,100.00000000000004,77.67244628072814,64.82286300946896,12.849583271259178
2022-12-04 15:00:00,0.0,0.0,0.0,40.83459746264813,2.188091718070596,176.70550160109036,60.229677045632236,19.682177407676008,8.52247463131847,168.1830269697719,8.52247463131846,0.0,4.822982054377571,99.99999999999987,78.98727276707928,75.19673172530776,3.790541041771519
2022-12-04 16:00:00,0.0,0.0,0.0,40.83459746264813,2.1889051795797076,191.46807018769255,18.16343876337884,18.36760746135559,0.7787668904597048,190.68930329723284,0.7787668904597069,0.0,0.4067346005505233,100.00000000000027,88.74992629320742,88.39055263010144,0.35937366310598406
2022-12-04 17:00:00,0.0,0.0,0.0,40.83459746264813,1.1037849802434703,180.35132106710464,0.0,17.8,0.0,180.35132106710464,0.0,0.0,0.0,0.0,83.83305506123624,83.83305506123624,0.0
2022-12-04 18:00:00,0.0,0.8297935020279138,0.0,40.83459746264813,1.933389158628229,136.74485312545113,0.0,17.2,0.0,136.74485312545113,0.0,0.0,0.0,0.0,62.63880673862943,62.63880673862943,0.0
2022-12-04 19:00:00,0.0,3.0242738761560264,0.0,40.83459746264811,4.1275418480419575,134.17605986162698,0.0,16.7,0.0,134.17605986162698,0.0,0.0,0.0,0.0,61.37061826749703,61.37061826749703,0.0
2022-12-04 20:00:00,0.0,8.831103883098576,0.0,40.83459746264811,8.851103899098575,111.9853861309906,0.0,16.1,0.0,111.9853861309906,0.0,0.0,0.0,0.0,52.64834238646529,52.64834238646529,0.0
2022-12-04 21:00:00,0.0,12.810132601711851,0.0,40.83459746264813,13.9131497736365,110.70098949907849,0.0,16.1,0.0,110.70098949907849,0.0,0.0,0.0,0.0,52.31553210845839,52.31553210845839,0.0
2022-12-04 22:00:00,0.0,0.0,0.0,0.0,0.020000016,47.675718305793986,0.0,15.6,0.0,47.675718305793986,0.0,0.0,0.0,0.0,21.151119380064166,21.151119380064166,0.0
2022-12-04 23:00:00,0.0,0.0,0.0,0.0,1.1029740240639438,43.46825895116388,0.0,15.0,0.0,43.46825895116388,0.0,0.0,0.0,0.0,19.217692951284096,19.217692951284096,0.0
2022-12-05 00:00:00,0.0,0.0,0.0,0.0,0.020000016,43.46825895116388,0.0,14.4,0.0,43.46825895116388,0.0,0.0,0.0,0.0,19.368493032611884,19.368493032611884,0.0
2022-12-05 01:00:00,0.0,0.0,0.0,0.0,1.1028274918187375,43.46825895116388,0.0,13.9,0.0,43.46825895116388,0.0,0.0,0.0,0.0,19.787970125531935,19.787970125531935,0.0
2022-12-05 02:00:00,0.0,0.0,0.0,0.0,0.020000016,43.46825895116388,0.0,13.9,0.0,43.46825895116388,0.0,0.0,0.0,0.0,19.353713824568484,19.353713824568484,0.0
2022-12-05 03:00:00,0.0,0.0,0.0,0.0,1.1028918219051551,43.46825895116388,0.0,13.9,0.0,43.46825895116388,0.0,0.0,0.0,0.0,19.446973216718757,19.446973216718757,0.0
2022-12-05 04:00:00,0.0,0.11796217082695333,0.0,3.8962611133774407,0.13796218682695333,47.364520064541324,0.0,14.4,0.0,47.364520064541324,0.0,0.0,0.0,0.0,21.085710818169154,21.085710818169154,0.0
2022-12-05 05:00:00,0.0,0.3161561373043584,0.0,5.769834658512441,1.4193000397623743,53.445552964306415,0.0,13.9,0.0,53.445552964306415,0.0,0.0,0.0,0.0,23.704247467473802,23.704247467473802,0.0
2022-12-05 06:00:00,0.0,79.29590920918803,0.0,40.83459746264813,79.31590922518802,82.57397768604213,0.0,13.3,0.0,82.57397768604213,0.0,0.0,0.0,0.0,50.22118608982823,50.22118608982823,0.0
2022-12-05 07:00:00,0.0,42.347680967120084,0.0,40.83459746264813,43.45117648881014,98.76960946899328,14.997303559863276,14.868665736245728,0.5376393625104713,98.2319701064828,0.5376393625104754,0.0,0.5443368313400656,100.00000000000075,50.418290252186296,50.186430588906845,0.23185966327945096
2022-12-05 08:00:00,0.0,3.166872769459317,0.0,40.83459746264813,5.355209627499029,186.98067465638707,110.7607334625001,21.261272920703128,28.656336504530174,158.3243381518569,28.656336504530174,0.0,15.325827953713238,100.0,76.22205945355817,64.68817057384982,11.533888879708357
2022-12-05 09:00:00,0.0,0.0,0.2500847157117221,40.83459746264813,1.1042644554454122,178.8821812646702,108.64338140390616,21.195105668872067,27.577851619364523,151.3043296453057,27.57785161936451,0.0,15.41676841393214,99.99999999999994,70.0299547836921,59.26425095778269,10.765703825909412
2022-12-05 10:00:00,0.0,0.0,5.579792085709014,40.83459746264813,2.188621798056179,182.28529368679935,205.11576700312546,25.30986771884767,59.005612687762934,123.27968099903642,59.005612687762934,0.0,32.36992490965604,100.0,69.88941905270704,47.39382424356085,22.49559480914619
2022-12-05 11:00:00,0.0,0.0,14.53565041437762,40.83459746264813,2.1893092636279547,193.16774696333613,234.21183915937576,25.619119973730495,67.29849210725486,125.86925485608127,67.29849210725486,0.0,34.83940417860148,100.0,72.0652151953507,47.095455668795935,24.969759526554768
2022-12-05 12:00:00,0.0,0.0,22.049188087325607,40.83459746264813,2.1898312576247103,200.1369356938385,169.1861849648437,23.587068280151367,48.98035138056268,151.1565843132758,48.980351380562695,0.0,24.473419267041685,100.00000000000003,75.45763912611046,57.087068537316604,18.37057058879386
2022-12-05 13:00:00,0.0,0.0,32.92234086738008,40.83459746264813,3.274580378109751,213.15993320622866,178.29231022968779,23.371634694677745,51.65755567913312,161.50237752709555,51.65755567913311,0.0,24.23417708109117,99.99999999999999,81.93248586429752,62.21970432936193,19.712781534935587
2022-12-05 14:00:00,0.0,0.0,35.78214003428789,40.83459746264813,1.104049973501797,212.48764163537825,127.92184998333639,21.197557811979262,37.35981708715518,175.1278245482231,37.359817087155164,0.0,17.58211291707184,99.99999999999997,83.19327016308792,68.60108600610143,14.592184156986491
2022-12-05 15:00:00,0.0,0.0,23.422873616061853,40.83459746264813,2.18802057097913,200.12837521715224,52.33081967776851,18.335338114930266,6.465126306039956,193.66324891111228,6.465126306039963,0.0,3.2304895790139114,100.00000000000011,81.78416292696267,79.15486070955927,2.629302217403392
2022-12-05 16:00:00,0.0,0.0,4.463115686621076,40.83459746264813,2.189057428499131,195.93118587431363,12.86838014356029,16.50213687948626,0.39352750277701837,195.53765837153662,0.39352750277700466,0.0,0.20084985502483796,99.99999999999652,82.88704788518713,82.72136100069292,0.16568688449420677
2022-12-05 17:00:00,0.0,0.0,0.9757982641543063,40.83459746264813,1.1037299116258945,181.32711933125896,0.0,16.1,0.0,181.32711933125896,0.0,0.0,0.0,0.0,78.1666684333118,78.1666684333118,0.0
2022-12-05 18:00:00,0.0,0.0,0.0,40.83459746264813,1.103554220118489,136.74485312545113,0.0,16.1,0.0,136.74485312545113,0.0,0.0,0.0,0.0,58.64412934441519,58.64412934441519,0.0
2022-12-05 19:00:00,0.0,0.0,0.0,40.83459746264813,1.1033301650431693,134.17605986162698,0.0,16.1,0.0,134.17605986162698,0.0,0.0,0.0,0.0,57.823247481895585,57.823247481895585,0.0
2022-12-05 20:00:00,0.0,0.16452291278026596,0.0,40.83459746264813,1.2679213715160205,111.9853861309906,0.0,16.1,0.0,111.9853861309906,0.0,0.0,0.0,0.0,49.621684028803955,49.621684028803955,0.0
2022-12-05 21:00:00,0.0,0.6522629666056904,0.0,40.83459746264811,0.6722629826056904,110.70098949907849,0.0,15.6,0.0,110.70098949907849,0.0,0.0,0.0,0.0,48.07560286951879,48.07560286951879,0.0
2022-12-05 22:00:00,0.0,0.0,0.0,0.0,1.1029847192325575,47.675718305793986,0.0,15.0,0.0,47.675718305793986,0.0,0.0,0.0,0.0,20.6464700582249,20.6464700582249,0.0
2022-12-05 23:00:00,0.0,0.0,0.0,0.0,0.020000016,43.46825895116388,0.0,14.4,0.0,43.46825895116388,0.0,0.0,0.0,0.0,18.807752492141866,18.807752492141866,0.0
2022-12-06 00:00:00,0.0,0.0,0.0,0.0,0.020000016,43.46825895116388,0.0,15.0,0.0,43.46825895116388,0.0,0.0,0.0,0.0,19.02118164359208,19.02118164359208,0.0
2022-12-06 01:00:00,0.0,0.0,0.0,0.0,1.1028611283123935,43.46825895116388,0.0,14.4,0.0,43.46825895116388,0.0,0.0,0.0,0.0,19.974455012697042,19.974455012697042,0.0
2022-12-06 02:00:00,0.0,0.0,0.0,0.0,0.020000016,43.46825895116388,0.0,13.3,0.0,43.46825895116388,0.0,0.0,0.0,0.0,19.935101788040303,19.935101788040303,0.0
2022-12-06 03:00:00,0.0,0.0,0.0,0.0,1.102908232530025,43.46825895116388,0.0,12.8,0.0,43.46825895116388,0.0,0.0,0.0,0.0,20.15572613365729,20.15572613365729,0.0
2022-12-06 04:00:00,0.0,0.0,0.0,0.0,0.020000016,43.46825895116388,0.0,12.2,0.0,43.46825895116388,0.0,0.0,0.0,0.0,20.002477589414607,20.002477589414607,0.0
2022-12-06 05:00:00,0.0,0.0,0.0,0.0,1.1029906263635534,47.675718305793986,0.0,12.2,0.0,47.675718305793986,0.0,0.0,0.0,0.0,21.800461883398025,21.800461883398025,0.0
2022-12-06 06:00:00,0.0,60.4166867284438,0.0,40.83459746264813,60.4366867444438,82.57397768604213,0.0,12.2,0.0,82.57397768604213,0.0,0.0,0.0,0.0,48.34505128240209,48.34505128240209,0.0
2022-12-06 07:00:00,0.0,32.22447300951546,0.0,40.83459746264813,33.327988877335194,98.76960946899328,18.009755552636673,12.762804861019895,0.7811415945297523,97.98846787446352,0.7811415945297568,0.0,0.7908724138217641,100.00000000000058,51.167072913092,50.809864673329486,0.3572082397625138
2022-12-06 08:00:00,0.0,2.5269946643243233,0.0,40.83459746264813,4.715339806438273,186.98067465638707,53.270159533593876,13.864692485424808,6.807456816497337,180.17321783988973,6.807456816497336,0.0,3.640727486413955,99.99999999999999,81.22170698252135,78.29555570723406,2.926151275287296
2022-12-06 09:00:00,0.0,0.0,0.0,40.83459746264813,1.1042943246269488,178.6320965489585,83.21894336249993,15.400591980078124,16.522830278375036,162.10926627058345,16.52283027837504,0.0,9.249642476119377,100.00000000000003,73.87295739062466,67.05836388476305,6.814593505861609
2022-12-06 10:00:00,0.0,0.0,1.6168381777238088,40.83459746264813,2.1886737705991943,178.32233977881418,176.0007334851556,18.800022921411113,51.85099451082816,126.47134526798602,51.85099451082816,0.0,29.07711651559901,100.0,71.85764089681977,51.078095591632845,20.77954530518693
2022-12-06 11:00:00,0.0,0.0,5.279556919150464,40.83459746264813,2.189235118514324,183.91165346810897,196.8436668515621,20.551364589111316,57.62410674237871,126.28754672573027,57.6241067423787,0.0,31.33249343134798,99.99999999999999,74.26044918861697,51.116302956607996,23.14414623200898
2022-12-06 12:00:00,0.0,0.0,8.146480596631108,40.83459746264813,2.189954146175924,186.234228203144,148.56968872968764,19.64280277280274,43.636199642026035,142.59802856111796,43.63619964202604,0.0,23.430816162551896,100.00000000000003,75.90203880473764,58.2099598408764,17.692078963861242
2022-12-06 13:00:00,0.0,0.0,10.439671249644219,40.83459746264813,3.27458233689146,190.6772635884928,119.94462779062512,19.84826961845704,33.77881653288734,156.89844705560546,33.77881653288733,0.0,17.715177938459703,99.99999999999997,79.11144043787337,65.2011548955477,13.910285542325667
2022-12-06 14:00:00,0.0,0.0,11.576964400710876,40.83459746264813,1.1040304617358812,188.28246600180123,128.60539021898916,20.118918444343414,37.707265092143835,150.57520090965738,37.70726509214384,0.0,20.02696580986097,100.00000000000003,78.59206868634213,62.89227179257712,15.699796893765011
2022-12-06 15:00:00,0.0,0.0,8.0294398172524,40.83459746264813,2.1879989163492435,184.73494141834274,80.82685943063488,18.12583935720734,15.434826913991785,169.30011450435097,15.43482691399177,0.0,8.355120474495797,99.99999999999991,80.39618751630854,73.7119041988007,6.684283317507848
2022-12-06 16:00:00,0.0,0.0,0.2739043807711492,40.83459746264813,2.1891335942427967,191.7419745684637,17.6885785905242,14.95276808095388,0.7476877830479242,190.99428678541577,0.7476877830479225,0.0,0.38994476025954966,99.99999999999977,86.98962367468097,86.65194917966195,0.3376744950190158
2022-12-06 17:00:00,0.0,0.0,0.0,40.83459746264813,1.1038112618517735,180.35132106710464,0.0,14.4,0.0,180.35132106710464,0.0,0.0,0.0,0.0,81.35593439839401,81.35593439839401,0.0
2022-12-06 18:00:00,0.0,0.0,0.0,40.83459746264813,1.1035155615172465,136.74485312545113,0.0,15.0,0.0,136.74485312545113,0.0,0.0,0.0,0.0,59.41741452834245,59.41741452834245,0.0
2022-12-06 19:00:00,0.0,0.5067854056512224,0.0,40.83459746264813,1.6101134192491304,134.17605986162698,0.0,14.4,0.0,134.17605986162698,0.0,0.0,0.0,0.0,58.04867007654403,58.04867007654403,0.0
2022-12-06 20:00:00,0.0,2.5447477162198253,0.0,40.83459746264813,3.648149657880886,111.9853861309906,0.0,14.4,0.0,111.9853861309906,0.0,0.0,0.0,0.0,48.90967395971031,48.90967395971031,0.0
2022-12-06 21:00:00,0.0,3.687093646898263,0.0,40.83459746264813,3.707093662898263,110.70098949907849,0.0,13.9,0.0,110.70098949907849,0.0,0.0,0.0,0.0,48.76925770631103,48.76925770631103,0.0
2022-12-06 22:00:00,0.0,0.0,0.0,0.0,1.102979502300096,47.675718305793986,0.0,13.9,0.0,47.675718305793986,0.0,0.0,0.0,0.0,21.317981611251163,21.317981611251163,0.0
2022-12-06 23:00:00,0.0,0.0,0.0,0.0,0.020000016,43.46825895116388,0.0,13.3,0.0,43.46825895116388,0.0,0.0,0.0,0.0,19.388705773024174,19.388705773024174,0.0
2022-12-07 00:00:00,0.0,0.0,0.0,0.0,0.020000016,43.46825895116388,0.0,11.7,0.0,43.46825895116388,0.0,0.0,0.0,0.0,19.193750631628202,19.193750631628202,0.0
2022-12-07 01:00:00,0.0,0.0,0.0,0.0,1.1028195533595089,43.46825895116388,0.0,11.1,0.0,43.46825895116388,0.0,0.0,0.0,0.0,18.70039285725094,18.70039285725094,0.0
2022-12-07 02:00:00,0.0,0.0,0.0,0.0,0.020000016,43.46825895116388,0.0,11.1,0.0,43.46825895116388,0.0,0.0,0.0,0.0,18.006632479671914,18.006632479671914,0.0
2022-12-07 03:00:00,0.0,0.0,0.0,0.0,1.102876803526949,43.46825895116388,0.0,10.6,0.0,43.46825895116388,0.0,0.0,0.0,0.0,18.185521637890762,18.185521637890762,0.0
2022-12-07 04:00:00,0.0,0.0,0.0,0.0,0.020000016,43.46825895116388,0.0,10.6,0.0,43.46825895116388,0.0,0.0,0.0,0.0,17.86970746397575,17.86970746397575,0.0
2022-12-07 05:00:00,0.0,0.0,0.0,0.6165680727517221,1.103039120197179,48.29228637854571,0.0,9.4,0.0,48.29228637854571,0.0,0.0,0.0,0.0,20.06580780507941,20.06580780507941,0.0
2022-12-07 06:00:00,0.0,61.00704823748598,0.0,40.83459746264813,61.02704825348599,82.57397768604213,0.0,10.6,0.0,82.57397768604213,0.0,0.0,0.0,0.0,43.98202957432622,43.98202957432622,0.0
2022-12-07 07:00:00,0.0,32.13537762739721,0.0,40.83459746264813,33.23890223067871,98.76960946899328,35.450051948437505,13.30781412338867,3.0207114077271267,95.74889806126616,3.02071140772712,0.0,3.0583409451217998,99.99999999999977,45.407580034847335,44.20189328356713,1.2056867512802043
2022-12-07 08:00:00,0.0,1.6404278156597465,0.0,40.83459746264813,3.828760712116697,186.98067465638707,78.93463742226557,16.3667074194458,14.814039484371055,172.16663517201602,14.814039484371051,0.0,7.9227650192163965,99.99999999999997,71.88693634405328,66.2461204593919,5.640815884661379
2022-12-07 09:00:00,0.0,0.0,0.15336217024718932,40.83459746264813,1.1042923375021234,178.78545871920568,131.52534816093777,20.810167130029306,38.466519638597624,140.31893908060806,38.46651963859762,0.0,21.515463234071973,99.99999999999997,67.27913240411831,52.84649423571648,14.432638168401837
2022-12-07 10:00:00,0.0,0.0,2.724669028036501,40.83459746264813,2.1886628699148893,179.43017062912685,137.70867569765616,21.503396115551755,40.173198523779675,139.2569721053472,40.17319852377966,0.0,22.38932192001068,99.99999999999997,66.6746775356347,51.83489886694311,14.839778668691594
2022-12-07 11:00:00,0.0,0.0,6.379337871433676,40.83459746264813,2.189344873240324,185.01143442039213,117.1394454656249,21.96060767080078,31.97021172049158,153.04122269990054,31.97021172049159,0.0,17.2801274800385,100.00000000000004,66.01127283977793,54.672557699929776,11.338715139848155
2022-12-07 12:00:00,0.0,0.0,8.088014283858726,40.83459746264813,3.2748591618176626,186.17576189037163,101.95936399687503,21.486230124902345,24.26311531505666,161.91264657531497,24.263115315056666,0.0,13.032370631223115,100.00000000000003,66.0211112646278,57.49383938715115,8.527271877476657
2022-12-07 13:00:00,0.0,0.0,9.383582355520861,40.83459746264813,2.1896848089144423,189.62117469436944,78.21932692148437,21.844353966296385,14.26106712506254,175.3601075693069,14.261067125062539,0.0,7.520819944317117,99.99999999999999,67.19210486621397,62.168358750068194,5.023746116145773
2022-12-07 14:00:00,0.0,0.0,7.497260100298096,40.83459746264813,2.1880972776316865,184.20276170138848,98.50918129727066,21.978411915539706,22.608112833996117,161.59464886739238,22.608112833996103,0.0,12.273492875555343,99.99999999999993,67.29548985709935,59.08433631635615,8.211153540743204
2022-12-07 15:00:00,0.0,0.0,3.604565181889863,40.83459746264813,1.1039943261429745,180.31006678298021,92.8982901766821,21.203071568021315,20.16307200718298,160.14699477579722,20.16307200718299,0.0,11.182443868456387,100.00000000000004,69.88230459488815,62.08998297163219,7.792321623255965
2022-12-07 16:00:00,0.0,0.0,0.04456207591629885,40.83459746264813,2.1891403137422603,191.51263226360882,28.105956326349613,18.078311135198426,1.8666442676704589,189.64598799593836,1.8666442676704662,0.0,0.9746846699392192,100.0000000000004,78.47385579392055,77.7128249259913,0.7610308679292501
2022-12-07 17:00:00,0.0,0.0,0.0,40.83459746264813,1.1038008725445094,180.35132106710464,0.0,15.6,0.0,180.35132106710464,0.0,0.0,0.0,0.0,73.55483613503732,73.55483613503732,0.0
2022-12-07 18:00:00,0.0,0.0,0.0,40.83459746264813,1.1036236281115084,136.74485312545113,0.0,15.0,0.0,136.74485312545113,0.0,0.0,0.0,0.0,54.294971787698096,54.294971787698096,0.0
2022-12-07 19:00:00,0.0,0.0,0.0,40.83459746264813,1.1032461287327333,134.17605986162698,0.0,15.0,0.0,134.17605986162698,0.0,0.0,0.0,0.0,53.317600260969655,53.317600260969655,0.0
2022-12-07 20:00:00,0.0,2.8384988297422753,0.0,40.83459746264811,3.941849555189293,111.9853861309906,0.0,14.4,0.0,111.9853861309906,0.0,0.0,0.0,0.0,45.02794820613415,45.02794820613415,0.0
2022-12-07 21:00:00,0.0,7.403326521719988,0.0,40.83459746264811,7.423326537719988,110.70098949907849,0.0,13.3,0.0,110.70098949907849,0.0,0.0,0.0,0.0,44.76069666309044,44.76069666309044,0.0
2022-12-07 22:00:00,0.0,0.0,0.0,0.0,1.1030119407110814,47.675718305793986,0.0,12.2,0.0,47.675718305793986,0.0,0.0,0.0,0.0,18.984499419323402,18.984499419323402,0.0
2022-12-07 23:00:00,0.0,0.0,0.0,0.0,0.020000016,43.46825895116388,0.0,12.8,0.0,43.46825895116388,0.0,0.0,0.0,0.0,17.634109500460443,17.634109500460443,0.0
2022-12-08 00:00:00,0.0,0.0,0.0,0.0,1.102958265713896,43.46825895116388,0.0,10.6,0.0,43.46825895116388,0.0,0.0,0.0,0.0,18.166627612547504,18.166627612547504,0.0
2022-12-08 01:00:00,0.0,0.0,0.0,0.0,0.020000016,43.46825895116388,0.0,9.4,0.0,43.46825895116388,0.0,0.0,0.0,0.0,17.766253007671978,17.766253007671978,0.0
2022-12-08 02:00:00,0.0,0.0,0.0,0.0,1.1029827546725055,43.46825895116388,0.0,10.0,0.0,43.46825895116388,0.0,0.0,0.0,0.0,18.195538413997163,18.195538413997163,0.0
2022-12-08 03:00:00,0.0,0.0,0.0,0.0,0.020000016,43.46825895116388,0.0,10.6,0.0,43.46825895116388,0.0,0.0,0.0,0.0,17.91339306422167,17.91339306422167,0.0
2022-12-08 04:00:00,0.0,0.04295579333022568,0.0,1.9481305566887204,0.06295580933022568,45.41638950785261,0.0,9.4,0.0,45.41638950785261,0.0,0.0,0.0,0.0,18.455158080627392,18.455158080627392,0.0
2022-12-08 05:00:00,0.0,0.1040578298322732,0.0,4.57089231347042,1.2071319987671119,52.2466106192644,0.0,9.4,0.0,52.2466106192644,0.0,0.0,0.0,0.0,21.170064105967334,21.170064105967334,0.0
2022-12-08 06:00:00,0.0,68.079824521808,0.0,40.83459746264813,68.099824537808,82.57397768604213,0.0,10.6,0.0,82.57397768604213,0.0,0.0,0.0,0.0,45.06350137514784,45.06350137514784,0.0
2022-12-08 07:00:00,0.0,35.21301800477302,0.0,40.83459746264813,36.31645046565277,98.76960946899328,25.814073414550766,12.50668979420471,1.6062781537294943,97.16333131526379,1.606278153729491,0.0,1.6262878453860339,99.99999999999979,46.349364586182034,45.70193008214906,0.6474345040329723
2022-12-08 08:00:00,0.0,2.6890139377172333,0.0,40.83459746264813,4.877392863763108,186.98067465638707,42.87740969531249,15.239919052978516,4.388806018117482,182.59186863826957,4.388806018117492,0.0,2.347197658893234,100.00000000000023,74.5504322262898,72.82119876709133,1.7292334591984684
2022-12-08 09:00:00,0.0,0.0,0.0,40.83459746264813,2.188618607599229,178.6320965489585,54.98245293750001,17.318201654296875,7.163121731352791,171.4689748176057,7.163121731352788,0.0,4.009985814273618,99.99999999999997,68.55471076682622,65.82147840779393,2.733232359032286
2022-12-08 10:00:00,0.0,0.0,1.8719453817035299,40.83459746264813,1.1043487350925503,178.5774469827939,62.42183328691412,19.150682290216064,9.171797432861814,169.4056495499321,9.171797432861808,0.0,5.1360334621345105,99.99999999999994,68.34131355401124,64.84149323059268,3.499820323418561
2022-12-08 11:00:00,0.0,0.0,5.925974241754264,40.83459746264813,2.189288993493405,184.55807079071278,68.14397379023431,21.02949918094482,10.856032418662569,173.7020383720502,10.85603241866258,0.0,5.882177014611961,100.00000000000009,68.76741087573335,64.74557654559142,4.021834330141928
2022-12-08 12:00:00,0.0,0.0,7.633220272444414,40.83459746264813,3.274890102814772,185.72096787895734,66.07835327285156,21.46494853977661,10.191650138197652,175.5293177407597,10.191650138197645,0.0,5.487614163652216,99.99999999999993,69.2794738940678,65.51004113220472,3.7694327618630865
2022-12-08 13:00:00,0.0,0.0,8.216414634403723,40.83459746264813,2.18979699137928,188.45400697325238,61.46909356113285,19.7209091737854,8.875589855506025,179.57841711774634,8.875589855506036,0.0,4.709684871155733,100.00000000000011,70.99950983769156,67.67422572037695,3.3252841173146095
2022-12-08 14:00:00,0.0,0.0,6.541720650901476,40.83459746264813,2.188148113334887,183.24722225199181,104.67707383634377,20.471158557385742,25.668628878774335,157.57859337321747,25.668628878774342,0.0,14.007649645829945,100.00000000000003,70.24873433252353,60.463724660790355,9.785009671733171
2022-12-08 15:00:00,0.0,0.0,1.7651331728857538,40.83459746264813,1.1040094004342242,178.47063477397612,91.15167695115343,18.948489904723544,19.571704189621943,158.89893058435416,19.571704189621954,0.0,10.966344247281079,100.00000000000004,71.01770993439756,63.251461994913655,7.766247939483904
2022-12-08 16:00:00,0.0,0.0,0.0,40.83459746264813,2.189102681771398,191.46807018769255,25.221705887774213,15.188178308992944,1.5188624816346237,189.94920770605793,1.5188624816346135,0.0,0.7932719435390461,99.99999999999932,79.59491607753431,78.96663861200615,0.6282774655281571
2022-12-08 17:00:00,0.0,0.0,0.0,40.83459746264813,1.1038058834720639,180.35132106710464,0.0,13.9,0.0,180.35132106710464,0.0,0.0,0.0,0.0,74.91648951131356,74.91648951131356,0.0
2022-12-08 18:00:00,0.0,0.0,0.0,40.83459746264813,2.187163911809593,136.74485312545113,0.0,14.4,0.0,136.74485312545113,0.0,0.0,0.0,0.0,55.782986250790394,55.782986250790394,0.0
2022-12-08 19:00:00,0.0,0.18308583413755097,0.0,40.83459746264813,0.20308585013755098,134.17605986162698,0.0,15.0,0.0,134.17605986162698,0.0,0.0,0.0,0.0,54.41074307004338,54.41074307004338,0.0
2022-12-08 20:00:00,0.0,2.6196601474959156,0.0,40.83459746264813,3.722991263140369,111.9853861309906,0.0,13.9,0.0,111.9853861309906,0.0,0.0,0.0,0.0,45.846350737781414,45.846350737781414,0.0
2022-12-08 21:00:00,0.0,8.206622607705405,0.0,40.83459746264811,9.309708616266832,110.70098949907849,0.0,12.8,0.0,110.70098949907849,0.0,0.0,0.0,0.0,47.374692366772294,47.374692366772294,0.0
2022-12-08 22:00:00,0.0,0.0,0.0,0.0,0.020000016,47.675718305793986,0.0,12.2,0.0,47.675718305793986,0.0,0.0,0.0,0.0,19.806664123840775,19.806664123840775,0.0
2022-12-08 23:00:00,0.0,0.0,0.0,0.0,1.1028494871276335,43.46825895116388,0.0,11.1,0.0,43.46825895116388,0.0,0.0,0.0,0.0,18.06445761838276,18.06445761838276,0.0
2022-12-09 00:00:00,0.0,0.0,0.0,0.0,0.020000016,38.10742263904787,0.0,11.1,0.0,38.10742263904787,0.0,0.0,0.0,0.0,15.411575206809351,15.411575206809351,0.0
2022-12-09 01:00:00,0.0,0.0,0.0,0.0,0.020000016,38.10742263904787,0.0,11.1,0.0,38.10742263904787,0.0,0.0,0.0,0.0,15.263718406969843,15.263718406969843,0.0
2022-12-09 02:00:00,0.0,0.0,0.0,0.0,1.1028863154932533,38.10742263904787,0.0,10.0,0.0,38.10742263904787,0.0,0.0,0.0,0.0,15.594164421115913,15.594164421115913,0.0
2022-12-09 03:00:00,0.0,0.0,0.0,0.0,0.020000016,38.10742263904787,0.0,8.9,0.0,38.10742263904787,0.0,0.0,0.0,0.0,15.593919224137194,15.593919224137194,0.0
2022-12-09 04:00:00,0.0,0.2557605259662065,0.0,4.870326391721801,1.3586752703695266,42.97774903076967,0.0,9.4,0.0,42.97774903076967,0.0,0.0,0.0,0.0,17.811784961406243,17.811784961406243,0.0
2022-12-09 05:00:00,0.0,0.4985493718672063,0.0,5.58283911360989,0.5185493878672064,43.690261752657754,0.0,9.4,0.0,43.690261752657754,0.0,0.0,0.0,0.0,18.30958276717819,18.30958276717819,0.0
2022-12-09 06:00:00,0.0,75.17649138614473,0.0,40.83459746264813,76.27949341906981,82.57397768604213,0.0,8.9,0.0,82.57397768604213,0.0,0.0,0.0,0.0,48.26741758673827,48.26741758673827,0.0
2022-12-09 07:00:00,0.0,47.44167610566243,0.0,40.83459746264813,47.46167612166243,75.83888804889047,32.94474768105469,11.62952336503296,2.62437076129099,73.21451728759948,2.62437076129099,0.0,3.4604552213359954,100.0,41.265424300155836,40.133165778904456,1.13225852125138
2022-12-09 08:00:00,0.0,9.334708338190644,0.0,40.83459746264813,10.438075389795529,114.21720088209123,64.12856194335937,15.304017560729982,9.815058343533833,104.4021425385574,9.815058343533835,0.0,8.593327684212925,100.00000000000003,51.023614820043605,46.8004896665713,4.223125153472303
2022-12-09 09:00:00,0.0,1.5814561444667332,0.0,40.83459746264813,2.6850952081258677,116.46489498793738,85.33533361289066,17.666729175402835,17.233241806577308,99.23165318136007,17.23324180657731,0.0,14.796941008157189,100.00000000000003,49.07377134208118,41.88389052795906,7.1898808141221195
2022-12-09 10:00:00,0.0,0.0,1.0487822824630457,40.83459746264813,1.103517807488141,116.55037979646634,99.29913990820307,20.303098122131345,23.112984056398464,93.43739574006788,23.11298405639846,0.0,19.830895529264687,99.99999999999999,47.43830602542732,38.07026689260818,9.368039132819142
2022-12-09 11:00:00,0.0,0.0,5.069274113053471,40.83459746264813,1.1036862304732855,122.81856573290291,105.61134974414051,21.10035467950439,26.069048694987856,96.74951703791506,26.069048694987856,0.0,21.225657977215732,100.0,48.69977077077415,38.405103441123444,10.294667329650707
2022-12-09 12:00:00,0.0,0.0,7.37209906958802,40.83459746264813,1.1035295906364087,123.8369940575254,103.09045044375009,20.42157657636719,24.900883158653517,98.93611089887189,24.900883158653514,0.0,20.107790364393395,99.99999999999999,47.723614169239816,38.167402239443355,9.556211929796461
2022-12-09 13:00:00,0.0,0.0,7.704534131207615,40.83459746264811,1.1034790051876147,121.60063585532083,93.84651180351561,20.132703493859864,20.657147987899485,100.94348786742134,20.657147987899492,0.0,16.987697344343783,100.00000000000004,46.44765968988575,38.59102330990799,7.856636379977758
2022-12-09 14:00:00,0.0,0.0,5.650650739513844,40.83459746264813,1.1033564727024066,80.4477867231522,116.84838744899378,20.851512107781055,31.94062722210008,48.50715950105213,31.940627222100076,0.0,39.70354999574877,99.99999999999999,30.79295308064237,18.64593254807771,12.14702053256466
2022-12-09 15:00:00,0.0,0.0,1.5651178591793444,40.83459746264811,1.1032339542299254,75.07785721090562,85.72989020867234,18.779059069021013,17.32327760054444,57.754579610361176,17.323277600544444,0.0,23.07375069573524,100.00000000000003,29.861523725068636,23.01718336148153,6.844340363587108
2022-12-09 16:00:00,0.0,0.0,0.0,40.83459746264813,1.1032667724965175,85.7065146745043,20.522685782930154,15.041333930716569,1.0061565733567939,84.70035810114751,1.0061565733567903,0.0,1.173955768914377,99.99999999999964,37.20457401285246,36.770140758391335,0.43443325446112624
2022-12-09 17:00:00,0.0,0.8359685232440808,0.0,40.83459746264813,0.8559685392440808,80.86861504956414,0.0,13.9,0.0,80.86861504956414,0.0,0.0,0.0,0.0,35.33560412419875,35.33560412419875,0.0
2022-12-09 18:00:00,0.0,0.0,0.0,0.0,1.1030956882644098,38.10742263904787,0.0,14.4,0.0,38.10742263904787,0.0,0.0,0.0,0.0,16.773436312335402,16.773436312335402,0.0
2022-12-09 19:00:00,0.0,0.0,0.0,0.0,0.020000016,38.10742263904787,0.0,13.9,0.0,38.10742263904787,0.0,0.0,0.0,0.0,16.760577968231647,16.760577968231647,0.0
2022-12-09 20:00:00,0.0,0.0,0.0,0.0,1.1029880417594886,38.10742263904787,0.0,15.0,0.0,38.10742263904787,0.0,0.0,0.0,0.0,17.16077888166353,17.16077888166353,0.0
2022-12-09 21:00:00,0.0,0.0,0.0,0.0,0.020000016,38.10742263904787,0.0,14.4,0.0,38.10742263904787,0.0,0.0,0.0,0.0,16.97817135150061,16.97817135150061,0.0
2022-12-09 22:00:00,0.0,0.0,0.0,0.0,1.1029815598908361,38.10742263904787,0.0,12.8,0.0,38.10742263904787,0.0,0.0,0.0,0.0,17.224798184633997,17.224798184633997,0.0
2022-12-09 23:00:00,0.0,0.0,0.0,0.0,0.020000016,38.10742263904787,0.0,11.7,0.0,38.10742263904787,0.0,0.0,0.0,0.0,17.04409719266616,17.04409719266616,0.0
2022-12-10 00:00:00,0.0,0.0,0.0,0.0,1.1028833201585035,38.10742263904787,0.0,11.1,0.0,38.10742263904787,0.0,0.0,0.0,0.0,17.527734506509937,17.527734506509937,0.0
2022-12-10 01:00:00,0.0,0.0,0.0,0.0,0.020000016,38.10742263904787,0.0,10.6,0.0,38.10742263904787,0.0,0.0,0.0,0.0,17.290652217140803,17.290652217140803,0.0
2022-12-10 02:00:00,0.0,0.02272879687944125,0.0,1.992107204616061,0.042728812879441254,40.09952984366392,0.0,10.0,0.0,40.09952984366392,0.0,0.0,0.0,0.0,18.573976155719244,18.573976155719244,0.0
2022-12-10 03:00:00,0.0,0.729833898649476,0.0,5.071304152933795,1.8327060697325546,43.17872679198166,0.0,9.4,0.0,43.17872679198166,0.0,0.0,0.0,0.0,20.58727916126636,20.58727916126636,0.0
2022-12-10 04:00:00,0.0,2.1418697443511783,0.0,6.020919527804085,2.1618697603511783,44.12834216685195,0.0,8.3,0.0,44.12834216685195,0.0,0.0,0.0,0.0,20.810739091880897,20.810739091880897,0.0
2022-12-10 05:00:00,0.0,3.9359815978753367,0.0,9.749419242540386,5.038995305022407,47.85684188158825,0.0,8.9,0.0,47.85684188158825,0.0,0.0,0.0,0.0,22.719943152606735,22.719943152606735,0.0
2022-12-10 06:00:00,0.0,5.136818495200078,0.0,8.792663103720974,5.156818511200078,40.96374766036884,0.0,8.3,0.0,40.96374766036884,0.0,0.0,0.0,0.0,19.510872159635497,19.510872159635497,0.0
2022-12-10 07:00:00,0.0,1.8128402094706781,0.0,5.307614045740655,1.8328402254706782,25.606022437588514,30.866280154101553,11.564571254815673,2.304203574939238,23.301818862649277,2.304203574939237,0.0,8.998678262332408,99.99999999999994,11.868717502542696,10.830385766585701,1.0383317359569944
2022-12-10 08:00:00,0.0,0.07263981916473813,0.0,2.5529595976134063,1.1756224394511108,22.851367989461274,56.7446916673828,14.573271614605714,7.704996554891756,15.146371434569517,7.704996554891757,0.0,33.71787876526776,100.00000000000003,10.08174842591524,6.753767788943617,3.327980636971623
2022-12-10 09:00:00,0.0,0.0,0.0,1.1643820599151686,0.020000016,21.462790451763034,74.25571531640625,17.320491103637696,13.065026780614893,8.397763671148141,13.065026780614893,0.0,60.872917759590216,100.0,9.006597721964166,3.5262109382996365,5.48038678366453
2022-12-10 10:00:00,0.0,0.0,0.0,3.123003236720285,1.1029303216495736,23.421411628568148,86.38480376367193,19.899525117614747,17.517684514719665,5.903727113848483,17.517684514719665,0.0,74.79346160908833,100.0,9.681444201328718,2.5888840950090204,7.092560106319698
2022-12-10 11:00:00,0.0,0.0,0.0,4.536220795987524,0.020000016,24.834629187835386,91.64616943710936,21.763942794909667,19.583044533380004,5.251584654455382,19.583044533380004,0.0,78.85378269699417,100.0,9.704876383953202,2.055053782656304,7.649822601296899
2022-12-10 12:00:00,0.0,0.0,0.0,0.5977549380088589,0.020000016,20.896163329856726,88.7938585101563,21.074808078442384,18.4293627741315,2.466800555725225,18.4293627741315,0.0,88.19495944405917,100.0,8.035563791076806,0.9517774747700092,7.083786316306797
2022-12-10 13:00:00,0.0,0.0,0.0,0.0,1.1030929942004226,20.298408391847865,81.92256330585936,20.860080103308107,15.699705248097683,4.598703143750182,15.699705248097683,0.0,77.34451364375403,100.0,7.971989336114291,1.959708712829043,6.012280623285248
2022-12-10 14:00:00,0.0,0.0,0.0,0.0,0.020000016,20.298408391847865,111.62678542693573,21.288337044591742,29.103348592690228,0.0,20.298408391847865,8.804940200842363,100.0,69.74595492748946,7.828840430304395,0.0036010111631256747,7.82523941914127
2022-12-10 15:00:00,0.0,0.0,0.0,0.0,1.1028495548836807,20.298408391847865,88.4354708181119,19.963608463065995,18.354979503069313,1.943428888778552,18.354979503069313,0.0,90.42570800989964,100.0,8.352743646195567,0.9792730551200767,7.37347059107549
2022-12-10 16:00:00,0.0,0.0,0.0,0.0,0.020000016,32.17108455664786,21.866192554095278,16.78331851731548,1.135103301187425,31.035981255460438,1.1351033011874243,0.0,3.5283339583677966,99.99999999999994,13.477494645178382,13.002090680575066,0.47540396460331635
2022-12-10 17:00:00,0.0,0.0,0.0,0.0,1.1029406616912594,38.10742263904787,0.0,15.0,0.0,38.10742263904787,0.0,0.0,0.0,0.0,16.414245941363678,16.414245941363678,0.0
2022-12-10 18:00:00,0.0,0.0,0.0,0.0,0.020000016,38.10742263904787,0.0,14.4,0.0,38.10742263904787,0.0,0.0,0.0,0.0,16.020531820581336,16.020531820581336,0.0
2022-12-10 19:00:00,0.0,0.0,0.0,0.0,0.020000016,38.10742263904787,0.0,13.9,0.0,38.10742263904787,0.0,0.0,0.0,0.0,15.982043323715898,15.982043323715898,0.0
2022-12-10 20:00:00,0.0,0.0,0.0,0.0,1.1028589106142956,38.10742263904787,0.0,13.3,0.0,38.10742263904787,0.0,0.0,0.0,0.0,16.36850231488156,16.36850231488156,0.0
2022-12-10 21:00:00,0.0,0.0,0.0,0.0,0.020000016,38.10742263904787,0.0,12.8,0.0,38.10742263904787,0.0,0.0,0.0,0.0,16.191634148230662,16.191634148230662,0.0
2022-12-10 22:00:00,0.0,0.0,0.0,0.0,1.1027905275706638,38.10742263904787,0.0,12.2,0.0,38.10742263904787,0.0,0.0,0.0,0.0,16.405263665332914,16.405263665332914,0.0
2022-12-10 23:00:00,0.0,0.0,0.0,0.0,0.020000016,38.10742263904787,0.0,11.1,0.0,38.10742263904787,0.0,0.0,0.0,0.0,16.418944924272584,16.418944924272584,0.0
2022-12-11 00:00:00,0.0,0.0,0.0,0.0,1.1029909366597368,43.46825895116388,0.0,10.0,0.0,43.46825895116388,0.0,0.0,0.0,0.0,18.308122677850868,18.308122677850868,0.0
2022-12-11 01:00:00,0.0,0.0,0.0,0.0,0.020000016,43.46825895116388,0.0,10.0,0.0,43.46825895116388,0.0,0.0,0.0,0.0,17.901221951715343,17.901221951715343,0.0
2022-12-11 02:00:00,0.0,0.0,0.0,0.0,0.020000016,43.46825895116388,0.0,8.9,0.0,43.46825895116388,0.0,0.0,0.0,0.0,17.752125823512852,17.752125823512852,0.0
2022-12-11 03:00:00,0.0,0.1013338223931887,0.0,4.161155673685427,1.2041729866642674,47.62941462484931,0.0,7.8,0.0,47.62941462484931,0.0,0.0,0.0,0.0,19.433137322384727,19.433137322384727,0.0
2022-12-11 04:00:00,0.0,0.7044462968079113,0.0,5.161194613551777,0.7244463128079113,48.629453564715654,0.0,8.3,0.0,48.629453564715654,0.0,0.0,0.0,0.0,19.472558866723666,19.472558866723666,0.0
2022-12-11 05:00:00,0.0,1.8009248058491973,0.0,6.556904391954251,2.9040545223717853,54.23262269774822,0.0,8.9,0.0,54.23262269774822,0.0,0.0,0.0,0.0,22.385673407511586,22.385673407511586,0.0
2022-12-11 06:00:00,0.0,102.9937081111714,0.0,40.83459746264813,103.01370812717141,82.57397768604213,0.0,7.8,0.0,82.57397768604213,0.0,0.0,0.0,0.0,52.221328908285045,52.221328908285045,0.0
2022-12-11 07:00:00,0.0,67.02360268538558,0.0,40.83459746264813,68.12708745669622,98.76960946899328,24.986471806054677,10.780827243939209,1.5141197569354798,97.2554897120578,1.5141197569354858,0.0,1.5329814151090808,100.0000000000004,53.044825122507774,52.4196980690606,0.6251270534471729
2022-12-11 08:00:00,0.0,13.973898916952173,0.0,40.83459746264813,16.16218500788132,186.98067465638707,44.22960897802735,13.082175280563355,4.705969263780844,182.27470539260622,4.705969263780844,0.0,2.516821202206574,100.0,76.75335104236133,74.89484613086267,1.858504911498656
2022-12-11 09:00:00,0.0,7.131690689717971,0.0,40.83459746264813,9.320138942302709,178.6320965489585,55.61539143574222,16.137980982366944,7.36010945167596,171.27198709728253,7.360109451675953,0.0,4.12026147252811,99.9999999999999,67.68890667439918,64.9690886281741,2.719818046225072
2022-12-11 10:00:00,0.0,4.232513285785945,0.0,40.83459746264813,5.336806863640716,176.70550160109036,64.06631921249999,18.702072475390622,9.677116849218363,167.028384751872,9.67711684921835,0.0,5.476409484445072,99.99999999999987,64.27977667457408,60.81217539399367,3.4676012805804106
2022-12-11 11:00:00,0.0,1.6732705457144723,0.0,40.83459746264813,3.8624191595798756,178.6320965489585,69.02842513359374,19.957138285424804,11.183224831628717,167.44887171732978,11.183224831628706,0.0,6.2604789663674305,99.9999999999999,64.19556785039552,60.22015508724814,3.975412763147382
2022-12-11 12:00:00,0.0,1.210208458096982,0.0,40.83459746264813,4.4852019906515626,178.08774760651295,67.71143490117186,20.41598234066162,10.742633264700029,167.34511434181292,10.742633264700032,0.0,6.032213562740998,100.00000000000003,63.49801138825519,59.71638962641549,3.781621761839702
2022-12-11 13:00:00,0.0,0.04727002522848719,0.0,40.83459746264813,2.2370212351673757,180.23759233884863,62.25420385722661,19.74544387053833,9.102953058847062,171.13463928000158,9.10295305884705,0.0,5.050529659613628,99.99999999999987,64.04106570277875,60.82699503676103,3.2140706660177187
2022-12-11 14:00:00,0.0,0.0,0.0,40.83459746264813,2.1881771898533158,176.70550160109036,101.21491417903191,20.962966068094747,23.955795292886954,152.7497063082034,23.95579529288696,0.0,13.556904044202742,100.00000000000003,63.71109754289487,55.12725697354761,8.58384056934726
2022-12-11 15:00:00,0.0,0.3341051314355348,0.0,40.83459746264813,1.4379684908893267,176.70550160109036,89.79080317305693,18.90596259915803,18.99458742493178,157.71091417615858,18.99458742493178,0.0,10.74929034626875,100.0,66.96169956664991,59.79162270548666,7.170076861163253
2022-12-11 16:00:00,0.0,2.656666063944351,0.0,40.83459746264813,4.845684331354804,191.46807018769255,25.7844568269534,15.805764275842293,1.583896612863027,189.88417357482953,1.5838966128630148,0.0,0.8272379887207045,99.99999999999923,75.55171622619227,74.93394111079424,0.6177751153980324
2022-12-11 17:00:00,0.0,8.287539511757739,0.0,40.83459746264813,9.391291949067796,180.35132106710464,0.0,14.4,0.0,180.35132106710464,0.0,0.0,0.0,0.0,74.30666016236714,74.30666016236714,0.0
2022-12-11 18:00:00,0.0,20.09417695049995,0.0,40.83459746264813,22.28152926884384,136.74485312545113,0.0,13.9,0.0,136.74485312545113,0.0,0.0,0.0,0.0,58.93058275997011,58.93058275997011,0.0
2022-12-11 19:00:00,0.0,28.919754978716064,0.0,40.83459746264811,28.939754994716065,134.17605986162698,0.0,14.4,0.0,134.17605986162698,0.0,0.0,0.0,0.0,58.053843406816696,58.053843406816696,0.0
2022-12-11 20:00:00,0.0,46.87494476758902,0.0,40.83459746264813,47.978286185504324,111.9853861309906,0.0,13.9,0.0,111.9853861309906,0.0,0.0,0.0,0.0,52.53398202496878,52.53398202496878,0.0
2022-12-11 21:00:00,0.0,54.48388089976652,0.0,40.83459746264811,55.58696087056902,110.70098949907849,0.0,12.8,0.0,110.70098949907849,0.0,0.0,0.0,0.0,53.92353785847764,53.92353785847764,0.0
2022-12-11 22:00:00,0.0,0.0,0.0,0.0,0.020000016,47.675718305793986,0.0,11.7,0.0,47.675718305793986,0.0,0.0,0.0,0.0,18.857440572372415,18.857440572372415,0.0
2022-12-11 23:00:00,0.0,0.14337407174346165,0.0,2.5342225289185354,1.246364203203652,46.00248148008242,0.0,11.7,0.0,46.00248148008242,0.0,0.0,0.0,0.0,18.051980051309855,18.051980051309855,0.0
2022-12-12 00:00:00,0.0,1.8118914861382982,0.0,5.381861352397896,1.8318915021382982,48.85012030356178,0.0,11.7,0.0,48.85012030356178,0.0,0.0,0.0,0.0,19.61781432423383,19.61781432423383,0.0
2022-12-12 01:00:00,0.0,3.1517432709169526,0.0,7.050771387498752,3.3966061920217414,50.519030338662624,0.0,11.1,0.0,50.519030338662624,0.0,0.0,0.0,0.0,20.37915173267762,20.37915173267762,0.0
2022-12-12 02:00:00,0.0,6.8099716782015065,0.0,11.583790238986387,7.687895206953543,55.05204919015026,0.0,10.0,0.0,55.05204919015026,0.0,0.0,0.0,0.0,22.76559884040854,22.76559884040854,0.0
2022-12-12 03:00:00,0.0,11.709384507632791,0.0,14.786036580799447,11.72938452363279,58.254295531963315,0.0,9.4,0.0,58.254295531963315,0.0,0.0,0.0,0.0,25.310197379021417,25.310197379021417,0.0
2022-12-12 04:00:00,0.0,17.388403214875527,0.0,16.481328956467042,18.491375607081853,59.94958790763093,0.0,8.3,0.0,59.94958790763093,0.0,0.0,0.0,0.0,27.25765835308052,27.25765835308052,0.0
2022-12-12 05:00:00,0.0,23.213413004661685,0.0,16.023993465554035,23.233413020661683,63.699711771348014,0.0,7.8,0.0,63.699711771348014,0.0,0.0,0.0,0.0,29.410819485621765,29.410819485621765,0.0
2022-12-12 06:00:00,0.0,143.0657974598132,0.0,40.83459746264813,144.1687860907358,82.57397768604213,0.0,8.9,0.0,82.57397768604213,0.0,0.0,0.0,0.0,58.922833010052884,58.922833010052884,0.0
2022-12-12 07:00:00,0.0,112.1087756461829,0.0,40.83459746264813,113.21222492576713,98.76960946899328,20.3488044020508,10.635900137564088,1.004729917088353,97.76487955190493,1.0047299170883548,0.0,1.0172460157431011,100.00000000000017,60.40782297794553,60.000681297293404,0.4071416806521242
2022-12-12 08:00:00,0.0,38.48239257372279,0.0,40.83459746264813,39.5865880706358,186.98067465638707,35.06309589814452,13.295721746817016,2.9552527341255264,184.02542192226153,2.955252734125537,0.0,1.5805123922867335,100.00000000000036,81.09713646962231,79.92803848800226,1.1690979816200553
2022-12-12 09:00:00,0.0,20.33370728848762,0.0,40.83459746264813,22.522238212744305,178.6320965489585,44.672624706445276,15.796019522076415,4.754544746826199,173.87755180213227,4.7545447468262125,0.0,2.6616407905860937,100.00000000000028,71.70043379866509,69.89995902121319,1.800474777451896
2022-12-12 10:00:00,0.0,10.039366049654065,0.0,40.83459746264813,12.228113106253437,176.70550160109036,50.95123995585939,17.692226248620607,6.142976090788164,170.5625255103022,6.142976090788153,0.0,3.4763920959607795,99.99999999999983,67.61451941132927,65.34051252204131,2.2740068892879606
2022-12-12 11:00:00,0.0,4.280961091856635,0.0,40.83459746264813,6.470252324603125,178.6320965489585,54.64540786289064,19.507668995715335,7.019835085903897,171.61226146305458,7.019835085903907,0.0,3.929772544532583,100.00000000000013,66.46214818298579,63.89611766568447,2.5660305173013143
2022-12-12 12:00:00,0.0,2.790543930142918,0.0,40.83459746264813,4.980552404550232,178.08774760651295,54.43999311093749,20.601249784716796,6.9395290912613605,171.14821851525159,6.939529091261363,0.0,3.8966909203626616,100.00000000000004,64.08228337375627,61.62013845217673,2.4621449215795366
2022-12-12 13:00:00,0.0,0.0637387639806089,0.0,40.83459746264813,3.338485248829682,180.23759233884863,48.93666397382815,18.729270749182128,5.645630453933899,174.59196188491472,5.645630453933904,0.0,3.1323268252052867,100.00000000000009,63.63108288042884,61.65677768253588,1.97430519789296
2022-12-12 14:00:00,0.0,0.0,0.0,40.83459746264813,1.1040716971704312,176.70550160109036,95.05135472606656,19.670354835189578,21.226573846121443,155.4789277549689,21.226573846121454,0.0,12.012401229046098,100.00000000000004,62.51575076092976,55.02998722835657,7.485763532573195
2022-12-12 15:00:00,0.0,0.0,0.0,40.83459746264813,2.1881889615764667,176.70550160109036,91.58860659420506,18.96214395606891,19.758808872764277,156.94669272832607,19.75880887276429,0.0,11.181773455684171,100.00000000000007,64.56635429014777,57.390745259914695,7.175609030233076
2022-12-12 16:00:00,0.0,0.7963984618905467,0.0,40.83459746264813,2.985413178309005,191.46807018769255,28.906386044820806,15.30332456390065,1.9942451980442981,189.47382498964825,1.9942451980442968,0.0,1.0415549684547276,99.99999999999993,75.03870832944388,74.26273755165886,0.7759707777850195
2022-12-12 17:00:00,0.0,8.823581510820258,0.0,40.83459746264813,9.927377187170666,180.35132106710464,0.0,14.4,0.0,180.35132106710464,0.0,0.0,0.0,0.0,74.67912005272167,74.67912005272167,0.0
2022-12-12 18:00:00,0.0,27.492234534257854,0.0,40.83459746264813,28.595772586204344,136.74485312545113,0.0,14.4,0.0,136.74485312545113,0.0,0.0,0.0,0.0,60.13993965624624,60.13993965624624,0.0
2022-12-12 19:00:00,0.0,40.404598169591196,0.0,40.83459746264813,41.50790543654675,134.17605986162698,0.0,15.0,0.0,134.17605986162698,0.0,0.0,0.0,0.0,61.81079452509912,61.81079452509912,0.0
2022-12-12 20:00:00,0.0,62.57723716266957,0.0,40.83459746264811,63.680625561461916,111.9853861309906,0.0,14.4,0.0,111.9853861309906,0.0,0.0,0.0,0.0,57.057213405153014,57.057213405153014,0.0
2022-12-12 21:00:00,0.0,73.54814222695775,0.0,40.83459746264813,73.56814224295775,110.70098949907849,0.0,13.9,0.0,110.70098949907849,0.0,0.0,0.0,0.0,32.51569571869043,32.51569571869043,0.0
2022-12-12 22:00:00,0.0,0.0,0.0,0.0,1.1030373649204368,47.675718305793986,0.0,11.7,0.0,47.675718305793986,0.0,0.0,0.0,0.0,19.221929074125683,19.221929074125683,0.0
2022-12-12 23:00:00,0.0,0.6921059109199292,0.0,4.094379779492712,0.7121059269199292,47.562638730656595,0.0,11.1,0.0,47.562638730656595,0.0,0.0,0.0,0.0,18.967062728668473,18.967062728668473,0.0
2022-12-13 00:00:00,0.0,2.8629508287697494,0.0,6.498974798342219,3.965936626996941,49.96723374950609,0.0,11.1,0.0,49.96723374950609,0.0,0.0,0.0,0.0,21.120936631515455,21.120936631515455,0.0
2022-12-13 01:00:00,0.0,9.306569704261099,0.0,11.873609682762694,9.326569720261098,55.34186863392657,0.0,10.6,0.0,55.34186863392657,0.0,0.0,0.0,0.0,24.51745837891996,24.51745837891996,0.0
2022-12-13 02:00:00,0.0,15.233299898843498,0.0,14.816802912370983,16.336296740604237,58.28506186353487,0.0,10.6,0.0,58.28506186353487,0.0,0.0,0.0,0.0,26.573618176455728,26.573618176455728,0.0
2022-12-13 03:00:00,0.0,21.911333203980213,0.0,16.527934930192668,21.931333219980214,59.996193881356554,0.0,9.4,0.0,59.996193881356554,0.0,0.0,0.0,0.0,28.355197299308223,28.355197299308223,0.0
2022-12-13 04:00:00,0.0,29.26777749755073,0.0,16.054759797125573,29.287777513550726,59.52301874828945,0.0,9.4,0.0,59.52301874828945,0.0,0.0,0.0,0.0,29.756582156490847,29.756582156490847,0.0
2022-12-13 05:00:00,0.0,34.88357568506497,0.0,16.527934930192668,35.986641881709495,64.20365323598665,0.0,9.4,0.0,64.20365323598665,0.0,0.0,0.0,0.0,32.57915786867138,32.57915786867138,0.0
2022-12-13 06:00:00,0.0,159.27704779354028,0.0,40.83459746264813,159.29704780954026,82.57397768604213,0.0,8.9,0.0,82.57397768604213,0.0,0.0,0.0,0.0,62.84235399427203,62.84235399427203,0.0
2022-12-13 07:00:00,0.0,117.75895770162737,0.0,40.83459746264813,118.86235778501256,98.76960946899328,34.064773333593756,11.664524166674804,2.805499732327406,95.96410973666588,2.805499732327405,0.0,2.840448339737675,99.99999999999997,62.00787243492989,60.85446135747678,1.1534110774531072
2022-12-13 08:00:00,0.0,33.14604469728666,0.0,40.83459746264813,35.33428231940373,186.98067465638707,91.12596860039072,16.14768651876221,19.758933089105646,167.2217415672814,19.758933089105653,0.0,10.567366454001993,100.00000000000004,77.76706710525298,70.22142694251988,7.545640162733093
2022-12-13 09:00:00,0.0,10.722443511793074,0.0,40.83459746264813,12.911114399652394,178.6320965489585,124.77317977265622,18.899161867895508,36.679155258100344,141.95294129085815,36.67915525810034,0.0,20.533350930048297,99.99999999999997,65.31479453993234,52.38080741704471,12.933987122887629
2022-12-13 10:00:00,0.0,2.4628843514333845,0.0,40.83459746264813,4.651658209235558,176.70550160109036,144.32151929765638,21.710047478051763,42.0705561021926,134.63494549889776,42.0705561021926,0.0,23.808288774826124,100.0,62.31160993890205,47.675684176510266,14.635925762391786
2022-12-13 11:00:00,0.0,0.17640507759186128,0.0,40.83459746264813,2.3658378122153736,178.6320965489585,163.38455788359366,23.4057674338623,47.332312681140635,131.29978386781784,47.33231268114065,0.0,26.497092961212644,100.00000000000003,61.985270030039885,45.673845095428604,16.31142493461128
2022-12-13 12:00:00,0.0,0.0,0.126067799839176,40.83459746264813,2.1901696922614518,178.2138154063521,162.23341086562493,24.469794089550778,46.81488216524662,131.39893324110548,46.814882165246615,0.0,26.26894107984963,99.99999999999999,61.60633120677267,45.52658955506459,16.079741651708083
2022-12-13 13:00:00,0.0,0.0,0.35818242905975295,40.83459746264813,2.1897074386240956,180.59577476790835,128.0856472242188,21.80267647575684,37.325062903758926,143.27071186414943,37.32506290375892,0.0,20.66773873958403,99.99999999999997,62.849694519102805,49.941568015095854,12.908126504006951
2022-12-13 14:00:00,0.0,0.0,0.014985097836745603,40.83459746264813,2.188254729451978,176.72048669892712,114.91837812637726,20.79119931644929,30.90099117356523,145.8194955253619,30.900991173565217,0.0,17.48580017562436,99.99999999999996,62.02526590647986,51.24854523469899,10.776720671780872
2022-12-13 15:00:00,0.0,0.0,0.0,40.83459746264813,2.1881474283359563,176.70550160109036,83.20514256974501,19.30016070530453,16.287205761517367,160.418295839573,16.287205761517356,0.0,9.21714695577812,99.99999999999993,65.73525370516182,59.712652194696744,6.02260151046508
2022-12-13 16:00:00,0.0,0.0,0.0,40.83459746264813,2.1891847227844727,191.46807018769255,16.23119168639545,14.907224740199858,0.6296595304825895,190.83841065720995,0.6296595304825985,0.0,0.3288587647357364,100.00000000000142,77.60079089804786,77.3468901372737,0.25390076077415813
2022-12-13 17:00:00,0.0,1.8524902372267744,0.0,40.83459746264813,2.9563516334680995,180.35132106710464,0.0,15.0,0.0,180.35132106710464,0.0,0.0,0.0,0.0,73.26978363545228,73.26978363545228,0.0
2022-12-13 18:00:00,0.0,13.957722206977738,0.0,40.83459746264813,15.061352017620871,136.74485312545113,0.0,13.3,0.0,136.74485312545113,0.0,0.0,0.0,0.0,57.61896354338117,57.61896354338117,0.0
2022-12-13 19:00:00,0.0,26.698604116115618,0.0,40.83459746264811,27.801916296392587,134.17605986162698,0.0,13.9,0.0,134.17605986162698,0.0,0.0,0.0,0.0,60.100449362464495,60.100449362464495,0.0
2022-12-13 20:00:00,0.0,41.40510883477453,0.0,40.83459746264813,42.50848084234911,111.9853861309906,0.0,14.4,0.0,111.9853861309906,0.0,0.0,0.0,0.0,54.34205683790694,54.34205683790694,0.0
2022-12-13 21:00:00,0.0,62.79026163005541,0.0,40.83459746264813,62.81026164605541,110.70098949907849,0.0,12.8,0.0,110.70098949907849,0.0,0.0,0.0,0.0,58.75213668972367,58.75213668972367,0.0
2022-12-13 22:00:00,0.0,0.038002859638916336,0.0,0.43194995404188496,1.1409477853619712,48.10766825983587,0.0,13.3,0.0,48.10766825983587,0.0,0.0,0.0,0.0,20.569404095627622,20.569404095627622,0.0
2022-12-13 23:00:00,0.0,0.8462831458233856,0.0,4.482353085607256,0.8662831618233856,47.95061203677114,0.0,12.2,0.0,47.95061203677114,0.0,0.0,0.0,0.0,20.907800766241607,20.907800766241607,0.0
2022-12-14 00:00:00,0.0,1.6142130718623353,0.0,5.802154619701191,1.6342130878623353,49.27041357086508,0.0,11.1,0.0,49.27041357086508,0.0,0.0,0.0,0.0,21.586203615804813,21.586203615804813,0.0
2022-12-14 01:00:00,0.0,3.7623621904728504,0.0,6.8708210700284535,4.86533842886744,50.33908002119234,0.0,10.6,0.0,50.33908002119234,0.0,0.0,0.0,0.0,22.099969117466955,22.099969117466955,0.0
2022-12-14 02:00:00,0.0,8.790992250405184,0.0,12.20300788756466,8.810992266405185,55.671266838728535,0.0,10.0,0.0,55.671266838728535,0.0,0.0,0.0,0.0,25.064666170235693,25.064666170235693,0.0
2022-12-14 03:00:00,0.0,13.022010400526025,0.0,14.306934486915923,14.12499526151072,57.7751934380798,0.0,10.6,0.0,57.7751934380798,0.0,0.0,0.0,0.0,26.707397025730558,26.707397025730558,0.0
2022-12-14 04:00:00,0.0,20.641433171148623,0.0,16.666416290221353,20.66143318714862,60.13467524138525,0.0,8.9,0.0,60.13467524138525,0.0,0.0,0.0,0.0,28.49618714777833,28.49618714777833,0.0
2022-12-14 05:00:00,0.0,24.69523169186825,0.0,15.85438059285915,25.798353731971762,63.53009889865313,0.0,10.0,0.0,63.53009889865313,0.0,0.0,0.0,0.0,30.488095553439955,30.488095553439955,0.0
2022-12-14 06:00:00,0.0,140.13272324759447,0.0,40.83459746264813,140.15272326359445,82.57397768604213,0.0,10.6,0.0,82.57397768604213,0.0,0.0,0.0,0.0,59.01846022366751,59.01846022366751,0.0
2022-12-14 07:00:00,0.0,104.84112103371191,0.0,40.83459746264813,105.94462295420328,98.76960946899328,19.527385846289043,11.210230807696533,0.9233844511745115,97.84622501781877,0.9233844511745133,0.0,0.9348872149427614,100.0000000000002,58.22369564539292,57.857702984325385,0.36599266106753703
2022-12-14 08:00:00,0.0,25.834179771987433,0.0,40.83459746264813,28.022620097802754,186.98067465638707,72.11637907031249,15.053636845947267,12.42355639191721,174.55711826446986,12.423556391917202,0.0,6.644299692868194,99.99999999999994,74.15260680285078,69.56092247818015,4.591684324670638
2022-12-14 09:00:00,0.0,7.067190240005231,0.0,40.83459746264813,9.255897289082746,178.6320965489585,111.22748524335941,19.07585891385498,29.128848855599816,149.50324769335867,29.128848855599813,0.0,16.306615338647354,99.99999999999999,64.60040207507764,54.33801733476127,10.26238474031637
2022-12-14 10:00:00,0.0,1.6704731730126612,0.0,40.83459746264813,2.7748595458856826,176.70550160109036,131.42092327031258,20.80690385219727,38.43643604215756,138.2690655589328,38.43643604215757,0.0,21.751691766183466,100.00000000000003,60.67313907056962,47.584379505133704,13.088759565435915
2022-12-14 11:00:00,0.0,0.0550804110962393,0.0,40.83459746264813,2.2445262340637435,178.6320965489585,158.9437520085938,22.166992250268557,46.25562841029426,132.37646813866422,46.255628410294264,0.0,25.894354544294778,100.00000000000003,59.957389385911824,44.53645670834587,15.420932677565958
2022-12-14 12:00:00,0.0,0.0,0.152169153949601,40.83459746264813,3.275177023258054,178.2399167604625,112.01644277226566,21.800513836633304,29.252100482649045,148.98781627781347,29.25210048264904,0.0,16.411643931567294,99.99999999999999,60.21718753280199,50.43133609783899,9.785851434963
2022-12-14 13:00:00,0.0,0.0,0.4961648062476946,40.83459746264813,2.1898900131991166,180.7337571450963,157.0761952804688,22.70863110251465,45.62147446892712,135.11228267616917,45.62147446892712,0.0,25.24236489606166,100.0,59.68851797912236,44.72125274272909,14.967265236393267
2022-12-14 14:00:00,0.0,0.0,0.050315600246526794,40.83459746264813,2.1882240951898546,176.75581720133687,115.97711722779754,20.824284913368672,31.46919982603461,145.28661737530226,31.46919982603461,0.0,17.803770378990727,100.0,60.077359890720835,49.45146987746199,10.625890013258847
2022-12-14 15:00:00,0.0,0.0,0.0,40.83459746264813,1.1040502168874962,176.70550160109036,69.7253939851955,18.27891856203736,11.47974820239822,165.22575339869215,11.479748202398213,0.0,6.496542608115025,99.99999999999993,64.39766048544755,60.22695316603425,4.170707319413296
2022-12-14 16:00:00,0.0,0.0,0.0,40.83459746264813,2.189028928966182,191.46807018769255,25.246704780976874,15.788959524405527,1.5186104135369394,189.9494597741556,1.5186104135369476,0.0,0.7931402933388749,100.00000000000054,75.7521386296442,75.15444394308432,0.5976946865598762
2022-12-14 17:00:00,0.0,1.3041663555581955,0.0,40.83459746264813,3.4918435929675598,180.35132106710464,0.0,14.4,0.0,180.35132106710464,0.0,0.0,0.0,0.0,73.25979190508633,73.25979190508633,0.0
2022-12-14 18:00:00,0.0,12.454023661463742,0.0,40.83459746264811,13.5576046443891,136.74485312545113,0.0,13.9,0.0,136.74485312545113,0.0,0.0,0.0,0.0,56.207761131038744,56.207761131038744,0.0
2022-12-14 19:00:00,0.0,21.883240399475632,0.0,40.83459746264811,22.986592834019696,134.17605986162698,0.0,13.9,0.0,134.17605986162698,0.0,0.0,0.0,0.0,55.90521121409434,55.90521121409434,0.0
2022-12-14 20:00:00,0.0,40.403678429561275,0.0,40.83459746264813,40.42367844556127,111.9853861309906,0.0,13.9,0.0,111.9853861309906,0.0,0.0,0.0,0.0,50.734789059274966,50.734789059274966,0.0
2022-12-14 21:00:00,0.0,55.99434461312909,0.0,40.83459746264813,57.09744851453752,110.70098949907849,0.0,13.3,0.0,110.70098949907849,0.0,0.0,0.0,0.0,54.317272872740176,54.317272872740176,0.0
2022-12-14 22:00:00,0.0,0.0,0.0,0.0,0.020000016,47.675718305793986,0.0,12.8,0.0,47.675718305793986,0.0,0.0,0.0,0.0,19.17877491375347,19.17877491375347,0.0
2022-12-14 23:00:00,0.0,1.0014931159442528,0.0,3.761274507297764,2.1044767961062334,47.229533458461646,0.0,12.2,0.0,47.229533458461646,0.0,0.0,0.0,0.0,19.514429694666664,19.514429694666664,0.0
2022-12-15 00:00:00,0.0,4.046162719981963,0.0,8.451454250622783,4.066162735981963,51.919713201786664,0.0,12.2,0.0,51.919713201786664,0.0,0.0,0.0,0.0,21.776731636556597,21.776731636556597,0.0
2022-12-15 01:00:00,0.0,6.986132200902932,0.0,8.968128937362268,8.089173439469274,52.436387888526156,0.0,11.1,0.0,52.436387888526156,0.0,0.0,0.0,0.0,22.893240942280027,22.893240942280027,0.0
2022-12-15 02:00:00,0.0,11.816307499445886,0.0,14.492667668820857,11.836307515445887,57.96092661998474,0.0,10.0,0.0,57.96092661998474,0.0,0.0,0.0,0.0,24.908617012881397,24.908617012881397,0.0
2022-12-15 03:00:00,0.0,16.831251244626014,0.0,15.458751915198517,17.93427240589052,58.92701086636241,0.0,10.0,0.0,58.92701086636241,0.0,0.0,0.0,0.0,26.54148257744485,26.54148257744485,0.0
2022-12-15 04:00:00,0.0,24.34790480223023,0.0,16.4430665255047,24.36790481823023,59.91132547666858,0.0,10.0,0.0,59.91132547666858,0.0,0.0,0.0,0.0,28.12941097018207,28.12941097018207,0.0
2022-12-15 05:00:00,0.0,26.03596622933022,0.0,16.13962820181354,27.13912037629764,63.81534650760753,0.0,10.6,0.0,63.81534650760753,0.0,0.0,0.0,0.0,29.905854614267685,29.905854614267685,0.0
2022-12-15 06:00:00,0.0,144.61283036845518,0.0,40.83459746264813,144.6328303844552,82.57397768604213,0.0,11.1,0.0,82.57397768604213,0.0,0.0,0.0,0.0,58.2533097008085,58.2533097008085,0.0
2022-12-15 07:00:00,0.0,103.63447682518111,0.0,40.83459746264813,104.7379845099642,98.76960946899328,24.400112305078114,12.46250350953369,1.4353545212997214,97.33425494769357,1.4353545212997147,0.0,1.4532349869727037,99.99999999999953,57.25974164623386,56.70167580835253,0.5580658378813297
2022-12-15 08:00:00,0.0,25.75924962852254,0.0,40.83459746264813,27.94767857351798,186.98067465638707,70.89254683242183,16.615392088513183,11.938561656030883,175.04211300035618,11.938561656030885,0.0,6.38491741350826,100.00000000000003,71.47650874326189,67.23408116598303,4.24242757727886
2022-12-15 09:00:00,0.0,8.345139965541254,0.0,40.83459746264813,9.449468055032005,178.6320965489585,147.06184826953128,20.695682758422855,43.02833800640972,135.60375854254877,43.02833800640971,0.0,24.08768571700481,99.99999999999999,60.58298546143442,46.39976954607162,14.183215915362801
2022-12-15 10:00:00,0.0,1.8747784784680208,0.0,40.83459746264813,4.063571393908687,176.70550160109036,137.37066881484407,21.492833400463876,40.07613932758382,136.62936227350656,40.0761393275838,0.0,22.679621723411305,99.99999999999997,57.96214204331614,44.98248241859494,12.9796596247212
2022-12-15 11:00:00,0.0,0.038555474636154156,0.33069126588357545,40.83459746264813,2.228015337895272,178.96278781484205,196.5974439515623,23.943670123486324,56.84135887878441,122.12142893605764,56.841358878784405,0.0,31.761551981182507,99.99999999999999,58.35825391808134,39.950179845187,18.408074072894337
2022-12-15 12:00:00,0.0,0.0,1.151510698593309,40.83459746264813,3.2753890945989044,179.23925830510623,164.46508069921867,22.939533771850584,47.72704816910418,131.51221013600207,47.727048169104165,0.0,26.62756397254323,99.99999999999997,58.20977953021592,42.866965355294,15.34281417492192
2022-12-15 13:00:00,0.0,0.0,1.6898585550208245,40.83459746264813,2.1897473297990215,181.9274508938694,150.9601943179685,23.017506072436518,43.795446247170275,138.13200464669913,43.795446247170275,0.0,24.07302802957379,100.0,58.22172445466495,44.300903910539404,13.920820544125547
2022-12-15 14:00:00,0.0,0.0,0.7031993882387507,40.83459746264813,2.1882104318230757,177.4087009893291,134.8097086694001,22.512803395918755,39.18248991156069,138.22621107776843,39.18248991156068,0.0,22.086002373647645,99.99999999999997,57.28718451469054,44.72175182495214,12.565432689738394
2022-12-15 15:00:00,0.0,0.0,0.0,40.83459746264813,1.1041082307476002,176.70550160109036,80.54661824079184,19.717081820024745,15.23997525817984,161.46552634291052,15.23997525817984,0.0,8.624505247484498,100.0,60.625008471683806,55.41354653239662,5.211461939287183
2022-12-15 16:00:00,0.0,0.0,0.0,40.83459746264813,2.189211740747727,191.46807018769255,16.06657601961235,16.60208050061289,0.6132227547201171,190.85484743297243,0.6132227547201126,0.0,0.32027416065716957,99.99999999999926,73.5723075658943,73.33793689515404,0.23437067074026174
2022-12-15 17:00:00,0.0,0.48679045553588074,0.0,40.83459746264813,2.674511354759436,180.35132106710464,0.0,15.0,0.0,180.35132106710464,0.0,0.0,0.0,0.0,71.08277677851636,71.08277677851636,0.0
2022-12-15 18:00:00,0.0,8.339128222219376,0.0,40.83459746264813,9.442702137121003,136.74485312545113,0.0,15.0,0.0,136.74485312545113,0.0,0.0,0.0,0.0,55.39986625252688,55.39986625252688,0.0
2022-12-15 19:00:00,0.0,15.163202591707233,0.0,40.83459746264811,15.183202607707232,134.17605986162698,0.0,15.0,0.0,134.17605986162698,0.0,0.0,0.0,0.0,56.52425343535105,56.52425343535105,0.0
2022-12-15 20:00:00,0.0,33.62972108816834,0.0,40.83459746264811,34.73313345710571,111.9853861309906,0.0,14.4,0.0,111.9853861309906,0.0,0.0,0.0,0.0,52.94938137139699,52.94938137139699,0.0
2022-12-15 21:00:00,0.0,46.316161268421695,0.0,40.83459746264813,47.41912107162649,110.70098949907849,0.0,14.4,0.0,110.70098949907849,0.0,0.0,0.0,0.0,56.17191466246682,56.17191466246682,0.0
2022-12-15 22:00:00,0.0,0.0,0.0,0.0,0.020000016,47.675718305793986,0.0,14.4,0.0,47.675718305793986,0.0,0.0,0.0,0.0,20.77019039080087,20.77019039080087,0.0
2022-12-15 23:00:00,0.0,0.1626921245514089,0.0,1.5601572505741754,1.2656828792058186,45.02841620173806,0.0,13.3,0.0,45.02841620173806,0.0,0.0,0.0,0.0,20.088345118560078,20.088345118560078,0.0
2022-12-16 00:00:00,0.0,1.105855452956945,0.0,5.296181219631455,1.125855468956945,43.40360385867932,0.0,13.3,0.0,43.40360385867932,0.0,0.0,0.0,0.0,19.432677433008276,19.432677433008276,0.0
2022-12-16 01:00:00,0.0,3.9475591134129604,0.0,7.520611619803444,5.0505682073471485,45.62803425885131,0.0,12.8,0.0,45.62803425885131,0.0,0.0,0.0,0.0,21.13558006368862,21.13558006368862,0.0
2022-12-16 02:00:00,0.0,6.2701275162931385,0.0,9.601553145642178,6.2901275322931385,47.70897578469005,0.0,12.8,0.0,47.70897578469005,0.0,0.0,0.0,0.0,22.44604790908397,22.44604790908397,0.0
2022-12-16 03:00:00,0.0,10.211819231330438,0.0,14.184856576634772,10.231819247330437,52.29227921568264,0.0,11.7,0.0,52.29227921568264,0.0,0.0,0.0,0.0,25.604639352435843,25.604639352435843,0.0
2022-12-16 04:00:00,0.0,10.908713128494457,0.0,14.731368156092254,12.011708631857065,52.83879079514012,0.0,12.2,0.0,52.83879079514012,0.0,0.0,0.0,0.0,26.1922100033119,26.1922100033119,0.0
2022-12-16 05:00:00,0.0,15.206584219870408,0.0,15.657935690996661,15.226584235870408,53.76535833004451,0.0,11.7,0.0,53.76535833004451,0.0,0.0,0.0,0.0,26.65396474131885,26.65396474131885,0.0
2022-12-16 06:00:00,0.0,126.6730325983403,0.0,40.83459746264813,127.77616421665306,82.57397768604213,0.0,11.7,0.0,82.57397768604213,0.0,0.0,0.0,0.0,58.98445909894175,58.98445909894175,0.0
2022-12-16 07:00:00,0.0,105.92489686443867,0.0,40.83459746264813,107.02801362907175,75.83888804889047,19.526320987207036,13.41019753085022,0.9161331685299787,74.92275488036049,0.9161331685299814,0.0,1.2079992100350745,100.00000000000028,52.43478391970197,52.034158885103814,0.400625034598157
2022-12-16 08:00:00,0.0,37.553958345053665,0.0,40.83459746264813,37.57395836105366,114.21720088209123,76.52022403007821,16.791257000939943,13.900458835550072,100.31674204654117,13.900458835550069,0.0,12.170197420526701,99.99999999999997,52.399547203314,46.845757880158324,5.5537893231556765
2022-12-16 09:00:00,0.0,12.20412359477514,0.0,40.83459746264813,13.307751355458702,116.46489498793738,150.2781349007813,20.296191715649414,44.033353684883316,72.43154130305408,44.03335368488331,0.0,37.80826290140387,99.99999999999999,45.199826672944155,29.016468359907414,16.18335831303674
2022-12-16 10:00:00,0.0,3.1688130674947845,0.0,40.83459746264813,4.272339654338527,115.50159751400331,110.5421281980469,19.554441506188965,28.721131235406514,86.78046627859679,28.721131235406517,0.0,24.866436355500966,100.00000000000003,41.50376242725878,31.37453746881178,10.129224958446997
2022-12-16 11:00:00,0.0,0.6320176259956132,0.24324021916259772,40.83459746264813,2.8194185193430408,117.99253183901207,131.83285198359386,20.21977662448731,38.63939234752225,79.35313949148983,38.63939234752225,0.0,32.74732031366314,100.0,41.625085004573634,28.16022275627082,13.464862248302815
2022-12-16 12:00:00,0.0,0.0,1.7819483895769204,40.83459746264813,1.1035593602678977,118.24684337751434,118.92648510703111,23.11645265959472,32.81374481668327,85.43309856083107,32.81374481668327,0.0,27.750207852840735,100.0,41.174774955427814,29.803827964102563,11.370946991325251
2022-12-16 13:00:00,0.0,0.0,2.8042266506982783,40.83459746264813,1.1034591743997288,116.70032837481148,143.9238803062498,22.797621259570306,41.78784597548785,74.91248239932364,41.78784597548784,0.0,35.80782210078794,99.99999999999997,40.35934578657646,25.97868541180196,14.380660374774504
2022-12-16 14:00:00,0.0,0.0,1.5388648774792135,40.83459746264811,0.020000016,76.33600086111758,106.0167295188535,21.113022797464172,26.268346436928358,50.06765442418923,26.268346436928354,0.0,34.411478385827216,99.99999999999999,26.45288026952745,17.35129225432833,9.10158801519912
2022-12-16 15:00:00,0.0,0.0,0.0484068507724346,40.83459746264813,1.1032180831380465,73.56114620249872,82.22963738165608,19.26967616817675,15.909296137485343,57.65185006501338,15.909296137485342,0.0,21.627308652437684,99.99999999999999,27.341962209989212,21.471591028218498,5.8703711817707145
2022-12-16 16:00:00,0.0,0.7311247019564254,0.0,40.83459746264813,1.834420490977247,85.7065146745043,17.501283639427257,16.146915113732103,0.7288198330827375,84.97769484142157,0.7288198330827385,0.0,0.8503669013384176,100.00000000000013,35.24326545429595,34.94637705119053,0.2968884031054202
2022-12-16 17:00:00,0.0,9.667942376774342,0.0,40.83459746264813,10.770971978770623,80.86861504956414,0.0,15.6,0.0,80.86861504956414,0.0,0.0,0.0,0.0,36.56928064480858,36.56928064480858,0.0
2022-12-16 18:00:00,0.0,0.0,0.0,0.0,0.020000016,38.10742263904787,0.0,15.6,0.0,38.10742263904787,0.0,0.0,0.0,0.0,16.097508814312214,16.097508814312214,0.0
2022-12-16 19:00:00,0.0,0.0,0.0,0.0,1.103006418483123,38.10742263904787,0.0,15.0,0.0,38.10742263904787,0.0,0.0,0.0,0.0,16.46398796744524,16.46398796744524,0.0
2022-12-16 20:00:00,0.0,0.0,0.0,0.0,0.020000016,38.10742263904787,0.0,15.6,0.0,38.10742263904787,0.0,0.0,0.0,0.0,16.815833731058266,16.815833731058266,0.0
2022-12-16 21:00:00,0.0,0.03280352106617328,0.0,0.2778079358539544,1.1358999204015758,38.38523057490182,0.0,15.0,0.0,38.38523057490182,0.0,0.0,0.0,0.0,17.332584912042396,17.332584912042396,0.0
2022-12-16 22:00:00,0.0,0.5815021961228904,0.0,3.527446872373821,0.6015022121228905,41.634869511421684,0.0,15.0,0.0,41.634869511421684,0.0,0.0,0.0,0.0,18.938503156315075,18.938503156315075,0.0
2022-12-16 23:00:00,0.0,1.6450445730130268,0.0,5.4358074559840714,2.7480673174312873,43.54323009503193,0.0,13.9,0.0,43.54323009503193,0.0,0.0,0.0,0.0,20.354204756414653,20.354204756414653,0.0
2022-12-17 00:00:00,0.0,3.7811918120875574,0.0,8.132432271390302,3.8011918280875574,46.23985491043816,0.0,13.3,0.0,46.23985491043816,0.0,0.0,0.0,0.0,21.793362327945463,21.793362327945463,0.0
2022-12-17 01:00:00,0.0,5.624083099584791,0.0,9.80805620006066,5.644083115584791,47.915478839108516,0.0,12.2,0.0,47.915478839108516,0.0,0.0,0.0,0.0,22.75834718029978,22.75834718029978,0.0
2022-12-17 02:00:00,0.0,7.446392898971856,0.0,11.321179112183767,8.54939299319332,49.42860175123163,0.0,12.8,0.0,49.42860175123163,0.0,0.0,0.0,0.0,23.978671228879858,23.978671228879858,0.0
2022-12-17 03:00:00,0.0,12.576835952515058,0.0,15.572201078264587,12.596835968515057,53.67962371731246,0.0,10.6,0.0,53.67962371731246,0.0,0.0,0.0,0.0,26.874268248460716,26.874268248460716,0.0
2022-12-17 04:00:00,0.0,19.763414336013604,0.0,15.843268029063788,19.783414352013605,53.95069066811164,0.0,10.0,0.0,53.95069066811164,0.0,0.0,0.0,0.0,27.982522324174916,27.982522324174916,0.0
2022-12-17 05:00:00,0.0,24.636642622888502,0.0,16.73942669825445,25.73976662476558,54.84684933730231,0.0,10.0,0.0,54.84684933730231,0.0,0.0,0.0,0.0,29.056112244457612,29.056112244457612,0.0
2022-12-17 06:00:00,0.0,26.669376505152652,0.0,15.843268029063788,26.68937652115265,48.01435258571164,0.0,10.6,0.0,48.01435258571164,0.0,0.0,0.0,0.0,25.906060754209882,25.906060754209882,0.0
2022-12-17 07:00:00,0.0,11.293531133541963,0.0,11.61967677366485,12.396477877339862,31.91808516551271,21.08001908847655,12.358750596514891,1.0717088818655256,30.846376283647185,1.0717088818655256,0.0,3.357685388418915,100.0,16.06161850633346,15.597263123454356,0.46435538287910383
2022-12-17 08:00:00,0.0,3.2607471753691337,0.0,5.628674435040101,3.2807471913691337,25.92708282688797,36.80812513124999,16.150253910351562,3.223759047870875,22.703323779017094,3.2237590478708746,0.0,12.43394434073254,99.99999999999999,11.121762393041116,9.812335942976924,1.3094264500641923
2022-12-17 09:00:00,0.0,0.21432515795745902,0.0,2.2823080054810054,1.3172094076038454,22.58071639732887,48.314167964648426,19.309817748895263,5.491361782059518,17.089354615269354,5.491361782059517,0.0,24.31881117247947,99.99999999999999,9.042175747708935,6.900901591221555,2.1412741564873796
2022-12-17 10:00:00,0.0,0.0,0.0,3.6929317958712997,0.020000016,23.991340187719164,56.56710065273438,21.767721895397948,7.460594146133555,16.53074604158561,7.460594146133555,0.0,31.097029543820693,100.0,8.996275053725899,6.199820549930659,2.79645450379524
2022-12-17 11:00:00,0.0,0.0,0.0,3.62897663679002,0.020000016,23.92738502863789,60.70308202792962,22.996971313372804,8.552847641785615,15.374537386852275,8.552847641785615,0.0,35.745016145930684,100.0,8.827661698949349,5.673499781373441,3.154161917575908
2022-12-17 12:00:00,0.0,0.0,0.031243898746738278,4.536220795987525,1.103070625677512,24.86587308658213,59.80386005859367,22.968870626831055,8.302186891167544,16.563686195414586,8.302186891167544,0.0,33.387876075212034,100.0,9.414149547570583,6.337276063834978,3.0768734837356044
2022-12-17 13:00:00,0.0,0.0,0.03448354489731205,3.62897663679002,0.020000016,23.961868573535195,53.889838818749965,20.584057463085934,6.800405810271836,17.16146276326336,6.800405810271837,0.0,28.380114803661762,100.00000000000003,8.955156063521535,6.414694462949234,2.540461600572301
2022-12-17 14:00:00,0.0,0.0,0.0,5.233291858374975,1.1029920531681312,25.531700250222837,92.43616670394522,21.18863020949829,19.964020055162738,5.567680195060099,19.964020055162738,0.0,78.19306924139725,100.0,10.046809254956731,2.3461876191790836,7.700621635777647
2022-12-17 15:00:00,0.0,0.0,0.0,7.680496929062049,0.020000016,27.978905320909913,89.49344201573643,19.99667006299176,18.79451769787883,9.184387623031082,18.79451769787883,0.0,67.1738850477214,100.0,11.29966435090069,3.7116597481475795,7.58800460275311
2022-12-17 16:00:00,0.0,0.0,0.0,0.6189784423772923,1.1030064651676128,32.79006299902516,28.224318222137857,16.98200994444181,1.8898442115369234,30.900218787488235,1.889844211536925,0.0,5.763466241565652,100.00000000000009,14.598188986532907,13.768273350257523,0.8299156362753841
2022-12-17 17:00:00,0.0,0.0,0.0,0.0,0.020000016,38.10742263904787,0.0,15.6,0.0,38.10742263904787,0.0,0.0,0.0,0.0,16.976837591708243,16.976837591708243,0.0
2022-12-17 18:00:00,0.0,0.0,0.0,0.0,0.020000016,38.10742263904787,0.0,13.9,0.0,38.10742263904787,0.0,0.0,0.0,0.0,16.852797931018145,16.852797931018145,0.0
2022-12-17 19:00:00,0.0,0.0,0.0,0.0,1.1028710619190392,38.10742263904787,0.0,15.6,0.0,38.10742263904787,0.0,0.0,0.0,0.0,17.11979234005784,17.11979234005784,0.0
2022-12-17 20:00:00,0.0,0.0,0.0,0.9361851530204837,0.020000016,39.04360779206834,0.0,15.6,0.0,39.04360779206834,0.0,0.0,0.0,0.0,17.676690078242864,17.676690078242864,0.0
2022-12-17 21:00:00,0.0,1.0118691958595771,0.0,3.512419820320894,2.1149649276010565,41.619842459368755,0.0,14.4,0.0,41.619842459368755,0.0,0.0,0.0,0.0,19.539662390376506,19.539662390376506,0.0
2022-12-17 22:00:00,0.0,1.5123440338087197,0.0,3.8962611133774407,1.5323440498087197,42.0036837524253,0.0,13.9,0.0,42.0036837524253,0.0,0.0,0.0,0.0,19.772539049680667,19.772539049680667,0.0
2022-12-17 23:00:00,0.0,3.330946922656025,0.0,6.8692343860909855,4.433942429323925,44.97665702513885,0.0,13.3,0.0,44.97665702513885,0.0,0.0,0.0,0.0,21.61442957494083,21.61442957494083,0.0
2022-12-18 00:00:00,0.0,4.860210526212281,0.0,9.968511301375818,4.880210542212281,53.436770252539695,0.0,12.2,0.0,53.436770252539695,0.0,0.0,0.0,0.0,25.75777542327579,25.75777542327579,0.0
2022-12-18 01:00:00,0.0,10.270782791368875,0.0,14.482278161086738,10.290782807368874,57.95053711225062,0.0,11.7,0.0,57.95053711225062,0.0,0.0,0.0,0.0,28.935753472768855,28.935753472768855,0.0
2022-12-18 02:00:00,0.0,11.580453073756207,0.0,13.444986456598048,12.68347147529506,56.91324540776193,0.0,11.7,0.0,56.91324540776193,0.0,0.0,0.0,0.0,28.829709347097147,28.829709347097147,0.0
2022-12-18 03:00:00,0.0,18.601625331323373,0.0,16.447193056222066,18.621625347323373,59.915452007385944,0.0,11.1,0.0,59.915452007385944,0.0,0.0,0.0,0.0,31.14671080974392,31.14671080974392,0.0
2022-12-18 04:00:00,0.0,17.165295830480627,0.0,15.578421072956607,18.268278832660787,59.04668002412049,0.0,10.6,0.0,59.04668002412049,0.0,0.0,0.0,0.0,30.323733618049832,30.323733618049832,0.0
2022-12-18 05:00:00,0.0,24.599440458797076,0.0,17.00427365436163,24.619440474797077,64.67999196015562,0.0,10.6,0.0,64.67999196015562,0.0,0.0,0.0,0.0,34.134116160853516,34.134116160853516,0.0
2022-12-18 06:00:00,0.0,154.65958159290108,0.0,40.83459746264813,155.76268340569047,85.54214672724213,0.0,11.1,0.0,85.54214672724213,0.0,0.0,0.0,0.0,67.15628826690258,67.15628826690258,0.0
2022-12-18 07:00:00,0.0,114.12326323811065,0.0,40.83459746264813,115.22675951705902,98.76960946899328,28.26393630908203,13.083248009658814,1.9217041459532398,96.84790532304004,1.9217041459532425,0.0,1.945643155100783,100.00000000000013,65.5080250835388,64.63712798163425,0.8708971019045464
2022-12-18 08:00:00,0.0,30.76171965768107,0.0,40.83459746264813,31.865962228351165,186.98067465638707,58.796434666406235,15.737388583325195,8.237948719759009,178.74272593662806,8.237948719759004,0.0,4.405775481823358,99.99999999999993,86.07092185141478,82.53161075320112,3.539311098213659
2022-12-18 09:00:00,0.0,8.146764766118801,0.0,40.83459746264813,10.335492108761251,178.6320965489585,78.4764045140626,18.552387641064456,14.527792191827347,164.10430435713113,14.52779219182736,0.0,8.132800584269951,100.00000000000009,76.28618634043269,70.23332700162973,6.052859338802961
2022-12-18 10:00:00,0.0,1.0897495115229965,0.05609892314771575,40.83459746264813,3.278554270845994,176.76160052423808,92.02800729375001,20.075875227929686,19.868442304893776,156.8931582193443,19.86844230489379,0.0,11.240248021045367,100.00000000000007,73.81203045532783,65.58172691494862,8.23030354037921
2022-12-18 11:00:00,0.0,0.0,1.391923144510575,40.83459746264813,2.189502320667273,180.02401969346909,98.9669038746094,21.392715746081546,22.86760109905552,157.15641859441357,22.86760109905552,0.0,12.702527772678721,100.0,71.65312851480986,62.6014459717707,9.051682543039163
2022-12-18 12:00:00,0.0,0.0,3.9057143134732817,40.83459746264813,3.2755249942226077,181.99346191998623,97.02377650195314,21.331993015686038,21.98331934378732,160.01014257619892,21.983319343787315,0.0,12.079180818843,99.99999999999999,73.98226302012978,65.11704982836066,8.865213191769115
2022-12-18 13:00:00,0.0,0.0,4.305314450102213,40.83459746264813,2.189829359983263,184.5429067889508,88.77572155546869,21.0742412986084,18.42187289161797,166.12103389733284,18.421872891617966,0.0,9.982433468811571,99.99999999999997,75.43311644163143,67.94241448644172,7.4907019551897065
2022-12-18 14:00:00,0.0,0.0,2.5865374441275013,40.83459746264813,2.1881754462150034,179.29203904521785,107.53953165365218,20.56061036417663,27.08285294206172,152.20918610315613,27.08285294206172,0.0,15.105440869703848,100.0,74.04625507482963,62.92075450049539,11.12550057433424
2022-12-18 15:00:00,0.0,0.0,0.34955009665837594,40.83459746264813,1.1041322482578417,177.05505169774875,83.54856623645503,19.31089269488922,16.4212933127931,160.63375838495566,16.421293312793097,0.0,9.27468217107182,99.99999999999997,73.98206588728195,67.13890243150824,6.8431634557737056
2022-12-18 16:00:00,0.0,0.0,0.0,40.83459746264813,2.1892893228385857,191.46807018769255,21.693853249527624,15.677932914047739,1.121715857763352,190.3463543299292,1.1217158577633484,0.0,0.5858500880401372,99.99999999999967,84.51089238440474,84.01809456519285,0.49279781921188714
2022-12-18 17:00:00,0.0,0.0,0.0,40.83459746264813,1.10385431163074,180.35132106710464,0.0,13.9,0.0,180.35132106710464,0.0,0.0,0.0,0.0,79.51906394445606,79.51906394445606,0.0
2022-12-18 18:00:00,0.0,5.258946437688056,0.0,40.83459746264811,6.36262778378244,136.74485312545113,0.0,14.4,0.0,136.74485312545113,0.0,0.0,0.0,0.0,60.63028860117255,60.63028860117255,0.0
2022-12-18 19:00:00,0.0,12.404205221741243,0.0,40.83459746264813,13.507518837509519,134.17605986162698,0.0,15.0,0.0,134.17605986162698,0.0,0.0,0.0,0.0,61.003238891469344,61.003238891469344,0.0
2022-12-18 20:00:00,0.0,29.280762199431358,0.0,40.83459746264811,30.384147391994762,111.9853861309906,0.0,15.0,0.0,111.9853861309906,0.0,0.0,0.0,0.0,52.48326327213996,52.48326327213996,0.0
2022-12-18 21:00:00,0.0,36.616178921291336,0.0,40.83459746264813,37.719278181386166,110.70098949907849,0.0,13.9,0.0,110.70098949907849,0.0,0.0,0.0,0.0,54.04242850955255,54.04242850955255,0.0
2022-12-18 22:00:00,0.0,0.0,0.0,0.0,0.020000016,47.675718305793986,0.0,13.9,0.0,47.675718305793986,0.0,0.0,0.0,0.0,20.25910669056276,20.25910669056276,0.0
2022-12-18 23:00:00,0.0,0.0,0.0,0.0,1.1029908226712093,43.46825895116388,0.0,13.9,0.0,43.46825895116388,0.0,0.0,0.0,0.0,18.708030639677897,18.708030639677897,0.0
2022-12-19 00:00:00,0.0,0.4361451882894277,0.0,3.5082878072628962,0.45614520428942773,46.97654675842678,0.0,13.3,0.0,46.97654675842678,0.0,0.0,0.0,0.0,20.12232398007418,20.12232398007418,0.0
2022-12-19 01:00:00,0.0,1.9589667829963266,0.0,5.882273191861271,3.0619247829187093,49.350532143025156,0.0,11.1,0.0,49.350532143025156,0.0,0.0,0.0,0.0,21.724406383139204,21.724406383139204,0.0
2022-12-19 02:00:00,0.0,4.788986957397088,0.0,8.419101377983461,4.808986973397088,51.887360329147334,0.0,10.6,0.0,51.887360329147334,0.0,0.0,0.0,0.0,22.72185401388181,22.72185401388181,0.0
2022-12-19 03:00:00,0.0,8.07620714999386,0.0,12.974126579531083,8.096207165993858,56.44238553069496,0.0,10.6,0.0,56.44238553069496,0.0,0.0,0.0,0.0,24.968801145816723,24.968801145816723,0.0
2022-12-19 04:00:00,0.0,11.047325586200547,0.0,14.428829606256441,12.150335180025259,57.89708855742033,0.0,10.0,0.0,57.89708855742033,0.0,0.0,0.0,0.0,25.867871586238877,25.867871586238877,0.0
2022-12-19 05:00:00,0.0,13.272269941956607,0.0,16.23503194969219,13.292269957956607,63.91075025548619,0.0,9.4,0.0,63.91075025548619,0.0,0.0,0.0,0.0,28.47621455098887,28.47621455098887,0.0
2022-12-19 06:00:00,0.0,128.49804298518026,0.0,40.83459746264813,129.60104768359923,85.54214672724213,0.0,10.6,0.0,85.54214672724213,0.0,0.0,0.0,0.0,58.5224843615444,58.5224843615444,0.0
2022-12-19 07:00:00,0.0,93.73761040048379,0.0,40.83459746264813,94.84112493251887,98.76960946899328,23.990347660253903,11.849698364382935,1.3905565407623497,97.37905292823093,1.390556540762347,0.0,1.4078789500518214,99.99999999999982,58.361880577361994,57.78062794332334,0.5812526340386555
2022-12-19 08:00:00,0.0,14.399106435601812,0.0,40.83459746264813,15.503352521587933,186.98067465638707,42.04468989316407,14.613896559161379,4.229425852223869,182.7512488041632,4.229425852223869,0.0,2.2619588147257743,100.0,74.59570372324326,72.97151960747226,1.6241841157710013
2022-12-19 09:00:00,0.0,1.914931545512352,0.0,40.83459746264813,4.103638904735787,178.6320965489585,51.100801131445316,16.596900035357667,6.203475714738516,172.42862083421997,6.2034757147385164,0.0,3.47276656020118,100.00000000000003,63.16542066514453,60.997492007114865,2.167928658029666
2022-12-19 10:00:00,0.0,0.07400783020269071,0.0,40.83459746264813,2.2628341518879553,176.70550160109036,84.82983470156248,19.350932334423828,16.926360237942006,159.77914136314837,16.926360237941992,0.0,9.578852998110358,99.99999999999991,61.0439171005373,55.2356365848875,5.808280515649798
2022-12-19 11:00:00,0.0,0.0,0.0,40.83459746264813,2.1894693016940057,178.6320965489585,127.22001984140613,20.075625620043944,37.306941743464385,141.3251548054941,37.30694174346439,0.0,20.884791963038687,100.00000000000003,61.08982861986928,48.41367595427495,12.67615266559433
2022-12-19 12:00:00,0.0,0.0,0.0,40.83459746264813,3.275184186214079,178.08774760651295,193.2613434984378,23.23941698432618,56.02184013961485,122.0659074668981,56.02184013961485,0.0,31.457436512362317,100.0,59.9677150759974,41.28891313664702,18.67880193935038
2022-12-19 13:00:00,0.0,0.0,0.0,40.83459746264813,2.1897906434259933,180.23759233884863,155.85359965312466,20.970424989160147,45.55505882995715,134.68253350889148,45.55505882995715,0.0,25.27500408700153,100.0,60.544964403420046,45.341874620098444,15.203089783321602
2022-12-19 14:00:00,0.0,0.0,0.0,40.83459746264813,2.1882516752132157,176.70550160109036,156.79867789035018,20.999958684073444,45.82636482031869,130.87913678077166,45.8263648203187,0.0,25.933751017990904,100.00000000000003,59.50993765344885,44.17895643463533,15.33098121881352
2022-12-19 15:00:00,0.0,0.0,0.0,40.83459746264813,1.104046480360668,176.70550160109036,52.29401951839846,16.634188109949953,6.495694675687461,170.2098069254029,6.495694675687474,0.0,3.6760002472087114,100.0000000000002,61.8963934375209,59.628389163031244,2.2680042744896554
2022-12-19 16:00:00,0.0,0.0,0.0,40.83459746264813,2.18914100543255,191.46807018769255,14.366515350339602,15.448953604698113,0.4923431240642834,190.97572706362826,0.49234312406429126,0.0,0.2571411116128431,100.00000000000159,78.5753555039759,78.37431949784235,0.201036006133549
2022-12-19 17:00:00,0.0,0.0,0.0,40.83459746264813,2.187633601366463,180.35132106710464,0.0,15.0,0.0,180.35132106710464,0.0,0.0,0.0,0.0,75.21172812394303,75.21172812394303,0.0
2022-12-19 18:00:00,0.0,2.499887901258862,0.0,40.83459746264813,3.6034445684556493,136.74485312545113,0.0,15.0,0.0,136.74485312545113,0.0,0.0,0.0,0.0,57.21262645787155,57.21262645787155,0.0
2022-12-19 19:00:00,0.0,6.072840587820864,0.0,40.83459746264811,6.092840603820864,134.17605986162698,0.0,14.4,0.0,134.17605986162698,0.0,0.0,0.0,0.0,54.68693678259425,54.68693678259425,0.0
2022-12-19 20:00:00,0.0,19.04850611899092,0.0,40.83459746264811,20.151864707413974,111.9853861309906,0.0,14.4,0.0,111.9853861309906,0.0,0.0,0.0,0.0,48.77581993141805,48.77581993141805,0.0
2022-12-19 21:00:00,0.0,22.906409039575962,0.0,40.83459746264813,24.009541646975432,110.70098949907849,0.0,13.3,0.0,110.70098949907849,0.0,0.0,0.0,0.0,48.36753060827049,48.36753060827049,0.0
2022-12-19 22:00:00,0.0,0.0,0.0,0.0,0.020000016,47.675718305793986,0.0,13.9,0.0,47.675718305793986,0.0,0.0,0.0,0.0,19.138727310376602,19.138727310376602,0.0
2022-12-19 23:00:00,0.0,0.0,0.0,0.0,1.1029225884256293,43.46825895116388,0.0,13.3,0.0,43.46825895116388,0.0,0.0,0.0,0.0,17.270305689263978,17.270305689263978,0.0
2022-12-20 00:00:00,0.0,0.0,0.0,0.0,0.020000016,43.46825895116388,0.0,12.8,0.0,43.46825895116388,0.0,0.0,0.0,0.0,16.835380242232805,16.835380242232805,0.0
2022-12-20 01:00:00,0.0,0.0,0.0,0.0,1.1029059803280619,43.46825895116388,0.0,12.8,0.0,43.46825895116388,0.0,0.0,0.0,0.0,17.040355609117473,17.040355609117473,0.0
2022-12-20 02:00:00,0.0,0.020815835453815636,0.0,2.7282091819758083,0.04081585145381563,46.196468133139696,0.0,12.8,0.0,46.196468133139696,0.0,0.0,0.0,0.0,17.99948735477067,17.99948735477067,0.0
2022-12-20 03:00:00,0.0,1.1313600685540366,0.0,5.35796204691223,2.2343723415185055,48.82622099807611,0.0,12.2,0.0,48.82622099807611,0.0,0.0,0.0,0.0,19.45331457440897,19.45331457440897,0.0
2022-12-20 04:00:00,0.0,2.6266717419346124,0.0,6.503544854924065,2.6466717579346124,49.97180380608795,0.0,11.1,0.0,49.97180380608795,0.0,0.0,0.0,0.0,19.789387222002965,19.789387222002965,0.0
2022-12-20 05:00:00,0.0,5.457918005059846,0.0,9.140607236868432,6.56105859028232,56.816325542662426,0.0,11.7,0.0,56.816325542662426,0.0,0.0,0.0,0.0,23.147365015895794,23.147365015895794,0.0
2022-12-20 06:00:00,0.0,106.13214444517621,0.0,40.83459746264813,106.15214446117622,85.54214672724213,0.0,11.1,0.0,85.54214672724213,0.0,0.0,0.0,0.0,51.97118697039943,51.97118697039943,0.0
2022-12-20 07:00:00,0.0,76.07201776188516,0.0,40.83459746264813,77.17553096248959,98.76960946899328,24.774393097265637,12.474199784289551,1.4796657387800247,97.28994373021325,1.479665738780028,0.0,1.4980981971428562,100.00000000000023,51.967713823380265,51.39735446938142,0.5703593539988461
2022-12-20 08:00:00,0.0,12.979710959956233,0.0,40.83459746264813,15.168209466979732,186.98067465638707,87.84221799374998,15.545069312304687,18.400193047631255,168.5804816087558,18.400193047631262,0.0,9.840692403878183,100.00000000000004,69.78885665132057,63.18990341768335,6.598953233637225
2022-12-20 09:00:00,0.0,2.1792497772403068,0.0,40.83459746264813,3.283629496960623,178.6320965489585,100.81563664218754,17.550488645068363,24.062835820847244,154.56926072811123,24.062835820847255,0.0,13.470611545026706,100.00000000000004,59.17986703734127,51.287617830640684,7.892249206700583
2022-12-20 10:00:00,0.0,0.07754351760010053,0.0,40.83459746264813,2.2663825198578484,176.70550160109036,174.3524690273438,22.148514657104492,50.74328851605548,125.96221308503488,50.743288516055486,0.0,28.716303712267877,100.00000000000003,58.106827021541584,41.53787473883657,16.568952282705013
2022-12-20 11:00:00,0.0,0.0,0.23735850691900853,40.83459746264813,2.1895291376820594,178.8694550558775,97.2889607636718,20.24028002386474,22.191741293545984,156.6777137623315,22.191741293545988,0.0,12.406669035030857,100.00000000000003,58.889903514882214,51.63253835965387,7.257365155228342
2022-12-20 12:00:00,0.0,0.0,0.9312315238897572,40.83459746264813,3.275343935186379,179.0189791304027,107.4767080535157,20.558647126672366,27.0514124042683,151.9675667261344,27.05141240426829,0.0,15.110918705755353,99.99999999999996,60.804550852204734,51.70553777590505,9.099013076299684
2022-12-20 13:00:00,0.0,0.0,1.6314023208841113,40.83459746264813,2.189813731709136,181.86899465973266,76.2187658589844,20.681836433093263,13.59847676510156,168.2705178946311,13.598476765101566,0.0,7.477072598627162,100.00000000000004,62.3233975857899,57.69291227012134,4.630485315668558
2022-12-20 14:00:00,0.0,0.0,0.6297278448792324,40.83459746264813,2.188319733485748,177.3352294459696,92.69406746173647,20.096689608179265,20.155557406222993,157.1796720397466,20.155557406222982,0.0,11.365794303361458,99.99999999999994,59.77825615880406,53.02876465018217,6.749491508621894
2022-12-20 15:00:00,0.0,0.0,0.0,40.83459746264813,2.1881448671542145,176.70550160109036,91.06501196536796,18.94578162391775,19.53469666179521,157.17080493929515,19.53469666179521,0.0,11.054945366610289,100.0,64.4691583250482,57.385681968514625,7.083476356533573
2022-12-20 16:00:00,0.0,0.0,0.0,40.83459746264813,2.1891076835728986,191.46807018769255,30.606585071620874,16.55645578348815,2.2257298266642414,189.2423403610283,2.225729826664235,0.0,1.1624548283598377,99.99999999999972,76.60322838142804,75.71733226717,0.8858961142580455
2022-12-20 17:00:00,0.0,0.0,0.0,40.83459746264813,1.1038255802523327,180.35132106710464,0.0,15.0,0.0,180.35132106710464,0.0,0.0,0.0,0.0,72.66390505759885,72.66390505759885,0.0
2022-12-20 18:00:00,0.0,1.6454257368476346,0.0,40.83459746264811,2.7490883498204113,136.74485312545113,0.0,15.0,0.0,136.74485312545113,0.0,0.0,0.0,0.0,55.08898965763161,55.08898965763161,0.0
2022-12-20 19:00:00,0.0,3.742942716742207,0.0,40.83459746264811,4.846263795931652,134.17605986162698,0.0,14.4,0.0,134.17605986162698,0.0,0.0,0.0,0.0,54.2598842617154,54.2598842617154,0.0
2022-12-20 20:00:00,0.0,8.380485258090875,0.0,40.83459746264811,9.483851989916433,111.9853861309906,0.0,12.8,0.0,111.9853861309906,0.0,0.0,0.0,0.0,46.45133250683615,46.45133250683615,0.0
2022-12-20 21:00:00,0.0,11.05572115116923,0.0,40.83459746264811,11.07572116716923,110.70098949907849,0.0,12.8,0.0,110.70098949907849,0.0,0.0,0.0,0.0,46.30447324957778,46.30447324957778,0.0
2022-12-20 22:00:00,0.0,0.0,0.0,0.0,1.1028315505299784,47.675718305793986,0.0,12.8,0.0,47.675718305793986,0.0,0.0,0.0,0.0,19.289353158562147,19.289353158562147,0.0
2022-12-20 23:00:00,0.0,0.0,0.0,0.0,0.020000016,43.46825895116388,0.0,11.7,0.0,43.46825895116388,0.0,0.0,0.0,0.0,17.534784528757033,17.534784528757033,0.0
2022-12-21 00:00:00,0.0,0.0,0.0,0.0,1.1029941037080946,43.46825895116388,0.0,11.1,0.0,43.46825895116388,0.0,0.0,0.0,0.0,17.57546574345737,17.57546574345737,0.0
2022-12-21 01:00:00,0.0,0.0,0.0,0.0,0.020000016,43.46825895116388,0.0,10.6,0.0,43.46825895116388,0.0,0.0,0.0,0.0,17.52848163120911,17.52848163120911,0.0
2022-12-21 02:00:00,0.0,0.0,0.0,0.0,0.020000016,43.46825895116388,0.0,8.9,0.0,43.46825895116388,0.0,0.0,0.0,0.0,17.476754403057228,17.476754403057228,0.0
2022-12-21 03:00:00,0.0,0.0,0.0,0.0,1.1029773195267878,43.46825895116388,0.0,10.6,0.0,43.46825895116388,0.0,0.0,0.0,0.0,17.71412646751279,17.71412646751279,0.0
2022-12-21 04:00:00,0.0,0.0,0.0,0.0,0.020000016,43.46825895116388,0.0,8.9,0.0,43.46825895116388,0.0,0.0,0.0,0.0,17.257022354059092,17.257022354059092,0.0
2022-12-21 05:00:00,0.0,0.0,0.0,0.0,1.103099150289463,47.675718305793986,0.0,8.3,0.0,47.675718305793986,0.0,0.0,0.0,0.0,19.073907093267472,19.073907093267472,0.0
2022-12-21 06:00:00,0.0,27.754648051106567,0.0,40.83459746264813,27.77464806710657,85.54214672724213,0.0,8.3,0.0,85.54214672724213,0.0,0.0,0.0,0.0,38.87467156892799,38.87467156892799,0.0
2022-12-21 07:00:00,0.0,26.31212096317401,0.0,40.83459746264813,27.415604130486003,98.76960946899328,26.109520284375016,11.41592250888672,1.6495957707489464,97.12001369824434,1.6495957707489453,0.0,1.6701450776382816,99.99999999999993,43.77635210451994,43.12766506363062,0.648687040889314
2022-12-21 08:00:00,0.0,0.6266526063301443,0.0,40.83459746264813,2.8151218480531988,186.98067465638707,52.82972007714843,16.05092875241089,6.643337501603568,180.33733715478348,6.6433375016035825,0.0,3.552954076035929,100.00000000000023,69.05771879705347,66.62213840221557,2.435580394837899
2022-12-21 09:00:00,0.0,0.0,0.0,40.83459746264813,2.188566607681722,178.6320965489585,96.7849732652344,20.824530414538575,21.915761291752148,156.71633525720634,21.915761291752148,0.0,12.26865816118639,100.0,64.18982612504573,56.36294071611582,7.826885408929904
2022-12-21 10:00:00,0.0,0.0,0.0,40.83459746264811,2.1886109982383255,176.70550160109036,105.026158153125,22.182067442285156,25.679235897343037,151.02626570374733,25.679235897343034,0.0,14.532222067037544,99.99999999999999,62.6836331584639,53.63157410847099,9.052059049992906
2022-12-21 11:00:00,0.0,0.0,0.0,40.83459746264813,2.189281776035932,178.6320965489585,121.01800574531244,24.881812679541014,33.75765971306182,144.87443683589666,33.75765971306183,0.0,18.89786906453831,100.00000000000003,62.29109570508864,50.593897826214146,11.69719787887449
2022-12-21 12:00:00,0.0,0.0,0.0,40.83459746264813,2.190320217624429,178.08774760651295,120.5093466070312,25.465917081469726,33.402164834579786,144.68558277193316,33.40216483457979,0.0,18.756015101264733,100.00000000000003,62.08218295564984,50.512007078599744,11.570175877050097
2022-12-21 13:00:00,0.0,0.0,0.0,40.83459746264813,3.274841318306966,180.23759233884863,72.44243205117193,21.163826001599123,12.262795589265572,167.97479674958305,12.262795589265579,0.0,6.803683643427388,100.00000000000007,62.034434139762084,57.85392449542556,4.180509644336524
2022-12-21 14:00:00,0.0,0.0,0.0,40.83459746264813,1.1041373980143345,176.70550160109036,89.72525570398754,22.803914240749613,18.69934919174737,158.006152409343,18.69934919174736,0.0,10.582211092646578,99.99999999999994,61.002279969180584,54.56792740904628,6.4343525601343075
2022-12-21 15:00:00,0.0,0.0,0.0,40.83459746264813,2.1879220137760225,176.70550160109036,91.12753588322147,21.14773549635067,19.405649893096612,157.29985170799375,19.40564989309661,0.0,10.981916079163472,99.99999999999997,66.99689040060875,59.68260987115224,7.314280529456511
2022-12-21 16:00:00,0.0,0.0,0.0,40.83459746264813,2.1892358523408326,191.46807018769255,30.002018288382153,18.13756307151194,2.1265369142062367,189.3415332734863,2.126536914206241,0.0,1.1106483248729864,100.0000000000002,77.95214401274006,77.09074770490254,0.8613963078375235
2022-12-21 17:00:00,0.0,0.0,0.0,40.83459746264813,1.103784741654907,180.35132106710464,0.0,16.1,0.0,180.35132106710464,0.0,0.0,0.0,0.0,72.54125880626685,72.54125880626685,0.0
2022-12-21 18:00:00,0.0,0.24902308192514302,0.0,40.83459746264813,1.3525845440869668,136.74485312545113,0.0,15.6,0.0,136.74485312545113,0.0,0.0,0.0,0.0,53.51317466657481,53.51317466657481,0.0
2022-12-21 19:00:00,0.0,1.5450134027060045,0.0,40.83459746264813,2.648308342481887,134.17605986162698,0.0,14.4,0.0,134.17605986162698,0.0,0.0,0.0,0.0,52.8289731702809,52.8289731702809,0.0
2022-12-21 20:00:00,0.0,7.853097955652719,0.0,40.83459746264811,8.956547470290314,111.9853861309906,0.0,14.4,0.0,111.9853861309906,0.0,0.0,0.0,0.0,45.38491788502591,45.38491788502591,0.0
2022-12-21 21:00:00,0.0,11.10062719987556,0.0,40.83459746264811,12.203719614567106,110.70098949907849,0.0,13.9,0.0,110.70098949907849,0.0,0.0,0.0,0.0,46.22085427435131,46.22085427435131,0.0
2022-12-21 22:00:00,0.0,0.0,0.0,0.0,0.020000016,47.675718305793986,0.0,14.4,0.0,47.675718305793986,0.0,0.0,0.0,0.0,19.12037215882887,19.12037215882887,0.0
2022-12-21 23:00:00,0.0,0.0,0.0,0.0,0.020000016,43.46825895116388,0.0,12.8,0.0,43.46825895116388,0.0,0.0,0.0,0.0,17.28136457907175,17.28136457907175,0.0
2022-12-22 00:00:00,0.0,0.0,0.0,0.0,1.102945930303252,43.46825895116388,0.0,13.3,0.0,43.46825895116388,0.0,0.0,0.0,0.0,17.458527453237245,17.458527453237245,0.0
2022-12-22 01:00:00,0.0,0.0,0.0,0.0,0.020000016,43.46825895116388,0.0,11.7,0.0,43.46825895116388,0.0,0.0,0.0,0.0,17.778424120178304,17.778424120178304,0.0
2022-12-22 02:00:00,0.0,0.0,0.0,0.0,1.1029219579735305,43.46825895116388,0.0,11.7,0.0,43.46825895116388,0.0,0.0,0.0,0.0,17.733025192285954,17.733025192285954,0.0
2022-12-22 03:00:00,0.0,0.0,0.0,0.0,0.020000016,43.46825895116388,0.0,10.6,0.0,43.46825895116388,0.0,0.0,0.0,0.0,17.41416011016755,17.41416011016755,0.0
2022-12-22 04:00:00,0.0,0.0,0.0,1.0883626616629487,1.1029757193207952,44.55662161282683,0.0,12.2,0.0,44.55662161282683,0.0,0.0,0.0,0.0,17.678153893735516,17.678153893735516,0.0
2022-12-22 05:00:00,0.0,0.09491027932197627,0.0,4.89935795539243,0.11491029532197626,52.57507626118641,0.0,11.1,0.0,52.57507626118641,0.0,0.0,0.0,0.0,20.748150586850347,20.748150586850347,0.0
2022-12-22 06:00:00,0.0,72.71832124212082,0.0,40.83459746264813,73.82134924472345,85.54214672724213,0.0,12.2,0.0,85.54214672724213,0.0,0.0,0.0,0.0,46.604670412834345,46.604670412834345,0.0
2022-12-22 07:00:00,0.0,59.84224852355296,0.0,40.83459746264813,60.94573932993314,98.76960946899328,26.428840607812532,12.52590126899414,1.6835824377050352,97.08602703128824,1.6835824377050415,0.0,1.704555122528421,100.00000000000038,49.44406849313024,48.788313133644124,0.6557553594861147
2022-12-22 08:00:00,0.0,8.829171817233636,0.0,40.83459746264813,9.933358577164721,186.98067465638707,78.16862588906251,15.742769559033205,14.560413061391001,172.42026159499608,14.560413061390989,0.0,7.787121898104468,99.99999999999991,70.37582149946337,65.03484358234924,5.340977917114131
2022-12-22 09:00:00,0.0,1.4607865246359597,0.0,40.83459746264813,3.6495599815091615,178.6320965489585,135.2500191281249,21.426563097753903,39.46701788433736,139.16507866462112,39.467017884337366,0.0,22.094023776695956,100.00000000000003,63.482013142280444,49.601462952358986,13.880550189921458
2022-12-22 10:00:00,0.0,0.0,0.0,40.83459746264813,2.1888492975935776,176.70550160109036,116.4360888667969,22.538627777087402,31.520634026100254,145.1848675749901,31.520634026100254,0.0,17.83794717227172,100.0,62.94166609669909,51.78446487365051,11.157201223048574
2022-12-22 11:00:00,0.0,0.0,0.0,40.83459746264813,2.189272226224063,178.6320965489585,129.4681778156251,24.645880556738284,37.33568998620576,141.29640656275274,37.33568998620575,0.0,20.9008855113409,99.99999999999997,62.1544404317811,49.24599897595032,12.908441455830776
2022-12-22 12:00:00,0.0,0.0,0.0,40.83459746264811,3.275229194846964,178.08774760651295,143.61390326249986,26.18793447695312,41.1790086162418,136.90873899027116,41.17900861624179,0.0,23.12287575629701,99.99999999999997,63.55619129409163,48.99652921764702,14.55966207644461
2022-12-22 13:00:00,0.0,0.0,0.0,40.83459746264813,2.189880470107308,180.23759233884863,81.21055043320303,20.837829701037595,15.429240723788206,164.80835161506042,15.429240723788212,0.0,8.560500905261247,100.00000000000004,65.37444686347065,59.81181985152691,5.562627011943739
2022-12-22 14:00:00,0.0,0.0,0.0,40.83459746264813,2.188303227486566,176.70550160109036,146.98972452240275,20.693428891325087,43.00758858693132,133.69791301415904,43.00758858693132,0.0,24.338567954731943,100.0,65.28733331030466,49.49322647764,15.79410683266466
2022-12-22 15:00:00,0.0,0.0,0.0,40.83459746264813,1.1040898104222092,176.70550160109036,81.88555013638336,18.65892344176198,15.811341990289163,160.8941596108012,15.81134199028915,0.0,8.947849301253214,99.99999999999993,67.82045318029299,61.76976882744912,6.0506843528438665
2022-12-22 16:00:00,0.0,0.0,0.0,40.83459746264813,2.1890866900748818,191.46807018769255,27.019666253598853,15.844364570424965,1.7390450267139943,189.72902516097855,1.7390450267139954,0.0,0.9082689479291467,100.00000000000007,74.75842974528162,74.08300204735617,0.6754276979254428
2022-12-22 17:00:00,0.0,0.3603352810776655,0.0,40.83459746264813,1.4641303198708433,180.35132106710464,0.0,15.6,0.0,180.35132106710464,0.0,0.0,0.0,0.0,69.28947838242543,69.28947838242543,0.0
2022-12-22 18:00:00,0.0,4.027099553174278,0.0,40.83459746264813,6.214458875631248,136.74485312545113,0.0,14.4,0.0,136.74485312545113,0.0,0.0,0.0,0.0,53.19477458556389,53.19477458556389,0.0
2022-12-22 19:00:00,0.0,7.170341658480951,0.0,40.83459746264811,7.190341674480951,134.17605986162698,0.0,15.0,0.0,134.17605986162698,0.0,0.0,0.0,0.0,52.541828299675295,52.541828299675295,0.0
2022-12-22 20:00:00,0.0,20.02286365282051,0.0,40.83459746264811,21.12628489145309,111.9853861309906,0.0,15.0,0.0,111.9853861309906,0.0,0.0,0.0,0.0,47.27316367790434,47.27316367790434,0.0
2022-12-22 21:00:00,0.0,33.18118008186167,0.0,40.83459746264813,34.284266063622866,110.70098949907849,0.0,14.4,0.0,110.70098949907849,0.0,0.0,0.0,0.0,49.48963998845871,49.48963998845871,0.0
2022-12-22 22:00:00,0.0,0.0,0.0,0.0,0.020000016,47.675718305793986,0.0,13.3,0.0,47.675718305793986,0.0,0.0,0.0,0.0,18.72394856111619,18.72394856111619,0.0
2022-12-22 23:00:00,0.0,0.018979132122457314,0.0,1.7262034760325542,1.1218895847328623,45.194462427196434,0.0,13.9,0.0,45.194462427196434,0.0,0.0,0.0,0.0,18.066915737170003,18.066915737170003,0.0
2022-12-23 00:00:00,0.0,1.0883633591247808,0.0,5.217985826155039,1.1083633751247806,43.3254084652029,0.0,13.3,0.0,43.3254084652029,0.0,0.0,0.0,0.0,17.357722799156477,17.357722799156477,0.0
2022-12-23 01:00:00,0.0,4.237782279050134,0.0,9.378334144430351,5.340783404323218,47.48575678347821,0.0,12.2,0.0,47.48575678347821,0.0,0.0,0.0,0.0,19.903916073365373,19.903916073365373,0.0
2022-12-23 02:00:00,0.0,7.309657522693164,0.0,10.373954422369362,7.329657538693164,48.48137706141723,0.0,11.7,0.0,48.48137706141723,0.0,0.0,0.0,0.0,20.659413998739765,20.659413998739765,0.0
2022-12-23 03:00:00,0.0,13.726538012697826,0.0,15.627424508350792,13.746538028697826,53.73484714739866,0.0,11.7,0.0,53.73484714739866,0.0,0.0,0.0,0.0,24.185291483455476,24.185291483455476,0.0
2022-12-23 04:00:00,0.0,15.993764245640993,0.0,15.263433482714621,17.096740792795348,53.37085612176249,0.0,12.2,0.0,53.37085612176249,0.0,0.0,0.0,0.0,24.692938280528494,24.692938280528494,0.0
2022-12-23 05:00:00,0.0,28.47196872496208,0.0,17.257363400365882,28.49196874096208,55.36478603941375,0.0,12.2,0.0,55.36478603941375,0.0,0.0,0.0,0.0,27.597851417373683,27.597851417373683,0.0
2022-12-23 06:00:00,0.0,141.2723942963144,0.0,40.83459746264813,142.37553265945553,85.54214672724213,0.0,13.3,0.0,85.54214672724213,0.0,0.0,0.0,0.0,59.89910819764475,59.89910819764475,0.0
2022-12-23 07:00:00,0.0,127.87800549456945,0.0,40.83459746264813,128.98117057716976,75.83888804889047,14.967023776611335,13.767719493019104,0.5375729784856907,75.30131507040478,0.5375729784856844,0.0,0.7088355226663284,99.99999999999882,53.675460282731194,53.45960322895005,0.21585705378114284
2022-12-23 08:00:00,0.0,51.95680454627454,0.0,40.83459746264813,53.06022256380567,114.21720088209123,63.12154875468749,15.872548398583984,9.48991564242049,104.72728523967075,9.489915642420485,0.0,8.308657162958424,99.99999999999994,54.57679346140936,50.835963614323624,3.7408298470857346
2022-12-23 09:00:00,0.0,27.025295878361348,0.0,40.83459746264813,28.128981599568267,116.46489498793738,101.73017884218761,18.17906808881836,24.445929315432718,92.01896567250466,24.44592931543272,0.0,20.989955228968057,100.00000000000003,50.64200679024168,41.07533681194024,9.56666997830144
2022-12-23 10:00:00,0.0,11.833705907903289,0.0,40.83459746264813,12.937289963272185,115.50159751400331,174.5011370953122,21.553160534228507,50.89726180745627,64.60433570654703,50.897261807456275,0.0,44.06628384623471,100.00000000000003,47.42985070470576,27.555742400439268,19.87410830426649
2022-12-23 11:00:00,0.0,4.589370055886929,0.0,40.83459746264813,5.69304621007888,117.74929161984949,179.65917708749978,22.314349283984367,52.255996916705264,65.49329470314422,52.25599691670527,0.0,44.3790329417967,100.00000000000003,46.55633141126936,26.349982523517763,20.2063488877516
2022-12-23 12:00:00,0.0,1.3508377679556953,0.0,40.83459746264813,2.4543580580042814,116.46489498793738,155.04842878593706,21.545263399560532,45.224737709321225,71.24015727861615,45.22473770932123,0.0,38.83121838044442,100.00000000000003,45.629122791102326,28.08237680726278,17.546745983839546
2022-12-23 13:00:00,0.0,0.050514970650425865,0.0,40.83459746264813,1.1540441084053084,113.89610172411322,155.48179208203152,21.558806002563486,45.34889795067973,68.5472037734335,45.34889795067973,0.0,39.81602290526753,100.0,45.11588006842705,27.235263095453547,17.880616972973506
2022-12-23 14:00:00,0.0,3.8372601044192853,0.0,40.83459746264813,4.940620645170605,74.79713598363837,122.71957093491076,20.53498659171596,35.27169201904982,39.52544396458855,35.27169201904982,0.0,47.15647404837184,100.0,30.837960055321677,16.715350929354223,14.122609125967454
2022-12-23 15:00:00,0.0,6.393178775875118,0.0,40.83459746264813,6.413178791875118,73.51273935172627,91.54239631699318,18.960699884906038,19.738978775442302,53.77376057628396,19.738978775442305,0.0,26.85109948222707,100.00000000000003,31.927495753606134,23.664660543312106,8.262835210294028
2022-12-23 16:00:00,0.0,14.00767113514937,0.0,40.83459746264813,15.110961510384662,85.7065146745043,31.97264929847429,16.599145290577322,2.428473773664732,83.27804090083957,2.4284737736647344,0.0,2.8334762916069773,100.00000000000009,38.358789277013976,37.348993454817574,1.009795822196402
2022-12-23 17:00:00,0.0,29.064252442829268,0.0,40.83459746264813,30.167323032343592,80.86861504956414,0.0,15.0,0.0,80.86861504956414,0.0,0.0,0.0,0.0,38.1102420031968,38.1102420031968,0.0
2022-12-23 18:00:00,0.0,0.0,0.0,0.0,0.020000016,38.10742263904787,0.0,15.0,0.0,38.10742263904787,0.0,0.0,0.0,0.0,15.316878261551317,15.316878261551317,0.0
2022-12-23 19:00:00,0.0,0.0,0.0,0.0,1.1030249171828415,38.10742263904787,0.0,14.4,0.0,38.10742263904787,0.0,0.0,0.0,0.0,15.424039734324172,15.424039734324172,0.0
2022-12-23 20:00:00,0.0,0.0,0.0,0.0,0.020000016,38.10742263904787,0.0,14.4,0.0,38.10742263904787,0.0,0.0,0.0,0.0,14.981342405214498,14.981342405214498,0.0
2022-12-23 21:00:00,0.0,0.0,0.0,0.0,1.1031447730207118,38.10742263904787,0.0,14.4,0.0,38.10742263904787,0.0,0.0,0.0,0.0,15.329364369159377,15.329364369159377,0.0
2022-12-23 22:00:00,0.0,0.0,0.0,0.0,0.020000016,38.10742263904787,0.0,14.4,0.0,38.10742263904787,0.0,0.0,0.0,0.0,15.254191551310083,15.254191551310083,0.0
2022-12-23 23:00:00,0.0,0.5389652611786311,0.0,5.376299791791535,1.641833478256908,43.4837224308394,0.0,13.3,0.0,43.4837224308394,0.0,0.0,0.0,0.0,18.2746100925366,18.2746100925366,0.0
2022-12-24 00:00:00,0.0,2.4861745433009723,0.0,6.77120251411618,2.5061745593009723,44.878625153164045,0.0,11.7,0.0,44.878625153164045,0.0,0.0,0.0,0.0,18.312481791956763,18.312481791956763,0.0
2022-12-24 01:00:00,0.0,8.601268698021528,0.0,13.489273820137152,9.704032036445868,51.59669645918501,0.0,11.1,0.0,51.59669645918501,0.0,0.0,0.0,0.0,21.766475229438036,21.766475229438036,0.0
2022-12-24 02:00:00,0.0,8.064654318113904,0.0,14.879248201392032,8.084654334113905,52.9866708404399,0.0,11.1,0.0,52.9866708404399,0.0,0.0,0.0,0.0,21.943471508006027,21.943471508006027,0.0
2022-12-24 03:00:00,0.0,10.500725901275406,0.0,14.918043535228394,10.520725917275406,53.025466174276254,0.0,10.6,0.0,53.025466174276254,0.0,0.0,0.0,0.0,22.653731065435025,22.653731065435025,0.0
2022-12-24 04:00:00,0.0,9.818884419435538,0.0,16.055307241908885,10.92186340496877,54.16272988095675,0.0,8.9,0.0,54.16272988095675,0.0,0.0,0.0,0.0,23.236731680533023,23.236731680533023,0.0
2022-12-24 05:00:00,0.0,15.650668050596323,0.0,16.465489641171622,15.670668066596324,54.572912280219484,0.0,8.3,0.0,54.572912280219484,0.0,0.0,0.0,0.0,24.71152398414454,24.71152398414454,0.0
2022-12-24 06:00:00,0.0,15.566929454099952,0.0,16.117205086146615,16.66986134106313,51.256458683994474,0.0,8.3,0.0,51.256458683994474,0.0,0.0,0.0,0.0,23.629833517380924,23.629833517380924,0.0
2022-12-24 07:00:00,0.0,15.926854910237212,0.0,16.465489641171622,15.946854926237213,36.76389803301949,20.7734083734375,10.049169011669923,1.0492557762490635,35.714642256770425,1.049255776249062,0.0,2.8540384246161086,99.99999999999986,17.65418505188333,17.2322740579747,0.4219109939086323
2022-12-24 08:00:00,0.0,7.311444196918862,0.0,12.535701005836504,7.331444212918862,32.83410939768437,62.56150157812496,14.755046924316407,9.359549851096961,23.47455954658741,9.359549851096961,0.0,28.50556943005448,100.0,13.985458925666814,10.375106166104672,3.610352759562142
2022-12-24 09:00:00,0.0,2.8551019340829162,0.0,6.556904391954251,3.9580613537272025,26.855312783802116,90.224204709375,18.419506397167968,19.2121536018708,7.643159181931317,19.2121536018708,0.0,71.53948924943701,100.0,10.705646749251617,3.5567083332274834,7.148938416024134
2022-12-24 10:00:00,0.0,0.12225287882563672,0.0,4.233576713423931,0.14225289482563672,24.531985105271797,119.69826748945297,22.040570859045406,33.37243010288115,0.0,24.531985105271797,8.84044499760935,100.0,73.50973552014084,8.81382837680959,0.02561269262254892,8.788215684187042
2022-12-24 11:00:00,0.0,0.024430781209659084,0.0,1.9973437259054978,1.1274861941818661,22.295752117753363,67.81682160000003,22.119275675,10.709318831776258,11.586433285977105,10.709318831776258,0.0,48.033000973529774,100.0,8.093805466927147,4.3036168925790514,3.790188574348096
2022-12-24 12:00:00,0.0,0.0,0.0,0.0,0.020000016,20.298408391847865,66.21822766582025,22.069319614556882,10.212251702262988,10.086156689584877,10.212251702262988,0.0,50.31060320160066,100.0,7.161936222590234,3.5605345985286805,3.6014016240615536
2022-12-24 13:00:00,0.0,0.0,0.0,0.0,1.1031293724716922,20.298408391847865,105.61574658164058,21.60049208067627,26.023660567203255,0.0,20.298408391847865,5.72525217535539,100.0,77.99981996932924,7.432464190981782,0.19861890033699894,7.2338452906447825
2022-12-24 14:00:00,0.0,0.0,0.0,0.0,0.020000016,20.298408391847865,105.32788222899214,21.091496319656006,25.93013233278927,0.0,20.298408391847865,5.631723940941406,100.0,78.2811600470702,7.389075412495012,0.0036010111631256747,7.385474401331887
2022-12-24 15:00:00,0.0,0.0,0.0,0.0,1.102933870520084,20.298408391847865,89.20408402045472,19.98762762563921,18.673791427234487,1.6246169646133772,18.673791427234487,0.0,91.99633324322193,100.0,7.891781972681951,0.8143216528029444,7.077460319879006
2022-12-24 16:00:00,0.0,0.026614715898482712,0.0,0.7800786252870879,0.04661473189848271,32.95116318193495,29.262694609542514,16.514459206548203,2.0348704185583006,30.916292763376653,2.034870418558299,0.0,6.175413011440792,99.99999999999991,13.094123680408144,12.286025765438179,0.8080979149699647
2022-12-24 17:00:00,0.0,0.11926220800428067,0.0,4.870326391721801,0.13926222400428068,42.97774903076967,0.0,13.9,0.0,42.97774903076967,0.0,0.0,0.0,0.0,16.96174555914839,16.96174555914839,0.0
2022-12-24 18:00:00,0.0,0.85392574266403,0.0,5.414181313586645,1.9569236498118878,43.52160395263451,0.0,15.0,0.0,43.52160395263451,0.0,0.0,0.0,0.0,17.19346477905338,17.19346477905338,0.0
2022-12-24 19:00:00,0.0,1.53805060292315,0.0,6.219588791907761,1.55805061892315,44.32701143095563,0.0,13.9,0.0,44.32701143095563,0.0,0.0,0.0,0.0,17.611945858540068,17.611945858540068,0.0
2022-12-24 20:00:00,0.0,3.037680105564984,0.0,6.7756368097209885,4.140605950546928,44.88305944876885,0.0,13.9,0.0,44.88305944876885,0.0,0.0,0.0,0.0,17.981959136197652,17.981959136197652,0.0
2022-12-24 21:00:00,0.0,3.068776553102942,0.0,9.561926030831117,3.088776569102942,47.669348669878985,0.0,12.8,0.0,47.669348669878985,0.0,0.0,0.0,0.0,18.968659770862743,18.968659770862743,0.0
2022-12-24 22:00:00,0.0,4.873357137337681,0.0,10.47732600581952,5.976336321489635,48.58474864486738,0.0,12.8,0.0,48.58474864486738,0.0,0.0,0.0,0.0,20.001744816702058,20.001744816702058,0.0
2022-12-24 23:00:00,0.0,6.983296820245387,0.0,15.524241601841812,7.003296836245387,53.63166424088968,0.0,12.2,0.0,53.63166424088968,0.0,0.0,0.0,0.0,22.527510316982905,22.527510316982905,0.0
2022-12-25 00:00:00,0.0,8.948220034323546,0.0,15.339553494924791,8.968220050323545,53.44697613397265,0.0,11.1,0.0,53.44697613397265,0.0,0.0,0.0,0.0,22.50929258375901,22.50929258375901,0.0
2022-12-25 01:00:00,0.0,8.066762672585245,0.0,16.097208145359026,9.169696265605326,54.20463078440689,0.0,11.7,0.0,54.20463078440689,0.0,0.0,0.0,0.0,23.000856560148005,23.000856560148005,0.0
2022-12-25 02:00:00,0.0,12.724006525482746,0.0,16.016695773626946,12.744006541482747,54.12411841267481,0.0,11.1,0.0,54.12411841267481,0.0,0.0,0.0,0.0,23.618925068700126,23.618925068700126,0.0
2022-12-25 03:00:00,0.0,16.001234707059957,0.0,16.461823218506343,16.02123472305996,54.56924585755421,0.0,10.0,0.0,54.56924585755421,0.0,0.0,0.0,0.0,24.372907580323513,24.372907580323513,0.0
2022-12-25 04:00:00,0.0,23.82241473571149,0.0,16.120871508811895,24.92536341612346,54.22829414785975,0.0,8.9,0.0,54.22829414785975,0.0,0.0,0.0,0.0,25.73555221807805,25.73555221807805,0.0
2022-12-25 05:00:00,0.0,26.898948734403838,0.0,18.618437718479573,26.91894875040384,56.72586035752744,0.0,10.0,0.0,56.72586035752744,0.0,0.0,0.0,0.0,27.099472000428968,27.099472000428968,0.0
2022-12-25 06:00:00,0.0,27.45702262375887,0.0,20.703677321255014,28.56003182854793,55.84293091910288,0.0,9.4,0.0,55.84293091910288,0.0,0.0,0.0,0.0,26.975714688645684,26.975714688645684,0.0
2022-12-25 07:00:00,0.0,17.97493112199298,0.0,20.18863659280939,17.994931137992978,40.487044984657246,28.135775366015626,10.27924298018799,1.9232385764973363,38.56380640815991,1.923238576497333,0.0,4.750256723418944,99.99999999999983,18.988645561515657,18.240544220029726,0.7481013414859312
2022-12-25 08:00:00,0.0,7.263175428785427,0.0,11.839825592909031,8.366104284897007,32.138233984756894,65.13928496367193,14.835602655114748,10.14382792243589,21.994406062321005,10.14382792243589,0.0,31.56311553163465,100.0,13.49291767032773,9.709574170096817,3.783343500230913
2022-12-25 09:00:00,0.0,1.762613792118475,0.0,5.409085297723589,1.782613808118475,25.70749368957145,129.23074859062487,19.038460893457028,38.0394089245846,0.0,25.70749368957145,12.331915235013149,100.0,67.58121226472812,8.977573241918389,0.32096035436054643,8.656612887557843
2022-12-25 10:00:00,0.0,0.16473381239550405,0.0,2.6224041123759436,0.18473382839550406,22.92081250422381,100.72344045585945,20.947607514245608,23.72504200327425,0.0,22.92081250422381,0.8042294990504395,100.0,96.61020832359559,7.736373464660853,0.033261402303835806,7.703112062357017
2022-12-25 11:00:00,0.0,0.0,0.0,2.7115344198365103,1.1030777676443495,23.009942811684375,148.18991189062515,24.030934746582034,42.83172085258085,0.0,23.009942811684375,19.821778040896476,100.0,53.72173322402921,8.139916121749035,0.1986096088664655,7.941306512882569
2022-12-25 12:00:00,0.0,0.0,0.0,4.367562995964279,0.020000016,24.665971387812142,132.2002627171876,23.53125820991211,38.28058113717704,0.0,24.665971387812142,13.614609749364895,100.0,64.4346837353972,8.67825315868584,0.0036010111631256747,8.674652147522714
2022-12-25 13:00:00,0.0,0.0,0.0,2.3075406154619036,1.103201042982543,22.60594900730977,157.2146956617188,23.212959239428713,45.577211678829954,0.0,22.60594900730977,22.971262671520183,100.0,49.599236492586826,8.136145649833802,0.19863180464215754,7.937513845191645
2022-12-25 14:00:00,0.0,0.0,0.0,0.0,0.020000016,20.298408391847865,146.40662697501247,22.87520709296914,42.49659942616497,0.0,20.298408391847865,22.198191034317105,100.0,47.764782749535065,7.431296101950055,0.0036010111631256747,7.42769509078693
2022-12-25 15:00:00,0.0,0.0,0.0,0.0,1.1029750469868573,20.298408391847865,89.71411596062116,20.00356612376941,18.88684628410741,1.4115621077404548,18.88684628410741,0.0,93.04594685213172,100.0,8.030934976047963,0.7432564688622777,7.287678507185685
2022-12-25 16:00:00,0.0,0.0,0.0,0.0,0.020000016,32.17108455664786,22.032837281755192,15.68852616505485,1.1570013422754226,31.01408321437244,1.1570013422754215,0.0,3.5964014214010622,99.9999999999999,13.26983029436522,12.792723435857816,0.47710685850740475
2022-12-25 17:00:00,0.0,0.0,0.0,0.0,1.1029206540291572,38.10742263904787,0.0,15.0,0.0,38.10742263904787,0.0,0.0,0.0,0.0,15.722402080963917,15.722402080963917,0.0
2022-12-25 18:00:00,0.0,0.0220820308063373,0.0,0.8334238075618633,0.0420820468063373,38.940846446609726,0.0,14.4,0.0,38.940846446609726,0.0,0.0,0.0,0.0,15.70287975449261,15.70287975449261,0.0
2022-12-25 19:00:00,0.0,0.23153000156357434,0.0,2.0360838525434004,0.25153001756357435,40.14350649159127,0.0,13.9,0.0,40.14350649159127,0.0,0.0,0.0,0.0,16.368039258370843,16.368039258370843,0.0
2022-12-25 20:00:00,0.0,0.1624828577866434,0.0,4.611677520978772,1.2654404537463602,42.719100160026635,0.0,13.3,0.0,42.719100160026635,0.0,0.0,0.0,0.0,17.795218636543865,17.795218636543865,0.0
2022-12-25 21:00:00,0.0,0.39424092809820976,0.0,3.8962611133774407,0.4142409440982098,42.0036837524253,0.0,12.2,0.0,42.0036837524253,0.0,0.0,0.0,0.0,17.317306452318014,17.317306452318014,0.0
2022-12-25 22:00:00,0.0,0.685693297017516,0.0,4.870326391721801,1.7886826522545223,42.97774903076966,0.0,12.2,0.0,42.97774903076966,0.0,0.0,0.0,0.0,17.933475050089235,17.933475050089235,0.0
2022-12-25 23:00:00,0.0,1.361338393737728,0.0,4.409185278174803,1.381338409737728,42.51660791722267,0.0,13.9,0.0,42.51660791722267,0.0,0.0,0.0,0.0,17.939020774905558,17.939020774905558,0.0
2022-12-26 00:00:00,0.0,1.3283264397878805,0.0,5.792435950030374,2.4313116369764263,49.26069490119425,0.0,13.3,0.0,49.26069490119425,0.0,0.0,0.0,0.0,20.576023349639758,20.576023349639758,0.0
2022-12-26 01:00:00,0.0,1.1952837996841175,0.0,4.908207913516911,1.2152838156841175,48.376466864680786,0.0,11.7,0.0,48.376466864680786,0.0,0.0,0.0,0.0,19.71525414775167,19.71525414775167,0.0
2022-12-26 02:00:00,0.0,1.7896197261480562,0.0,7.299339466601023,1.8096197421480562,50.7675984177649,0.0,12.2,0.0,50.7675984177649,0.0,0.0,0.0,0.0,21.350715992699318,21.350715992699318,0.0
2022-12-26 03:00:00,0.0,6.64147819909025,0.0,11.57121828157424,7.744525723684952,55.039477232738115,0.0,10.0,0.0,55.039477232738115,0.0,0.0,0.0,0.0,25.072112971818893,25.072112971818893,0.0
2022-12-26 04:00:00,0.0,7.973091851044647,0.0,14.212241973403042,7.993091867044647,57.680500924566935,0.0,10.0,0.0,57.680500924566935,0.0,0.0,0.0,0.0,26.090363583365036,26.090363583365036,0.0
2022-12-26 05:00:00,0.0,4.092989961257682,0.0,9.203958097253354,5.1961535734187665,56.87967640304734,0.0,10.0,0.0,56.87967640304734,0.0,0.0,0.0,0.0,25.019277786900428,25.019277786900428,0.0
2022-12-26 06:00:00,0.0,155.71070106544883,0.0,40.83459746264813,155.73070108144884,85.54214672724213,0.0,10.6,0.0,85.54214672724213,0.0,0.0,0.0,0.0,63.89137404587056,63.89137404587056,0.0
2022-12-26 07:00:00,0.0,164.35850963667903,0.0,40.83459746264813,165.4619847689787,98.76960946899328,26.00038940361328,10.812512168862915,1.6393122585334015,97.13029721045987,1.6393122585334083,0.0,1.6597334618884338,100.00000000000043,71.86142633532504,71.16317767192531,0.698248663399724
2022-12-26 08:00:00,0.0,70.57834260539744,0.0,40.83459746264811,72.76688777106853,186.98067465638707,66.66375096562497,17.08324221767578,10.53902819871124,176.44164645767583,10.539028198711236,0.0,5.636426447855494,99.99999999999997,92.09356409244721,87.64124623961966,4.452317852827548
2022-12-26 09:00:00,0.0,35.9758103510491,0.0,40.83459746264811,38.16446492959032,178.6320965489585,82.88670732890628,20.39020960402832,16.098937417222135,162.53315913173634,16.098937417222146,0.0,9.012343094125775,100.00000000000007,82.45701988833004,75.64499600429374,6.812023884036293
2022-12-26 10:00:00,0.0,15.815911102079697,0.0,40.83459746264813,18.004634195382387,176.70550160109036,90.56289859804689,22.230090581188964,19.090240007580267,157.6152615935101,19.090240007580263,0.0,10.803421418466161,99.99999999999997,76.31388439247573,68.41959289334109,7.8942914991346385
2022-12-26 11:00:00,0.0,2.549607166117145,0.0,40.83459746264813,4.739057445240748,178.6320965489585,102.47187036796883,22.602245948999027,24.407749457076633,154.22434709188184,24.407749457076648,0.0,13.663697582134748,100.00000000000007,74.26391565329487,64.23330693641465,10.030608716880224
2022-12-26 12:00:00,0.0,2.30643076608216,0.0,40.83459746264813,4.496746629418553,178.08774760651295,193.49492549062484,25.446716421582025,55.634430889727966,122.45331671678498,55.634430889727966,0.0,31.23989810497964,100.0,71.76336149418822,49.59749153910279,22.165869955085427
2022-12-26 13:00:00,0.0,0.08308240924755145,0.0,40.83459746264813,3.3580946117178474,180.23759233884863,144.2258880820312,23.40705900256347,41.781870260091694,138.45572207875693,41.781870260091694,0.0,23.181551483189658,100.0,71.65518641341619,55.18456424753673,16.470622165879462
2022-12-26 14:00:00,0.0,0.0,0.0,40.83459746264813,1.1041458523412597,176.70550160109036,91.06499630685117,20.6457811345891,19.41450890776036,157.29099269333,19.414508907760364,0.0,10.986929513710493,100.00000000000003,68.82503404726592,61.28511829530356,7.539915751962354
2022-12-26 15:00:00,0.0,0.0,0.0,40.83459746264813,2.1881957922441275,176.70550160109036,92.05581812676263,19.57674431646133,19.916510552366855,156.78899104872352,19.916510552366844,0.0,11.271018939369542,99.99999999999994,68.87708623157091,61.15834298444838,7.718743247122532
2022-12-26 16:00:00,0.0,0.8059222399664266,0.0,40.83459746264813,2.9951049367153115,191.46807018769255,31.981390013496164,15.399418437921755,2.4402624644672053,189.02780772322535,2.440262464467196,0.0,1.2745009975162191,99.99999999999962,79.86736338399017,78.85632604102445,1.0110373429657216
2022-12-26 17:00:00,0.0,5.541537767278236,0.0,40.83459746264813,6.645342763831869,180.35132106710464,0.0,13.9,0.0,180.35132106710464,0.0,0.0,0.0,0.0,76.93413224209564,76.93413224209564,0.0
2022-12-26 18:00:00,0.0,16.123277987229717,0.0,40.83459746264813,17.226986030322813,136.74485312545113,0.0,13.9,0.0,136.74485312545113,0.0,0.0,0.0,0.0,58.46903327495888,58.46903327495888,0.0
2022-12-26 19:00:00,0.0,17.87163673192064,0.0,40.83459746264813,18.974960663144746,134.17605986162698,0.0,13.3,0.0,134.17605986162698,0.0,0.0,0.0,0.0,57.847651729299336,57.847651729299336,0.0
2022-12-26 20:00:00,0.0,26.91112432428754,0.0,40.83459746264811,28.014507315844046,111.9853861309906,0.0,13.9,0.0,111.9853861309906,0.0,0.0,0.0,0.0,51.10137325142591,51.10137325142591,0.0
2022-12-26 21:00:00,0.0,28.983438251841694,0.0,40.83459746264813,30.08648868094137,110.70098949907849,0.0,12.8,0.0,110.70098949907849,0.0,0.0,0.0,0.0,50.81113250029053,50.81113250029053,0.0
2022-12-26 22:00:00,0.0,0.0,0.0,0.0,0.020000016,47.675718305793986,0.0,11.7,0.0,47.675718305793986,0.0,0.0,0.0,0.0,19.487713568375014,19.487713568375014,0.0
2022-12-26 23:00:00,0.0,0.0,0.0,0.0,1.1028769367847604,43.46825895116388,0.0,11.7,0.0,43.46825895116388,0.0,0.0,0.0,0.0,17.799958204987067,17.799958204987067,0.0
2022-12-27 00:00:00,0.0,0.0,0.0,0.0,0.020000016,43.46825895116388,0.0,10.0,0.0,43.46825895116388,0.0,0.0,0.0,0.0,17.776468048525505,17.776468048525505,0.0
2022-12-27 01:00:00,0.0,0.0,0.0,0.0,1.1029982659761297,43.46825895116388,0.0,9.4,0.0,43.46825895116388,0.0,0.0,0.0,0.0,18.380498648651006,18.380498648651006,0.0
2022-12-27 02:00:00,0.0,0.0,0.0,0.0,0.020000016,43.46825895116388,0.0,8.9,0.0,43.46825895116388,0.0,0.0,0.0,0.0,18.322212039657362,18.322212039657362,0.0
2022-12-27 03:00:00,0.0,0.0,0.0,4.90779360039843,0.020000016,48.37605255156231,0.0,8.9,0.0,48.37605255156231,0.0,0.0,0.0,0.0,20.379836226143933,20.379836226143933,0.0
2022-12-27 04:00:00,0.0,0.3392397422563281,0.0,5.523331449417355,1.4421915790479274,48.99159040058123,0.0,8.3,0.0,48.99159040058123,0.0,0.0,0.0,0.0,20.27322178558356,20.27322178558356,0.0
2022-12-27 05:00:00,0.0,0.5341662456744046,0.0,6.279096456100296,0.5541662616744046,53.954814761894276,0.0,7.8,0.0,53.954814761894276,0.0,0.0,0.0,0.0,21.372542681075622,21.372542681075622,0.0
2022-12-27 06:00:00,0.0,93.37272737128333,0.0,40.83459746264813,94.47580240087578,85.54214672724213,0.0,8.3,0.0,85.54214672724213,0.0,0.0,0.0,0.0,50.39494094945536,50.39494094945536,0.0
2022-12-27 07:00:00,0.0,55.8863604045676,0.0,40.83459746264813,56.98985722158752,98.76960946899328,23.54303814521483,11.335719942037963,1.341613605501366,97.42799586349192,1.3416136055013652,0.0,1.3583263239716845,99.99999999999993,49.78024968584208,49.2434499580769,0.5367997277651781
2022-12-27 08:00:00,0.0,9.69215439205435,0.0,40.83459746264813,11.88064218887327,186.98067465638707,77.65076087226565,14.126586277258301,14.451201655921793,172.52947300046526,14.451201655921807,0.0,7.7287140408914805,100.00000000000009,75.54211799592795,69.86900976186273,5.673108234065225
2022-12-27 09:00:00,0.0,3.322695532992935,0.0,40.83459746264813,4.426975146977725,178.6320965489585,118.17476329570309,18.69296135299072,32.926853215526236,145.70524333343224,32.92685321552625,0.0,18.432775437140908,100.00000000000004,65.75842693948861,53.78424749913034,11.974179440358277
2022-12-27 10:00:00,0.0,0.994231364488713,0.0,40.83459746264813,3.1829792807935675,176.70550160109036,163.56620223281246,20.71144381977539,47.85454505330486,128.8509565477855,47.85454505330486,0.0,27.08152526078994,100.0,62.11962294528915,45.45188490322307,16.667738042066084
2022-12-27 11:00:00,0.0,0.0,0.0,40.83459746264813,2.1893622738153926,178.6320965489585,190.68891875859356,22.659028711206048,55.39408954820416,123.23800700075432,55.394089548204164,0.0,31.010154736118245,100.00000000000003,61.468509394139204,42.529270177608204,18.939239216531
2022-12-27 12:00:00,0.0,0.0,0.0,40.83459746264813,3.2753477323722033,178.08774760651295,168.87483390937513,23.077338559667975,48.98194090431991,129.10580670219304,48.98194090431991,0.0,27.504385654057522,100.0,60.54118706984388,44.051906483813625,16.489280586030254
2022-12-27 13:00:00,0.0,0.0,0.0,40.83459746264813,2.1900379386182114,180.23759233884863,204.64035894843764,22.49501121713868,59.482673171158424,120.7549191676902,59.482673171158424,0.0,33.00236781865703,100.0,59.36895863901081,39.905930564041924,19.46302807496889
2022-12-27 14:00:00,0.0,0.0,0.0,40.83459746264813,2.188391018785887,176.70550160109036,120.56292627481326,19.367591446087914,34.18752624467166,142.5179753564187,34.18752624467166,0.0,19.34717704593568,100.0,59.79004096235453,48.298587765733046,11.491453196621485
2022-12-27 15:00:00,0.0,0.0,0.0,40.83459746264813,2.188296067313117,176.70550160109036,81.47159327940564,17.545987289981426,15.714858400854638,160.99064320023572,15.714858400854638,0.0,8.893247951232814,100.0,68.19943868749841,62.16933322192248,6.030105465575936
2022-12-27 16:00:00,0.0,0.0,0.0,40.83459746264813,2.189282076023417,191.46807018769255,19.790091338662272,14.518440354333196,0.9373513122986172,190.53071887539392,0.937351312298631,0.0,0.48956011902128804,100.00000000000146,83.71151188657906,83.30362346303231,0.40788842354675126
2022-12-27 17:00:00,0.0,1.2668300900826175,0.0,40.83459746264813,2.370640534922399,180.35132106710464,0.0,13.9,0.0,180.35132106710464,0.0,0.0,0.0,0.0,74.63328761969838,74.63328761969838,0.0
2022-12-27 18:00:00,0.0,13.753094179856632,0.0,40.83459746264813,14.856690297984144,136.74485312545113,0.0,12.8,0.0,136.74485312545113,0.0,0.0,0.0,0.0,58.2193451315715,58.2193451315715,0.0
2022-12-27 19:00:00,0.0,27.80698032703612,0.0,40.83459746264813,28.910312575390737,134.17605986162698,0.0,13.3,0.0,134.17605986162698,0.0,0.0,0.0,0.0,60.83806257154782,60.83806257154782,0.0
2022-12-27 20:00:00,0.0,39.60043172428331,0.0,40.83459746264813,40.70382378881647,111.9853861309906,0.0,13.3,0.0,111.9853861309906,0.0,0.0,0.0,0.0,54.349164257959494,54.349164257959494,0.0
2022-12-27 21:00:00,0.0,51.7003786384525,0.0,40.83459746264813,52.80348122618485,110.70098949907849,0.0,13.3,0.0,110.70098949907849,0.0,0.0,0.0,0.0,55.543402154625284,55.543402154625284,0.0
2022-12-27 22:00:00,0.0,0.0,0.0,0.0,0.020000016,47.675718305793986,0.0,12.2,0.0,47.675718305793986,0.0,0.0,0.0,0.0,19.48938221851572,19.48938221851572,0.0
2022-12-27 23:00:00,0.0,0.7917345748900265,0.0,4.0245666613164035,0.8117345908900265,47.49282561248029,0.0,12.2,0.0,47.49282561248029,0.0,0.0,0.0,0.0,19.210723206603827,19.210723206603827,0.0
2022-12-28 00:00:00,0.0,1.6507449683475903,0.0,5.970812419724437,2.753766653067232,49.43907137088832,0.0,11.7,0.0,49.43907137088832,0.0,0.0,0.0,0.0,20.356233382019862,20.356233382019862,0.0
2022-12-28 01:00:00,0.0,5.692749195144456,0.0,8.311040038914724,5.712749211144456,51.779298990078615,0.0,10.6,0.0,51.779298990078615,0.0,0.0,0.0,0.0,21.836094160370234,21.836094160370234,0.0
2022-12-28 02:00:00,0.0,9.26110136175414,0.0,13.722512818722262,10.364093094049982,57.19077176988614,0.0,10.6,0.0,57.19077176988614,0.0,0.0,0.0,0.0,24.9399620779394,24.9399620779394,0.0
2022-12-28 03:00:00,0.0,12.009643499736066,0.0,14.786843144410934,12.029643515736065,58.25510209557482,0.0,9.4,0.0,58.25510209557482,0.0,0.0,0.0,0.0,25.830329869939966,25.830329869939966,0.0
2022-12-28 04:00:00,0.0,16.61669636844011,0.0,15.8770184115377,17.719748453645327,59.34527736270158,0.0,8.3,0.0,59.34527736270158,0.0,0.0,0.0,0.0,27.00452094721424,27.00452094721424,0.0
2022-12-28 05:00:00,0.0,23.78542698158668,0.0,16.334289250354164,23.805426997586682,64.01000755614814,0.0,8.3,0.0,64.01000755614814,0.0,0.0,0.0,0.0,29.572690374103317,29.572690374103317,0.0
2022-12-28 06:00:00,0.0,146.8290816848546,0.0,40.83459746264813,147.9320542045929,85.54214672724213,0.0,8.3,0.0,85.54214672724213,0.0,0.0,0.0,0.0,60.079640726510334,60.079640726510334,0.0
2022-12-28 07:00:00,0.0,117.34765330344962,0.0,40.83459746264813,118.45113118557694,98.76960946899328,23.81533291757813,10.744229153674317,1.375686685065222,97.39392278392806,1.3756866850652187,0.0,1.392823857926752,99.99999999999976,60.66612297787147,60.11820072807684,0.5479222497946239
2022-12-28 08:00:00,0.0,34.64163774271099,0.0,40.83459746264813,35.74589667582294,186.98067465638707,49.06355395605471,13.233236061126709,5.787731092792118,181.19294356359495,5.787731092792114,0.0,3.0953632526078874,99.99999999999993,74.68400974900925,72.57148790014013,2.1125218488691218
2022-12-28 09:00:00,0.0,14.396572230021315,0.0,40.83459746264813,16.5853960253831,178.6320965489585,65.830481558789,17.057202548712155,10.278169794128807,168.35392675482967,10.278169794128814,0.0,5.753820277931872,100.00000000000007,62.725246311032734,59.28796937763121,3.4372769334015274
2022-12-28 10:00:00,0.0,6.312635077471005,0.0,40.83459746264813,8.501558933163874,176.70550160109036,77.3677144582031,20.717741076818847,14.009711192676743,162.69579040841361,14.009711192676747,0.0,7.928282405322857,100.00000000000003,62.33860641751454,57.51758460189062,4.821021815623922
2022-12-28 11:00:00,0.0,1.490765445754236,0.0,40.83459746264813,3.680321318655396,178.6320965489585,83.87475915585934,22.021086223620603,16.38723360731686,162.24486294164163,16.38723360731686,0.0,9.173734129479657,100.0,60.76966438477997,55.255606084421956,5.514058300358016
2022-12-28 12:00:00,0.0,0.19176136945545483,0.0,40.83459746264813,3.4671249174604486,178.08774760651295,82.2244336804687,22.569513552514646,15.717096650582516,162.37065095593044,15.717096650582505,0.0,8.825478934861719,99.99999999999993,59.76897913477951,54.54917416615455,5.219804968624956
2022-12-28 13:00:00,0.0,0.0,0.0,40.83459746264813,2.189961342738882,180.23759233884863,76.37938782890623,20.68685586965332,13.655601869580899,166.58199046926774,13.655601869580892,0.0,7.57644489830302,99.99999999999994,59.71590221314331,55.22143396980815,4.494468243335156
2022-12-28 14:00:00,0.0,0.0,0.0,40.83459746264813,2.1883091509233634,176.70550160109036,100.08720463849566,21.42772514495299,23.38526206428433,153.32023953680604,23.38526206428432,0.0,13.234031681184522,99.99999999999996,58.12899450696174,50.488327832698126,7.640666674263613
2022-12-28 15:00:00,0.0,0.0,0.0,40.83459746264813,1.104112011772069,176.70550160109036,93.07858076560917,20.108705648925287,20.322235249230413,156.38326635185996,20.322235249230403,0.0,11.500623956297353,99.99999999999994,63.53269818130477,56.24890423445186,7.28379394685291
2022-12-28 16:00:00,0.0,0.15319838637885572,0.0,40.83459746264813,2.3424159977448777,191.46807018769255,29.258185170546827,16.514318286579588,2.03424434016068,189.43382584753186,2.034244340160683,0.0,1.0624457321612693,100.00000000000016,74.56584846990786,73.77810769162404,0.787740778283819
2022-12-28 17:00:00,0.0,5.7680800413447,0.0,40.83459746264811,7.955778258910795,180.35132106710464,0.0,16.7,0.0,180.35132106710464,0.0,0.0,0.0,0.0,75.55322710229025,75.55322710229025,0.0
2022-12-28 18:00:00,0.0,22.152344809781397,0.0,40.83459746264811,23.255958039056196,136.74485312545113,0.0,15.0,0.0,136.74485312545113,0.0,0.0,0.0,0.0,60.65124590389094,60.65124590389094,0.0
2022-12-28 19:00:00,0.0,32.76490524091401,0.0,40.83459746264813,33.86822146946516,134.17605986162698,0.0,15.0,0.0,134.17605986162698,0.0,0.0,0.0,0.0,62.178213280713614,62.178213280713614,0.0
2022-12-28 20:00:00,0.0,50.82546015045281,0.0,40.83459746264811,51.92891329794343,111.9853861309906,0.0,15.0,0.0,111.9853861309906,0.0,0.0,0.0,0.0,56.46207428919384,56.46207428919384,0.0
2022-12-28 21:00:00,0.0,59.2168145423349,0.0,40.83459746264813,59.2368145583349,110.70098949907849,0.0,14.4,0.0,110.70098949907849,0.0,0.0,0.0,0.0,56.94582216707033,56.94582216707033,0.0
2022-12-28 22:00:00,0.0,0.0,0.0,0.0,1.1029117582575723,47.675718305793986,0.0,15.0,0.0,47.675718305793986,0.0,0.0,0.0,0.0,19.962548742474528,19.962548742474528,0.0
2022-12-28 23:00:00,0.0,0.30878538465081823,0.0,2.663546964290051,0.3287854006508182,46.13180591545393,0.0,11.7,0.0,46.13180591545393,0.0,0.0,0.0,0.0,18.520916015877543,18.520916015877543,0.0
2022-12-29 00:00:00,0.0,3.250618549348885,0.0,6.668677554914835,4.353603190855428,50.136936506078705,0.0,12.2,0.0,50.136936506078705,0.0,0.0,0.0,0.0,20.452588248744725,20.452588248744725,0.0
2022-12-29 01:00:00,0.0,6.031468739537631,0.0,9.355137651773662,6.051468755537631,52.82339660293754,0.0,11.7,0.0,52.82339660293754,0.0,0.0,0.0,0.0,22.332234282332614,22.332234282332614,0.0
2022-12-29 02:00:00,0.0,7.804308661496656,0.0,9.748548535868126,7.824308677496656,53.21680748703199,0.0,11.1,0.0,53.21680748703199,0.0,0.0,0.0,0.0,22.918205351700337,22.918205351700337,0.0
2022-12-29 03:00:00,0.0,5.398648084817979,0.0,7.773253080114528,6.50163531113571,51.24151203127841,0.0,8.9,0.0,51.24151203127841,0.0,0.0,0.0,0.0,22.23165219773678,22.23165219773678,0.0
2022-12-29 04:00:00,0.0,5.717867174320631,0.0,6.219588791907761,5.737867190320631,49.68784774307164,0.0,8.3,0.0,49.68784774307164,0.0,0.0,0.0,0.0,21.391955658767028,21.391955658767028,0.0
2022-12-29 05:00:00,0.0,5.644311567894788,0.0,8.3617056240601,6.747498216278035,56.03742392985408,0.0,7.8,0.0,56.03742392985408,0.0,0.0,0.0,0.0,23.598478462628428,23.598478462628428,0.0
2022-12-29 06:00:00,0.0,112.77988142138756,0.0,40.83459746264813,112.79988143738755,85.54214672724213,0.0,10.6,0.0,85.54214672724213,0.0,0.0,0.0,0.0,54.12148199117532,54.12148199117532,0.0
2022-12-29 07:00:00,0.0,107.16806876354401,0.0,40.83459746264813,108.27171842964482,98.76960946899328,26.615809252441395,13.031744039138793,1.7044326516310369,97.06517681736224,1.7044326516310377,0.0,1.7256650712647699,100.00000000000004,57.81055618965726,57.14934710894678,0.6612090807104849
2022-12-29 08:00:00,0.0,34.38531821488454,0.0,40.83459746264813,36.57382397340286,186.98067465638707,78.36126233203127,18.048789447875976,14.511554086229118,172.46912057015794,14.511554086229125,0.0,7.760991403468244,100.00000000000004,73.73737164830999,68.52569211378164,5.2116795345283435
2022-12-29 09:00:00,0.0,8.569529183224939,0.0,40.83459746264813,10.758173546631163,178.6320965489585,109.23750407109375,22.31367200222168,27.766512348342587,150.8655842006159,27.766512348342587,0.0,15.543965997584591,100.0,62.52723443064345,53.10911110720913,9.418123323434322
2022-12-29 10:00:00,0.0,1.2274875683364415,0.0,40.83459746264813,3.4161858468128896,176.70550160109036,104.3784490289062,24.961826532153317,25.105304290735926,151.60019731035445,25.105304290735916,0.0,14.20742651658391,99.99999999999996,58.1769028229709,49.998849950263676,8.178052872707227
2022-12-29 11:00:00,0.0,0.0,0.0,40.83459746264813,2.189632645936922,178.6320965489585,138.6641634468749,26.53325510771484,39.70872448141991,138.9233720675386,39.70872448141989,0.0,22.229333500845268,99.99999999999997,58.7596023305867,45.78537223714997,12.97423009343673
2022-12-29 12:00:00,0.0,0.0,0.0,40.83459746264813,2.190510402377196,178.08774760651295,124.8644141507815,25.002012942211923,35.92167736392882,142.1660702425841,35.921677363928836,0.0,20.170774153030575,100.00000000000004,57.11356904027162,45.672874016633926,11.440695023637694
2022-12-29 13:00:00,0.0,0.0,0.0,40.83459746264813,3.2750754956984505,180.23759233884863,118.81986179765634,23.71312068117676,32.68312132047196,147.55447101837666,32.68312132047197,0.0,18.133354366511593,100.00000000000003,59.0749750372945,48.46962900001456,10.605346037279944
2022-12-29 14:00:00,0.0,0.0,0.0,40.83459746264813,2.1882775584707606,176.70550160109036,126.39835334101885,23.94994854190684,36.544157282694584,140.16134431839578,36.544157282694584,0.0,20.68082597970967,100.0,58.81637321995581,46.73414393915132,12.082229280804484
2022-12-29 15:00:00,0.0,0.0,0.0,40.83459746264813,1.1041969988916167,176.70550160109036,105.09211400435167,21.08412856263599,25.814870792009,150.89063080908136,25.814870792009003,0.0,14.608979662832247,100.00000000000003,62.11641888793809,53.070888162418136,9.045530725519953
2022-12-29 16:00:00,0.0,0.06302576010859849,0.0,40.83459746264813,2.252257581597185,191.46807018769255,29.12508898097627,15.910159030655509,2.0201476633490425,189.4479225243435,2.020147663349036,0.0,1.0550833156508672,99.99999999999967,74.98616260977236,74.19927469194465,0.7868879178277126
2022-12-29 17:00:00,0.0,4.839435122175783,0.0,40.83459746264813,7.027098947873294,180.35132106710464,0.0,16.1,0.0,180.35132106710464,0.0,0.0,0.0,0.0,74.03789188278041,74.03789188278041,0.0
2022-12-29 18:00:00,0.0,20.211320377574005,0.0,40.83459746264813,21.314938188940527,136.74485312545113,0.0,16.1,0.0,136.74485312545113,0.0,0.0,0.0,0.0,58.03863715684411,58.03863715684411,0.0
2022-12-29 19:00:00,0.0,33.43951086645244,0.0,40.83459746264811,34.542878095530746,134.17605986162698,0.0,15.0,0.0,134.17605986162698,0.0,0.0,0.0,0.0,58.84331018358728,58.84331018358728,0.0
2022-12-29 20:00:00,0.0,52.3208804442756,0.0,40.83459746264811,52.340880460275606,111.9853861309906,0.0,14.4,0.0,111.9853861309906,0.0,0.0,0.0,0.0,53.82900243765724,53.82900243765724,0.0
2022-12-29 21:00:00,0.0,68.11886229481684,0.0,40.83459746264813,69.22190836579699,110.70098949907849,0.0,15.0,0.0,110.70098949907849,0.0,0.0,0.0,0.0,56.46154154356701,56.46154154356701,0.0
2022-12-29 22:00:00,0.0,0.016708212465894556,0.0,0.493489326945164,0.036708228465894555,48.16920763273915,0.0,12.8,0.0,48.16920763273915,0.0,0.0,0.0,0.0,19.23045840588662,19.23045840588662,0.0
2022-12-29 23:00:00,0.0,1.6070670184675109,0.0,5.241313185711858,2.709945657912363,48.709572136875735,0.0,12.8,0.0,48.709572136875735,0.0,0.0,0.0,0.0,19.859480128913642,19.859480128913642,0.0
2022-12-30 00:00:00,0.0,5.368035013865207,0.0,9.034844590881182,5.388035029865207,47.14226722992905,0.0,12.8,0.0,47.14226722992905,0.0,0.0,0.0,0.0,19.886424087079817,19.886424087079817,0.0
2022-12-30 01:00:00,0.0,9.504923698171952,0.0,12.80664452530974,10.607941519262035,50.914067164357604,0.0,13.3,0.0,50.914067164357604,0.0,0.0,0.0,0.0,22.495794469689827,22.495794469689827,0.0
2022-12-30 02:00:00,0.0,16.70346194834922,0.0,15.700183095933648,16.72346196434922,53.80760573498151,0.0,11.7,0.0,53.80760573498151,0.0,0.0,0.0,0.0,24.383447250068116,24.383447250068116,0.0
2022-12-30 03:00:00,0.0,24.40190195979669,0.0,16.201635344769574,25.50496262551832,54.30905798381743,0.0,10.6,0.0,54.30905798381743,0.0,0.0,0.0,0.0,26.177857268984543,26.177857268984543,0.0
2022-12-30 04:00:00,0.0,30.25416063388193,0.0,16.381059382548667,30.27416064988193,54.48848202159653,0.0,10.6,0.0,54.48848202159653,0.0,0.0,0.0,0.0,27.19613856720286,27.19613856720286,0.0
2022-12-30 05:00:00,0.0,31.5421649871314,0.0,16.201635344769574,32.645337436725114,54.30905798381743,0.0,11.7,0.0,54.30905798381743,0.0,0.0,0.0,0.0,27.009460985940727,27.009460985940727,0.0
2022-12-30 06:00:00,0.0,152.597711522231,0.0,40.83459746264813,152.61771153823102,85.54214672724213,0.0,12.2,0.0,85.54214672724213,0.0,0.0,0.0,0.0,60.98231935107913,60.98231935107913,0.0
2022-12-30 07:00:00,0.0,159.14885422549318,0.0,40.83459746264813,160.25206246906444,75.83888804889047,22.816117245410148,14.013003663919068,1.2481633620225092,74.59072468686796,1.2481633620225097,0.0,1.6458091542928026,100.00000000000004,59.158290680386926,58.65953084173954,0.4987598386473877
2022-12-30 08:00:00,0.0,71.04645627711913,0.0,40.83459746264813,72.14979691779413,114.21720088209123,44.076887575488264,18.577402736734008,4.582516134897571,109.63468474719366,4.582516134897574,0.0,4.012106845122391,100.00000000000007,58.103539731834694,56.29356042145352,1.8099793103811734
2022-12-30 09:00:00,0.0,35.912255446871065,0.0,40.83459746264813,37.015914398864076,116.46489498793738,58.05783466699222,21.214307333343505,7.874901373679669,108.58999361425772,7.874901373679663,0.0,6.761609474249979,99.99999999999993,50.63372252119212,47.66071100558683,2.973011515605286
2022-12-30 10:00:00,0.0,17.746402561258932,0.0,40.83459746264813,18.849943668761394,115.50159751400331,70.74332915976568,22.81072903624268,11.624042985202523,103.87755452880079,11.624042985202522,0.0,10.063967283044057,99.99999999999999,45.69062517325088,41.433900632069715,4.256724541181164
2022-12-30 11:00:00,0.0,8.430322302635433,0.0,40.83459746264813,9.534005946142537,117.74929161984949,74.8486013730469,25.139018792907716,12.901090102986052,104.84820151686344,12.901090102986046,0.0,10.95640570360022,99.99999999999996,44.107524194848935,39.463002746872924,4.644521447976011
2022-12-30 12:00:00,0.0,3.646778133977039,0.0,40.83459746264813,4.750347636244114,116.46489498793738,115.97455833046853,23.624204947827142,31.146774037627225,85.31812095031016,31.146774037627225,0.0,26.74348698880739,100.0,42.11415575752718,31.080099586957363,11.034056170569816
2022-12-30 13:00:00,0.0,2.846720489622775,0.0,40.83459746264813,3.950315839241685,113.89610172411322,166.25157073593743,24.095361585498043,48.04071600907175,65.85538571504148,48.040716009071744,0.0,42.179420789518495,99.99999999999999,41.44277990132164,24.262459042157403,17.18032085916424
2022-12-30 14:00:00,0.0,7.6822948205445,0.0,40.83459746264813,8.785659690891286,74.79713598363837,123.10847269869244,22.14713977183414,35.28731118049773,39.50982480314064,35.28731118049773,0.0,47.17735607980594,100.0,28.99202011819093,16.06063206298573,12.9313880552052
2022-12-30 15:00:00,0.0,10.217484348191196,0.0,40.83459746264813,11.320685962560956,73.51273935172627,96.98440518290548,19.730762661965795,22.093874864670273,51.418864487056,22.09387486467027,0.0,30.0544845145285,99.99999999999999,30.50316200001768,21.948192713668707,8.554969286348975
2022-12-30 16:00:00,0.0,20.63135764963537,0.0,40.83459746264813,21.734672295920205,85.7065146745043,30.203348163256024,16.54385463010175,2.1675668805668544,83.53894779393745,2.167566880566852,0.0,2.5290573170532307,99.9999999999999,39.4258311029358,38.527699765972926,0.8981313369628765
2022-12-30 17:00:00,0.0,48.70393500496948,0.0,40.83459746264813,48.72393502096948,80.86861504956414,0.0,14.4,0.0,80.86861504956414,0.0,0.0,0.0,0.0,42.578271827053605,42.578271827053605,0.0
2022-12-30 18:00:00,0.0,0.0,0.0,0.0,1.1030508178551377,38.10742263904787,0.0,13.9,0.0,38.10742263904787,0.0,0.0,0.0,0.0,16.014328374429795,16.014328374429795,0.0
2022-12-30 19:00:00,0.0,0.11690155957872395,0.0,1.172183944459631,0.13690157557872396,39.2796065835075,0.0,14.4,0.0,39.2796065835075,0.0,0.0,0.0,0.0,16.210400272209096,16.210400272209096,0.0
2022-12-30 20:00:00,0.0,0.9589106366802767,0.0,5.211852319619833,2.061967716863406,43.31927495866769,0.0,14.4,0.0,43.31927495866769,0.0,0.0,0.0,0.0,18.237426712518296,18.237426712518296,0.0
2022-12-30 21:00:00,0.0,4.864110142582123,0.0,9.402168884002938,4.884110158582123,47.5095915230508,0.0,13.9,0.0,47.5095915230508,0.0,0.0,0.0,0.0,20.373996746294075,20.373996746294075,0.0
2022-12-30 22:00:00,0.0,6.278538199099519,0.0,11.957467973961384,7.381566102040735,50.06489061300925,0.0,13.9,0.0,50.06489061300925,0.0,0.0,0.0,0.0,21.86942702974908,21.86942702974908,0.0
2022-12-30 23:00:00,0.0,8.375412585090825,0.0,13.89681342697025,8.395412601090825,52.00423606601812,0.0,13.3,0.0,52.00423606601812,0.0,0.0,0.0,0.0,22.880658157388194,22.880658157388194,0.0
2022-12-31 00:00:00,0.0,7.786727235829615,0.0,13.554483569251975,8.889720742150649,51.66190620829985,0.0,12.8,0.0,51.66190620829985,0.0,0.0,0.0,0.0,22.52057020098834,22.52057020098834,0.0
2022-12-31 01:00:00,0.0,12.718022321759655,0.0,16.096818556934057,12.738022337759654,54.204241195981915,0.0,11.1,0.0,54.204241195981915,0.0,0.0,0.0,0.0,24.14131867459033,24.14131867459033,0.0
2022-12-31 02:00:00,0.0,15.62718428271327,0.0,15.970060801736434,15.64718429871327,54.077483440784306,0.0,10.6,0.0,54.077483440784306,0.0,0.0,0.0,0.0,24.54831873341113,24.54831873341113,0.0
2022-12-31 03:00:00,0.0,19.813059873502624,0.0,16.6126339255818,20.915816230171647,54.72005656462967,0.0,10.0,0.0,54.72005656462967,0.0,0.0,0.0,0.0,25.393456530419797,25.393456530419797,0.0
2022-12-31 04:00:00,0.0,22.214528615945035,0.0,15.970060801736434,22.234528631945032,54.077483440784306,0.0,9.4,0.0,54.077483440784306,0.0,0.0,0.0,0.0,25.27768846087645,25.27768846087645,0.0
2022-12-31 05:00:00,0.0,27.035741572185188,0.0,16.6126339255818,28.138817126307764,54.72005656462967,0.0,9.4,0.0,54.72005656462967,0.0,0.0,0.0,0.0,26.867149811956047,26.867149811956047,0.0
2022-12-31 06:00:00,0.0,25.548044280490462,0.0,15.970060801736434,25.568044296490463,51.109314399584306,0.0,9.4,0.0,51.109314399584306,0.0,0.0,0.0,0.0,24.59290091853954,24.59290091853954,0.0
2022-12-31 07:00:00,0.0,16.990316046554494,0.0,14.629726159368573,17.010316062554494,34.92813455121644,31.653520168359353,12.08917250526123,2.4187583917341167,32.50937615948232,2.4187583917341158,0.0,6.924957266719754,99.99999999999997,16.5056802367056,15.574760600686934,0.9309196360186665
2022-12-31 08:00:00,0.0,8.14866105383416,0.0,10.717238501329119,9.251603795885538,31.015646893176978,94.07336113828126,14.639792535571289,21.171535484079985,9.844111409096993,21.171535484079985,0.0,68.260821890958,100.0,12.970338074311055,5.2537368210735815,7.7166012532374735
2022-12-31 09:00:00,0.0,2.55306153012565,0.0,5.494299885746725,2.57306154612565,25.79270827759459,120.6461981742188,17.07019369294434,34.51983616194379,0.0,25.79270827759459,8.727127884349205,100.0,74.71851302130345,9.379304194324654,0.4632807969257562,8.916023397398897
2022-12-31 10:00:00,0.0,0.17621521520623462,0.0,3.3593823103644027,1.2791655451169524,23.65779070221227,167.75199153281255,21.94224973540039,48.85916636443675,0.0,23.65779070221227,25.201375662224482,100.0,48.420373212573125,8.010770203311225,0.23031428612116533,7.780455917190059
2022-12-31 11:00:00,0.0,0.0,0.0,0.38797330611454484,0.020000016,20.686381697962414,127.82650861406249,21.794578394189454,37.250651136481295,0.0,20.686381697962414,16.56426943851888,100.0,55.53293987310541,6.72729565445185,0.0036010111631256747,6.723694643288725
2022-12-31 12:00:00,0.0,0.0,0.0,0.0,1.1030819870070407,20.298408391847865,172.12766925234385,23.678989664135745,49.81506746226479,0.0,20.298408391847865,29.516659070416928,100.0,40.74752765761891,6.785646875803016,0.19861036856446537,6.58703650723855
2022-12-31 13:00:00,0.0,0.0,0.0,0.0,0.020000016,20.298408391847865,163.71954194062505,21.816235685644532,47.70666614904187,0.0,20.298408391847865,27.408257757194008,100.0,42.54836908626769,6.5272049921771504,0.0036010111631256747,6.523603981014025
2022-12-31 14:00:00,0.0,0.0,0.0,0.0,1.1030683428771715,20.298408391847865,143.63852833185194,20.588704010370375,42.043094486957486,0.0,20.298408391847865,21.74468609510962,100.0,48.280005645504495,6.836085964025524,0.19860791193323216,6.637478052092292
2022-12-31 15:00:00,0.0,0.0,0.0,0.0,0.020000016,20.298408391847865,101.36547413945114,19.26767106685785,24.17561234037008,0.0,20.298408391847865,3.877203948522215,100.0,83.96233404997236,7.037506979148206,0.0036010111631256747,7.03390596798508
2022-12-31 16:00:00,0.0,0.0,0.0,0.0,0.020000016,29.202915515447863,32.55689154172895,14.91740286067903,2.5332325904710205,26.669682924976843,2.5332325904710196,0.0,8.674587950408517,99.99999999999997,11.36689348195662,10.38117468251549,0.9857187994411305
2022-12-31 17:00:00,0.0,0.0,0.0,0.0,1.1029202771009508,38.10742263904787,0.0,13.9,0.0,38.10742263904787,0.0,0.0,0.0,0.0,15.231768946620095,15.231768946620095,0.0
2022-12-31 18:00:00,0.0,0.05995827577461522,0.0,2.3138917883973553,0.07995829177461519,40.42131442744522,0.0,13.3,0.0,40.42131442744522,0.0,0.0,0.0,0.0,15.52587382850599,15.52587382850599,0.0
2022-12-31 19:00:00,0.0,0.49547734307656643,0.0,3.299274102152698,1.5983830880674883,41.40669674120056,0.0,13.3,0.0,41.40669674120056,0.0,0.0,0.0,0.0,16.095417118326917,16.095417118326917,0.0
2022-12-31 20:00:00,0.0,2.0749441364205916,0.0,5.699753057095567,2.0949441524205916,43.807175696143425,0.0,13.3,0.0,43.807175696143425,0.0,0.0,0.0,0.0,17.123802687314825,17.123802687314825,0.0
2022-12-31 21:00:00,0.0,3.6255943384574993,0.0,9.025155907320476,4.728683598899845,47.13257854636834,0.0,12.8,0.0,47.13257854636834,0.0,0.0,0.0,0.0,19.499641804968597,19.499641804968597,0.0
2022-12-31 22:00:00,0.0,7.154480824225309,0.0,11.955779416143514,7.174480840225309,50.063202055191375,0.0,11.7,0.0,50.063202055191375,0.0,0.0,0.0,0.0,20.801398087257617,20.801398087257617,0.0
2022-12-31 23:00:00,0.0,11.908322338112066,0.0,14.629494165854048,11.928322354112066,52.73691680490191,0.0,11.7,0.0,52.73691680490191,0.0,0.0,0.0,0.0,22.552139860551048,22.552139860551048,0.0
