,hs_el_kwh,hs_ng_kwh,cs_el_kwh,fan_el_kwh,fac_ng_kwh,fac_el_kwh,geff_irrad_kwh,cell_temp_degc,pv_yield_kwh,fac_el_net_kwh,pv_consumed_kwh,pv_excess_kwh,self_suff_pct,self_consume_pct,op_em_kgco2,op_em_pv_kgco2,mit_pot_kgco2
2022-01-01 00:00:00,0.0,0.0,0.0,0.17250310837078792,5.265544789389298,14.830095586035386,0.0,0.0,0.0,14.830095586035386,0.0,0.0,0.0,0.0,4.0644598063251145,4.0644598063251145,0.0
2022-01-01 01:00:00,0.0,0.0,0.0,0.5504310503365716,16.740174534098898,15.208023528001176,0.0,0.0,0.0,15.208023528001176,0.0,0.0,0.0,0.0,6.15012188894695,6.15012188894695,0.0
2022-01-01 02:00:00,0.0,0.0,0.0,0.7148841868622471,21.676262600537225,15.372476664526845,0.0,0.0,0.0,15.372476664526845,0.0,0.0,0.0,0.0,7.019589701445678,7.019589701445678,0.0
2022-01-01 03:00:00,0.0,0.0,0.0,0.7895620211902018,23.907850693813806,15.447154498854799,0.0,0.0,0.0,15.447154498854799,0.0,0.0,0.0,0.0,7.224285089872082,7.224285089872082,0.0
2022-01-01 04:00:00,0.0,0.0,0.0,0.9242374513553326,27.982933970500753,15.581829929019934,0.0,0.0,0.0,15.581829929019934,0.0,0.0,0.0,0.0,8.015091639207983,8.015091639207983,0.0
2022-01-01 05:00:00,0.0,0.0,0.0,0.9350752003126751,28.32218762000289,15.592667677977273,0.0,0.0,0.0,15.592667677977273,0.0,0.0,0.0,0.0,8.14092736691747,8.14092736691747,0.0
2022-01-01 06:00:00,0.0,0.0,0.0,1.0663544144304682,32.29654267490956,15.72394689209507,0.0,0.0,0.0,15.72394689209507,0.0,0.0,0.0,0.0,8.917497844410276,8.917497844410276,0.0
2022-01-01 07:00:00,0.0,0.0,0.0,1.0021908061673228,30.35769850616647,8.003110491831922,0.0,0.0,0.0,8.003110491831922,0.0,0.0,0.0,0.0,7.129842889999279,7.129842889999279,0.0
2022-01-01 08:00:00,0.0,0.0,0.0,8.171766461472032,278.78723840096563,14.516933040801234,0.0,0.0,0.0,14.516933040801234,0.0,0.0,0.0,0.0,53.284090059436686,53.284090059436686,0.0
2022-01-01 09:00:00,0.0,0.0,0.0,8.171766461472032,216.62455539231271,14.516933040801234,0.0,0.0,0.0,14.516933040801234,0.0,0.0,0.0,0.0,41.99440978979667,41.99440978979667,0.0
2022-01-01 10:00:00,0.0,0.0,0.0,8.171766461472032,179.21678850214798,28.15940699237166,0.0,0.0,0.0,28.15940699237166,0.0,0.0,0.0,0.0,37.90500707807577,37.90500707807577,0.0
2022-01-01 11:00:00,0.0,0.0,0.0,8.171766461472032,158.33473276472088,28.15940699237166,0.0,0.0,0.0,28.15940699237166,0.0,0.0,0.0,0.0,34.07196983677945,34.07196983677945,0.0
2022-01-01 12:00:00,0.0,0.0,0.0,8.171766461472032,137.0876809410922,37.25438962675194,0.0,0.0,0.0,37.25438962675194,0.0,0.0,0.0,0.0,32.034102428686175,32.034102428686175,0.0
2022-01-01 13:00:00,0.0,0.0,0.0,8.171766461472032,126.55533399855453,37.25438962675194,0.0,0.0,0.0,37.25438962675194,0.0,0.0,0.0,0.0,30.299433051049483,30.299433051049483,0.0
2022-01-01 14:00:00,0.0,0.0,0.0,8.171766461472032,120.94032978619049,37.25438962675194,0.0,0.0,0.0,37.25438962675194,0.0,0.0,0.0,0.0,29.62485635568009,29.62485635568009,0.0
2022-01-01 15:00:00,0.0,0.0,0.0,8.171766461472032,119.81782185497696,37.25438962675194,0.0,0.0,0.0,37.25438962675194,0.0,0.0,0.0,0.0,29.74760661536193,29.74760661536193,0.0
2022-01-01 16:00:00,0.0,0.0,0.0,8.171766461472032,119.52685849405277,44.91106241875194,0.0,0.0,0.0,44.91106241875194,0.0,0.0,0.0,0.0,31.237817834754225,31.237817834754225,0.0
2022-01-01 17:00:00,0.0,0.0,0.0,8.171766461472032,148.81150920409925,39.64441618037165,0.0,0.0,0.0,39.64441618037165,0.0,0.0,0.0,0.0,35.55935071905992,35.55935071905992,0.0
2022-01-01 18:00:00,0.0,0.0,0.0,8.171766461472032,161.13815894037256,30.549433545991374,0.0,0.0,0.0,30.549433545991374,0.0,0.0,0.0,0.0,35.775414856836896,35.775414856836896,0.0
2022-01-01 19:00:00,0.0,0.0,0.0,0.0,0.0,14.657592477664597,0.0,0.0,0.0,14.657592477664597,0.0,0.0,0.0,0.0,3.240940272736419,3.240940272736419,0.0
2022-01-01 20:00:00,0.0,0.0,0.0,0.0,0.0,14.657592477664597,0.0,0.0,0.0,14.657592477664597,0.0,0.0,0.0,0.0,3.2582362318600633,3.2582362318600633,0.0
2022-01-01 21:00:00,0.0,0.0,0.0,0.0,0.0,14.657592477664597,0.0,0.0,0.0,14.657592477664597,0.0,0.0,0.0,0.0,3.2081072655864507,3.2081072655864507,0.0
2022-01-01 22:00:00,0.0,0.0,0.0,0.0,0.0,14.657592477664597,0.0,0.0,0.0,14.657592477664597,0.0,0.0,0.0,0.0,3.053762816796642,3.053762816796642,0.0
2022-01-01 23:00:00,0.0,0.0,0.0,0.017451288709444384,0.5279150591699788,14.675043766374042,0.0,0.0,0.0,14.675043766374042,0.0,0.0,0.0,0.0,3.145112421424783,3.145112421424783,0.0
2022-01-02 00:00:00,0.0,0.0,0.0,0.04358266565768948,1.3135196722945435,15.150593958857057,0.0,0.0,0.0,15.150593958857057,0.0,0.0,0.0,0.0,3.3610067530811736,3.3610067530811736,0.0
2022-01-02 01:00:00,0.0,0.0,0.0,0.11194437108818074,3.418058708447136,15.218955664287549,0.0,0.0,0.0,15.218955664287549,0.0,0.0,0.0,0.0,3.661496862135697,3.661496862135697,0.0
2022-01-02 02:00:00,0.0,0.0,0.0,0.1414406156579276,4.296004294089103,15.248451908857293,0.0,0.0,0.0,15.248451908857293,0.0,0.0,0.0,0.0,3.8306594754014514,3.8306594754014514,0.0
2022-01-02 03:00:00,0.0,0.0,0.0,0.14217110625932328,4.341034159654285,15.249182399458688,0.0,0.0,0.0,15.249182399458688,0.0,0.0,0.0,0.0,3.9545023799926193,3.9545023799926193,0.0
2022-01-02 04:00:00,0.0,0.0,0.0,0.15981322062580713,4.854900863217683,15.266824513825174,0.0,0.0,0.0,15.266824513825174,0.0,0.0,0.0,0.0,4.261071929306354,4.261071929306354,0.0
2022-01-02 05:00:00,0.0,0.0,0.0,0.14018543069818373,4.279808694098752,15.247196723897549,0.0,0.0,0.0,15.247196723897549,0.0,0.0,0.0,0.0,4.378373016518172,4.378373016518172,0.0
2022-01-02 06:00:00,0.0,0.0,0.0,8.171766461472032,229.5811207439911,23.2787777546714,0.0,0.0,0.0,23.2787777546714,0.0,0.0,0.0,0.0,46.96870892868038,46.96870892868038,0.0
2022-01-02 07:00:00,0.0,0.0,0.0,8.171766461472032,178.0595667197304,22.892760753991375,0.0,0.0,0.0,22.892760753991375,0.0,0.0,0.0,0.0,37.52626106564013,37.52626106564013,0.0
2022-01-02 08:00:00,0.0,0.0,0.0,8.171766461472032,153.70305552441442,32.706898309561794,0.0,0.0,0.0,32.706898309561794,0.0,0.0,0.0,0.0,35.31790093300264,35.31790093300264,0.0
2022-01-02 09:00:00,0.0,0.0,0.0,8.171766461472032,124.61189997015991,49.09918831618329,0.0,0.0,0.0,49.09918831618329,0.0,0.0,0.0,0.0,33.82252596392584,33.82252596392584,0.0
2022-01-02 10:00:00,0.0,0.0,0.0,8.171766461472032,110.07740483035352,49.09918831618329,0.0,0.0,0.0,49.09918831618329,0.0,0.0,0.0,0.0,31.290525690824396,31.290525690824396,0.0
2022-01-02 11:00:00,0.0,0.0,0.0,8.171766461472032,95.12926372464712,49.09918831618329,0.0,0.0,0.0,49.09918831618329,0.0,0.0,0.0,0.0,28.675210436368353,28.675210436368353,0.0
2022-01-02 12:00:00,0.0,0.0,0.0,8.171766461472032,89.15436342623559,49.09918831618329,0.0,0.0,0.0,49.09918831618329,0.0,0.0,0.0,0.0,27.496809859757008,27.496809859757008,0.0
2022-01-02 13:00:00,0.0,0.0,0.0,8.171766461472032,90.91739469648508,49.09918831618329,0.0,0.0,0.0,49.09918831618329,0.0,0.0,0.0,0.0,28.047465514566667,28.047465514566667,0.0
2022-01-02 14:00:00,0.0,0.0,0.0,8.171766461472034,93.7087775635613,49.09918831618329,0.0,0.0,0.0,49.09918831618329,0.0,0.0,0.0,0.0,28.849560204468638,28.849560204468638,0.0
2022-01-02 15:00:00,0.0,0.0,0.0,8.171766461472032,88.01702897249649,49.09918831618329,0.0,0.0,0.0,49.09918831618329,0.0,0.0,0.0,0.0,28.074182390249742,28.074182390249742,0.0
2022-01-02 16:00:00,0.0,0.0,0.0,8.171766461472032,87.47712241311153,56.75586110818331,0.0,0.0,0.0,56.75586110818331,0.0,0.0,0.0,0.0,29.573749647661728,29.573749647661728,0.0
2022-01-02 17:00:00,0.0,0.0,0.0,8.171766461472032,97.00460144881045,60.58419750418331,0.0,0.0,0.0,60.58419750418331,0.0,0.0,0.0,0.0,31.593347678011753,31.593347678011753,0.0
2022-01-02 18:00:00,0.0,0.0,0.0,8.171766461472032,100.61280982686233,48.73939881475194,0.0,0.0,0.0,48.73939881475194,0.0,0.0,0.0,0.0,29.516985639431056,29.516985639431056,0.0
2022-01-02 19:00:00,0.0,0.0,0.0,8.171766461472032,103.58778388605596,48.73939881475194,0.0,0.0,0.0,48.73939881475194,0.0,0.0,0.0,0.0,29.84695068777483,29.84695068777483,0.0
2022-01-02 20:00:00,0.0,0.0,0.0,8.171766461472032,103.75507379133202,44.191907497561786,0.0,0.0,0.0,44.191907497561786,0.0,0.0,0.0,0.0,29.21914626462912,29.21914626462912,0.0
2022-01-02 21:00:00,0.0,0.0,0.0,0.0,0.0,22.37766708451935,0.0,0.0,0.0,22.37766708451935,0.0,0.0,0.0,0.0,5.371982760309715,5.371982760309715,0.0
2022-01-02 22:00:00,0.0,0.0,0.0,0.0,0.0,15.107011293199369,0.0,0.0,0.0,15.107011293199369,0.0,0.0,0.0,0.0,3.5506008642406477,3.5506008642406477,0.0
2022-01-02 23:00:00,0.0,0.0,0.0,0.0,0.0,15.107011293199369,0.0,0.0,0.0,15.107011293199369,0.0,0.0,0.0,0.0,3.3676549574800028,3.3676549574800028,0.0
2022-01-03 00:00:00,0.0,0.0,0.0,0.0,0.0,15.107011293199369,0.0,0.0,0.0,15.107011293199369,0.0,0.0,0.0,0.0,3.294385952707986,3.294385952707986,0.0
2022-01-03 01:00:00,0.0,0.0,0.0,0.0,0.0,15.107011293199369,0.0,0.0,0.0,15.107011293199369,0.0,0.0,0.0,0.0,3.2430221143111084,3.2430221143111084,0.0
2022-01-03 02:00:00,0.0,0.0,0.0,0.0,0.0,15.107011293199369,0.0,0.0,0.0,15.107011293199369,0.0,0.0,0.0,0.0,3.164767795812336,3.164767795812336,0.0
2022-01-03 03:00:00,0.0,0.0,0.0,0.0,0.0,15.107011293199369,0.0,0.0,0.0,15.107011293199369,0.0,0.0,0.0,0.0,3.1760980542822352,3.1760980542822352,0.0
2022-01-03 04:00:00,0.0,0.0,0.0,0.01099307222842287,0.33547514064961853,15.11800436542779,0.0,0.0,0.0,15.11800436542779,0.0,0.0,0.0,0.0,3.3777461359053915,3.3777461359053915,0.0
2022-01-03 05:00:00,0.0,0.0,0.0,0.03794903868047861,1.145958503249347,15.144960331879846,0.0,0.0,0.0,15.144960331879846,0.0,0.0,0.0,0.0,3.7649416322515497,3.7649416322515497,0.0
2022-01-03 06:00:00,0.0,0.0,0.0,8.171766461472032,221.1705571748256,23.2787777546714,0.0,0.0,0.0,23.2787777546714,0.0,0.0,0.0,0.0,45.360570000752254,45.360570000752254,0.0
2022-01-03 07:00:00,0.0,0.0,0.0,8.171766461472032,180.43669234176645,22.892760753991375,0.0,0.0,0.0,22.892760753991375,0.0,0.0,0.0,0.0,37.905044082672276,37.905044082672276,0.0
2022-01-03 08:00:00,0.0,0.0,0.0,8.171766461472032,165.03680484215923,32.706898309561794,0.0,0.0,0.0,32.706898309561794,0.0,0.0,0.0,0.0,37.58357065151877,37.58357065151877,0.0
2022-01-03 09:00:00,0.0,0.0,0.0,8.171766461472032,144.5173848816374,49.09918831618329,0.0,0.0,0.0,49.09918831618329,0.0,0.0,0.0,0.0,38.013382733004235,38.013382733004235,0.0
2022-01-03 10:00:00,0.0,0.0,0.0,8.171766461472032,134.89643628281962,49.09918831618329,0.0,0.0,0.0,49.09918831618329,0.0,0.0,0.0,0.0,36.32826217438233,36.32826217438233,0.0
2022-01-03 11:00:00,0.0,0.0,0.0,8.171766461472032,121.52222838859308,49.09918831618329,0.0,0.0,0.0,49.09918831618329,0.0,0.0,0.0,0.0,33.769986988306485,33.769986988306485,0.0
2022-01-03 12:00:00,0.0,0.0,0.0,8.171766461472032,114.30833014585865,49.09918831618329,0.0,0.0,0.0,49.09918831618329,0.0,0.0,0.0,0.0,32.40631069373444,32.40631069373444,0.0
2022-01-03 13:00:00,0.0,0.0,0.0,8.171766461472032,110.00216481726497,49.09918831618329,0.0,0.0,0.0,49.09918831618329,0.0,0.0,0.0,0.0,31.868623914519723,31.868623914519723,0.0
2022-01-03 14:00:00,0.0,0.0,0.0,8.171766461472032,108.07952987988298,49.09918831618329,0.0,0.0,0.0,49.09918831618329,0.0,0.0,0.0,0.0,31.819011795280048,31.819011795280048,0.0
2022-01-03 15:00:00,0.0,0.0,0.0,8.171766461472032,104.53051312218176,49.09918831618329,0.0,0.0,0.0,49.09918831618329,0.0,0.0,0.0,0.0,31.504555493121458,31.504555493121458,0.0
2022-01-03 16:00:00,0.0,0.0,0.0,8.171766461472032,107.44177081869594,56.75586110818331,0.0,0.0,0.0,56.75586110818331,0.0,0.0,0.0,0.0,33.99305552266849,33.99305552266849,0.0
2022-01-03 17:00:00,0.0,0.0,0.0,8.171766461472032,113.28171414002797,60.58419750418331,0.0,0.0,0.0,60.58419750418331,0.0,0.0,0.0,0.0,35.42554141753973,35.42554141753973,0.0
2022-01-03 18:00:00,0.0,0.0,0.0,8.171766461472032,118.51062008134663,48.73939881475194,0.0,0.0,0.0,48.73939881475194,0.0,0.0,0.0,0.0,33.662618001071095,33.662618001071095,0.0
2022-01-03 19:00:00,0.0,0.0,0.0,8.171766461472032,126.47387425924651,48.73939881475194,0.0,0.0,0.0,48.73939881475194,0.0,0.0,0.0,0.0,35.078859029939245,35.078859029939245,0.0
2022-01-03 20:00:00,0.0,0.0,0.0,8.171766461472032,130.3099456918784,44.191907497561786,0.0,0.0,0.0,44.191907497561786,0.0,0.0,0.0,0.0,34.63186430525872,34.63186430525872,0.0
2022-01-03 21:00:00,0.0,0.0,0.0,0.0,0.0,22.37766708451935,0.0,0.0,0.0,22.37766708451935,0.0,0.0,0.0,0.0,5.7092142032734206,5.7092142032734206,0.0
2022-01-03 22:00:00,0.0,0.0,0.0,0.0,0.0,15.107011293199369,0.0,0.0,0.0,15.107011293199369,0.0,0.0,0.0,0.0,3.7214611619667326,3.7214611619667326,0.0
2022-01-03 23:00:00,0.0,0.0,0.0,0.0,0.0,15.107011293199369,0.0,0.0,0.0,15.107011293199369,0.0,0.0,0.0,0.0,3.4859428559057544,3.4859428559057544,0.0
2022-01-04 00:00:00,0.0,0.0,0.0,0.0,0.0,15.107011293199369,0.0,0.0,0.0,15.107011293199369,0.0,0.0,0.0,0.0,3.4356365082994,3.4356365082994,0.0
2022-01-04 01:00:00,0.0,0.0,0.0,0.024829703276974115,0.7491760877108251,15.131840996476342,0.0,0.0,0.0,15.131840996476342,0.0,0.0,0.0,0.0,3.5318364501370776,3.5318364501370776,0.0
2022-01-04 02:00:00,0.0,0.0,0.0,0.029787691221311797,0.8993145924715157,15.136798984420679,0.0,0.0,0.0,15.136798984420679,0.0,0.0,0.0,0.0,3.557408712980262,3.557408712980262,0.0
2022-01-04 03:00:00,0.0,0.0,0.0,0.05123988535581968,1.5504011071679948,15.158251178555185,0.0,0.0,0.0,15.158251178555185,0.0,0.0,0.0,0.0,3.684906236189208,3.684906236189208,0.0
2022-01-04 04:00:00,0.0,0.0,0.0,0.10716724050046594,3.252135557151054,15.214178533699831,0.0,0.0,0.0,15.214178533699831,0.0,0.0,0.0,0.0,4.047230395598984,4.047230395598984,0.0
2022-01-04 05:00:00,0.0,0.0,0.0,0.14021971322516713,4.282355840984246,15.247231006424533,0.0,0.0,0.0,15.247231006424533,0.0,0.0,0.0,0.0,4.433424830304254,4.433424830304254,0.0
2022-01-04 06:00:00,0.0,0.0,0.0,8.171766461472032,231.40070784604265,23.2787777546714,0.0,0.0,0.0,23.2787777546714,0.0,0.0,0.0,0.0,47.37570697206823,47.37570697206823,0.0
2022-01-04 07:00:00,0.0,0.0,0.0,8.171766461472032,183.66415012265747,22.892760753991375,0.0,0.0,0.0,22.892760753991375,0.0,0.0,0.0,0.0,38.63197607866638,38.63197607866638,0.0
2022-01-04 08:00:00,0.0,0.0,0.0,8.171766461472032,160.95420564964317,32.706898309561794,0.0,0.0,0.0,32.706898309561794,0.0,0.0,0.0,0.0,36.92208749743332,36.92208749743332,0.0
2022-01-04 09:00:00,0.0,0.0,0.0,8.171766461472032,133.92848710020095,49.09918831618329,0.0,0.0,0.0,49.09918831618329,0.0,0.0,0.0,0.0,35.955130810528104,35.955130810528104,0.0
2022-01-04 10:00:00,0.0,0.0,0.0,8.171766461472032,123.80493223388402,49.09918831618329,0.0,0.0,0.0,49.09918831618329,0.0,0.0,0.0,0.0,33.98901093463891,33.98901093463891,0.0
2022-01-04 11:00:00,0.0,0.0,0.0,8.171766461472032,110.74246794438434,49.09918831618329,0.0,0.0,0.0,49.09918831618329,0.0,0.0,0.0,0.0,31.402414709788303,31.402414709788303,0.0
2022-01-04 12:00:00,0.0,0.0,0.0,8.171766461472032,102.84643202837577,49.09918831618329,0.0,0.0,0.0,49.09918831618329,0.0,0.0,0.0,0.0,30.059288874542418,30.059288874542418,0.0
2022-01-04 13:00:00,0.0,0.0,0.0,8.171766461472032,98.30887697955454,49.09918831618329,0.0,0.0,0.0,49.09918831618329,0.0,0.0,0.0,0.0,29.37437702549876,29.37437702549876,0.0
2022-01-04 14:00:00,0.0,0.0,0.0,8.171766461472034,97.55291046663065,49.09918831618329,0.0,0.0,0.0,49.09918831618329,0.0,0.0,0.0,0.0,29.446445500249638,29.446445500249638,0.0
2022-01-04 15:00:00,0.0,0.0,0.0,8.171766461472032,95.21931250594125,49.09918831618329,0.0,0.0,0.0,49.09918831618329,0.0,0.0,0.0,0.0,29.39452413341874,29.39452413341874,0.0
2022-01-04 16:00:00,0.0,0.0,0.0,8.171766461472032,103.60326488142249,56.75586110818331,0.0,0.0,0.0,56.75586110818331,0.0,0.0,0.0,0.0,33.06469143964366,33.06469143964366,0.0
2022-01-04 17:00:00,0.0,0.0,0.0,8.171766461472032,117.38601616653679,60.58419750418331,0.0,0.0,0.0,60.58419750418331,0.0,0.0,0.0,0.0,36.48743646976689,36.48743646976689,0.0
2022-01-04 18:00:00,0.0,0.0,0.0,8.171766461472032,129.3288945284701,48.73939881475194,0.0,0.0,0.0,48.73939881475194,0.0,0.0,0.0,0.0,35.5314949692158,35.5314949692158,0.0
2022-01-04 19:00:00,0.0,0.0,0.0,8.171766461472032,140.33989284912664,48.73939881475194,0.0,0.0,0.0,48.73939881475194,0.0,0.0,0.0,0.0,37.58567669293776,37.58567669293776,0.0
2022-01-04 20:00:00,0.0,0.0,0.0,8.171766461472032,142.6690428879501,44.191907497561786,0.0,0.0,0.0,44.191907497561786,0.0,0.0,0.0,0.0,36.62688503544844,36.62688503544844,0.0
2022-01-04 21:00:00,0.0,0.0,0.0,0.0,0.0,22.37766708451935,0.0,0.0,0.0,22.37766708451935,0.0,0.0,0.0,0.0,5.571815327374473,5.571815327374473,0.0
2022-01-04 22:00:00,0.0,0.0,0.0,0.0,0.0,15.107011293199369,0.0,0.0,0.0,15.107011293199369,0.0,0.0,0.0,0.0,3.6974410140105456,3.6974410140105456,0.0
2022-01-04 23:00:00,0.0,0.0,0.0,0.02165585293739707,0.654045668735798,15.128667146136763,0.0,0.0,0.0,15.128667146136763,0.0,0.0,0.0,0.0,3.7475823018792194,3.7475823018792194,0.0
2022-01-05 00:00:00,0.0,0.0,0.0,0.04820065862529641,1.4487873950109322,15.155211951824663,0.0,0.0,0.0,15.155211951824663,0.0,0.0,0.0,0.0,3.663351405741845,3.663351405741845,0.0
2022-01-05 01:00:00,0.0,0.0,0.0,0.16152558263632244,4.9153799719544295,15.268536875835688,0.0,0.0,0.0,15.268536875835688,0.0,0.0,0.0,0.0,4.30593188651864,4.30593188651864,0.0
2022-01-05 02:00:00,0.0,0.0,0.0,0.15024578986354872,4.563840898220563,15.257257083062918,0.0,0.0,0.0,15.257257083062918,0.0,0.0,0.0,0.0,4.13849656097098,4.13849656097098,0.0
2022-01-05 03:00:00,0.0,0.0,0.0,0.39504220449033234,12.017221475709656,15.502053497689698,0.0,0.0,0.0,15.502053497689698,0.0,0.0,0.0,0.0,5.539587893416527,5.539587893416527,0.0
2022-01-05 04:00:00,0.0,0.0,0.0,0.7281290392882176,22.052360688978155,15.83514033248759,0.0,0.0,0.0,15.83514033248759,0.0,0.0,0.0,0.0,7.512540863855692,7.512540863855692,0.0
2022-01-05 05:00:00,0.0,0.0,0.0,1.0614082124462283,32.17708851020272,16.168419505645595,0.0,0.0,0.0,16.168419505645595,0.0,0.0,0.0,0.0,9.49687459907578,9.49687459907578,0.0
2022-01-05 06:00:00,0.0,0.0,0.0,8.171766461472032,311.1306437664677,23.2787777546714,0.0,0.0,0.0,23.2787777546714,0.0,0.0,0.0,0.0,61.40684157785654,61.40684157785654,0.0
2022-01-05 07:00:00,0.0,0.0,0.0,8.171766461472032,266.1326201611666,22.892760753991375,0.0,0.0,0.0,22.892760753991375,0.0,0.0,0.0,0.0,53.41796102375057,53.41796102375057,0.0
2022-01-05 08:00:00,0.0,0.0,0.0,8.171766461472032,236.88409226921235,32.706898309561794,0.0,0.0,0.0,32.706898309561794,0.0,0.0,0.0,0.0,50.568110715365705,50.568110715365705,0.0
2022-01-05 09:00:00,0.0,0.0,0.0,8.171766461472032,199.6403552258683,49.09918831618329,0.0,0.0,0.0,49.09918831618329,0.0,0.0,0.0,0.0,48.172990490935724,48.172990490935724,0.0
2022-01-05 10:00:00,0.0,0.0,0.0,8.171766461472032,173.5135694569211,49.09918831618329,0.0,0.0,0.0,49.09918831618329,0.0,0.0,0.0,0.0,43.756082145367685,43.756082145367685,0.0
2022-01-05 11:00:00,0.0,0.0,0.0,8.171766461472032,148.58025985278658,49.09918831618329,0.0,0.0,0.0,49.09918831618329,0.0,0.0,0.0,0.0,39.351280029765846,39.351280029765846,0.0
2022-01-05 12:00:00,0.0,0.0,0.0,8.171766461472032,134.2670863813773,49.09918831618329,0.0,0.0,0.0,49.09918831618329,0.0,0.0,0.0,0.0,36.824759382890804,36.824759382890804,0.0
2022-01-05 13:00:00,0.0,0.0,0.0,8.171766461472032,123.20145772597125,49.09918831618329,0.0,0.0,0.0,49.09918831618329,0.0,0.0,0.0,0.0,35.080830253911486,35.080830253911486,0.0
2022-01-05 14:00:00,0.0,0.0,0.0,8.171766461472032,112.69641789715341,49.09918831618329,0.0,0.0,0.0,49.09918831618329,0.0,0.0,0.0,0.0,33.154533058723764,33.154533058723764,0.0
2022-01-05 15:00:00,0.0,0.0,0.0,8.171766461472034,105.96871535634028,49.09918831618329,0.0,0.0,0.0,49.09918831618329,0.0,0.0,0.0,0.0,31.787072011355953,31.787072011355953,0.0
2022-01-05 16:00:00,0.0,0.0,0.0,8.171766461472032,114.80941685501656,56.75586110818331,0.0,0.0,0.0,56.75586110818331,0.0,0.0,0.0,0.0,34.59369577899411,34.59369577899411,0.0
2022-01-05 17:00:00,0.0,0.0,0.0,8.171766461472032,127.18972253085174,60.58419750418331,0.0,0.0,0.0,60.58419750418331,0.0,0.0,0.0,0.0,37.550427011459504,37.550427011459504,0.0
2022-01-05 18:00:00,0.0,0.0,0.0,8.171766461472032,137.30247573058347,48.73939881475194,0.0,0.0,0.0,48.73939881475194,0.0,0.0,0.0,0.0,36.638638018632065,36.638638018632065,0.0
2022-01-05 19:00:00,0.0,0.0,0.0,8.171766461472032,151.54918891267627,48.73939881475194,0.0,0.0,0.0,48.73939881475194,0.0,0.0,0.0,0.0,39.46841956242317,39.46841956242317,0.0
2022-01-05 20:00:00,0.0,0.0,0.0,8.171766461472032,162.81303878734997,44.191907497561786,0.0,0.0,0.0,44.191907497561786,0.0,0.0,0.0,0.0,40.44163544595008,40.44163544595008,0.0
2022-01-05 21:00:00,0.0,0.0,0.0,0.0,0.0,22.37766708451935,0.0,0.0,0.0,22.37766708451935,0.0,0.0,0.0,0.0,5.598220974534206,5.598220974534206,0.0
2022-01-05 22:00:00,0.0,0.0,0.0,0.014554276955905969,0.44299871818919107,15.121565570155273,0.0,0.0,0.0,15.121565570155273,0.0,0.0,0.0,0.0,3.732829913100911,3.732829913100911,0.0
2022-01-05 23:00:00,0.0,0.0,0.0,0.12083382729500129,3.65754943532726,15.22784512049437,0.0,0.0,0.0,15.22784512049437,0.0,0.0,0.0,0.0,4.2098290510307335,4.2098290510307335,0.0
2022-01-06 00:00:00,0.0,0.0,0.0,0.23912442801958797,7.291426517322036,14.896716905684187,0.0,0.0,0.0,14.896716905684187,0.0,0.0,0.0,0.0,4.7643936709868955,4.7643936709868955,0.0
2022-01-06 01:00:00,0.0,0.0,0.0,0.5677856272516465,17.2122454562,15.225378104916249,0.0,0.0,0.0,15.225378104916249,0.0,0.0,0.0,0.0,6.553710214259729,6.553710214259729,0.0
2022-01-06 02:00:00,0.0,0.0,0.0,0.8205789791018578,24.87685196705637,15.478171456766459,0.0,0.0,0.0,15.478171456766459,0.0,0.0,0.0,0.0,7.989846348393515,7.989846348393515,0.0
2022-01-06 03:00:00,0.0,0.0,0.0,1.0226479269934834,30.930312764718106,15.680240404658084,0.0,0.0,0.0,15.680240404658084,0.0,0.0,0.0,0.0,9.151636949679705,9.151636949679705,0.0
2022-01-06 04:00:00,0.0,0.0,0.0,1.2111237230279115,36.754515626479915,15.86871620069251,0.0,0.0,0.0,15.86871620069251,0.0,0.0,0.0,0.0,10.239858919149027,10.239858919149027,0.0
2022-01-06 05:00:00,0.0,0.0,0.0,1.3028991823932807,39.435121139441186,15.96049166005788,0.0,0.0,0.0,15.96049166005788,0.0,0.0,0.0,0.0,10.809528153666587,10.809528153666587,0.0
2022-01-06 06:00:00,0.0,0.0,0.0,8.171766461472032,317.3029705348328,22.829358939136633,0.0,0.0,0.0,22.829358939136633,0.0,0.0,0.0,0.0,62.468263658578046,62.468263658578046,0.0
2022-01-06 07:00:00,0.0,0.0,0.0,8.171766461472032,278.21137055216514,18.345269436801235,0.0,0.0,0.0,18.345269436801235,0.0,0.0,0.0,0.0,54.38064611592506,54.38064611592506,0.0
2022-01-06 08:00:00,0.0,0.0,0.0,8.171766461472032,250.13921222071912,23.611915675181518,0.0,0.0,0.0,23.611915675181518,0.0,0.0,0.0,0.0,50.580329832570705,50.580329832570705,0.0
2022-01-06 09:00:00,0.0,0.0,0.0,8.171766461472032,216.832930414387,37.25438962675194,0.0,0.0,0.0,37.25438962675194,0.0,0.0,0.0,0.0,47.659661955234945,47.659661955234945,0.0
2022-01-06 10:00:00,0.0,0.0,0.0,8.171766461472032,193.1277049371806,49.09918831618329,0.0,0.0,0.0,49.09918831618329,0.0,0.0,0.0,0.0,45.88632452657093,45.88632452657093,0.0
2022-01-06 11:00:00,0.0,0.0,0.0,8.171766461472032,176.81789068610018,49.09918831618329,0.0,0.0,0.0,49.09918831618329,0.0,0.0,0.0,0.0,42.86184816942367,42.86184816942367,0.0
2022-01-06 12:00:00,0.0,0.0,0.0,8.171766461472032,171.35313875463444,49.09918831618329,0.0,0.0,0.0,49.09918831618329,0.0,0.0,0.0,0.0,41.79739465228377,41.79739465228377,0.0
2022-01-06 13:00:00,0.0,0.0,0.0,8.171766461472032,168.70045794544015,49.09918831618329,0.0,0.0,0.0,49.09918831618329,0.0,0.0,0.0,0.0,41.084593262036385,41.084593262036385,0.0
2022-01-06 14:00:00,0.0,0.0,0.0,8.171766461472032,165.9660960004491,49.09918831618329,0.0,0.0,0.0,49.09918831618329,0.0,0.0,0.0,0.0,40.89423026964237,40.89423026964237,0.0
2022-01-06 15:00:00,0.0,0.0,0.0,8.171766461472032,167.68872112177556,49.09918831618329,0.0,0.0,0.0,49.09918831618329,0.0,0.0,0.0,0.0,41.597183142633206,41.597183142633206,0.0
2022-01-06 16:00:00,0.0,0.0,0.0,8.171766461472032,178.15512802100352,56.75586110818331,0.0,0.0,0.0,56.75586110818331,0.0,0.0,0.0,0.0,45.29988509804676,45.29988509804676,0.0
2022-01-06 17:00:00,0.0,0.0,0.0,8.171766461472032,194.63780284836787,60.58419750418331,0.0,0.0,0.0,60.58419750418331,0.0,0.0,0.0,0.0,49.45153917196254,49.45153917196254,0.0
2022-01-06 18:00:00,0.0,0.0,0.0,8.171766461472032,223.25676681925262,44.191907497561786,0.0,0.0,0.0,44.191907497561786,0.0,0.0,0.0,0.0,50.71558922348975,50.71558922348975,0.0
2022-01-06 19:00:00,0.0,0.0,0.0,8.171766461472032,237.63546997934662,35.096924863181506,0.0,0.0,0.0,35.096924863181506,0.0,0.0,0.0,0.0,51.192429252400956,51.192429252400956,0.0
2022-01-06 20:00:00,0.0,0.0,0.0,8.171766461472032,248.6598021771592,35.096924863181506,0.0,0.0,0.0,35.096924863181506,0.0,0.0,0.0,0.0,53.40654774932551,53.40654774932551,0.0
2022-01-06 21:00:00,0.0,0.0,0.0,8.171766461472032,261.59988619945665,26.001942228801234,0.0,0.0,0.0,26.001942228801234,0.0,0.0,0.0,0.0,53.398058192447,53.398058192447,0.0
2022-01-06 22:00:00,0.0,0.0,0.0,0.12155991524436983,3.695666378067008,14.77915239290897,0.0,0.0,0.0,14.77915239290897,0.0,0.0,0.0,0.0,4.178115202551971,4.178115202551971,0.0
2022-01-06 23:00:00,0.0,0.0,0.0,0.7838828354709055,23.76166108665969,15.441475313135504,0.0,0.0,0.0,15.441475313135504,0.0,0.0,0.0,0.0,7.811924129393919,7.811924129393919,0.0
2022-01-07 00:00:00,0.0,0.0,0.0,1.170840882596104,35.43687291941711,15.828433360260705,0.0,0.0,0.0,15.828433360260705,0.0,0.0,0.0,0.0,10.007034295618366,10.007034295618366,0.0
2022-01-07 01:00:00,0.0,0.0,0.0,1.5817757902781444,47.917957894246335,16.239368267942744,0.0,0.0,0.0,16.239368267942744,0.0,0.0,0.0,0.0,12.388361065940007,12.388361065940007,0.0
2022-01-07 02:00:00,0.0,0.0,0.0,1.6084309809661985,48.786550854323444,16.266023458630798,0.0,0.0,0.0,16.266023458630798,0.0,0.0,0.0,0.0,12.629163969995645,12.629163969995645,0.0
2022-01-07 03:00:00,0.0,0.0,0.0,1.9803062131603493,60.08876319923329,16.63789869082495,0.0,0.0,0.0,16.63789869082495,0.0,0.0,0.0,0.0,14.78514898765621,14.78514898765621,0.0
2022-01-07 04:00:00,0.0,0.0,0.0,1.9079811355890213,57.97676999517747,16.565573613253623,0.0,0.0,0.0,16.565573613253623,0.0,0.0,0.0,0.0,14.521161407987252,14.521161407987252,0.0
2022-01-07 05:00:00,0.0,0.0,0.0,2.2769572652155876,69.16981004520014,16.93454974288019,0.0,0.0,0.0,16.93454974288019,0.0,0.0,0.0,0.0,16.749162794246757,16.749162794246757,0.0
2022-01-07 06:00:00,0.0,0.0,0.0,2.164586317010652,65.85571270178593,16.822178794675253,0.0,0.0,0.0,16.822178794675253,0.0,0.0,0.0,0.0,16.18199406839286,16.18199406839286,0.0
2022-01-07 07:00:00,0.0,0.0,0.0,2.395532247029361,72.822500039461,9.396451932693964,0.0,0.0,0.0,9.396451932693964,0.0,0.0,0.0,0.0,15.471640191960008,15.471640191960008,0.0
2022-01-07 08:00:00,0.0,0.0,0.0,8.171766461472032,334.405190290586,14.516933040801234,0.0,0.0,0.0,14.516933040801234,0.0,0.0,0.0,0.0,63.748876100360825,63.748876100360825,0.0
2022-01-07 09:00:00,0.0,0.0,0.0,8.171766461472032,294.73062008352105,14.516933040801234,0.0,0.0,0.0,14.516933040801234,0.0,0.0,0.0,0.0,56.53432033280642,56.53432033280642,0.0
2022-01-07 10:00:00,0.0,0.0,0.0,8.171766461472032,251.1283072484981,28.15940699237166,0.0,0.0,0.0,28.15940699237166,0.0,0.0,0.0,0.0,51.91684979830491,51.91684979830491,0.0
2022-01-07 11:00:00,0.0,0.0,0.0,8.171766461472032,231.4397646640562,28.15940699237166,0.0,0.0,0.0,28.15940699237166,0.0,0.0,0.0,0.0,48.3412257990149,48.3412257990149,0.0
2022-01-07 12:00:00,0.0,0.0,0.0,8.171766461472032,207.24319094649303,37.25438962675194,0.0,0.0,0.0,37.25438962675194,0.0,0.0,0.0,0.0,46.47284149846818,46.47284149846818,0.0
2022-01-07 13:00:00,0.0,0.0,0.0,8.171766461472032,193.66305214553722,37.25438962675194,0.0,0.0,0.0,37.25438962675194,0.0,0.0,0.0,0.0,44.21065093667132,44.21065093667132,0.0
2022-01-07 14:00:00,0.0,0.0,0.0,8.171766461472032,188.9973903802403,37.25438962675194,0.0,0.0,0.0,37.25438962675194,0.0,0.0,0.0,0.0,43.47304617517821,43.47304617517821,0.0
2022-01-07 15:00:00,0.0,0.0,0.0,8.171766461472032,191.51112597759223,37.25438962675194,0.0,0.0,0.0,37.25438962675194,0.0,0.0,0.0,0.0,44.233366568776404,44.233366568776404,0.0
2022-01-07 16:00:00,0.0,0.0,0.0,8.171766461472032,206.53189182298962,42.99689422075194,0.0,0.0,0.0,42.99689422075194,0.0,0.0,0.0,0.0,48.58419933985951,48.58419933985951,0.0
2022-01-07 17:00:00,0.0,0.0,0.0,8.171766461472032,260.7247406547173,39.64441618037165,0.0,0.0,0.0,39.64441618037165,0.0,0.0,0.0,0.0,57.178596450442704,57.178596450442704,0.0
2022-01-07 18:00:00,0.0,0.0,0.0,8.171766461472032,281.72882962093365,30.549433545991374,0.0,0.0,0.0,30.549433545991374,0.0,0.0,0.0,0.0,58.684436363388855,58.684436363388855,0.0
2022-01-07 19:00:00,0.0,0.0,0.0,0.10508586474862593,3.1915814094716715,14.762678342413226,0.0,0.0,0.0,14.762678342413226,0.0,0.0,0.0,0.0,4.46372553698549,4.46372553698549,0.0
2022-01-07 20:00:00,0.0,0.0,0.0,0.7017241217218433,21.246376521737357,15.35931659938644,0.0,0.0,0.0,15.35931659938644,0.0,0.0,0.0,0.0,7.874749119464502,7.874749119464502,0.0
2022-01-07 21:00:00,0.0,0.0,0.0,1.2522847610873935,37.914210392137164,15.909877238751994,0.0,0.0,0.0,15.909877238751994,0.0,0.0,0.0,0.0,10.975765265850164,10.975765265850164,0.0
2022-01-07 22:00:00,0.0,0.0,0.0,1.4993993890439092,45.38148333073951,16.15699186670851,0.0,0.0,0.0,16.15699186670851,0.0,0.0,0.0,0.0,12.322978636802596,12.322978636802596,0.0
2022-01-07 23:00:00,0.0,0.0,0.0,1.7173336642276928,52.129590823344735,16.374926141892292,0.0,0.0,0.0,16.374926141892292,0.0,0.0,0.0,0.0,13.31364419983266,13.31364419983266,0.0
2022-01-08 00:00:00,0.0,0.0,0.0,1.8894569072769996,57.27642832293324,16.996468200476365,0.0,0.0,0.0,16.996468200476365,0.0,0.0,0.0,0.0,14.369361668716497,14.369361668716497,0.0
2022-01-08 01:00:00,0.0,0.0,0.0,2.0647441498719017,62.80707876563089,17.17175544307127,0.0,0.0,0.0,17.17175544307127,0.0,0.0,0.0,0.0,15.34036871919822,15.34036871919822,0.0
2022-01-08 02:00:00,0.0,0.0,0.0,2.130865716070686,64.65804483902942,17.237877009270054,0.0,0.0,0.0,17.237877009270054,0.0,0.0,0.0,0.0,15.628483943899047,15.628483943899047,0.0
2022-01-08 03:00:00,0.0,0.0,0.0,2.2451515858154036,68.34750204719028,17.352162879014767,0.0,0.0,0.0,17.352162879014767,0.0,0.0,0.0,0.0,16.369872593652776,16.369872593652776,0.0
2022-01-08 04:00:00,0.0,0.0,0.0,2.2974415506256705,69.75991741627175,17.404452843825037,0.0,0.0,0.0,17.404452843825037,0.0,0.0,0.0,0.0,16.65574381817484,16.65574381817484,0.0
2022-01-08 05:00:00,0.0,0.0,0.0,2.407983357632134,73.34754451570356,17.5149946508315,0.0,0.0,0.0,17.5149946508315,0.0,0.0,0.0,0.0,17.48184110865516,17.48184110865516,0.0
2022-01-08 06:00:00,0.0,0.0,0.0,8.171766461472032,335.6748571996595,23.2787777546714,0.0,0.0,0.0,23.2787777546714,0.0,0.0,0.0,0.0,66.1163237292538,66.1163237292538,0.0
2022-01-08 07:00:00,0.0,0.0,0.0,8.171766461472032,334.01494269838236,22.892760753991375,0.0,0.0,0.0,22.892760753991375,0.0,0.0,0.0,0.0,65.81304165142156,65.81304165142156,0.0
2022-01-08 08:00:00,0.0,0.0,0.0,8.171766461472032,294.11277201177273,32.706898309561794,0.0,0.0,0.0,32.706898309561794,0.0,0.0,0.0,0.0,61.17862183948351,61.17862183948351,0.0
2022-01-08 09:00:00,0.0,0.0,0.0,8.171766461472032,238.92698962425666,49.09918831618329,0.0,0.0,0.0,49.09918831618329,0.0,0.0,0.0,0.0,55.541160413484675,55.541160413484675,0.0
2022-01-08 10:00:00,0.0,0.0,0.0,8.171766461472032,210.13080286339905,49.09918831618329,0.0,0.0,0.0,49.09918831618329,0.0,0.0,0.0,0.0,50.2979670281357,50.2979670281357,0.0
2022-01-08 11:00:00,0.0,0.0,0.0,8.171766461472032,186.8277095779179,49.09918831618329,0.0,0.0,0.0,49.09918831618329,0.0,0.0,0.0,0.0,45.82973493674732,45.82973493674732,0.0
2022-01-08 12:00:00,0.0,0.0,0.0,8.171766461472032,170.22108099458012,49.09918831618329,0.0,0.0,0.0,49.09918831618329,0.0,0.0,0.0,0.0,42.94232188682837,42.94232188682837,0.0
2022-01-08 13:00:00,0.0,0.0,0.0,8.171766461472032,157.1861255823682,49.09918831618329,0.0,0.0,0.0,49.09918831618329,0.0,0.0,0.0,0.0,40.63023319058112,40.63023319058112,0.0
2022-01-08 14:00:00,0.0,0.0,0.0,8.171766461472032,149.07678073978553,49.09918831618329,0.0,0.0,0.0,49.09918831618329,0.0,0.0,0.0,0.0,39.4603184964137,39.4603184964137,0.0
2022-01-08 15:00:00,0.0,0.0,0.0,8.171766461472032,143.8833082826363,49.09918831618329,0.0,0.0,0.0,49.09918831618329,0.0,0.0,0.0,0.0,38.516393775907275,38.516393775907275,0.0
2022-01-08 16:00:00,0.0,0.0,0.0,8.171766461472032,152.6843232098473,54.841692910183305,0.0,0.0,0.0,54.841692910183305,0.0,0.0,0.0,0.0,41.33346733040631,41.33346733040631,0.0
2022-01-08 17:00:00,0.0,0.0,0.0,8.171766461472032,163.4084525671248,60.58419750418331,0.0,0.0,0.0,60.58419750418331,0.0,0.0,0.0,0.0,44.48299105429777,44.48299105429777,0.0
2022-01-08 18:00:00,0.0,0.0,0.0,8.171766461472032,171.13337264041064,48.73939881475194,0.0,0.0,0.0,48.73939881475194,0.0,0.0,0.0,0.0,42.95751800962543,42.95751800962543,0.0
2022-01-08 19:00:00,0.0,0.0,0.0,8.171766461472032,178.90070494766837,48.73939881475194,0.0,0.0,0.0,48.73939881475194,0.0,0.0,0.0,0.0,44.36967643979154,44.36967643979154,0.0
2022-01-08 20:00:00,0.0,0.0,0.0,8.171766461472032,180.75467690347318,44.191907497561786,0.0,0.0,0.0,44.191907497561786,0.0,0.0,0.0,0.0,43.69368885335042,43.69368885335042,0.0
2022-01-08 21:00:00,0.0,0.0,0.0,0.0,0.0,22.37766708451935,0.0,0.0,0.0,22.37766708451935,0.0,0.0,0.0,0.0,5.539367710101919,5.539367710101919,0.0
2022-01-08 22:00:00,0.0,0.0,0.0,0.03581398569987995,1.0764028698168953,15.142825278899247,0.0,0.0,0.0,15.142825278899247,0.0,0.0,0.0,0.0,3.7613049899220052,3.7613049899220052,0.0
2022-01-08 23:00:00,0.0,0.0,0.0,0.15587901651607244,4.726001359921743,15.262890309715438,0.0,0.0,0.0,15.262890309715438,0.0,0.0,0.0,0.0,4.4010667880062755,4.4010667880062755,0.0
2022-01-09 00:00:00,0.0,0.0,0.0,0.2904864256800068,8.840787033530134,15.397497718879372,0.0,0.0,0.0,15.397497718879372,0.0,0.0,0.0,0.0,5.21481857975036,5.21481857975036,0.0
2022-01-09 01:00:00,0.0,0.0,0.0,0.5681911319358447,17.214862261390373,15.675202425135213,0.0,0.0,0.0,15.675202425135213,0.0,0.0,0.0,0.0,6.806571700632645,6.806571700632645,0.0
2022-01-09 02:00:00,0.0,0.0,0.0,0.7057466385972466,21.389656406882228,15.812757931796614,0.0,0.0,0.0,15.812757931796614,0.0,0.0,0.0,0.0,7.574804731636547,7.574804731636547,0.0
2022-01-09 03:00:00,0.0,0.0,0.0,0.7788262542779296,23.537554724173475,15.885837547477301,0.0,0.0,0.0,15.885837547477301,0.0,0.0,0.0,0.0,7.995264772093659,7.995264772093659,0.0
2022-01-09 04:00:00,0.0,0.0,0.0,0.8774155566350527,26.559347016816766,15.984426849834419,0.0,0.0,0.0,15.984426849834419,0.0,0.0,0.0,0.0,8.617484651644915,8.617484651644915,0.0
2022-01-09 05:00:00,0.0,0.0,0.0,0.9037435305618271,27.3331419412382,16.010754823761193,0.0,0.0,0.0,16.010754823761193,0.0,0.0,0.0,0.0,8.879842548236764,8.879842548236764,0.0
2022-01-09 06:00:00,0.0,0.0,0.0,8.171766461472032,281.08804543876545,23.2787777546714,0.0,0.0,0.0,23.2787777546714,0.0,0.0,0.0,0.0,56.55541882283646,56.55541882283646,0.0
2022-01-09 07:00:00,0.0,0.0,0.0,8.171766461472032,230.1387609401778,22.892760753991375,0.0,0.0,0.0,22.892760753991375,0.0,0.0,0.0,0.0,47.42784362833828,47.42784362833828,0.0
2022-01-09 08:00:00,0.0,0.0,0.0,8.171766461472032,197.43527491891032,32.706898309561794,0.0,0.0,0.0,32.706898309561794,0.0,0.0,0.0,0.0,43.96902104902651,43.96902104902651,0.0
2022-01-09 09:00:00,0.0,0.0,0.0,8.171766461472032,157.77716017533888,49.09918831618329,0.0,0.0,0.0,49.09918831618329,0.0,0.0,0.0,0.0,40.85350528199487,40.85350528199487,0.0
2022-01-09 10:00:00,0.0,0.0,0.0,8.171766461472032,138.09618184458031,49.09918831618329,0.0,0.0,0.0,49.09918831618329,0.0,0.0,0.0,0.0,37.37572989567839,37.37572989567839,0.0
2022-01-09 11:00:00,0.0,0.0,0.0,8.171766461472032,113.2775480571927,49.09918831618329,0.0,0.0,0.0,49.09918831618329,0.0,0.0,0.0,0.0,33.02692662395856,33.02692662395856,0.0
2022-01-09 12:00:00,0.0,0.0,0.0,8.171766461472032,96.21723916323052,49.09918831618329,0.0,0.0,0.0,49.09918831618329,0.0,0.0,0.0,0.0,29.865850419919155,29.865850419919155,0.0
2022-01-09 13:00:00,0.0,0.0,0.0,8.171766461472032,84.86255288168495,49.09918831618329,0.0,0.0,0.0,49.09918831618329,0.0,0.0,0.0,0.0,27.745330710880065,27.745330710880065,0.0
2022-01-09 14:00:00,0.0,0.0,0.0,8.171766461472034,78.15908125966503,49.09918831618329,0.0,0.0,0.0,49.09918831618329,0.0,0.0,0.0,0.0,26.567827382310554,26.567827382310554,0.0
2022-01-09 15:00:00,0.0,0.0,0.0,8.171766461472032,75.46828399122111,49.09918831618329,0.0,0.0,0.0,49.09918831618329,0.0,0.0,0.0,0.0,26.01853729124779,26.01853729124779,0.0
2022-01-09 16:00:00,0.0,0.0,0.0,8.171766461472032,85.84360576828759,54.841692910183305,0.0,0.0,0.0,54.841692910183305,0.0,0.0,0.0,0.0,29.33331874177953,29.33331874177953,0.0
2022-01-09 17:00:00,0.0,0.0,0.0,8.171766461472032,96.72926086831197,60.58419750418331,0.0,0.0,0.0,60.58419750418331,0.0,0.0,0.0,0.0,32.29319901559682,32.29319901559682,0.0
2022-01-09 18:00:00,0.0,0.0,0.0,8.171766461472032,102.43286065471469,48.73939881475194,0.0,0.0,0.0,48.73939881475194,0.0,0.0,0.0,0.0,30.379357749695785,30.379357749695785,0.0
2022-01-09 19:00:00,0.0,0.0,0.0,8.171766461472032,106.85443883517233,48.73939881475194,0.0,0.0,0.0,48.73939881475194,0.0,0.0,0.0,0.0,31.330943414352298,31.330943414352298,0.0
2022-01-09 20:00:00,0.0,0.0,0.0,8.171766461472032,109.43449370296999,44.191907497561786,0.0,0.0,0.0,44.191907497561786,0.0,0.0,0.0,0.0,30.77954368590325,30.77954368590325,0.0
2022-01-09 21:00:00,0.0,0.0,0.0,0.0,0.0,22.37766708451935,0.0,0.0,0.0,22.37766708451935,0.0,0.0,0.0,0.0,5.640290988653102,5.640290988653102,0.0
2022-01-09 22:00:00,0.0,0.0,0.0,0.0,0.0,15.107011293199369,0.0,0.0,0.0,15.107011293199369,0.0,0.0,0.0,0.0,3.709677693158037,3.709677693158037,0.0
2022-01-09 23:00:00,0.0,0.0,0.0,0.0,0.0,15.107011293199369,0.0,0.0,0.0,15.107011293199369,0.0,0.0,0.0,0.0,3.54319842870698,3.54319842870698,0.0
2022-01-10 00:00:00,0.0,0.0,0.0,0.0,0.0,15.107011293199369,0.0,0.0,0.0,15.107011293199369,0.0,0.0,0.0,0.0,3.470533704386691,3.470533704386691,0.0
2022-01-10 01:00:00,0.0,0.0,0.0,0.0,0.0,15.107011293199369,0.0,0.0,0.0,15.107011293199369,0.0,0.0,0.0,0.0,3.497575254601518,3.497575254601518,0.0
2022-01-10 02:00:00,0.0,0.0,0.0,0.0,0.0,15.107011293199369,0.0,0.0,0.0,15.107011293199369,0.0,0.0,0.0,0.0,3.5339831518181284,3.5339831518181284,0.0
2022-01-10 03:00:00,0.0,0.0,0.0,0.0,0.0,15.107011293199369,0.0,0.0,0.0,15.107011293199369,0.0,0.0,0.0,0.0,3.5294510484301687,3.5294510484301687,0.0
2022-01-10 04:00:00,0.0,0.0,0.0,0.03412065871744454,1.0331740972275218,15.141131951916812,0.0,0.0,0.0,15.141131951916812,0.0,0.0,0.0,0.0,3.72617148573736,3.72617148573736,0.0
2022-01-10 05:00:00,0.0,0.0,0.0,0.04111516348076895,1.2410261792659714,15.148126456680139,0.0,0.0,0.0,15.148126456680139,0.0,0.0,0.0,0.0,3.9242860521371012,3.9242860521371012,0.0
2022-01-10 06:00:00,0.0,0.0,0.0,8.171766461472032,222.39398545976866,23.2787777546714,0.0,0.0,0.0,23.2787777546714,0.0,0.0,0.0,0.0,45.92234843975845,45.92234843975845,0.0
2022-01-10 07:00:00,0.0,0.0,0.0,8.171766461472032,179.89615556612026,22.892760753991375,0.0,0.0,0.0,22.892760753991375,0.0,0.0,0.0,0.0,38.135086691154356,38.135086691154356,0.0
2022-01-10 08:00:00,0.0,0.0,0.0,8.171766461472032,149.7108175665781,32.706898309561794,0.0,0.0,0.0,32.706898309561794,0.0,0.0,0.0,0.0,34.970974269224506,34.970974269224506,0.0
2022-01-10 09:00:00,0.0,0.0,0.0,8.171766461472032,114.8292383521486,49.09918831618329,0.0,0.0,0.0,49.09918831618329,0.0,0.0,0.0,0.0,32.67833048558109,32.67833048558109,0.0
2022-01-10 10:00:00,0.0,0.0,0.0,8.171766461472032,97.11531739529,49.09918831618329,0.0,0.0,0.0,49.09918831618329,0.0,0.0,0.0,0.0,29.493841600513072,29.493841600513072,0.0
2022-01-10 11:00:00,0.0,0.0,0.0,8.171766461472032,79.21707975869614,49.09918831618329,0.0,0.0,0.0,49.09918831618329,0.0,0.0,0.0,0.0,26.33508544690966,26.33508544690966,0.0
2022-01-10 12:00:00,0.0,0.0,0.0,8.171766461472032,69.86487493820623,49.09918831618329,0.0,0.0,0.0,49.09918831618329,0.0,0.0,0.0,0.0,24.64434320971898,24.64434320971898,0.0
2022-01-10 13:00:00,0.0,0.0,0.0,8.171766461472032,65.70948441121766,49.09918831618329,0.0,0.0,0.0,49.09918831618329,0.0,0.0,0.0,0.0,23.669816166383576,23.669816166383576,0.0
2022-01-10 14:00:00,0.0,0.0,0.0,8.171766461472032,64.60368153306464,49.09918831618329,0.0,0.0,0.0,49.09918831618329,0.0,0.0,0.0,0.0,23.514414177842916,23.514414177842916,0.0
2022-01-10 15:00:00,0.0,0.0,0.0,8.171766461472032,66.0721101219401,49.09918831618329,0.0,0.0,0.0,49.09918831618329,0.0,0.0,0.0,0.0,24.026265262483214,24.026265262483214,0.0
2022-01-10 16:00:00,0.0,0.0,0.0,8.171766461472032,81.51348686536966,54.841692910183305,0.0,0.0,0.0,54.841692910183305,0.0,0.0,0.0,0.0,28.38476662597448,28.38476662597448,0.0
2022-01-10 17:00:00,0.0,0.0,0.0,8.171766461472034,100.29926820435459,60.58419750418331,0.0,0.0,0.0,60.58419750418331,0.0,0.0,0.0,0.0,33.02625076912952,33.02625076912952,0.0
2022-01-10 18:00:00,0.0,0.0,0.0,8.171766461472032,117.87438991776105,48.73939881475194,0.0,0.0,0.0,48.73939881475194,0.0,0.0,0.0,0.0,33.308754048464024,33.308754048464024,0.0
2022-01-10 19:00:00,0.0,0.0,0.0,8.171766461472032,133.82355572992915,48.73939881475194,0.0,0.0,0.0,48.73939881475194,0.0,0.0,0.0,0.0,36.2544918439473,36.2544918439473,0.0
2022-01-10 20:00:00,0.0,0.0,0.0,8.171766461472032,145.34896745482382,44.191907497561786,0.0,0.0,0.0,44.191907497561786,0.0,0.0,0.0,0.0,37.29633833222826,37.29633833222826,0.0
2022-01-10 21:00:00,0.0,0.0,0.0,0.0,0.0,22.37766708451935,0.0,0.0,0.0,22.37766708451935,0.0,0.0,0.0,0.0,5.497969025995559,5.497969025995559,0.0
2022-01-10 22:00:00,0.0,0.0,0.0,0.0,0.0,15.107011293199369,0.0,0.0,0.0,15.107011293199369,0.0,0.0,0.0,0.0,3.6129928208815607,3.6129928208815607,0.0
2022-01-10 23:00:00,0.0,0.0,0.0,0.0,0.0,15.107011293199369,0.0,0.0,0.0,15.107011293199369,0.0,0.0,0.0,0.0,3.491381379971306,3.491381379971306,0.0
2022-01-11 00:00:00,0.0,0.0,0.0,0.04162605322423152,1.2596004501722713,15.148637346423598,0.0,0.0,0.0,15.148637346423598,0.0,0.0,0.0,0.0,3.6332656627644324,3.6332656627644324,0.0
2022-01-11 01:00:00,0.0,0.0,0.0,0.05124454344719767,1.5400135671121638,15.158255836646564,0.0,0.0,0.0,15.158255836646564,0.0,0.0,0.0,0.0,3.676215786753989,3.676215786753989,0.0
2022-01-11 02:00:00,0.0,0.0,0.0,0.049235462785197186,1.4866312758440061,15.156246755984562,0.0,0.0,0.0,15.156246755984562,0.0,0.0,0.0,0.0,3.736327209428067,3.736327209428067,0.0
2022-01-11 03:00:00,0.0,0.0,0.0,0.09707430894238081,2.9476473031480697,15.204085602141745,0.0,0.0,0.0,15.204085602141745,0.0,0.0,0.0,0.0,4.120257687409225,4.120257687409225,0.0
2022-01-11 04:00:00,0.0,0.0,0.0,0.1199572739856074,3.662740106776536,15.226968567184974,0.0,0.0,0.0,15.226968567184974,0.0,0.0,0.0,0.0,4.276187447101998,4.276187447101998,0.0
2022-01-11 05:00:00,0.0,0.0,0.0,0.15406671155432694,4.682515883784928,15.261078004753694,0.0,0.0,0.0,15.261078004753694,0.0,0.0,0.0,0.0,4.472020662730382,4.472020662730382,0.0
2022-01-11 06:00:00,0.0,0.0,0.0,8.171766461472032,237.89147921883506,23.2787777546714,0.0,0.0,0.0,23.2787777546714,0.0,0.0,0.0,0.0,48.222660337101914,48.222660337101914,0.0
2022-01-11 07:00:00,0.0,0.0,0.0,8.171766461472032,191.8873891544794,22.892760753991375,0.0,0.0,0.0,22.892760753991375,0.0,0.0,0.0,0.0,39.99307346058455,39.99307346058455,0.0
2022-01-11 08:00:00,0.0,0.0,0.0,8.171766461472032,169.18799797090065,32.706898309561794,0.0,0.0,0.0,32.706898309561794,0.0,0.0,0.0,0.0,38.54587901531778,38.54587901531778,0.0
2022-01-11 09:00:00,0.0,0.0,0.0,8.171766461472032,138.4315392829377,49.09918831618329,0.0,0.0,0.0,49.09918831618329,0.0,0.0,0.0,0.0,37.02907887019034,37.02907887019034,0.0
2022-01-11 10:00:00,0.0,0.0,0.0,8.171766461472032,121.23879794717935,49.09918831618329,0.0,0.0,0.0,49.09918831618329,0.0,0.0,0.0,0.0,33.76903639203938,33.76903639203938,0.0
2022-01-11 11:00:00,0.0,0.0,0.0,8.171766461472032,99.65260226342248,49.09918831618329,0.0,0.0,0.0,49.09918831618329,0.0,0.0,0.0,0.0,30.071955786891436,30.071955786891436,0.0
2022-01-11 12:00:00,0.0,0.0,0.0,8.171766461472034,82.1487522126738,49.09918831618329,0.0,0.0,0.0,49.09918831618329,0.0,0.0,0.0,0.0,27.155565448665122,27.155565448665122,0.0
2022-01-11 13:00:00,0.0,0.0,0.0,8.171766461472032,65.65154586090614,49.09918831618329,0.0,0.0,0.0,49.09918831618329,0.0,0.0,0.0,0.0,24.075745423327945,24.075745423327945,0.0
2022-01-11 14:00:00,0.0,0.0,0.0,8.171766461472032,55.892632834687625,49.09918831618329,0.0,0.0,0.0,49.09918831618329,0.0,0.0,0.0,0.0,22.465946656584286,22.465946656584286,0.0
2022-01-11 15:00:00,0.0,0.0,0.0,8.171766461472032,54.3001897420997,49.09918831618329,0.0,0.0,0.0,49.09918831618329,0.0,0.0,0.0,0.0,22.541578628081176,22.541578628081176,0.0
2022-01-11 16:00:00,0.0,0.0,0.0,8.171766461472032,66.3553063243901,54.841692910183305,0.0,0.0,0.0,54.841692910183305,0.0,0.0,0.0,0.0,26.103038156473833,26.103038156473833,0.0
2022-01-11 17:00:00,0.0,0.0,0.0,8.171766461472032,77.56866410027304,60.58419750418331,0.0,0.0,0.0,60.58419750418331,0.0,0.0,0.0,0.0,29.532773800400236,29.532773800400236,0.0
2022-01-11 18:00:00,0.0,0.0,0.0,8.171766461472032,81.913124292587,48.73939881475194,0.0,0.0,0.0,48.73939881475194,0.0,0.0,0.0,0.0,27.105879125903982,27.105879125903982,0.0
2022-01-11 19:00:00,0.0,0.0,0.0,8.171766461472032,89.4368308801386,48.73939881475194,0.0,0.0,0.0,48.73939881475194,0.0,0.0,0.0,0.0,28.454676884821794,28.454676884821794,0.0
2022-01-11 20:00:00,0.0,0.0,0.0,8.171766461472032,92.22557545232516,44.191907497561786,0.0,0.0,0.0,44.191907497561786,0.0,0.0,0.0,0.0,28.07614648141528,28.07614648141528,0.0
2022-01-11 21:00:00,0.0,0.0,0.0,0.0,0.0,22.37766708451935,0.0,0.0,0.0,22.37766708451935,0.0,0.0,0.0,0.0,5.764934594313875,5.764934594313875,0.0
2022-01-11 22:00:00,0.0,0.0,0.0,0.0,0.0,15.107011293199369,0.0,0.0,0.0,15.107011293199369,0.0,0.0,0.0,0.0,3.8406554810700757,3.8406554810700757,0.0
2022-01-11 23:00:00,0.0,0.0,0.0,0.0,0.0,15.107011293199369,0.0,0.0,0.0,15.107011293199369,0.0,0.0,0.0,0.0,3.7823424174783256,3.7823424174783256,0.0
2022-01-12 00:00:00,0.0,0.0,0.0,0.0,0.0,15.107011293199369,0.0,0.0,0.0,15.107011293199369,0.0,0.0,0.0,0.0,3.711490534513221,3.711490534513221,0.0
2022-01-12 01:00:00,0.0,0.0,0.0,0.0,0.0,15.107011293199369,0.0,0.0,0.0,15.107011293199369,0.0,0.0,0.0,0.0,3.7187418999339563,3.7187418999339563,0.0
2022-01-12 02:00:00,0.0,0.0,0.0,0.0,0.0,15.107011293199369,0.0,0.0,0.0,15.107011293199369,0.0,0.0,0.0,0.0,3.6495517882111037,3.6495517882111037,0.0
2022-01-12 03:00:00,0.0,0.0,0.0,0.0,0.0,15.107011293199369,0.0,0.0,0.0,15.107011293199369,0.0,0.0,0.0,0.0,3.64773894685592,3.64773894685592,0.0
2022-01-12 04:00:00,0.0,0.0,0.0,0.0,0.0,15.107011293199369,0.0,0.0,0.0,15.107011293199369,0.0,0.0,0.0,0.0,3.676291198200066,3.676291198200066,0.0
2022-01-12 05:00:00,0.0,0.0,0.0,0.0,0.0,15.107011293199369,0.0,0.0,0.0,15.107011293199369,0.0,0.0,0.0,0.0,3.7066562908993976,3.7066562908993976,0.0
2022-01-12 06:00:00,0.0,0.0,0.0,8.171766461472032,189.94243897436994,23.2787777546714,0.0,0.0,0.0,23.2787777546714,0.0,0.0,0.0,0.0,39.91601703652154,39.91601703652154,0.0
2022-01-12 07:00:00,0.0,0.0,0.0,8.171766461472032,151.0821526980091,22.892760753991375,0.0,0.0,0.0,22.892760753991375,0.0,0.0,0.0,0.0,32.79831059751176,32.79831059751176,0.0
2022-01-12 08:00:00,0.0,0.0,0.0,8.171766461472032,126.48899050605101,32.706898309561794,0.0,0.0,0.0,32.706898309561794,0.0,0.0,0.0,0.0,30.607697266863312,30.607697266863312,0.0
2022-01-12 09:00:00,0.0,0.0,0.0,8.171766461472032,101.54688348558784,49.09918831618329,0.0,0.0,0.0,49.09918831618329,0.0,0.0,0.0,0.0,30.178327785243027,30.178327785243027,0.0
2022-01-12 10:00:00,0.0,0.0,0.0,8.171766461472032,94.49289589311664,49.09918831618329,0.0,0.0,0.0,49.09918831618329,0.0,0.0,0.0,0.0,29.096304289300782,29.096304289300782,0.0
2022-01-12 11:00:00,0.0,0.0,0.0,8.171766461472032,84.09405522986532,49.09918831618329,0.0,0.0,0.0,49.09918831618329,0.0,0.0,0.0,0.0,27.265723031625328,27.265723031625328,0.0
2022-01-12 12:00:00,0.0,0.0,0.0,8.171766461472034,80.10616317798676,49.09918831618329,0.0,0.0,0.0,49.09918831618329,0.0,0.0,0.0,0.0,26.640007890269302,26.640007890269302,0.0
2022-01-12 13:00:00,0.0,0.0,0.0,8.171766461472032,75.51606998222556,49.09918831618329,0.0,0.0,0.0,49.09918831618329,0.0,0.0,0.0,0.0,25.62845576958967,25.62845576958967,0.0
2022-01-12 14:00:00,0.0,0.0,0.0,8.171766461472032,76.31308209439995,49.09918831618329,0.0,0.0,0.0,49.09918831618329,0.0,0.0,0.0,0.0,25.90305296324631,25.90305296324631,0.0
2022-01-12 15:00:00,0.0,0.0,0.0,8.171766461472032,77.20412627341236,49.09918831618329,0.0,0.0,0.0,49.09918831618329,0.0,0.0,0.0,0.0,26.291797062343356,26.291797062343356,0.0
2022-01-12 16:00:00,0.0,0.0,0.0,8.171766461472032,84.55527082191283,54.841692910183305,0.0,0.0,0.0,54.841692910183305,0.0,0.0,0.0,0.0,28.995509033848045,28.995509033848045,0.0
2022-01-12 17:00:00,0.0,0.0,0.0,8.171766461472032,96.87456714654611,60.58419750418331,0.0,0.0,0.0,60.58419750418331,0.0,0.0,0.0,0.0,32.07217794534946,32.07217794534946,0.0
2022-01-12 18:00:00,0.0,0.0,0.0,8.171766461472032,114.0933587464637,48.73939881475194,0.0,0.0,0.0,48.73939881475194,0.0,0.0,0.0,0.0,32.480784835866054,32.480784835866054,0.0
2022-01-12 19:00:00,0.0,0.0,0.0,8.171766461472032,134.2601024417587,48.73939881475194,0.0,0.0,0.0,48.73939881475194,0.0,0.0,0.0,0.0,36.37939468906718,36.37939468906718,0.0
2022-01-12 20:00:00,0.0,0.0,0.0,8.171766461472032,146.60983382557546,44.191907497561786,0.0,0.0,0.0,44.191907497561786,0.0,0.0,0.0,0.0,37.73415324319034,37.73415324319034,0.0
2022-01-12 21:00:00,0.0,0.0,0.0,0.0,0.0,22.37766708451935,0.0,0.0,0.0,22.37766708451935,0.0,0.0,0.0,0.0,5.6675917424962154,5.6675917424962154,0.0
2022-01-12 22:00:00,0.0,0.0,0.0,0.0,0.0,15.107011293199369,0.0,0.0,0.0,15.107011293199369,0.0,0.0,0.0,0.0,3.799111200013777,3.799111200013777,0.0
2022-01-12 23:00:00,0.0,0.0,0.0,0.034893402338873475,1.0491648607529083,15.141904695538244,0.0,0.0,0.0,15.141904695538244,0.0,0.0,0.0,0.0,3.9954259890658257,3.9954259890658257,0.0
2022-01-13 00:00:00,0.0,0.0,0.0,0.17170220017511517,5.21624675027205,14.829294677839716,0.0,0.0,0.0,14.829294677839716,0.0,0.0,0.0,0.0,4.6586710786132315,4.6586710786132315,0.0
2022-01-13 01:00:00,0.0,0.0,0.0,0.22686758236673432,6.8947137078734535,14.884460060031333,0.0,0.0,0.0,14.884460060031333,0.0,0.0,0.0,0.0,4.92783028138151,4.92783028138151,0.0
2022-01-13 02:00:00,0.0,0.0,0.0,0.5294017634115226,16.0678541951734,15.186994241076121,0.0,0.0,0.0,15.186994241076121,0.0,0.0,0.0,0.0,6.6519567464044655,6.6519567464044655,0.0
2022-01-13 03:00:00,0.0,0.0,0.0,0.6878251530656588,20.83052599974659,15.345417630730257,0.0,0.0,0.0,15.345417630730257,0.0,0.0,0.0,0.0,7.548842604465841,7.548842604465841,0.0
2022-01-13 04:00:00,0.0,0.0,0.0,0.898128519830615,27.18079429036609,15.555720997495213,0.0,0.0,0.0,15.555720997495213,0.0,0.0,0.0,0.0,8.719531732894929,8.719531732894929,0.0
2022-01-13 05:00:00,0.0,0.0,0.0,0.952601737147973,28.83624942871629,15.610194214812575,0.0,0.0,0.0,15.610194214812575,0.0,0.0,0.0,0.0,9.040984238737602,9.040984238737602,0.0
2022-01-13 06:00:00,0.0,0.0,0.0,8.171766461472032,294.89368820961573,22.829358939136633,0.0,0.0,0.0,22.829358939136633,0.0,0.0,0.0,0.0,58.814256802986215,58.814256802986215,0.0
2022-01-13 07:00:00,0.0,0.0,0.0,8.171766461472032,249.59897362513888,18.345269436801235,0.0,0.0,0.0,18.345269436801235,0.0,0.0,0.0,0.0,49.54230940234454,49.54230940234454,0.0
2022-01-13 08:00:00,0.0,0.0,0.0,8.171766461472032,222.23354381633743,23.611915675181518,0.0,0.0,0.0,23.611915675181518,0.0,0.0,0.0,0.0,46.06544782044975,46.06544782044975,0.0
2022-01-13 09:00:00,0.0,0.0,0.0,8.171766461472032,185.5320791575077,37.25438962675194,0.0,0.0,0.0,37.25438962675194,0.0,0.0,0.0,0.0,42.87593861501581,42.87593861501581,0.0
2022-01-13 10:00:00,0.0,0.0,0.0,8.171766461472032,157.54275812608645,49.09918831618329,0.0,0.0,0.0,49.09918831618329,0.0,0.0,0.0,0.0,40.762201907641156,40.762201907641156,0.0
2022-01-13 11:00:00,0.0,0.0,0.0,8.171766461472032,135.26649203291532,49.09918831618329,0.0,0.0,0.0,49.09918831618329,0.0,0.0,0.0,0.0,36.530404625185724,36.530404625185724,0.0
2022-01-13 12:00:00,0.0,0.0,0.0,8.171766461472032,122.10044736746283,49.09918831618329,0.0,0.0,0.0,49.09918831618329,0.0,0.0,0.0,0.0,33.938906483479045,33.938906483479045,0.0
2022-01-13 13:00:00,0.0,0.0,0.0,8.171766461472032,121.03243353650126,49.09918831618329,0.0,0.0,0.0,49.09918831618329,0.0,0.0,0.0,0.0,33.75299304541396,33.75299304541396,0.0
2022-01-13 14:00:00,0.0,0.0,0.0,8.171766461472034,121.24367984043327,49.09918831618329,0.0,0.0,0.0,49.09918831618329,0.0,0.0,0.0,0.0,33.939798570515414,33.939798570515414,0.0
2022-01-13 15:00:00,0.0,0.0,0.0,8.171766461472032,127.63032458881459,49.09918831618329,0.0,0.0,0.0,49.09918831618329,0.0,0.0,0.0,0.0,35.338649487035994,35.338649487035994,0.0
2022-01-13 16:00:00,0.0,0.0,0.0,8.171766461472032,135.68023100363615,54.841692910183305,0.0,0.0,0.0,54.841692910183305,0.0,0.0,0.0,0.0,38.142995508673216,38.142995508673216,0.0
2022-01-13 17:00:00,0.0,0.0,0.0,8.171766461472032,145.34969860849765,60.58419750418331,0.0,0.0,0.0,60.58419750418331,0.0,0.0,0.0,0.0,40.61051690121097,40.61051690121097,0.0
2022-01-13 18:00:00,0.0,0.0,0.0,8.171766461472032,166.36352859872397,44.191907497561786,0.0,0.0,0.0,44.191907497561786,0.0,0.0,0.0,0.0,40.6447284798015,40.6447284798015,0.0
2022-01-13 19:00:00,0.0,0.0,0.0,8.171766461472032,171.0004537462404,35.096924863181506,0.0,0.0,0.0,35.096924863181506,0.0,0.0,0.0,0.0,39.27443700444638,39.27443700444638,0.0
2022-01-13 20:00:00,0.0,0.0,0.0,8.171766461472032,170.988769085834,35.096924863181506,0.0,0.0,0.0,35.096924863181506,0.0,0.0,0.0,0.0,39.383941397566325,39.383941397566325,0.0
2022-01-13 21:00:00,0.0,0.0,0.0,8.171766461472032,178.3676867197515,26.001942228801234,0.0,0.0,0.0,26.001942228801234,0.0,0.0,0.0,0.0,38.480451316406274,38.480451316406274,0.0
2022-01-13 22:00:00,0.0,0.0,0.0,0.0,0.0,14.657592477664597,0.0,0.0,0.0,14.657592477664597,0.0,0.0,0.0,0.0,3.611337634647003,3.611337634647003,0.0
2022-01-13 23:00:00,0.0,0.0,0.0,0.0,0.0,14.657592477664597,0.0,0.0,0.0,14.657592477664597,0.0,0.0,0.0,0.0,3.575426533076725,3.575426533076725,0.0
2022-01-14 00:00:00,0.0,0.0,0.0,0.05834360009308881,1.7570328697351665,14.71593607775769,0.0,0.0,0.0,14.71593607775769,0.0,0.0,0.0,0.0,3.921905994222568,3.921905994222568,0.0
2022-01-14 01:00:00,0.0,0.0,0.0,0.13810832795644984,4.205964346411667,14.795700805621049,0.0,0.0,0.0,14.795700805621049,0.0,0.0,0.0,0.0,4.467751470361999,4.467751470361999,0.0
2022-01-14 02:00:00,0.0,0.0,0.0,0.16774566835432397,5.096473759820981,14.825338146018924,0.0,0.0,0.0,14.825338146018924,0.0,0.0,0.0,0.0,4.633296710523576,4.633296710523576,0.0
2022-01-14 03:00:00,0.0,0.0,0.0,0.1322118827576142,4.0285991237102525,14.789804360422213,0.0,0.0,0.0,14.789804360422213,0.0,0.0,0.0,0.0,4.490687232651085,4.490687232651085,0.0
2022-01-14 04:00:00,0.0,0.0,0.0,0.23297031827887654,7.088287693972494,14.890562795943476,0.0,0.0,0.0,14.890562795943476,0.0,0.0,0.0,0.0,5.146008594082548,5.146008594082548,0.0
2022-01-14 05:00:00,0.0,0.0,0.0,0.4037500840120031,12.272203304349786,15.061342561676602,0.0,0.0,0.0,15.061342561676602,0.0,0.0,0.0,0.0,6.143035510470801,6.143035510470801,0.0
2022-01-14 06:00:00,0.0,0.0,0.0,0.4954241832267786,15.017794725832601,15.153016660891376,0.0,0.0,0.0,15.153016660891376,0.0,0.0,0.0,0.0,6.558887598025294,6.558887598025294,0.0
2022-01-14 07:00:00,0.0,0.0,0.0,0.4476238819354299,13.61527399134869,7.448543567600028,0.0,0.0,0.0,7.448543567600028,0.0,0.0,0.0,0.0,4.2710404285734995,4.2710404285734995,0.0
2022-01-14 08:00:00,0.0,0.0,0.0,8.171766461472032,250.09112485074465,14.516933040801234,0.0,0.0,0.0,14.516933040801234,0.0,0.0,0.0,0.0,48.58043309520256,48.58043309520256,0.0
2022-01-14 09:00:00,0.0,0.0,0.0,8.171766461472032,202.38096130124367,14.516933040801234,0.0,0.0,0.0,14.516933040801234,0.0,0.0,0.0,0.0,40.096317171103344,40.096317171103344,0.0
2022-01-14 10:00:00,0.0,0.0,0.0,8.171766461472032,179.3076205498306,28.15940699237166,0.0,0.0,0.0,28.15940699237166,0.0,0.0,0.0,0.0,39.466468087547455,39.466468087547455,0.0
2022-01-14 11:00:00,0.0,0.0,0.0,8.171766461472032,168.05980889993413,28.15940699237166,0.0,0.0,0.0,28.15940699237166,0.0,0.0,0.0,0.0,37.45706421000109,37.45706421000109,0.0
2022-01-14 12:00:00,0.0,0.0,0.0,8.171766461472032,149.26690857970667,37.25438962675194,0.0,0.0,0.0,37.25438962675194,0.0,0.0,0.0,0.0,36.489436490663806,36.489436490663806,0.0
2022-01-14 13:00:00,0.0,0.0,0.0,8.171766461472032,133.55641345841016,37.25438962675194,0.0,0.0,0.0,37.25438962675194,0.0,0.0,0.0,0.0,33.56128611780429,33.56128611780429,0.0
2022-01-14 14:00:00,0.0,0.0,0.0,8.171766461472032,124.54456222095482,37.25438962675194,0.0,0.0,0.0,37.25438962675194,0.0,0.0,0.0,0.0,32.07728489996062,32.07728489996062,0.0
2022-01-14 15:00:00,0.0,0.0,0.0,8.171766461472032,125.82294814623887,37.25438962675194,0.0,0.0,0.0,37.25438962675194,0.0,0.0,0.0,0.0,32.56898463038782,32.56898463038782,0.0
2022-01-14 16:00:00,0.0,0.0,0.0,8.171766461472032,136.93858925098812,42.99689422075194,0.0,0.0,0.0,42.99689422075194,0.0,0.0,0.0,0.0,36.061205864091384,36.061205864091384,0.0
2022-01-14 17:00:00,0.0,0.0,0.0,8.171766461472032,180.11926769700312,39.64441618037165,0.0,0.0,0.0,39.64441618037165,0.0,0.0,0.0,0.0,42.490715789038624,42.490715789038624,0.0
2022-01-14 18:00:00,0.0,0.0,0.0,8.171766461472032,196.69218236099624,30.549433545991374,0.0,0.0,0.0,30.549433545991374,0.0,0.0,0.0,0.0,43.18995071359353,43.18995071359353,0.0
2022-01-14 19:00:00,0.0,0.0,0.0,0.0,0.0,14.657592477664597,0.0,0.0,0.0,14.657592477664597,0.0,0.0,0.0,0.0,3.772864303750867,3.772864303750867,0.0
2022-01-14 20:00:00,0.0,0.0,0.0,0.02701362364102914,0.8154477485455713,14.684606101305627,0.0,0.0,0.0,14.684606101305627,0.0,0.0,0.0,0.0,3.9994749615540965,3.9994749615540965,0.0
2022-01-14 21:00:00,0.0,0.0,0.0,0.14376047039189546,4.370132056323415,14.801352948056495,0.0,0.0,0.0,14.801352948056495,0.0,0.0,0.0,0.0,4.581762968834635,4.581762968834635,0.0
2022-01-14 22:00:00,0.0,0.0,0.0,0.35852331297954343,10.8993960554411,15.016115790644143,0.0,0.0,0.0,15.016115790644143,0.0,0.0,0.0,0.0,5.685236200212445,5.685236200212445,0.0
2022-01-14 23:00:00,0.0,0.0,0.0,0.8577013943683648,25.973260859757495,15.515293872032963,0.0,0.0,0.0,15.515293872032963,0.0,0.0,0.0,0.0,8.437869067137948,8.437869067137948,0.0
2022-01-15 00:00:00,0.0,0.0,0.0,1.0637329130520259,32.21847078849551,15.721325390716625,0.0,0.0,0.0,15.721325390716625,0.0,0.0,0.0,0.0,9.603151553396149,9.603151553396149,0.0
2022-01-15 01:00:00,0.0,0.0,0.0,1.2572150244439069,38.10322718751819,15.914807502108504,0.0,0.0,0.0,15.914807502108504,0.0,0.0,0.0,0.0,10.598730968437135,10.598730968437135,0.0
2022-01-15 02:00:00,0.0,0.0,0.0,1.3283758278007956,40.272525820357885,15.985968305465395,0.0,0.0,0.0,15.985968305465395,0.0,0.0,0.0,0.0,11.008746661333522,11.008746661333522,0.0
2022-01-15 03:00:00,0.0,0.0,0.0,1.4740388727442206,44.724014562188565,16.13163135040882,0.0,0.0,0.0,16.13163135040882,0.0,0.0,0.0,0.0,11.92707256059113,11.92707256059113,0.0
2022-01-15 04:00:00,0.0,0.0,0.0,1.4379285940181596,43.621752826876026,16.095521071682757,0.0,0.0,0.0,16.095521071682757,0.0,0.0,0.0,0.0,11.83373224591631,11.83373224591631,0.0
2022-01-15 05:00:00,0.0,0.0,0.0,1.533852053073759,46.55552588195932,16.19144453073836,0.0,0.0,0.0,16.19144453073836,0.0,0.0,0.0,0.0,12.460966591725711,12.460966591725711,0.0
2022-01-15 06:00:00,0.0,0.0,0.0,1.426102486878678,43.25952957838262,16.083694964543277,0.0,0.0,0.0,16.083694964543277,0.0,0.0,0.0,0.0,11.767841512327445,11.767841512327445,0.0
2022-01-15 07:00:00,0.0,0.0,0.0,1.3879050826772916,42.10749625929419,8.38882476834189,0.0,0.0,0.0,8.38882476834189,0.0,0.0,0.0,0.0,9.653344080156916,9.653344080156916,0.0
2022-01-15 08:00:00,0.0,0.0,0.0,8.171766461472032,283.1121439134695,14.516933040801234,0.0,0.0,0.0,14.516933040801234,0.0,0.0,0.0,0.0,54.619805808750904,54.619805808750904,0.0
2022-01-15 09:00:00,0.0,0.0,0.0,8.171766461472032,216.22425075908924,14.516933040801234,0.0,0.0,0.0,14.516933040801234,0.0,0.0,0.0,0.0,42.686215791419215,42.686215791419215,0.0
2022-01-15 10:00:00,0.0,0.0,0.0,8.171766461472032,175.61325496161277,28.15940699237166,0.0,0.0,0.0,28.15940699237166,0.0,0.0,0.0,0.0,38.757367358585014,38.757367358585014,0.0
2022-01-15 11:00:00,0.0,0.0,0.0,8.171766461472032,149.84378441142653,28.15940699237166,0.0,0.0,0.0,28.15940699237166,0.0,0.0,0.0,0.0,34.064060641189634,34.064060641189634,0.0
2022-01-15 12:00:00,0.0,0.0,0.0,8.171766461472032,119.52723807326596,37.25438962675194,0.0,0.0,0.0,37.25438962675194,0.0,0.0,0.0,0.0,30.897113494488504,30.897113494488504,0.0
2022-01-15 13:00:00,0.0,0.0,0.0,8.171766461472032,103.2806733662463,37.25438962675194,0.0,0.0,0.0,37.25438962675194,0.0,0.0,0.0,0.0,28.057597887169525,28.057597887169525,0.0
2022-01-15 14:00:00,0.0,0.0,0.0,8.171766461472032,94.20510687983729,37.25438962675194,0.0,0.0,0.0,37.25438962675194,0.0,0.0,0.0,0.0,26.55169348327075,26.55169348327075,0.0
2022-01-15 15:00:00,0.0,0.0,0.0,8.171766461472032,90.28525531305259,37.25438962675194,0.0,0.0,0.0,37.25438962675194,0.0,0.0,0.0,0.0,26.086958486283184,26.086958486283184,0.0
2022-01-15 16:00:00,0.0,0.0,0.0,8.171766461472032,99.29555877932704,42.99689422075194,0.0,0.0,0.0,42.99689422075194,0.0,0.0,0.0,0.0,29.362246955513367,29.362246955513367,0.0
2022-01-15 17:00:00,0.0,0.0,0.0,8.171766461472032,134.14177466348238,39.64441618037165,0.0,0.0,0.0,39.64441618037165,0.0,0.0,0.0,0.0,34.52564001616483,34.52564001616483,0.0
2022-01-15 18:00:00,0.0,0.0,0.0,8.171766461472032,156.7317674666181,30.549433545991374,0.0,0.0,0.0,30.549433545991374,0.0,0.0,0.0,0.0,36.20127014005092,36.20127014005092,0.0
2022-01-15 19:00:00,0.0,0.0,0.0,0.0,0.0,14.657592477664597,0.0,0.0,0.0,14.657592477664597,0.0,0.0,0.0,0.0,3.8320809773606324,3.8320809773606324,0.0
2022-01-15 20:00:00,0.0,0.0,0.0,0.0,0.0,14.657592477664597,0.0,0.0,0.0,14.657592477664597,0.0,0.0,0.0,0.0,3.89554835278892,3.89554835278892,0.0
2022-01-15 21:00:00,0.0,0.0,0.0,0.0,0.0,14.657592477664597,0.0,0.0,0.0,14.657592477664597,0.0,0.0,0.0,0.0,3.924277234045143,3.924277234045143,0.0
2022-01-15 22:00:00,0.0,0.0,0.0,0.04132710219586282,1.2504662716000228,14.698919579860464,0.0,0.0,0.0,14.698919579860464,0.0,0.0,0.0,0.0,4.063181861536981,4.063181861536981,0.0
2022-01-15 23:00:00,0.0,0.0,0.0,0.106987953256911,3.2467406397058918,14.764580430921509,0.0,0.0,0.0,14.764580430921509,0.0,0.0,0.0,0.0,4.369920127585795,4.369920127585795,0.0
2022-01-16 00:00:00,0.0,0.0,0.0,0.1583330721211078,4.829262418832072,15.265344365320475,0.0,0.0,0.0,15.265344365320475,0.0,0.0,0.0,0.0,4.92261228082156,4.92261228082156,0.0
2022-01-16 01:00:00,0.0,0.0,0.0,0.29598340942089046,9.009423369120848,15.402994702620257,0.0,0.0,0.0,15.402994702620257,0.0,0.0,0.0,0.0,5.8003667515889195,5.8003667515889195,0.0
2022-01-16 02:00:00,0.0,0.0,0.0,0.6109385852311807,18.5762289119081,15.717949878430545,0.0,0.0,0.0,15.717949878430545,0.0,0.0,0.0,0.0,7.658763411434615,7.658763411434615,0.0
2022-01-16 03:00:00,0.0,0.0,0.0,0.6136379601551232,18.609174784552994,15.72064925335449,0.0,0.0,0.0,15.72064925335449,0.0,0.0,0.0,0.0,7.674396996957526,7.674396996957526,0.0
2022-01-16 04:00:00,0.0,0.0,0.0,0.6939463304143841,21.071179118260616,15.80095762361375,0.0,0.0,0.0,15.80095762361375,0.0,0.0,0.0,0.0,8.186224726366385,8.186224726366385,0.0
2022-01-16 05:00:00,0.0,0.0,0.0,0.6813054642323013,20.64394517107394,15.788316757431668,0.0,0.0,0.0,15.788316757431668,0.0,0.0,0.0,0.0,8.177150361013325,8.177150361013325,0.0
2022-01-16 06:00:00,0.0,0.0,0.0,8.171766461472032,261.34275253730965,23.2787777546714,0.0,0.0,0.0,23.2787777546714,0.0,0.0,0.0,0.0,53.63275505068299,53.63275505068299,0.0
2022-01-16 07:00:00,0.0,0.0,0.0,8.171766461472032,207.77014743185464,22.892760753991375,0.0,0.0,0.0,22.892760753991375,0.0,0.0,0.0,0.0,43.64646268107041,43.64646268107041,0.0
2022-01-16 08:00:00,0.0,0.0,0.0,8.171766461472032,171.7475257222122,32.706898309561794,0.0,0.0,0.0,32.706898309561794,0.0,0.0,0.0,0.0,39.834207574114615,39.834207574114615,0.0
2022-01-16 09:00:00,0.0,0.0,0.0,8.171766461472032,129.50228224070668,49.09918831618329,0.0,0.0,0.0,49.09918831618329,0.0,0.0,0.0,0.0,36.97780671161187,36.97780671161187,0.0
2022-01-16 10:00:00,0.0,0.0,0.0,8.171766461472032,109.18550145038037,49.09918831618329,0.0,0.0,0.0,49.09918831618329,0.0,0.0,0.0,0.0,33.668857145738656,33.668857145738656,0.0
2022-01-16 11:00:00,0.0,0.0,0.0,8.171766461472032,84.2090619004183,49.09918831618329,0.0,0.0,0.0,49.09918831618329,0.0,0.0,0.0,0.0,29.36430767982537,29.36430767982537,0.0
2022-01-16 12:00:00,0.0,0.0,0.0,8.171766461472032,59.173252687218415,49.09918831618329,0.0,0.0,0.0,49.09918831618329,0.0,0.0,0.0,0.0,24.792770918449712,24.792770918449712,0.0
2022-01-16 13:00:00,0.0,0.0,0.0,8.171766461472032,38.38104818027175,49.09918831618329,0.0,0.0,0.0,49.09918831618329,0.0,0.0,0.0,0.0,21.144378311923788,21.144378311923788,0.0
2022-01-16 14:00:00,0.0,0.0,0.0,8.171766461472032,28.71109940026575,49.09918831618329,0.0,0.0,0.0,49.09918831618329,0.0,0.0,0.0,0.0,19.638976133521336,19.638976133521336,0.0
2022-01-16 15:00:00,0.0,0.0,0.0,8.171766461472032,23.513092539454465,49.09918831618329,0.0,0.0,0.0,49.09918831618329,0.0,0.0,0.0,0.0,18.92549216872701,18.92549216872701,0.0
2022-01-16 16:00:00,0.0,0.0,0.0,8.171766461472032,32.24056089832146,52.9275247121833,0.0,0.0,0.0,52.9275247121833,0.0,0.0,0.0,0.0,21.207894582812948,21.207894582812948,0.0
2022-01-16 17:00:00,0.0,0.0,0.0,8.171766461472032,42.127363346668524,60.58419750418331,0.0,0.0,0.0,60.58419750418331,0.0,0.0,0.0,0.0,25.05147335663691,25.05147335663691,0.0
2022-01-16 18:00:00,0.0,0.0,0.0,8.171766461472032,46.43696662176708,48.73939881475194,0.0,0.0,0.0,48.73939881475194,0.0,0.0,0.0,0.0,22.37893356364863,22.37893356364863,0.0
2022-01-16 19:00:00,0.0,0.0,0.0,8.171766461472032,51.49920916909977,48.73939881475194,0.0,0.0,0.0,48.73939881475194,0.0,0.0,0.0,0.0,23.282106732852768,23.282106732852768,0.0
2022-01-16 20:00:00,0.0,0.0,0.0,8.171766461472032,55.07737814831632,44.191907497561786,0.0,0.0,0.0,44.191907497561786,0.0,0.0,0.0,0.0,22.387661039837198,22.387661039837198,0.0
2022-01-16 21:00:00,0.0,0.0,0.0,0.0,0.0,22.37766708451935,0.0,0.0,0.0,22.37766708451935,0.0,0.0,0.0,0.0,6.208907509270738,6.208907509270738,0.0
2022-01-16 22:00:00,0.0,0.0,0.0,0.0,0.0,15.107011293199369,0.0,0.0,0.0,15.107011293199369,0.0,0.0,0.0,0.0,4.143248917272859,4.143248917272859,0.0
2022-01-16 23:00:00,0.0,0.0,0.0,0.0,0.0,15.107011293199369,0.0,0.0,0.0,15.107011293199369,0.0,0.0,0.0,0.0,4.00471762371422,4.00471762371422,0.0
2022-01-17 00:00:00,0.0,0.0,0.0,0.0,0.0,15.107011293199369,0.0,0.0,0.0,15.107011293199369,0.0,0.0,0.0,0.0,4.051549358723139,4.051549358723139,0.0
2022-01-17 01:00:00,0.0,0.0,0.0,0.0,0.0,15.107011293199369,0.0,0.0,0.0,15.107011293199369,0.0,0.0,0.0,0.0,4.057290023014554,4.057290023014554,0.0
2022-01-17 02:00:00,0.0,0.0,0.0,0.0,0.0,15.107011293199369,0.0,0.0,0.0,15.107011293199369,0.0,0.0,0.0,0.0,4.055628251772302,4.055628251772302,0.0
2022-01-17 03:00:00,0.0,0.0,0.0,0.0,0.0,15.107011293199369,0.0,0.0,0.0,15.107011293199369,0.0,0.0,0.0,0.0,4.112430614234732,4.112430614234732,0.0
2022-01-17 04:00:00,0.0,0.0,0.0,0.0,0.0,15.107011293199369,0.0,0.0,0.0,15.107011293199369,0.0,0.0,0.0,0.0,4.1050281787010645,4.1050281787010645,0.0
2022-01-17 05:00:00,0.0,0.0,0.0,0.0,0.0,15.107011293199369,0.0,0.0,0.0,15.107011293199369,0.0,0.0,0.0,0.0,4.038859469236852,4.038859469236852,0.0
2022-01-17 06:00:00,0.0,0.0,0.0,8.171766461472032,168.9551073053901,23.2787777546714,0.0,0.0,0.0,23.2787777546714,0.0,0.0,0.0,0.0,36.76716300437428,36.76716300437428,0.0
2022-01-17 07:00:00,0.0,0.0,0.0,8.171766461472032,132.61655323009904,22.892760753991375,0.0,0.0,0.0,22.892760753991375,0.0,0.0,0.0,0.0,30.29153010815535,30.29153010815535,0.0
2022-01-17 08:00:00,0.0,0.0,0.0,8.171766461472032,109.27988939062949,32.706898309561794,0.0,0.0,0.0,32.706898309561794,0.0,0.0,0.0,0.0,28.662109649880424,28.662109649880424,0.0
2022-01-17 09:00:00,0.0,0.0,0.0,8.171766461472034,73.40652109453345,49.09918831618329,0.0,0.0,0.0,49.09918831618329,0.0,0.0,0.0,0.0,26.04403746948503,26.04403746948503,0.0
2022-01-17 10:00:00,0.0,0.0,0.0,8.171766461472032,49.74830685391095,49.09918831618329,0.0,0.0,0.0,49.09918831618329,0.0,0.0,0.0,0.0,21.58747845306913,21.58747845306913,0.0
2022-01-17 11:00:00,0.0,0.0,0.0,8.171766461472032,26.666349760002607,49.09918831618329,0.0,0.0,0.0,49.09918831618329,0.0,0.0,0.0,0.0,17.492445513216357,17.492445513216357,0.0
2022-01-17 12:00:00,0.0,0.0,0.0,8.171766461472032,12.566122663511292,49.09918831618329,0.0,0.0,0.0,49.09918831618329,0.0,0.0,0.0,0.0,14.947310890883017,14.947310890883017,0.0
2022-01-17 13:00:00,0.0,0.0,0.0,8.171766461472032,8.420364576762747,49.09918831618329,0.0,0.0,0.0,49.09918831618329,0.0,0.0,0.0,0.0,14.596604888367821,14.596604888367821,0.0
2022-01-17 14:00:00,0.0,0.0,0.0,8.171766461472032,12.751850564907558,49.09918831618329,0.0,0.0,0.0,49.09918831618329,0.0,0.0,0.0,0.0,15.986302653157733,15.986302653157733,0.0
2022-01-17 15:00:00,0.0,0.0,0.0,8.171766461472032,14.395732376465913,49.09918831618329,0.0,0.0,0.0,49.09918831618329,0.0,0.0,0.0,0.0,16.833177146994075,16.833177146994075,0.0
2022-01-17 16:00:00,0.0,0.0,0.0,8.171766461472032,25.459724327273488,52.9275247121833,0.0,0.0,0.0,52.9275247121833,0.0,0.0,0.0,0.0,20.24528847073862,20.24528847073862,0.0
2022-01-17 17:00:00,0.0,0.0,0.0,8.171766461472032,39.94850807231256,60.58419750418331,0.0,0.0,0.0,60.58419750418331,0.0,0.0,0.0,0.0,24.859097413954203,24.859097413954203,0.0
2022-01-17 18:00:00,0.0,0.0,0.0,8.171766461472032,49.47371806676618,48.73939881475194,0.0,0.0,0.0,48.73939881475194,0.0,0.0,0.0,0.0,23.296608743868198,23.296608743868198,0.0
2022-01-17 19:00:00,0.0,0.0,0.0,8.171766461472032,58.5525178221244,48.73939881475194,0.0,0.0,0.0,48.73939881475194,0.0,0.0,0.0,0.0,24.769435595431275,24.769435595431275,0.0
2022-01-17 20:00:00,0.0,0.0,0.0,8.171766461472032,64.62659795549156,44.191907497561786,0.0,0.0,0.0,44.191907497561786,0.0,0.0,0.0,0.0,24.560852910603316,24.560852910603316,0.0
2022-01-17 21:00:00,0.0,0.0,0.0,0.0,0.0,22.37766708451935,0.0,0.0,0.0,22.37766708451935,0.0,0.0,0.0,0.0,6.402921882893521,6.402921882893521,0.0
2022-01-17 22:00:00,0.0,0.0,0.0,0.0,0.0,15.107011293199369,0.0,0.0,0.0,15.107011293199369,0.0,0.0,0.0,0.0,4.225582128820795,4.225582128820795,0.0
2022-01-17 23:00:00,0.0,0.0,0.0,0.0,0.0,15.107011293199369,0.0,0.0,0.0,15.107011293199369,0.0,0.0,0.0,0.0,4.0455065542058595,4.0455065542058595,0.0
2022-01-18 00:00:00,0.0,0.0,0.0,0.0,0.0,15.107011293199369,0.0,0.0,0.0,15.107011293199369,0.0,0.0,0.0,0.0,3.9745036011278216,3.9745036011278216,0.0
2022-01-18 01:00:00,0.0,0.0,0.0,0.0,0.0,15.107011293199369,0.0,0.0,0.0,15.107011293199369,0.0,0.0,0.0,0.0,3.9210247811498964,3.9210247811498964,0.0
2022-01-18 02:00:00,0.0,0.0,0.0,0.0,0.0,15.107011293199369,0.0,0.0,0.0,15.107011293199369,0.0,0.0,0.0,0.0,3.9467067003483347,3.9467067003483347,0.0
2022-01-18 03:00:00,0.0,0.0,0.0,0.0,0.0,15.107011293199369,0.0,0.0,0.0,15.107011293199369,0.0,0.0,0.0,0.0,3.9553176967854586,3.9553176967854586,0.0
2022-01-18 04:00:00,0.0,0.0,0.0,0.0,0.0,15.107011293199369,0.0,0.0,0.0,15.107011293199369,0.0,0.0,0.0,0.0,4.0790441192767615,4.0790441192767615,0.0
2022-01-18 05:00:00,0.0,0.0,0.0,0.0,0.0,15.107011293199369,0.0,0.0,0.0,15.107011293199369,0.0,0.0,0.0,0.0,4.176333272004965,4.176333272004965,0.0
2022-01-18 06:00:00,0.0,0.0,0.0,8.171766461472032,132.96685235832626,23.2787777546714,0.0,0.0,0.0,23.2787777546714,0.0,0.0,0.0,0.0,30.562152375350085,30.562152375350085,0.0
2022-01-18 07:00:00,0.0,0.0,0.0,8.171766461472032,103.00147993336503,22.892760753991375,0.0,0.0,0.0,22.892760753991375,0.0,0.0,0.0,0.0,25.097825099565753,25.097825099565753,0.0
2022-01-18 08:00:00,0.0,0.0,0.0,8.171766461472032,88.28657942742674,32.706898309561794,0.0,0.0,0.0,32.706898309561794,0.0,0.0,0.0,0.0,25.353234832998908,25.353234832998908,0.0
2022-01-18 09:00:00,0.0,0.0,0.0,8.171766461472032,67.28575627333429,49.09918831618329,0.0,0.0,0.0,49.09918831618329,0.0,0.0,0.0,0.0,26.3540838846952,26.3540838846952,0.0
2022-01-18 10:00:00,0.0,0.0,0.0,8.171766461472034,62.0653365869356,49.09918831618329,0.0,0.0,0.0,49.09918831618329,0.0,0.0,0.0,0.0,25.397942426155705,25.397942426155705,0.0
2022-01-18 11:00:00,0.0,0.0,0.0,8.171766461472032,55.3545137957713,49.09918831618329,0.0,0.0,0.0,49.09918831618329,0.0,0.0,0.0,0.0,24.032047609052853,24.032047609052853,0.0
2022-01-18 12:00:00,0.0,0.0,0.0,8.171766461472032,58.18266751813314,49.09918831618329,0.0,0.0,0.0,49.09918831618329,0.0,0.0,0.0,0.0,24.492649661514655,24.492649661514655,0.0
2022-01-18 13:00:00,0.0,0.0,0.0,8.171766461472032,62.83689453221693,49.09918831618329,0.0,0.0,0.0,49.09918831618329,0.0,0.0,0.0,0.0,25.327699211491122,25.327699211491122,0.0
2022-01-18 14:00:00,0.0,0.0,0.0,8.171766461472032,67.01823562326929,49.09918831618329,0.0,0.0,0.0,49.09918831618329,0.0,0.0,0.0,0.0,26.068276609416102,26.068276609416102,0.0
2022-01-18 15:00:00,0.0,0.0,0.0,8.171766461472032,68.2481861844437,49.09918831618329,0.0,0.0,0.0,49.09918831618329,0.0,0.0,0.0,0.0,26.45323001439059,26.45323001439059,0.0
2022-01-18 16:00:00,0.0,0.0,0.0,8.171766461472032,74.74587433708341,52.9275247121833,0.0,0.0,0.0,52.9275247121833,0.0,0.0,0.0,0.0,28.783719683510604,28.783719683510604,0.0
2022-01-18 17:00:00,0.0,0.0,0.0,8.171766461472032,82.10468812997595,60.58419750418331,0.0,0.0,0.0,60.58419750418331,0.0,0.0,0.0,0.0,32.139143999661734,32.139143999661734,0.0
2022-01-18 18:00:00,0.0,0.0,0.0,8.171766461472032,87.13927457095467,48.73939881475194,0.0,0.0,0.0,48.73939881475194,0.0,0.0,0.0,0.0,29.246813646575475,29.246813646575475,0.0
2022-01-18 19:00:00,0.0,0.0,0.0,8.171766461472032,94.73550710481072,48.73939881475194,0.0,0.0,0.0,48.73939881475194,0.0,0.0,0.0,0.0,30.68421580032242,30.68421580032242,0.0
2022-01-18 20:00:00,0.0,0.0,0.0,8.171766461472032,98.23351188448261,44.191907497561786,0.0,0.0,0.0,44.191907497561786,0.0,0.0,0.0,0.0,29.90251156534146,29.90251156534146,0.0
2022-01-18 21:00:00,0.0,0.0,0.0,0.0,0.0,22.37766708451935,0.0,0.0,0.0,22.37766708451935,0.0,0.0,0.0,0.0,6.056963149766853,6.056963149766853,0.0
2022-01-18 22:00:00,0.0,0.0,0.0,0.0,0.0,15.107011293199369,0.0,0.0,0.0,15.107011293199369,0.0,0.0,0.0,0.0,3.932052899393931,3.932052899393931,0.0
2022-01-18 23:00:00,0.0,0.0,0.0,0.0,0.0,15.107011293199369,0.0,0.0,0.0,15.107011293199369,0.0,0.0,0.0,0.0,3.7648182843782148,3.7648182843782148,0.0
2022-01-19 00:00:00,0.0,0.0,0.0,0.0,0.0,15.107011293199369,0.0,0.0,0.0,15.107011293199369,0.0,0.0,0.0,0.0,3.8201099457113243,3.8201099457113243,0.0
2022-01-19 01:00:00,0.0,0.0,0.0,0.0,0.0,15.107011293199369,0.0,0.0,0.0,15.107011293199369,0.0,0.0,0.0,0.0,3.786119170301626,3.786119170301626,0.0
2022-01-19 02:00:00,0.0,0.0,0.0,0.0,0.0,15.107011293199369,0.0,0.0,0.0,15.107011293199369,0.0,0.0,0.0,0.0,3.780680646236074,3.780680646236074,0.0
2022-01-19 03:00:00,0.0,0.0,0.0,0.0,0.0,15.107011293199369,0.0,0.0,0.0,15.107011293199369,0.0,0.0,0.0,0.0,3.8373319385855718,3.8373319385855718,0.0
2022-01-19 04:00:00,0.0,0.0,0.0,0.0,0.0,15.107011293199369,0.0,0.0,0.0,15.107011293199369,0.0,0.0,0.0,0.0,3.8491154073942675,3.8491154073942675,0.0
2022-01-19 05:00:00,0.0,0.0,0.0,0.0,0.0,15.107011293199369,0.0,0.0,0.0,15.107011293199369,0.0,0.0,0.0,0.0,3.9134712755032965,3.9134712755032965,0.0
2022-01-19 06:00:00,0.0,0.0,0.0,8.171766461472032,187.57804091686606,23.2787777546714,0.0,0.0,0.0,23.2787777546714,0.0,0.0,0.0,0.0,40.05993787878982,40.05993787878982,0.0
2022-01-19 07:00:00,0.0,0.0,0.0,8.171766461472032,149.0690576203546,22.892760753991375,0.0,0.0,0.0,22.892760753991375,0.0,0.0,0.0,0.0,33.225652241137986,33.225652241137986,0.0
2022-01-19 08:00:00,0.0,0.0,0.0,8.171766461472032,130.6745006421304,32.706898309561794,0.0,0.0,0.0,32.706898309561794,0.0,0.0,0.0,0.0,32.49393998861105,32.49393998861105,0.0
2022-01-19 09:00:00,0.0,0.0,0.0,8.171766461472032,108.35687946637344,49.09918831618329,0.0,0.0,0.0,49.09918831618329,0.0,0.0,0.0,0.0,33.19462678771949,33.19462678771949,0.0
2022-01-19 10:00:00,0.0,0.0,0.0,8.171766461472032,102.48232433850434,49.09918831618329,0.0,0.0,0.0,49.09918831618329,0.0,0.0,0.0,0.0,32.13985665549863,32.13985665549863,0.0
2022-01-19 11:00:00,0.0,0.0,0.0,8.171766461472032,93.41467996239344,49.09918831618329,0.0,0.0,0.0,49.09918831618329,0.0,0.0,0.0,0.0,31.073828163692436,31.073828163692436,0.0
2022-01-19 12:00:00,0.0,0.0,0.0,8.171766461472032,89.65657330245132,49.09918831618329,0.0,0.0,0.0,49.09918831618329,0.0,0.0,0.0,0.0,30.550859962707595,30.550859962707595,0.0
2022-01-19 13:00:00,0.0,0.0,0.0,8.171766461472032,88.84508158256142,49.09918831618329,0.0,0.0,0.0,49.09918831618329,0.0,0.0,0.0,0.0,30.802453967850834,30.802453967850834,0.0
2022-01-19 14:00:00,0.0,0.0,0.0,8.171766461472032,91.04514397756371,49.09918831618329,0.0,0.0,0.0,49.09918831618329,0.0,0.0,0.0,0.0,31.59284259533088,31.59284259533088,0.0
2022-01-19 15:00:00,0.0,0.0,0.0,8.171766461472032,89.60469216071816,49.09918831618329,0.0,0.0,0.0,49.09918831618329,0.0,0.0,0.0,0.0,31.189137035544185,31.189137035544185,0.0
2022-01-19 16:00:00,0.0,0.0,0.0,8.171766461472032,94.28741137641303,52.9275247121833,0.0,0.0,0.0,52.9275247121833,0.0,0.0,0.0,0.0,33.71111222774245,33.71111222774245,0.0
2022-01-19 17:00:00,0.0,0.0,0.0,8.171766461472032,101.62063378157978,60.58419750418331,0.0,0.0,0.0,60.58419750418331,0.0,0.0,0.0,0.0,37.093084470771856,37.093084470771856,0.0
2022-01-19 18:00:00,0.0,0.0,0.0,8.171766461472032,106.84168732616402,48.73939881475194,0.0,0.0,0.0,48.73939881475194,0.0,0.0,0.0,0.0,34.47233872342625,34.47233872342625,0.0
2022-01-19 19:00:00,0.0,0.0,0.0,8.171766461472032,114.77634886058776,48.73939881475194,0.0,0.0,0.0,48.73939881475194,0.0,0.0,0.0,0.0,36.04670862102527,36.04670862102527,0.0
2022-01-19 20:00:00,0.0,0.0,0.0,8.171766461472032,120.55148787619692,44.191907497561786,0.0,0.0,0.0,44.191907497561786,0.0,0.0,0.0,0.0,35.825101678949444,35.825101678949444,0.0
2022-01-19 21:00:00,0.0,0.0,0.0,0.0,0.0,22.37766708451935,0.0,0.0,0.0,22.37766708451935,0.0,0.0,0.0,0.0,6.736125345782013,6.736125345782013,0.0
2022-01-19 22:00:00,0.0,0.0,0.0,0.0,0.0,15.107011293199369,0.0,0.0,0.0,15.107011293199369,0.0,0.0,0.0,0.0,4.411096227501284,4.411096227501284,0.0
2022-01-19 23:00:00,0.0,0.0,0.0,0.0,0.0,15.107011293199369,0.0,0.0,0.0,15.107011293199369,0.0,0.0,0.0,0.0,4.322418071210203,4.322418071210203,0.0
2022-01-20 00:00:00,0.0,0.0,0.0,0.0,0.0,14.657592477664597,0.0,0.0,0.0,14.657592477664597,0.0,0.0,0.0,0.0,4.045348947910652,4.045348947910652,0.0
2022-01-20 01:00:00,0.0,0.0,0.0,0.0,0.0,14.657592477664597,0.0,0.0,0.0,14.657592477664597,0.0,0.0,0.0,0.0,4.0563421422689006,4.0563421422689006,0.0
2022-01-20 02:00:00,0.0,0.0,0.0,0.025205248339293856,0.7601519657531902,14.68279772600389,0.0,0.0,0.0,14.68279772600389,0.0,0.0,0.0,0.0,4.230429682234802,4.230429682234802,0.0
2022-01-20 03:00:00,0.0,0.0,0.0,0.054129750278949576,1.6336227858869203,14.711722227943548,0.0,0.0,0.0,14.711722227943548,0.0,0.0,0.0,0.0,4.423420654047391,4.423420654047391,0.0
2022-01-20 04:00:00,0.0,0.0,0.0,0.062274493205736386,1.8895713574460664,14.719866970870337,0.0,0.0,0.0,14.719866970870337,0.0,0.0,0.0,0.0,4.478708704270001,4.478708704270001,0.0
2022-01-20 05:00:00,0.0,0.0,0.0,0.12110176360840492,3.681124090421868,14.778694241273005,0.0,0.0,0.0,14.778694241273005,0.0,0.0,0.0,0.0,4.844123878576038,4.844123878576038,0.0
2022-01-20 06:00:00,0.0,0.0,0.0,8.171766461472032,228.31147094787897,22.829358939136633,0.0,0.0,0.0,22.829358939136633,0.0,0.0,0.0,0.0,47.49614269711586,47.49614269711586,0.0
2022-01-20 07:00:00,0.0,0.0,0.0,8.171766461472032,184.42901967277103,18.345269436801235,0.0,0.0,0.0,18.345269436801235,0.0,0.0,0.0,0.0,38.22762161193407,38.22762161193407,0.0
2022-01-20 08:00:00,0.0,0.0,0.0,8.171766461472032,166.98116294017868,23.611915675181518,0.0,0.0,0.0,23.611915675181518,0.0,0.0,0.0,0.0,36.641418290794064,36.641418290794064,0.0
2022-01-20 09:00:00,0.0,0.0,0.0,8.171766461472032,142.4476290697023,37.25438962675194,0.0,0.0,0.0,37.25438962675194,0.0,0.0,0.0,0.0,36.37888153582138,36.37888153582138,0.0
2022-01-20 10:00:00,0.0,0.0,0.0,8.171766461472032,123.76224585186543,49.09918831618329,0.0,0.0,0.0,49.09918831618329,0.0,0.0,0.0,0.0,36.761812268224816,36.761812268224816,0.0
2022-01-20 11:00:00,0.0,0.0,0.0,8.171766461472032,109.85892772637293,49.09918831618329,0.0,0.0,0.0,49.09918831618329,0.0,0.0,0.0,0.0,34.571766903601315,34.571766903601315,0.0
2022-01-20 12:00:00,0.0,0.0,0.0,8.171766461472032,101.32483909606468,49.09918831618329,0.0,0.0,0.0,49.09918831618329,0.0,0.0,0.0,0.0,33.080862956746124,33.080862956746124,0.0
2022-01-20 13:00:00,0.0,0.0,0.0,8.171766461472032,86.64807584430059,49.09918831618329,0.0,0.0,0.0,49.09918831618329,0.0,0.0,0.0,0.0,30.630283481700484,30.630283481700484,0.0
2022-01-20 14:00:00,0.0,0.0,0.0,8.171766461472032,75.05221105427897,49.09918831618329,0.0,0.0,0.0,49.09918831618329,0.0,0.0,0.0,0.0,28.71183542391533,28.71183542391533,0.0
2022-01-20 15:00:00,0.0,0.0,0.0,8.171766461472032,68.27112183319669,49.09918831618329,0.0,0.0,0.0,49.09918831618329,0.0,0.0,0.0,0.0,27.618555391124318,27.618555391124318,0.0
2022-01-20 16:00:00,0.0,0.0,0.0,8.171766461472032,77.15854472127143,52.9275247121833,0.0,0.0,0.0,52.9275247121833,0.0,0.0,0.0,0.0,29.882362420446853,29.882362420446853,0.0
2022-01-20 17:00:00,0.0,0.0,0.0,8.171766461472032,96.34443356928537,60.58419750418331,0.0,0.0,0.0,60.58419750418331,0.0,0.0,0.0,0.0,35.47788794899364,35.47788794899364,0.0
2022-01-20 18:00:00,0.0,0.0,0.0,8.171766461472032,119.04123317875258,44.191907497561786,0.0,0.0,0.0,44.191907497561786,0.0,0.0,0.0,0.0,34.76833141809733,34.76833141809733,0.0
2022-01-20 19:00:00,0.0,0.0,0.0,8.171766461472032,128.33858090820135,35.096924863181506,0.0,0.0,0.0,35.096924863181506,0.0,0.0,0.0,0.0,33.56068274082531,33.56068274082531,0.0
2022-01-20 20:00:00,0.0,0.0,0.0,8.171766461472032,129.74590390684523,35.096924863181506,0.0,0.0,0.0,35.096924863181506,0.0,0.0,0.0,0.0,33.848115846643324,33.848115846643324,0.0
2022-01-20 21:00:00,0.0,0.0,0.0,8.171766461472032,137.09216470824788,26.001942228801234,0.0,0.0,0.0,26.001942228801234,0.0,0.0,0.0,0.0,32.61019311622245,32.61019311622245,0.0
2022-01-20 22:00:00,0.0,0.0,0.0,0.0,0.0,14.657592477664597,0.0,0.0,0.0,14.657592477664597,0.0,0.0,0.0,0.0,4.463236909448869,4.463236909448869,0.0
2022-01-20 23:00:00,0.0,0.0,0.0,0.0,0.0,14.657592477664597,0.0,0.0,0.0,14.657592477664597,0.0,0.0,0.0,0.0,4.441690248506703,4.441690248506703,0.0
2022-01-21 00:00:00,0.0,0.0,0.0,0.0,0.0,14.657592477664597,0.0,0.0,0.0,14.657592477664597,0.0,0.0,0.0,0.0,4.513805603496813,4.513805603496813,0.0
2022-01-21 01:00:00,0.0,0.0,0.0,0.0,0.0,14.657592477664597,0.0,0.0,0.0,14.657592477664597,0.0,0.0,0.0,0.0,4.50867544612963,4.50867544612963,0.0
2022-01-21 02:00:00,0.0,0.0,0.0,0.0,0.0,14.657592477664597,0.0,0.0,0.0,14.657592477664597,0.0,0.0,0.0,0.0,4.455028657661377,4.455028657661377,0.0
2022-01-21 03:00:00,0.0,0.0,0.0,0.0,0.0,14.657592477664597,0.0,0.0,0.0,14.657592477664597,0.0,0.0,0.0,0.0,4.464849244621413,4.464849244621413,0.0
2022-01-21 04:00:00,0.0,0.0,0.0,0.02396490632058734,0.7242252994308537,14.681557383985188,0.0,0.0,0.0,14.681557383985188,0.0,0.0,0.0,0.0,4.76448383775686,4.76448383775686,0.0
2022-01-21 05:00:00,0.0,0.0,0.0,0.038525032896335465,1.1680074345601268,14.696117510560931,0.0,0.0,0.0,14.696117510560931,0.0,0.0,0.0,0.0,4.904534077506436,4.904534077506436,0.0
2022-01-21 06:00:00,0.0,0.0,0.0,0.04033212571581743,1.217867063282408,14.697924603380418,0.0,0.0,0.0,14.697924603380418,0.0,0.0,0.0,0.0,4.916881151568592,4.916881151568592,0.0
2022-01-21 07:00:00,0.0,0.0,0.0,0.03857332080663443,1.1648532088754182,5.125324808471234,0.0,0.0,0.0,5.125324808471234,0.0,0.0,0.0,0.0,1.8396880982323367,1.8396880982323367,0.0
2022-01-21 08:00:00,0.0,0.0,0.0,8.171766461472032,196.61704719194523,14.516933040801234,0.0,0.0,0.0,14.516933040801234,0.0,0.0,0.0,0.0,40.02404326533907,40.02404326533907,0.0
2022-01-21 09:00:00,0.0,0.0,0.0,8.171766461472032,137.65203659976467,14.516933040801234,0.0,0.0,0.0,14.516933040801234,0.0,0.0,0.0,0.0,29.372963558558734,29.372963558558734,0.0
2022-01-21 10:00:00,0.0,0.0,0.0,8.171766461472032,100.88178096828976,28.15940699237166,0.0,0.0,0.0,28.15940699237166,0.0,0.0,0.0,0.0,27.157639439388966,27.157639439388966,0.0
2022-01-21 11:00:00,0.0,0.0,0.0,8.171766461472032,80.01129598971815,28.15940699237166,0.0,0.0,0.0,28.15940699237166,0.0,0.0,0.0,0.0,23.511411227886178,23.511411227886178,0.0
2022-01-21 12:00:00,0.0,0.0,0.0,8.171766461472032,56.255990558047856,37.25438962675194,0.0,0.0,0.0,37.25438962675194,0.0,0.0,0.0,0.0,22.259688746742594,22.259688746742594,0.0
2022-01-21 13:00:00,0.0,0.0,0.0,8.171766461472032,44.40885544165195,37.25438962675194,0.0,0.0,0.0,37.25438962675194,0.0,0.0,0.0,0.0,20.170194798811167,20.170194798811167,0.0
2022-01-21 14:00:00,0.0,0.0,0.0,8.171766461472034,34.60793083208826,37.25438962675194,0.0,0.0,0.0,37.25438962675194,0.0,0.0,0.0,0.0,18.66594244763099,18.66594244763099,0.0
2022-01-21 15:00:00,0.0,0.0,0.0,8.171766461472034,32.717180935851,37.25438962675194,0.0,0.0,0.0,37.25438962675194,0.0,0.0,0.0,0.0,18.12098554677291,18.12098554677291,0.0
2022-01-21 16:00:00,0.0,0.0,0.0,8.171766461472034,33.51999675891437,41.08272602275194,0.0,0.0,0.0,41.08272602275194,0.0,0.0,0.0,0.0,19.572869176625133,19.572869176625133,0.0
2022-01-21 17:00:00,0.0,0.0,0.0,8.171766461472032,69.86914494638425,39.64441618037165,0.0,0.0,0.0,39.64441618037165,0.0,0.0,0.0,0.0,25.528231250195176,25.528231250195176,0.0
2022-01-21 18:00:00,0.0,0.0,0.0,8.171766461472032,106.43454939766721,30.549433545991374,0.0,0.0,0.0,30.549433545991374,0.0,0.0,0.0,0.0,29.1498890271439,29.1498890271439,0.0
2022-01-21 19:00:00,0.0,0.0,0.0,0.0,0.0,14.657592477664597,0.0,0.0,0.0,14.657592477664597,0.0,0.0,0.0,0.0,4.833194543585124,4.833194543585124,0.0
2022-01-21 20:00:00,0.0,0.0,0.0,0.0,0.0,14.657592477664597,0.0,0.0,0.0,14.657592477664597,0.0,0.0,0.0,0.0,4.9193811873537925,4.9193811873537925,0.0
2022-01-21 21:00:00,0.0,0.0,0.0,0.0,0.0,14.657592477664597,0.0,0.0,0.0,14.657592477664597,0.0,0.0,0.0,0.0,4.975959494317578,4.975959494317578,0.0
2022-01-21 22:00:00,0.0,0.0,0.0,0.0,0.0,14.657592477664597,0.0,0.0,0.0,14.657592477664597,0.0,0.0,0.0,0.0,4.965259451808882,4.965259451808882,0.0
2022-01-21 23:00:00,0.0,0.0,0.0,0.0,0.0,14.657592477664597,0.0,0.0,0.0,14.657592477664597,0.0,0.0,0.0,0.0,4.830702752863921,4.830702752863921,0.0
2022-01-22 00:00:00,0.0,0.0,0.0,0.0,0.0,15.107011293199369,0.0,0.0,0.0,15.107011293199369,0.0,0.0,0.0,0.0,4.974436678624688,4.974436678624688,0.0
2022-01-22 01:00:00,0.0,0.0,0.0,0.0,0.0,15.107011293199369,0.0,0.0,0.0,15.107011293199369,0.0,0.0,0.0,0.0,5.065229816496817,5.065229816496817,0.0
2022-01-22 02:00:00,0.0,0.0,0.0,0.0,0.0,15.107011293199369,0.0,0.0,0.0,15.107011293199369,0.0,0.0,0.0,0.0,5.111004060715211,5.111004060715211,0.0
2022-01-22 03:00:00,0.0,0.0,0.0,0.0,0.0,15.107011293199369,0.0,0.0,0.0,15.107011293199369,0.0,0.0,0.0,0.0,5.0307858307483215,5.0307858307483215,0.0
2022-01-22 04:00:00,0.0,0.0,0.0,0.0,0.0,15.107011293199369,0.0,0.0,0.0,15.107011293199369,0.0,0.0,0.0,0.0,5.055259189043304,5.055259189043304,0.0
2022-01-22 05:00:00,0.0,0.0,0.0,0.016274950205846656,0.4935058232069367,15.123286243405216,0.0,0.0,0.0,15.123286243405216,0.0,0.0,0.0,0.0,5.297920641515536,5.297920641515536,0.0
2022-01-22 06:00:00,0.0,0.0,0.0,8.171766461472032,198.82227113296003,23.2787777546714,0.0,0.0,0.0,23.2787777546714,0.0,0.0,0.0,0.0,43.68581330735649,43.68581330735649,0.0
2022-01-22 07:00:00,0.0,0.0,0.0,8.171766461472032,156.51145955063834,20.978592555991376,0.0,0.0,0.0,20.978592555991376,0.0,0.0,0.0,0.0,35.425958974824,35.425958974824,0.0
2022-01-22 08:00:00,0.0,0.0,0.0,8.171766461472032,138.15924235076696,32.706898309561794,0.0,0.0,0.0,32.706898309561794,0.0,0.0,0.0,0.0,35.93873715241111,35.93873715241111,0.0
2022-01-22 09:00:00,0.0,0.0,0.0,8.171766461472032,112.90530443318822,49.09918831618329,0.0,0.0,0.0,49.09918831618329,0.0,0.0,0.0,0.0,36.53481590660584,36.53481590660584,0.0
2022-01-22 10:00:00,0.0,0.0,0.0,8.171766461472032,98.14972053552397,49.09918831618329,0.0,0.0,0.0,49.09918831618329,0.0,0.0,0.0,0.0,33.113592553225736,33.113592553225736,0.0
2022-01-22 11:00:00,0.0,0.0,0.0,8.171766461472032,81.23148366562184,49.09918831618329,0.0,0.0,0.0,49.09918831618329,0.0,0.0,0.0,0.0,29.789064600935326,29.789064600935326,0.0
2022-01-22 12:00:00,0.0,0.0,0.0,8.171766461472032,70.8236650859463,49.09918831618329,0.0,0.0,0.0,49.09918831618329,0.0,0.0,0.0,0.0,27.87536221308493,27.87536221308493,0.0
2022-01-22 13:00:00,0.0,0.0,0.0,8.171766461472032,62.4904333981865,49.09918831618329,0.0,0.0,0.0,49.09918831618329,0.0,0.0,0.0,0.0,26.55613640166632,26.55613640166632,0.0
2022-01-22 14:00:00,0.0,0.0,0.0,8.171766461472032,58.18278013196357,49.09918831618329,0.0,0.0,0.0,49.09918831618329,0.0,0.0,0.0,0.0,25.73046047513244,25.73046047513244,0.0
2022-01-22 15:00:00,0.0,0.0,0.0,8.171766461472032,53.41145814379846,49.09918831618329,0.0,0.0,0.0,49.09918831618329,0.0,0.0,0.0,0.0,25.08299947692551,25.08299947692551,0.0
2022-01-22 16:00:00,0.0,0.0,0.0,8.171766461472032,67.45020972978601,52.9275247121833,0.0,0.0,0.0,52.9275247121833,0.0,0.0,0.0,0.0,28.740392842808014,28.740392842808014,0.0
2022-01-22 17:00:00,0.0,0.0,0.0,8.171766461472032,92.5610445063519,60.58419750418331,0.0,0.0,0.0,60.58419750418331,0.0,0.0,0.0,0.0,35.503704766324525,35.503704766324525,0.0
2022-01-22 18:00:00,0.0,0.0,0.0,8.171766461472032,110.58735360109385,48.73939881475194,0.0,0.0,0.0,48.73939881475194,0.0,0.0,0.0,0.0,35.291016107859186,35.291016107859186,0.0
2022-01-22 19:00:00,0.0,0.0,0.0,8.171766461472032,125.45666523122892,48.73939881475194,0.0,0.0,0.0,48.73939881475194,0.0,0.0,0.0,0.0,38.19000608909128,38.19000608909128,0.0
2022-01-22 20:00:00,0.0,0.0,0.0,8.171766461472032,134.99974129925243,44.191907497561786,0.0,0.0,0.0,44.191907497561786,0.0,0.0,0.0,0.0,38.47910406094491,38.47910406094491,0.0
2022-01-22 21:00:00,0.0,0.0,0.0,0.0,0.0,22.37766708451935,0.0,0.0,0.0,22.37766708451935,0.0,0.0,0.0,0.0,7.085216952300517,7.085216952300517,0.0
2022-01-22 22:00:00,0.0,0.0,0.0,0.0,0.0,15.107011293199369,0.0,0.0,0.0,15.107011293199369,0.0,0.0,0.0,0.0,4.740882284031826,4.740882284031826,0.0
2022-01-22 23:00:00,0.0,0.0,0.0,0.0120884101235015,0.3673374807878825,15.11909970332287,0.0,0.0,0.0,15.11909970332287,0.0,0.0,0.0,0.0,4.77558763212421,4.77558763212421,0.0
2022-01-23 00:00:00,0.0,0.0,0.0,0.053286224732841635,1.600262000192734,15.16029751793221,0.0,0.0,0.0,15.16029751793221,0.0,0.0,0.0,0.0,4.905196444914979,4.905196444914979,0.0
2022-01-23 01:00:00,0.0,0.0,0.0,0.09854498503395331,2.994033877348946,15.205556278233322,0.0,0.0,0.0,15.205556278233322,0.0,0.0,0.0,0.0,5.239114485095789,5.239114485095789,0.0
2022-01-23 02:00:00,0.0,0.0,0.0,0.14277271353783832,4.331452738511525,15.249784006737205,0.0,0.0,0.0,15.249784006737205,0.0,0.0,0.0,0.0,5.482608251290295,5.482608251290295,0.0
2022-01-23 03:00:00,0.0,0.0,0.0,0.22468553334928765,6.861473496476746,15.331696826548653,0.0,0.0,0.0,15.331696826548653,0.0,0.0,0.0,0.0,5.951594405300901,5.951594405300901,0.0
2022-01-23 04:00:00,0.0,0.0,0.0,0.4645432516123235,14.099778439014122,15.571554544811692,0.0,0.0,0.0,15.571554544811692,0.0,0.0,0.0,0.0,7.284880772146274,7.284880772146274,0.0
2022-01-23 05:00:00,0.0,0.0,0.0,0.6692055341572524,20.325459350983714,15.77621682735662,0.0,0.0,0.0,15.77621682735662,0.0,0.0,0.0,0.0,8.455104002253169,8.455104002253169,0.0
2022-01-23 06:00:00,0.0,0.0,0.0,8.171766461472032,272.8694989682907,23.2787777546714,0.0,0.0,0.0,23.2787777546714,0.0,0.0,0.0,0.0,56.08596508194902,56.08596508194902,0.0
2022-01-23 07:00:00,0.0,0.0,0.0,8.171766461472032,224.17285493664045,20.978592555991376,0.0,0.0,0.0,20.978592555991376,0.0,0.0,0.0,0.0,46.68158701461317,46.68158701461317,0.0
2022-01-23 08:00:00,0.0,0.0,0.0,8.171766461472032,185.67863896283382,32.706898309561794,0.0,0.0,0.0,32.706898309561794,0.0,0.0,0.0,0.0,43.31292395502946,43.31292395502946,0.0
2022-01-23 09:00:00,0.0,0.0,0.0,8.171766461472032,139.85296941664603,49.09918831618329,0.0,0.0,0.0,49.09918831618329,0.0,0.0,0.0,0.0,40.20199073226587,40.20199073226587,0.0
2022-01-23 10:00:00,0.0,0.0,0.0,8.171766461472032,115.85907344117126,49.09918831618329,0.0,0.0,0.0,49.09918831618329,0.0,0.0,0.0,0.0,35.43949613889774,35.43949613889774,0.0
2022-01-23 11:00:00,0.0,0.0,0.0,8.171766461472032,93.25815410587846,49.09918831618329,0.0,0.0,0.0,49.09918831618329,0.0,0.0,0.0,0.0,31.07952405834523,31.07952405834523,0.0
2022-01-23 12:00:00,0.0,0.0,0.0,8.171766461472032,78.28486770768616,49.09918831618329,0.0,0.0,0.0,49.09918831618329,0.0,0.0,0.0,0.0,28.205347588086198,28.205347588086198,0.0
2022-01-23 13:00:00,0.0,0.0,0.0,8.171766461472032,67.74528966198496,49.09918831618329,0.0,0.0,0.0,49.09918831618329,0.0,0.0,0.0,0.0,26.282160618425884,26.282160618425884,0.0
2022-01-23 14:00:00,0.0,0.0,0.0,8.171766461472032,61.139566987443786,49.09918831618329,0.0,0.0,0.0,49.09918831618329,0.0,0.0,0.0,0.0,24.994599138707244,24.994599138707244,0.0
2022-01-23 15:00:00,0.0,0.0,0.0,8.171766461472032,54.903988248780095,49.09918831618329,0.0,0.0,0.0,49.09918831618329,0.0,0.0,0.0,0.0,23.904286068846893,23.904286068846893,0.0
2022-01-23 16:00:00,0.0,0.0,0.0,8.171766461472032,66.13318469985036,52.9275247121833,0.0,0.0,0.0,52.9275247121833,0.0,0.0,0.0,0.0,26.548648453146093,26.548648453146093,0.0
2022-01-23 17:00:00,0.0,0.0,0.0,8.171766461472032,89.08234869511358,60.58419750418331,0.0,0.0,0.0,60.58419750418331,0.0,0.0,0.0,0.0,32.38068936578024,32.38068936578024,0.0
2022-01-23 18:00:00,0.0,0.0,0.0,8.171766461472032,106.33770384600417,48.73939881475194,0.0,0.0,0.0,48.73939881475194,0.0,0.0,0.0,0.0,32.381331361758456,32.381331361758456,0.0
2022-01-23 19:00:00,0.0,0.0,0.0,8.171766461472032,118.84195804927714,48.73939881475194,0.0,0.0,0.0,48.73939881475194,0.0,0.0,0.0,0.0,34.70681139546731,34.70681139546731,0.0
2022-01-23 20:00:00,0.0,0.0,0.0,8.171766461472032,124.79217011401964,44.191907497561786,0.0,0.0,0.0,44.191907497561786,0.0,0.0,0.0,0.0,34.34545704742735,34.34545704742735,0.0
2022-01-23 21:00:00,0.0,0.0,0.0,0.0,0.0,22.37766708451935,0.0,0.0,0.0,22.37766708451935,0.0,0.0,0.0,0.0,5.935228640827067,5.935228640827067,0.0
2022-01-23 22:00:00,0.0,0.0,0.0,0.0,0.0,15.107011293199369,0.0,0.0,0.0,15.107011293199369,0.0,0.0,0.0,0.0,3.789744853011994,3.789744853011994,0.0
2022-01-23 23:00:00,0.0,0.0,0.0,0.0,0.0,15.107011293199369,0.0,0.0,0.0,15.107011293199369,0.0,0.0,0.0,0.0,3.6385236699670678,3.6385236699670678,0.0
2022-01-24 00:00:00,0.0,0.0,0.0,0.0,0.0,15.107011293199369,0.0,0.0,0.0,15.107011293199369,0.0,0.0,0.0,0.0,3.5909365843934897,3.5909365843934897,0.0
2022-01-24 01:00:00,0.0,0.0,0.0,0.04053451608941753,1.2276051520252536,15.147545809288783,0.0,0.0,0.0,15.147545809288783,0.0,0.0,0.0,0.0,3.7822188357568165,3.7822188357568165,0.0
2022-01-24 02:00:00,0.0,0.0,0.0,0.04299853808594839,1.2963285303730423,15.150009831285315,0.0,0.0,0.0,15.150009831285315,0.0,0.0,0.0,0.0,3.7913842976013465,3.7913842976013465,0.0
2022-01-24 03:00:00,0.0,0.0,0.0,0.04425434613425233,1.3315332188128768,15.151265639333616,0.0,0.0,0.0,15.151265639333616,0.0,0.0,0.0,0.0,3.836047519608633,3.836047519608633,0.0
2022-01-24 04:00:00,0.0,0.0,0.0,0.08156180713615191,2.477088353941407,15.188573100335518,0.0,0.0,0.0,15.188573100335518,0.0,0.0,0.0,0.0,4.094903585553558,4.094903585553558,0.0
2022-01-24 05:00:00,0.0,0.0,0.0,0.0928035818924504,2.8218374616191153,15.199814875091818,0.0,0.0,0.0,15.199814875091818,0.0,0.0,0.0,0.0,4.235219609053694,4.235219609053694,0.0
2022-01-24 06:00:00,0.0,0.0,0.0,8.171766461472032,222.39101123959853,23.2787777546714,0.0,0.0,0.0,23.2787777546714,0.0,0.0,0.0,0.0,45.78237305143467,45.78237305143467,0.0
2022-01-24 07:00:00,0.0,0.0,0.0,8.171766461472032,172.59451710771074,20.978592555991376,0.0,0.0,0.0,20.978592555991376,0.0,0.0,0.0,0.0,36.28658688436886,36.28658688436886,0.0
2022-01-24 08:00:00,0.0,0.0,0.0,8.171766461472032,148.8327594953944,32.706898309561794,0.0,0.0,0.0,32.706898309561794,0.0,0.0,0.0,0.0,34.91557921058205,34.91557921058205,0.0
2022-01-24 09:00:00,0.0,0.0,0.0,8.171766461472032,121.18670098000875,49.09918831618329,0.0,0.0,0.0,49.09918831618329,0.0,0.0,0.0,0.0,34.02331895278404,34.02331895278404,0.0
2022-01-24 10:00:00,0.0,0.0,0.0,8.171766461472032,106.99929934786402,49.09918831618329,0.0,0.0,0.0,49.09918831618329,0.0,0.0,0.0,0.0,31.651029402340075,31.651029402340075,0.0
2022-01-24 11:00:00,0.0,0.0,0.0,8.171766461472032,92.70437715217055,49.09918831618329,0.0,0.0,0.0,49.09918831618329,0.0,0.0,0.0,0.0,29.370835887380924,29.370835887380924,0.0
2022-01-24 12:00:00,0.0,0.0,0.0,8.171766461472034,83.90280020190123,49.09918831618329,0.0,0.0,0.0,49.09918831618329,0.0,0.0,0.0,0.0,27.84404535482461,27.84404535482461,0.0
2022-01-24 13:00:00,0.0,0.0,0.0,8.171766461472032,80.08142884185673,49.09918831618329,0.0,0.0,0.0,49.09918831618329,0.0,0.0,0.0,0.0,27.35338459598881,27.35338459598881,0.0
2022-01-24 14:00:00,0.0,0.0,0.0,8.171766461472032,79.23285357181183,49.09918831618329,0.0,0.0,0.0,49.09918831618329,0.0,0.0,0.0,0.0,27.084724182782473,27.084724182782473,0.0
2022-01-24 15:00:00,0.0,0.0,0.0,8.171766461472032,75.47931275705096,49.09918831618329,0.0,0.0,0.0,49.09918831618329,0.0,0.0,0.0,0.0,26.100063710174858,26.100063710174858,0.0
2022-01-24 16:00:00,0.0,0.0,0.0,8.171766461472032,75.95218792693981,52.9275247121833,0.0,0.0,0.0,52.9275247121833,0.0,0.0,0.0,0.0,27.291887171961555,27.291887171961555,0.0
2022-01-24 17:00:00,0.0,0.0,0.0,8.171766461472032,79.84991310607391,60.58419750418331,0.0,0.0,0.0,60.58419750418331,0.0,0.0,0.0,0.0,29.486102937439703,29.486102937439703,0.0
2022-01-24 18:00:00,0.0,0.0,0.0,8.171766461472032,95.98497104078669,48.73939881475194,0.0,0.0,0.0,48.73939881475194,0.0,0.0,0.0,0.0,29.323202261985816,29.323202261985816,0.0
2022-01-24 19:00:00,0.0,0.0,0.0,8.171766461472032,107.53669292813011,48.73939881475194,0.0,0.0,0.0,48.73939881475194,0.0,0.0,0.0,0.0,31.56344719365484,31.56344719365484,0.0
2022-01-24 20:00:00,0.0,0.0,0.0,8.171766461472032,104.26589264116343,44.191907497561786,0.0,0.0,0.0,44.191907497561786,0.0,0.0,0.0,0.0,29.974881860692875,29.974881860692875,0.0
2022-01-24 21:00:00,0.0,0.0,0.0,0.0,0.0,22.37766708451935,0.0,0.0,0.0,22.37766708451935,0.0,0.0,0.0,0.0,5.6201510882770345,5.6201510882770345,0.0
2022-01-24 22:00:00,0.0,0.0,0.0,0.0,0.0,15.107011293199369,0.0,0.0,0.0,15.107011293199369,0.0,0.0,0.0,0.0,3.729165737726264,3.729165737726264,0.0
2022-01-24 23:00:00,0.0,0.0,0.0,0.0,0.0,15.107011293199369,0.0,0.0,0.0,15.107011293199369,0.0,0.0,0.0,0.0,3.5945622671038575,3.5945622671038575,0.0
2022-01-25 00:00:00,0.0,0.0,0.0,0.0,0.0,15.107011293199369,0.0,0.0,0.0,15.107011293199369,0.0,0.0,0.0,0.0,3.5058841108127776,3.5058841108127776,0.0
2022-01-25 01:00:00,0.0,0.0,0.0,0.0,0.0,15.107011293199369,0.0,0.0,0.0,15.107011293199369,0.0,0.0,0.0,0.0,3.5777934845684065,3.5777934845684065,0.0
2022-01-25 02:00:00,0.0,0.0,0.0,0.0,0.0,15.107011293199369,0.0,0.0,0.0,15.107011293199369,0.0,0.0,0.0,0.0,3.5954686877814495,3.5954686877814495,0.0
2022-01-25 03:00:00,0.0,0.0,0.0,0.0,0.0,15.107011293199369,0.0,0.0,0.0,15.107011293199369,0.0,0.0,0.0,0.0,3.578246694907203,3.578246694907203,0.0
2022-01-25 04:00:00,0.0,0.0,0.0,0.0,0.0,15.107011293199369,0.0,0.0,0.0,15.107011293199369,0.0,0.0,0.0,0.0,3.671305884473311,3.671305884473311,0.0
2022-01-25 05:00:00,0.0,0.0,0.0,0.0,0.0,15.107011293199369,0.0,0.0,0.0,15.107011293199369,0.0,0.0,0.0,0.0,3.698951715139865,3.698951715139865,0.0
2022-01-25 06:00:00,0.0,0.0,0.0,8.171766461472032,205.43564512440773,23.2787777546714,0.0,0.0,0.0,23.2787777546714,0.0,0.0,0.0,0.0,42.620607681015116,42.620607681015116,0.0
2022-01-25 07:00:00,0.0,0.0,0.0,8.171766461472032,164.03323156646312,20.978592555991376,0.0,0.0,0.0,20.978592555991376,0.0,0.0,0.0,0.0,34.8676388578293,34.8676388578293,0.0
2022-01-25 08:00:00,0.0,0.0,0.0,8.171766461472032,146.0556110179462,32.706898309561794,0.0,0.0,0.0,32.706898309561794,0.0,0.0,0.0,0.0,34.72365145923209,34.72365145923209,0.0
2022-01-25 09:00:00,0.0,0.0,0.0,8.171766461472032,121.47531938806424,49.09918831618329,0.0,0.0,0.0,49.09918831618329,0.0,0.0,0.0,0.0,34.11210920791305,34.11210920791305,0.0
2022-01-25 10:00:00,0.0,0.0,0.0,8.171766461472032,117.42998567992247,49.09918831618329,0.0,0.0,0.0,49.09918831618329,0.0,0.0,0.0,0.0,33.20551514493715,33.20551514493715,0.0
2022-01-25 11:00:00,0.0,0.0,0.0,8.171766461472032,109.81297211405577,49.09918831618329,0.0,0.0,0.0,49.09918831618329,0.0,0.0,0.0,0.0,31.883658878275376,31.883658878275376,0.0
2022-01-25 12:00:00,0.0,0.0,0.0,8.171766461472032,104.9875442255241,49.09918831618329,0.0,0.0,0.0,49.09918831618329,0.0,0.0,0.0,0.0,30.858212177929957,30.858212177929957,0.0
2022-01-25 13:00:00,0.0,0.0,0.0,8.171766461472032,100.3094155517396,49.09918831618329,0.0,0.0,0.0,49.09918831618329,0.0,0.0,0.0,0.0,29.929498601490863,29.929498601490863,0.0
2022-01-25 14:00:00,0.0,0.0,0.0,8.171766461472032,94.27001582181644,49.09918831618329,0.0,0.0,0.0,49.09918831618329,0.0,0.0,0.0,0.0,28.92066088041232,28.92066088041232,0.0
2022-01-25 15:00:00,0.0,0.0,0.0,8.171766461472032,92.2477000604419,49.09918831618329,0.0,0.0,0.0,49.09918831618329,0.0,0.0,0.0,0.0,28.69598378492158,28.69598378492158,0.0
2022-01-25 16:00:00,0.0,0.0,0.0,8.171766461472034,101.97714962669556,51.01335651418329,0.0,0.0,0.0,51.01335651418329,0.0,0.0,0.0,0.0,31.096512474416844,31.096512474416844,0.0
2022-01-25 17:00:00,0.0,0.0,0.0,8.171766461472032,120.62324435108785,60.58419750418331,0.0,0.0,0.0,60.58419750418331,0.0,0.0,0.0,0.0,36.68619693280662,36.68619693280662,0.0
2022-01-25 18:00:00,0.0,0.0,0.0,8.171766461472032,132.30172281536858,48.73939881475194,0.0,0.0,0.0,48.73939881475194,0.0,0.0,0.0,0.0,35.812821665542636,35.812821665542636,0.0
2022-01-25 19:00:00,0.0,0.0,0.0,8.171766461472032,141.34605749121914,48.73939881475194,0.0,0.0,0.0,48.73939881475194,0.0,0.0,0.0,0.0,37.502669511839386,37.502669511839386,0.0
2022-01-25 20:00:00,0.0,0.0,0.0,8.171766461472032,146.10310394026953,44.191907497561786,0.0,0.0,0.0,44.191907497561786,0.0,0.0,0.0,0.0,37.25314369336758,37.25314369336758,0.0
2022-01-25 21:00:00,0.0,0.0,0.0,0.0,0.0,22.37766708451935,0.0,0.0,0.0,22.37766708451935,0.0,0.0,0.0,0.0,5.433745121462988,5.433745121462988,0.0
2022-01-25 22:00:00,0.0,0.0,0.0,0.0,0.0,15.107011293199369,0.0,0.0,0.0,15.107011293199369,0.0,0.0,0.0,0.0,3.597281529136634,3.597281529136634,0.0
2022-01-25 23:00:00,0.0,0.0,0.0,0.012208897194622228,0.37102742442970554,15.11922019039399,0.0,0.0,0.0,15.11922019039399,0.0,0.0,0.0,0.0,3.5223014159314903,3.5223014159314903,0.0
2022-01-26 00:00:00,0.0,0.0,0.0,0.05535057738448725,1.661615986391754,15.162361870583855,0.0,0.0,0.0,15.162361870583855,0.0,0.0,0.0,0.0,3.898112860053306,3.898112860053306,0.0
2022-01-26 01:00:00,0.0,0.0,0.0,0.11829601150433018,3.6035037193875805,15.2253073047037,0.0,0.0,0.0,15.2253073047037,0.0,0.0,0.0,0.0,4.321004205765594,4.321004205765594,0.0
2022-01-26 02:00:00,0.0,0.0,0.0,0.1749032067800352,5.305470558203891,15.281914499979404,0.0,0.0,0.0,15.281914499979404,0.0,0.0,0.0,0.0,4.620313725614665,4.620313725614665,0.0
2022-01-26 03:00:00,0.0,0.0,0.0,0.2404826800021021,7.332082653311143,15.34749397320147,0.0,0.0,0.0,15.34749397320147,0.0,0.0,0.0,0.0,5.05112030294634,5.05112030294634,0.0
2022-01-26 04:00:00,0.0,0.0,0.0,0.4012810183840253,12.178910265138317,15.50829231158339,0.0,0.0,0.0,15.50829231158339,0.0,0.0,0.0,0.0,5.97404966812944,5.97404966812944,0.0
2022-01-26 05:00:00,0.0,0.0,0.0,0.5327715960234316,16.19081326345841,15.639782889222795,0.0,0.0,0.0,15.639782889222795,0.0,0.0,0.0,0.0,6.836681794603466,6.836681794603466,0.0
2022-01-26 06:00:00,0.0,0.0,0.0,8.171766461472032,268.28558823683676,23.2787777546714,0.0,0.0,0.0,23.2787777546714,0.0,0.0,0.0,0.0,54.24008843971538,54.24008843971538,0.0
2022-01-26 07:00:00,0.0,0.0,0.0,8.171766461472032,225.7649916057742,20.978592555991376,0.0,0.0,0.0,20.978592555991376,0.0,0.0,0.0,0.0,46.05862010799211,46.05862010799211,0.0
2022-01-26 08:00:00,0.0,0.0,0.0,8.171766461472032,206.60907988414579,32.706898309561794,0.0,0.0,0.0,32.706898309561794,0.0,0.0,0.0,0.0,45.73164481730555,45.73164481730555,0.0
2022-01-26 09:00:00,0.0,0.0,0.0,8.171766461472032,184.44267894175732,49.09918831618329,0.0,0.0,0.0,49.09918831618329,0.0,0.0,0.0,0.0,45.818634267481265,45.818634267481265,0.0
2022-01-26 10:00:00,0.0,0.0,0.0,8.171766461472032,179.3760284583814,49.09918831618329,0.0,0.0,0.0,49.09918831618329,0.0,0.0,0.0,0.0,44.672669613383604,44.672669613383604,0.0
2022-01-26 11:00:00,0.0,0.0,0.0,8.171766461472032,172.83972134281717,49.09918831618329,0.0,0.0,0.0,49.09918831618329,0.0,0.0,0.0,0.0,43.102520312024595,43.102520312024595,0.0
2022-01-26 12:00:00,0.0,0.0,0.0,8.171766461472032,169.93141618929045,49.09918831618329,0.0,0.0,0.0,49.09918831618329,0.0,0.0,0.0,0.0,42.19590509589031,42.19590509589031,0.0
2022-01-26 13:00:00,0.0,0.0,0.0,8.171766461472032,164.52559356048735,49.09918831618329,0.0,0.0,0.0,49.09918831618329,0.0,0.0,0.0,0.0,41.29623327541121,41.29623327541121,0.0
2022-01-26 14:00:00,0.0,0.0,0.0,8.171766461472032,166.17406519075357,49.09918831618329,0.0,0.0,0.0,49.09918831618329,0.0,0.0,0.0,0.0,41.76832537738781,41.76832537738781,0.0
2022-01-26 15:00:00,0.0,0.0,0.0,8.171766461472032,170.91379947681358,49.09918831618329,0.0,0.0,0.0,49.09918831618329,0.0,0.0,0.0,0.0,42.87015839127238,42.87015839127238,0.0
2022-01-26 16:00:00,0.0,0.0,0.0,8.171766461472032,183.11769520246193,51.01335651418329,0.0,0.0,0.0,51.01335651418329,0.0,0.0,0.0,0.0,45.76609706761463,45.76609706761463,0.0
2022-01-26 17:00:00,0.0,0.0,0.0,8.171766461472032,198.3930602782161,60.58419750418331,0.0,0.0,0.0,60.58419750418331,0.0,0.0,0.0,0.0,50.76744395296289,50.76744395296289,0.0
2022-01-26 18:00:00,0.0,0.0,0.0,8.171766461472032,210.42234705704251,48.73939881475194,0.0,0.0,0.0,48.73939881475194,0.0,0.0,0.0,0.0,49.920388294233426,49.920388294233426,0.0
2022-01-26 19:00:00,0.0,0.0,0.0,8.171766461472032,225.30504077955217,48.73939881475194,0.0,0.0,0.0,48.73939881475194,0.0,0.0,0.0,0.0,52.73990553673052,52.73990553673052,0.0
2022-01-26 20:00:00,0.0,0.0,0.0,8.171766461472032,235.51851512567427,44.191907497561786,0.0,0.0,0.0,44.191907497561786,0.0,0.0,0.0,0.0,53.84781678869554,53.84781678869554,0.0
2022-01-26 21:00:00,0.0,0.0,0.0,0.04594065299525283,1.3816833761073128,22.423607737514597,0.0,0.0,0.0,22.423607737514597,0.0,0.0,0.0,0.0,6.038323945794142,6.038323945794142,0.0
2022-01-26 22:00:00,0.0,0.0,0.0,0.5437903488891406,16.528644937039758,15.65080164208851,0.0,0.0,0.0,15.65080164208851,0.0,0.0,0.0,0.0,6.868500242093383,6.868500242093383,0.0
2022-01-26 23:00:00,0.0,0.0,0.0,1.0142882832317812,30.64524476289088,16.121299576431145,0.0,0.0,0.0,16.121299576431145,0.0,0.0,0.0,0.0,9.316673255429226,9.316673255429226,0.0
2022-01-27 00:00:00,0.0,0.0,0.0,1.4619165360680852,44.32228220134924,16.119509013732685,0.0,0.0,0.0,16.119509013732685,0.0,0.0,0.0,0.0,11.665487415636607,11.665487415636607,0.0
2022-01-27 01:00:00,0.0,0.0,0.0,1.4794217969205214,44.77513568929773,16.137014274585116,0.0,0.0,0.0,16.137014274585116,0.0,0.0,0.0,0.0,11.783299954960839,11.783299954960839,0.0
2022-01-27 02:00:00,0.0,0.0,0.0,1.8606458367328784,56.527320472788155,16.518238314397475,0.0,0.0,0.0,16.518238314397475,0.0,0.0,0.0,0.0,13.964078046416855,13.964078046416855,0.0
2022-01-27 03:00:00,0.0,0.0,0.0,1.735711626997861,52.59607686215446,16.39330410466246,0.0,0.0,0.0,16.39330410466246,0.0,0.0,0.0,0.0,13.187291058678635,13.187291058678635,0.0
2022-01-27 04:00:00,0.0,0.0,0.0,2.0901187810822757,63.5710314899772,16.747711258746875,0.0,0.0,0.0,16.747711258746875,0.0,0.0,0.0,0.0,15.28490092027861,15.28490092027861,0.0
2022-01-27 05:00:00,0.0,0.0,0.0,1.9360981273768356,58.71326106333165,16.593690605041434,0.0,0.0,0.0,16.593690605041434,0.0,0.0,0.0,0.0,14.472855503608233,14.472855503608233,0.0
2022-01-27 06:00:00,0.0,0.0,0.0,8.171766461472032,335.6748571996595,22.829358939136633,0.0,0.0,0.0,22.829358939136633,0.0,0.0,0.0,0.0,65.87109959385825,65.87109959385825,0.0
2022-01-27 07:00:00,0.0,0.0,0.0,8.171766461472032,330.889994388853,16.431101238801233,0.0,0.0,0.0,16.431101238801233,0.0,0.0,0.0,0.0,63.40894194745139,63.40894194745139,0.0
2022-01-27 08:00:00,0.0,0.0,0.0,8.171766461472032,299.2551686968461,23.611915675181518,0.0,0.0,0.0,23.611915675181518,0.0,0.0,0.0,0.0,59.31695227694665,59.31695227694665,0.0
2022-01-27 09:00:00,0.0,0.0,0.0,8.171766461472032,256.9597150756757,37.25438962675194,0.0,0.0,0.0,37.25438962675194,0.0,0.0,0.0,0.0,54.69711657081906,54.69711657081906,0.0
2022-01-27 10:00:00,0.0,0.0,0.0,8.171766461472032,225.55712821673887,49.09918831618329,0.0,0.0,0.0,49.09918831618329,0.0,0.0,0.0,0.0,51.529840848098495,51.529840848098495,0.0
2022-01-27 11:00:00,0.0,0.0,0.0,8.171766461472032,203.56800909371535,49.09918831618329,0.0,0.0,0.0,49.09918831618329,0.0,0.0,0.0,0.0,47.63697474817995,47.63697474817995,0.0
2022-01-27 12:00:00,0.0,0.0,0.0,8.171766461472032,189.85122062299982,49.09918831618329,0.0,0.0,0.0,49.09918831618329,0.0,0.0,0.0,0.0,45.35580218682084,45.35580218682084,0.0
2022-01-27 13:00:00,0.0,0.0,0.0,8.171766461472032,181.2533061081581,49.09918831618329,0.0,0.0,0.0,49.09918831618329,0.0,0.0,0.0,0.0,43.96240656108601,43.96240656108601,0.0
2022-01-27 14:00:00,0.0,0.0,0.0,8.171766461472032,180.45219204780963,49.09918831618329,0.0,0.0,0.0,49.09918831618329,0.0,0.0,0.0,0.0,43.83927829374211,43.83927829374211,0.0
2022-01-27 15:00:00,0.0,0.0,0.0,8.171766461472032,181.21250700230297,49.09918831618329,0.0,0.0,0.0,49.09918831618329,0.0,0.0,0.0,0.0,44.26045761650789,44.26045761650789,0.0
2022-01-27 16:00:00,0.0,0.0,0.0,8.171766461472032,190.94262254806915,51.01335651418329,0.0,0.0,0.0,51.01335651418329,0.0,0.0,0.0,0.0,46.678618517735444,46.678618517735444,0.0
2022-01-27 17:00:00,0.0,0.0,0.0,8.171766461472032,207.42005180218774,60.58419750418331,0.0,0.0,0.0,60.58419750418331,0.0,0.0,0.0,0.0,51.74329491783034,51.74329491783034,0.0
2022-01-27 18:00:00,0.0,0.0,0.0,8.171766461472032,230.14053274461347,44.191907497561786,0.0,0.0,0.0,44.191907497561786,0.0,0.0,0.0,0.0,52.11896610584421,52.11896610584421,0.0
2022-01-27 19:00:00,0.0,0.0,0.0,8.171766461472032,242.65660474520732,35.096924863181506,0.0,0.0,0.0,35.096924863181506,0.0,0.0,0.0,0.0,52.30390947226758,52.30390947226758,0.0
2022-01-27 20:00:00,0.0,0.0,0.0,8.171766461472032,246.9270632055475,35.096924863181506,0.0,0.0,0.0,35.096924863181506,0.0,0.0,0.0,0.0,52.96505972718684,52.96505972718684,0.0
2022-01-27 21:00:00,0.0,0.0,0.0,8.171766461472032,253.55539414695502,26.001942228801234,0.0,0.0,0.0,26.001942228801234,0.0,0.0,0.0,0.0,51.948083950507865,51.948083950507865,0.0
2022-01-27 22:00:00,0.0,0.0,0.0,0.09712527286451914,2.950589835131142,14.754717750529117,0.0,0.0,0.0,14.754717750529117,0.0,0.0,0.0,0.0,4.0170569902641855,4.0170569902641855,0.0
2022-01-27 23:00:00,0.0,0.0,0.0,0.5452233297051139,16.549713376499287,15.20281580736971,0.0,0.0,0.0,15.20281580736971,0.0,0.0,0.0,0.0,6.528576040853326,6.528576040853326,0.0
2022-01-28 00:00:00,0.0,0.0,0.0,0.9312408942347247,28.164523344289563,15.58883337189932,0.0,0.0,0.0,15.58883337189932,0.0,0.0,0.0,0.0,8.668313280417234,8.668313280417234,0.0
2022-01-28 01:00:00,0.0,0.0,0.0,1.2612571657578104,38.16680474699173,15.91884964342241,0.0,0.0,0.0,15.91884964342241,0.0,0.0,0.0,0.0,10.450824777012787,10.450824777012787,0.0
2022-01-28 02:00:00,0.0,0.0,0.0,1.2665151316686303,38.34754678776698,15.924107609333229,0.0,0.0,0.0,15.924107609333229,0.0,0.0,0.0,0.0,10.551112322005617,10.551112322005617,0.0
2022-01-28 03:00:00,0.0,0.0,0.0,1.5259484240767287,46.23655639573125,16.183540901741328,0.0,0.0,0.0,16.183540901741328,0.0,0.0,0.0,0.0,12.008608706401365,12.008608706401365,0.0
2022-01-28 04:00:00,0.0,0.0,0.0,1.4147902217270076,42.87480748170136,16.072382699391607,0.0,0.0,0.0,16.072382699391607,0.0,0.0,0.0,0.0,11.423346711469868,11.423346711469868,0.0
2022-01-28 05:00:00,0.0,0.0,0.0,1.6711126953183857,50.67518735342594,16.328705172982986,0.0,0.0,0.0,16.328705172982986,0.0,0.0,0.0,0.0,13.222266892703086,13.222266892703086,0.0
2022-01-28 06:00:00,0.0,0.0,0.0,1.5291216109458239,46.372077159766775,16.186714088610422,0.0,0.0,0.0,16.186714088610422,0.0,0.0,0.0,0.0,12.539080770728829,12.539080770728829,0.0
2022-01-28 07:00:00,0.0,0.0,0.0,1.7543918949365307,53.23590415810915,6.84114338260113,0.0,0.0,0.0,6.84114338260113,0.0,0.0,0.0,0.0,11.334905832472598,11.334905832472598,0.0
2022-01-28 08:00:00,0.0,0.0,0.0,8.171766461472032,323.1135506157138,14.516933040801234,0.0,0.0,0.0,14.516933040801234,0.0,0.0,0.0,0.0,61.89625717854913,61.89625717854913,0.0
2022-01-28 09:00:00,0.0,0.0,0.0,8.171766461472032,274.7578530984679,14.516933040801234,0.0,0.0,0.0,14.516933040801234,0.0,0.0,0.0,0.0,53.061899635613806,53.061899635613806,0.0
2022-01-28 10:00:00,0.0,0.0,0.0,8.171766461472032,244.47406997030606,28.15940699237166,0.0,0.0,0.0,28.15940699237166,0.0,0.0,0.0,0.0,50.799287524738816,50.799287524738816,0.0
2022-01-28 11:00:00,0.0,0.0,0.0,8.171766461472032,227.61900694047853,28.15940699237166,0.0,0.0,0.0,28.15940699237166,0.0,0.0,0.0,0.0,47.67300837354268,47.67300837354268,0.0
2022-01-28 12:00:00,0.0,0.0,0.0,8.171766461472032,203.20652653688742,37.25438962675194,0.0,0.0,0.0,37.25438962675194,0.0,0.0,0.0,0.0,45.58062890992878,45.58062890992878,0.0
2022-01-28 13:00:00,0.0,0.0,0.0,8.171766461472032,187.75739406356874,37.25438962675194,0.0,0.0,0.0,37.25438962675194,0.0,0.0,0.0,0.0,43.14919747286701,43.14919747286701,0.0
2022-01-28 14:00:00,0.0,0.0,0.0,8.171766461472032,180.18870089205825,37.25438962675194,0.0,0.0,0.0,37.25438962675194,0.0,0.0,0.0,0.0,42.01705580480956,42.01705580480956,0.0
2022-01-28 15:00:00,0.0,0.0,0.0,8.171766461472032,176.76608393556538,37.25438962675194,0.0,0.0,0.0,37.25438962675194,0.0,0.0,0.0,0.0,41.477556247063845,41.477556247063845,0.0
2022-01-28 16:00:00,0.0,0.0,0.0,8.171766461472032,173.46923776362306,39.168557824751936,0.0,0.0,0.0,39.168557824751936,0.0,0.0,0.0,0.0,41.29286880184999,41.29286880184999,0.0
2022-01-28 17:00:00,0.0,0.0,0.0,8.171766461472032,205.2014538715722,39.64441618037165,0.0,0.0,0.0,39.64441618037165,0.0,0.0,0.0,0.0,47.10588483715413,47.10588483715413,0.0
2022-01-28 18:00:00,0.0,0.0,0.0,8.171766461472032,211.9220754174271,30.549433545991374,0.0,0.0,0.0,30.549433545991374,0.0,0.0,0.0,0.0,45.81112350850346,45.81112350850346,0.0
2022-01-28 19:00:00,0.0,0.0,0.0,0.0,0.0,14.657592477664597,0.0,0.0,0.0,14.657592477664597,0.0,0.0,0.0,0.0,3.6811077748406866,3.6811077748406866,0.0
2022-01-28 20:00:00,0.0,0.0,0.0,0.03413430625464586,1.0271531684869595,14.691726783919247,0.0,0.0,0.0,14.691726783919247,0.0,0.0,0.0,0.0,4.0280012454841865,4.0280012454841865,0.0
2022-01-28 21:00:00,0.0,0.0,0.0,0.14340660818571552,4.3645464915002,14.800999085850313,0.0,0.0,0.0,14.800999085850313,0.0,0.0,0.0,0.0,4.750878048331378,4.750878048331378,0.0
2022-01-28 22:00:00,0.0,0.0,0.0,0.21006445010498054,6.367835721427624,14.867656927769579,0.0,0.0,0.0,14.867656927769579,0.0,0.0,0.0,0.0,4.9817922397528385,4.9817922397528385,0.0
2022-01-28 23:00:00,0.0,0.0,0.0,0.35912807179884143,10.947992411533635,15.016720549463441,0.0,0.0,0.0,15.016720549463441,0.0,0.0,0.0,0.0,5.685576395344718,5.685576395344718,0.0
2022-01-29 00:00:00,0.0,0.0,0.0,0.5272147761789386,15.985215039875484,15.634226069378304,0.0,0.0,0.0,15.634226069378304,0.0,0.0,0.0,0.0,6.605031398080532,6.605031398080532,0.0
2022-01-29 01:00:00,0.0,0.0,0.0,0.5759910943685682,17.501288294380778,15.683002387567937,0.0,0.0,0.0,15.683002387567937,0.0,0.0,0.0,0.0,6.822348233871709,6.822348233871709,0.0
2022-01-29 02:00:00,0.0,0.0,0.0,0.6112430649278215,18.501447145070586,15.718254358127187,0.0,0.0,0.0,15.718254358127187,0.0,0.0,0.0,0.0,7.045888272670563,7.045888272670563,0.0
2022-01-29 03:00:00,0.0,0.0,0.0,0.7108539495276441,21.57538891934752,15.81786524272701,0.0,0.0,0.0,15.81786524272701,0.0,0.0,0.0,0.0,7.632068164295709,7.632068164295709,0.0
2022-01-29 04:00:00,0.0,0.0,0.0,0.7090330008409212,21.444983733421257,15.81604429404029,0.0,0.0,0.0,15.81604429404029,0.0,0.0,0.0,0.0,7.66035020178378,7.66035020178378,0.0
2022-01-29 05:00:00,0.0,0.0,0.0,0.8037136168604871,24.37926877261868,15.910724910059853,0.0,0.0,0.0,15.910724910059853,0.0,0.0,0.0,0.0,8.359064196164933,8.359064196164933,0.0
2022-01-29 06:00:00,0.0,0.0,0.0,8.171766461472032,271.1028901159067,23.2787777546714,0.0,0.0,0.0,23.2787777546714,0.0,0.0,0.0,0.0,54.81159423633447,54.81159423633447,0.0
2022-01-29 07:00:00,0.0,0.0,0.0,8.171766461472032,225.52027882019343,20.978592555991376,0.0,0.0,0.0,20.978592555991376,0.0,0.0,0.0,0.0,46.048125217698406,46.048125217698406,0.0
2022-01-29 08:00:00,0.0,0.0,0.0,8.171766461472032,207.72104083565353,32.706898309561794,0.0,0.0,0.0,32.706898309561794,0.0,0.0,0.0,0.0,46.264810071896626,46.264810071896626,0.0
2022-01-29 09:00:00,0.0,0.0,0.0,8.171766461472032,183.66313421194127,49.09918831618329,0.0,0.0,0.0,49.09918831618329,0.0,0.0,0.0,0.0,46.574828094709474,46.574828094709474,0.0
2022-01-29 10:00:00,0.0,0.0,0.0,8.171766461472032,174.5830017010692,49.09918831618329,0.0,0.0,0.0,49.09918831618329,0.0,0.0,0.0,0.0,44.95713119180991,44.95713119180991,0.0
2022-01-29 11:00:00,0.0,0.0,0.0,8.171766461472032,158.5872688455981,49.09918831618329,0.0,0.0,0.0,49.09918831618329,0.0,0.0,0.0,0.0,42.10851634761654,42.10851634761654,0.0
2022-01-29 12:00:00,0.0,0.0,0.0,8.171766461472032,148.38506552819496,49.09918831618329,0.0,0.0,0.0,49.09918831618329,0.0,0.0,0.0,0.0,40.35114610049518,40.35114610049518,0.0
2022-01-29 13:00:00,0.0,0.0,0.0,8.171766461472032,141.6685135175279,49.09918831618329,0.0,0.0,0.0,49.09918831618329,0.0,0.0,0.0,0.0,39.28225180812753,39.28225180812753,0.0
2022-01-29 14:00:00,0.0,0.0,0.0,8.171766461472032,138.4847309470321,49.09918831618329,0.0,0.0,0.0,49.09918831618329,0.0,0.0,0.0,0.0,38.671204062851146,38.671204062851146,0.0
2022-01-29 15:00:00,0.0,0.0,0.0,8.171766461472032,138.42870422427484,49.09918831618329,0.0,0.0,0.0,49.09918831618329,0.0,0.0,0.0,0.0,38.73820215387355,38.73820215387355,0.0
2022-01-29 16:00:00,0.0,0.0,0.0,8.171766461472032,150.48481353617692,51.01335651418329,0.0,0.0,0.0,51.01335651418329,0.0,0.0,0.0,0.0,41.319417325765414,41.319417325765414,0.0
2022-01-29 17:00:00,0.0,0.0,0.0,8.171766461472032,163.37110274324067,60.58419750418331,0.0,0.0,0.0,60.58419750418331,0.0,0.0,0.0,0.0,45.608584854393456,45.608584854393456,0.0
2022-01-29 18:00:00,0.0,0.0,0.0,8.171766461472032,172.66544848386522,48.73939881475194,0.0,0.0,0.0,48.73939881475194,0.0,0.0,0.0,0.0,44.27931639826105,44.27931639826105,0.0
2022-01-29 19:00:00,0.0,0.0,0.0,8.171766461472032,186.0996739279259,48.73939881475194,0.0,0.0,0.0,48.73939881475194,0.0,0.0,0.0,0.0,46.82146493179256,46.82146493179256,0.0
2022-01-29 20:00:00,0.0,0.0,0.0,8.171766461472032,194.61867467475813,44.191907497561786,0.0,0.0,0.0,44.191907497561786,0.0,0.0,0.0,0.0,47.00834152022776,47.00834152022776,0.0
2022-01-29 21:00:00,0.0,0.0,0.0,0.0,0.0,22.37766708451935,0.0,0.0,0.0,22.37766708451935,0.0,0.0,0.0,0.0,5.956487424557361,5.956487424557361,0.0
2022-01-29 22:00:00,0.0,0.0,0.0,0.12990953832176996,3.946376090173539,15.236920831521138,0.0,0.0,0.0,15.236920831521138,0.0,0.0,0.0,0.0,4.5519267601278335,4.5519267601278335,0.0
2022-01-29 23:00:00,0.0,0.0,0.0,0.3354941545261187,10.179917220045343,15.44250544772549,0.0,0.0,0.0,15.44250544772549,0.0,0.0,0.0,0.0,5.712827804876309,5.712827804876309,0.0
2022-01-30 00:00:00,0.0,0.0,0.0,0.946750720733549,28.675603944915856,16.053762013932918,0.0,0.0,0.0,16.053762013932918,0.0,0.0,0.0,0.0,9.141658205220136,9.141658205220136,0.0
2022-01-30 01:00:00,0.0,0.0,0.0,1.0403793005711302,31.45356381340163,16.147390593770496,0.0,0.0,0.0,16.147390593770496,0.0,0.0,0.0,0.0,9.62305178533584,9.62305178533584,0.0
2022-01-30 02:00:00,0.0,0.0,0.0,1.47215345458154,44.64477698700166,16.579164747780904,0.0,0.0,0.0,16.579164747780904,0.0,0.0,0.0,0.0,12.085782074499747,12.085782074499747,0.0
2022-01-30 03:00:00,0.0,0.0,0.0,1.3630563614075213,41.265585404659795,16.47006765460689,0.0,0.0,0.0,16.47006765460689,0.0,0.0,0.0,0.0,11.580672191160229,11.580672191160229,0.0
2022-01-30 04:00:00,0.0,0.0,0.0,1.7831110544777788,54.153337927798056,16.890122347677146,0.0,0.0,0.0,16.890122347677146,0.0,0.0,0.0,0.0,14.060014537894455,14.060014537894455,0.0
2022-01-30 05:00:00,0.0,0.0,0.0,1.5093328515126943,45.73504989295687,16.61634414471206,0.0,0.0,0.0,16.61634414471206,0.0,0.0,0.0,0.0,12.776526181356225,12.776526181356225,0.0
2022-01-30 06:00:00,0.0,0.0,0.0,8.171766461472032,326.76477343782045,23.2787777546714,0.0,0.0,0.0,23.2787777546714,0.0,0.0,0.0,0.0,65.27164597626178,65.27164597626178,0.0
2022-01-30 07:00:00,0.0,0.0,0.0,8.171766461472032,283.8600901063092,20.978592555991376,0.0,0.0,0.0,20.978592555991376,0.0,0.0,0.0,0.0,56.96467152886086,56.96467152886086,0.0
2022-01-30 08:00:00,0.0,0.0,0.0,8.171766461472032,253.02006171108778,32.706898309561794,0.0,0.0,0.0,32.706898309561794,0.0,0.0,0.0,0.0,54.90432549658106,54.90432549658106,0.0
2022-01-30 09:00:00,0.0,0.0,0.0,8.171766461472032,215.6177012816993,49.09918831618329,0.0,0.0,0.0,49.09918831618329,0.0,0.0,0.0,0.0,52.878663029539815,52.878663029539815,0.0
2022-01-30 10:00:00,0.0,0.0,0.0,8.171766461472032,197.8150020609621,49.09918831618329,0.0,0.0,0.0,49.09918831618329,0.0,0.0,0.0,0.0,49.44545942867723,49.44545942867723,0.0
2022-01-30 11:00:00,0.0,0.0,0.0,8.171766461472032,179.10562003514784,49.09918831618329,0.0,0.0,0.0,49.09918831618329,0.0,0.0,0.0,0.0,46.26978725715843,46.26978725715843,0.0
2022-01-30 12:00:00,0.0,0.0,0.0,8.171766461472032,167.64323310557305,49.09918831618329,0.0,0.0,0.0,49.09918831618329,0.0,0.0,0.0,0.0,44.04149746287199,44.04149746287199,0.0
2022-01-30 13:00:00,0.0,0.0,0.0,8.171766461472032,159.11569310898025,49.09918831618329,0.0,0.0,0.0,49.09918831618329,0.0,0.0,0.0,0.0,42.736385548298,42.736385548298,0.0
2022-01-30 14:00:00,0.0,0.0,0.0,8.171766461472032,150.2225186240558,49.09918831618329,0.0,0.0,0.0,49.09918831618329,0.0,0.0,0.0,0.0,41.276080469949385,41.276080469949385,0.0
2022-01-30 15:00:00,0.0,0.0,0.0,8.171766461472032,142.45685293950726,49.09918831618329,0.0,0.0,0.0,49.09918831618329,0.0,0.0,0.0,0.0,39.88670700145729,39.88670700145729,0.0
2022-01-30 16:00:00,0.0,0.0,0.0,8.171766461472032,140.0377479329017,51.01335651418329,0.0,0.0,0.0,51.01335651418329,0.0,0.0,0.0,0.0,40.44542249518916,40.44542249518916,0.0
2022-01-30 17:00:00,0.0,0.0,0.0,8.171766461472032,142.19269576844184,60.58419750418331,0.0,0.0,0.0,60.58419750418331,0.0,0.0,0.0,0.0,43.1676359817345,43.1676359817345,0.0
2022-01-30 18:00:00,0.0,0.0,0.0,8.171766461472032,150.52984410881623,48.73939881475194,0.0,0.0,0.0,48.73939881475194,0.0,0.0,0.0,0.0,41.49521784461023,41.49521784461023,0.0
2022-01-30 19:00:00,0.0,0.0,0.0,8.171766461472032,158.6252949457136,48.73939881475194,0.0,0.0,0.0,48.73939881475194,0.0,0.0,0.0,0.0,43.13265550187537,43.13265550187537,0.0
2022-01-30 20:00:00,0.0,0.0,0.0,8.171766461472032,156.84141461233784,44.191907497561786,0.0,0.0,0.0,44.191907497561786,0.0,0.0,0.0,0.0,41.79036816653557,41.79036816653557,0.0
2022-01-30 21:00:00,0.0,0.0,0.0,0.0,0.0,22.37766708451935,0.0,0.0,0.0,22.37766708451935,0.0,0.0,0.0,0.0,6.7685729630545675,6.7685729630545675,0.0
2022-01-30 22:00:00,0.0,0.0,0.0,0.0,0.0,15.107011293199369,0.0,0.0,0.0,15.107011293199369,0.0,0.0,0.0,0.0,4.550231801511649,4.550231801511649,0.0
2022-01-30 23:00:00,0.0,0.0,0.0,0.04962923301699827,1.4978589473655373,15.156640526216366,0.0,0.0,0.0,15.156640526216366,0.0,0.0,0.0,0.0,4.7340785907574805,4.7340785907574805,0.0
2022-01-31 00:00:00,0.0,0.0,0.0,0.12279984292216152,3.7209298583044617,15.22981113612153,0.0,0.0,0.0,15.22981113612153,0.0,0.0,0.0,0.0,5.115232236295282,5.115232236295282,0.0
2022-01-31 01:00:00,0.0,0.0,0.0,0.1657450622570784,5.056144293322883,15.272756355456446,0.0,0.0,0.0,15.272756355456446,0.0,0.0,0.0,0.0,5.3460275021580115,5.3460275021580115,0.0
2022-01-31 02:00:00,0.0,0.0,0.0,0.18170284162619166,5.5086157668631275,15.28871413482556,0.0,0.0,0.0,15.28871413482556,0.0,0.0,0.0,0.0,5.466529403010116,5.466529403010116,0.0
2022-01-31 03:00:00,0.0,0.0,0.0,0.3465880286153233,10.569180754150036,15.453599321814691,0.0,0.0,0.0,15.453599321814691,0.0,0.0,0.0,0.0,6.4492797561357325,6.4492797561357325,0.0
2022-01-31 04:00:00,0.0,0.0,0.0,0.47928491158516967,14.527842068798671,15.586296204784537,0.0,0.0,0.0,15.586296204784537,0.0,0.0,0.0,0.0,7.251420197925373,7.251420197925373,0.0
2022-01-31 05:00:00,0.0,0.0,0.0,0.5580424486733193,16.970510017290422,15.665053741872685,0.0,0.0,0.0,15.665053741872685,0.0,0.0,0.0,0.0,7.8160005379897495,7.8160005379897495,0.0
2022-01-31 06:00:00,0.0,0.0,0.0,8.171766461472032,258.5402396590918,23.2787777546714,0.0,0.0,0.0,23.2787777546714,0.0,0.0,0.0,0.0,53.58139924927803,53.58139924927803,0.0
2022-01-31 07:00:00,0.0,0.0,0.0,8.171766461472032,206.48696582185642,20.978592555991376,0.0,0.0,0.0,20.978592555991376,0.0,0.0,0.0,0.0,43.58261822719038,43.58261822719038,0.0
2022-01-31 08:00:00,0.0,0.0,0.0,8.171766461472032,178.7931290036444,32.706898309561794,0.0,0.0,0.0,32.706898309561794,0.0,0.0,0.0,0.0,42.17065159244039,42.17065159244039,0.0
2022-01-31 09:00:00,0.0,0.0,0.0,8.171766461472032,148.2495285942835,49.09918831618329,0.0,0.0,0.0,49.09918831618329,0.0,0.0,0.0,0.0,41.52181686303231,41.52181686303231,0.0
2022-01-31 10:00:00,0.0,0.0,0.0,8.171766461472032,133.09849549594904,49.09918831618329,0.0,0.0,0.0,49.09918831618329,0.0,0.0,0.0,0.0,38.573902715736196,38.573902715736196,0.0
2022-01-31 11:00:00,0.0,0.0,0.0,8.171766461472032,115.97148355072952,49.09918831618329,0.0,0.0,0.0,49.09918831618329,0.0,0.0,0.0,0.0,35.209329765261984,35.209329765261984,0.0
2022-01-31 12:00:00,0.0,0.0,0.0,8.171766461472032,105.38642832879079,49.09918831618329,0.0,0.0,0.0,49.09918831618329,0.0,0.0,0.0,0.0,33.36731513392273,33.36731513392273,0.0
2022-01-31 13:00:00,0.0,0.0,0.0,8.171766461472032,101.70601857231857,49.09918831618329,0.0,0.0,0.0,49.09918831618329,0.0,0.0,0.0,0.0,32.71594864646624,32.71594864646624,0.0
2022-01-31 14:00:00,0.0,0.0,0.0,8.171766461472032,102.23037868557851,49.09918831618329,0.0,0.0,0.0,49.09918831618329,0.0,0.0,0.0,0.0,32.8049589912898,32.8049589912898,0.0
2022-01-31 15:00:00,0.0,0.0,0.0,8.171766461472034,100.1337453141597,49.09918831618329,0.0,0.0,0.0,49.09918831618329,0.0,0.0,0.0,0.0,32.56837395498396,32.56837395498396,0.0
2022-01-31 16:00:00,0.0,0.0,0.0,8.171766461472032,103.10578506188345,51.01335651418329,0.0,0.0,0.0,51.01335651418329,0.0,0.0,0.0,0.0,33.87181718735348,33.87181718735348,0.0
2022-01-31 17:00:00,0.0,0.0,0.0,8.171766461472032,110.68496753720113,60.58419750418331,0.0,0.0,0.0,60.58419750418331,0.0,0.0,0.0,0.0,38.428864791361235,38.428864791361235,0.0
2022-01-31 18:00:00,0.0,0.0,0.0,8.171766461472032,115.38894312286551,48.73939881475194,0.0,0.0,0.0,48.73939881475194,0.0,0.0,0.0,0.0,35.41373063970847,35.41373063970847,0.0
2022-01-31 19:00:00,0.0,0.0,0.0,8.171766461472032,121.86822374482745,48.73939881475194,0.0,0.0,0.0,48.73939881475194,0.0,0.0,0.0,0.0,36.58325216279507,36.58325216279507,0.0
2022-01-31 20:00:00,0.0,0.0,0.0,8.171766461472032,123.31122030223521,44.191907497561786,0.0,0.0,0.0,44.191907497561786,0.0,0.0,0.0,0.0,35.393520668583086,35.393520668583086,0.0
2022-01-31 21:00:00,0.0,0.0,0.0,0.0,0.0,22.37766708451935,0.0,0.0,0.0,22.37766708451935,0.0,0.0,0.0,0.0,6.678614741374799,6.678614741374799,0.0
2022-01-31 22:00:00,0.0,0.0,0.0,0.0,0.0,15.107011293199369,0.0,0.0,0.0,15.107011293199369,0.0,0.0,0.0,0.0,4.554461764673746,4.554461764673746,0.0
2022-01-31 23:00:00,0.0,0.0,0.0,0.0,0.0,15.107011293199369,0.0,0.0,0.0,15.107011293199369,0.0,0.0,0.0,0.0,4.467445379624918,4.467445379624918,0.0
2022-02-01 00:00:00,0.0,0.0,0.0,0.03252446604364997,0.9803529957662527,15.13953575924302,0.0,0.0,0.0,15.13953575924302,0.0,0.0,0.0,0.0,4.44449948875573,4.44449948875573,0.0
2022-02-01 01:00:00,0.0,0.0,0.0,0.13545891338224314,4.111720403740024,15.24247020658161,0.0,0.0,0.0,15.24247020658161,0.0,0.0,0.0,0.0,4.951659054798837,4.951659054798837,0.0
2022-02-01 02:00:00,0.0,0.0,0.0,0.26496366720321185,8.075249355645907,15.371974960402577,0.0,0.0,0.0,15.371974960402577,0.0,0.0,0.0,0.0,5.6508085942627355,5.6508085942627355,0.0
2022-02-01 03:00:00,0.0,0.0,0.0,0.6436262006097272,19.51139687092248,15.750637493809094,0.0,0.0,0.0,15.750637493809094,0.0,0.0,0.0,0.0,7.840522738014339,7.840522738014339,0.0
2022-02-01 04:00:00,0.0,0.0,0.0,0.9329659387687982,28.264767737021998,16.039977231968166,0.0,0.0,0.0,16.039977231968166,0.0,0.0,0.0,0.0,9.56535958206738,9.56535958206738,0.0
2022-02-01 05:00:00,0.0,0.0,0.0,1.046835166410888,31.685362887166278,16.153846459610254,0.0,0.0,0.0,16.153846459610254,0.0,0.0,0.0,0.0,10.233693564200255,10.233693564200255,0.0
2022-02-01 06:00:00,0.0,0.0,0.0,8.171766461472032,308.19116355814265,23.2787777546714,0.0,0.0,0.0,23.2787777546714,0.0,0.0,0.0,0.0,61.8031511525877,61.8031511525877,0.0
2022-02-01 07:00:00,0.0,0.0,0.0,8.171766461472032,265.61082031010346,20.978592555991376,0.0,0.0,0.0,20.978592555991376,0.0,0.0,0.0,0.0,53.51084441836679,53.51084441836679,0.0
2022-02-01 08:00:00,0.0,0.0,0.0,8.171766461472032,236.63944904719085,32.706898309561794,0.0,0.0,0.0,32.706898309561794,0.0,0.0,0.0,0.0,51.607642142925855,51.607642142925855,0.0
2022-02-01 09:00:00,0.0,0.0,0.0,8.171766461472032,196.34982716969006,49.09918831618329,0.0,0.0,0.0,49.09918831618329,0.0,0.0,0.0,0.0,49.2204424415212,49.2204424415212,0.0
2022-02-01 10:00:00,0.0,0.0,0.0,8.171766461472032,171.49564687044926,49.09918831618329,0.0,0.0,0.0,49.09918831618329,0.0,0.0,0.0,0.0,44.63692777995158,44.63692777995158,0.0
2022-02-01 11:00:00,0.0,0.0,0.0,8.171766461472032,147.83521642733226,49.09918831618329,0.0,0.0,0.0,49.09918831618329,0.0,0.0,0.0,0.0,40.17751477594297,40.17751477594297,0.0
2022-02-01 12:00:00,0.0,0.0,0.0,8.171766461472034,133.18911409008703,49.09918831618329,0.0,0.0,0.0,49.09918831618329,0.0,0.0,0.0,0.0,37.45406341350087,37.45406341350087,0.0
2022-02-01 13:00:00,0.0,0.0,0.0,8.171766461472034,122.7610787512641,49.09918831618329,0.0,0.0,0.0,49.09918831618329,0.0,0.0,0.0,0.0,35.35799994432299,35.35799994432299,0.0
2022-02-01 14:00:00,0.0,0.0,0.0,8.171766461472034,115.77985187345057,49.09918831618329,0.0,0.0,0.0,49.09918831618329,0.0,0.0,0.0,0.0,33.99202695587333,33.99202695587333,0.0
2022-02-01 15:00:00,0.0,0.0,0.0,8.171766461472032,109.44998704765955,49.09918831618329,0.0,0.0,0.0,49.09918831618329,0.0,0.0,0.0,0.0,33.01092255095293,33.01092255095293,0.0
2022-02-01 16:00:00,0.0,0.0,0.0,8.171766461472032,117.31995926254078,49.09918831618329,0.0,0.0,0.0,49.09918831618329,0.0,0.0,0.0,0.0,34.63363990636813,34.63363990636813,0.0
2022-02-01 17:00:00,0.0,0.0,0.0,8.171766461472032,137.19504428373082,60.58419750418331,0.0,0.0,0.0,60.58419750418331,0.0,0.0,0.0,0.0,41.11852453565072,41.11852453565072,0.0
2022-02-01 18:00:00,0.0,0.0,0.0,8.171766461472032,159.7250589344927,48.73939881475194,0.0,0.0,0.0,48.73939881475194,0.0,0.0,0.0,0.0,42.006906391676196,42.006906391676196,0.0
2022-02-01 19:00:00,0.0,0.0,0.0,8.171766461472032,179.5626875979551,48.73939881475194,0.0,0.0,0.0,48.73939881475194,0.0,0.0,0.0,0.0,45.721486086138306,45.721486086138306,0.0
2022-02-01 20:00:00,0.0,0.0,0.0,8.171766461472032,193.665224998869,44.191907497561786,0.0,0.0,0.0,44.191907497561786,0.0,0.0,0.0,0.0,46.95201338981384,46.95201338981384,0.0
2022-02-01 21:00:00,0.0,0.0,0.0,0.0,0.0,22.37766708451935,0.0,0.0,0.0,22.37766708451935,0.0,0.0,0.0,0.0,5.855564146006178,5.855564146006178,0.0
2022-02-01 22:00:00,0.0,0.0,0.0,0.12815287077532522,3.892246673986539,15.235164163974693,0.0,0.0,0.0,15.235164163974693,0.0,0.0,0.0,0.0,4.69500361436196,4.69500361436196,0.0
2022-02-01 23:00:00,0.0,0.0,0.0,0.31968686896309995,9.702337534039657,15.426698162162465,0.0,0.0,0.0,15.426698162162465,0.0,0.0,0.0,0.0,5.620245265452342,5.620245265452342,0.0
2022-02-02 00:00:00,0.0,0.0,0.0,0.8084031554457666,24.508563624407145,15.915414448645132,0.0,0.0,0.0,15.915414448645132,0.0,0.0,0.0,0.0,8.324785901438648,8.324785901438648,0.0
2022-02-02 01:00:00,0.0,0.0,0.0,0.9320156384025575,28.15926228230361,16.039026931601924,0.0,0.0,0.0,16.039026931601924,0.0,0.0,0.0,0.0,8.985534089671148,8.985534089671148,0.0
2022-02-02 02:00:00,0.0,0.0,0.0,1.241739550483642,37.650850899224444,16.348750843683007,0.0,0.0,0.0,16.348750843683007,0.0,0.0,0.0,0.0,10.671852359612704,10.671852359612704,0.0
2022-02-02 03:00:00,0.0,0.0,0.0,1.2272965622091851,37.118080912594706,16.334307855408554,0.0,0.0,0.0,16.334307855408554,0.0,0.0,0.0,0.0,10.527895222508173,10.527895222508173,0.0
2022-02-02 04:00:00,0.0,0.0,0.0,1.5225784561920028,46.22724421927467,16.629589749391368,0.0,0.0,0.0,16.629589749391368,0.0,0.0,0.0,0.0,12.270600183932704,12.270600183932704,0.0
2022-02-02 05:00:00,0.0,0.0,0.0,1.434049685897896,43.41296835665541,16.541060979097267,0.0,0.0,0.0,16.541060979097267,0.0,0.0,0.0,0.0,11.747340661691222,11.747340661691222,0.0
2022-02-02 06:00:00,0.0,0.0,0.0,8.171766461472032,322.25836774273625,23.2787777546714,0.0,0.0,0.0,23.2787777546714,0.0,0.0,0.0,0.0,63.579862390005715,63.579862390005715,0.0
2022-02-02 07:00:00,0.0,0.0,0.0,8.171766461472032,273.91319267192046,19.064424357991378,0.0,0.0,0.0,19.064424357991378,0.0,0.0,0.0,0.0,54.063700283593164,54.063700283593164,0.0
2022-02-02 08:00:00,0.0,0.0,0.0,8.171766461472032,237.2925632537255,32.706898309561794,0.0,0.0,0.0,32.706898309561794,0.0,0.0,0.0,0.0,50.908544375487665,50.908544375487665,0.0
2022-02-02 09:00:00,0.0,0.0,0.0,8.171766461472032,190.1626443898551,49.09918831618329,0.0,0.0,0.0,49.09918831618329,0.0,0.0,0.0,0.0,46.657029580707096,46.657029580707096,0.0
2022-02-02 10:00:00,0.0,0.0,0.0,8.171766461472032,166.1432852732251,49.09918831618329,0.0,0.0,0.0,49.09918831618329,0.0,0.0,0.0,0.0,42.506145151597366,42.506145151597366,0.0
2022-02-02 11:00:00,0.0,0.0,0.0,8.171766461472032,139.56177558139098,49.09918831618329,0.0,0.0,0.0,49.09918831618329,0.0,0.0,0.0,0.0,37.599840312380785,37.599840312380785,0.0
2022-02-02 12:00:00,0.0,0.0,0.0,8.171766461472032,118.8480889948323,49.09918831618329,0.0,0.0,0.0,49.09918831618329,0.0,0.0,0.0,0.0,33.786372852582176,33.786372852582176,0.0
2022-02-02 13:00:00,0.0,0.0,0.0,8.171766461472034,107.02007121526904,49.09918831618329,0.0,0.0,0.0,49.09918831618329,0.0,0.0,0.0,0.0,31.755422721716485,31.755422721716485,0.0
2022-02-02 14:00:00,0.0,0.0,0.0,8.171766461472032,101.26632900722252,49.09918831618329,0.0,0.0,0.0,49.09918831618329,0.0,0.0,0.0,0.0,30.584436286571773,30.584436286571773,0.0
2022-02-02 15:00:00,0.0,0.0,0.0,8.171766461472034,95.44987135962917,49.09918831618329,0.0,0.0,0.0,49.09918831618329,0.0,0.0,0.0,0.0,29.68693320279905,29.68693320279905,0.0
2022-02-02 16:00:00,0.0,0.0,0.0,8.171766461472032,101.7027487700284,49.09918831618329,0.0,0.0,0.0,49.09918831618329,0.0,0.0,0.0,0.0,30.695419309882038,30.695419309882038,0.0
2022-02-02 17:00:00,0.0,0.0,0.0,8.171766461472032,111.60743769086558,60.58419750418331,0.0,0.0,0.0,60.58419750418331,0.0,0.0,0.0,0.0,35.27978863710921,35.27978863710921,0.0
2022-02-02 18:00:00,0.0,0.0,0.0,8.171766461472032,119.87212859493108,48.73939881475194,0.0,0.0,0.0,48.73939881475194,0.0,0.0,0.0,0.0,33.640666267259526,33.640666267259526,0.0
2022-02-02 19:00:00,0.0,0.0,0.0,8.171766461472032,129.01653815246777,48.73939881475194,0.0,0.0,0.0,48.73939881475194,0.0,0.0,0.0,0.0,35.47135592245965,35.47135592245965,0.0
2022-02-02 20:00:00,0.0,0.0,0.0,8.171766461472032,130.5859838136471,44.191907497561786,0.0,0.0,0.0,44.191907497561786,0.0,0.0,0.0,0.0,34.18219652867252,34.18219652867252,0.0
2022-02-02 21:00:00,0.0,0.0,0.0,0.0,0.0,22.37766708451935,0.0,0.0,0.0,22.37766708451935,0.0,0.0,0.0,0.0,5.425689161312562,5.425689161312562,0.0
2022-02-02 22:00:00,0.0,0.0,0.0,0.0,0.0,15.107011293199369,0.0,0.0,0.0,15.107011293199369,0.0,0.0,0.0,0.0,3.684751124524258,3.684751124524258,0.0
2022-02-02 23:00:00,0.0,0.0,0.0,0.0,0.0,15.107011293199369,0.0,0.0,0.0,15.107011293199369,0.0,0.0,0.0,0.0,3.574772082309767,3.574772082309767,0.0
2022-02-03 00:00:00,0.0,0.0,0.0,0.0,0.0,14.657592477664597,0.0,0.0,0.0,14.657592477664597,0.0,0.0,0.0,0.0,3.462123343224378,3.462123343224378,0.0
2022-02-03 01:00:00,0.0,0.0,0.0,0.0,0.0,14.657592477664597,0.0,0.0,0.0,14.657592477664597,0.0,0.0,0.0,0.0,3.424599906481556,3.424599906481556,0.0
2022-02-03 02:00:00,0.0,0.0,0.0,0.03582011590527317,1.0842393082743886,14.693412593569871,0.0,0.0,0.0,14.693412593569871,0.0,0.0,0.0,0.0,3.6358272293659186,3.6358272293659186,0.0
2022-02-03 03:00:00,0.0,0.0,0.0,0.039336297671265744,1.1859535156601244,14.696928775335865,0.0,0.0,0.0,14.696928775335865,0.0,0.0,0.0,0.0,3.587799299146236,3.587799299146236,0.0
2022-02-03 04:00:00,0.0,0.0,0.0,0.04332139384800864,1.3032590431925626,14.700913871512604,0.0,0.0,0.0,14.700913871512604,0.0,0.0,0.0,0.0,3.6218898955624,3.6218898955624,0.0
2022-02-03 05:00:00,0.0,0.0,0.0,0.10696334839746,3.250014886036791,14.76455582606206,0.0,0.0,0.0,14.76455582606206,0.0,0.0,0.0,0.0,4.072554612229792,4.072554612229792,0.0
2022-02-03 06:00:00,0.0,0.0,0.0,8.171766461472032,224.10004038598203,22.829358939136633,0.0,0.0,0.0,22.829358939136633,0.0,0.0,0.0,0.0,45.77219099730025,45.77219099730025,0.0
2022-02-03 07:00:00,0.0,0.0,0.0,8.171766461472032,178.44618351084026,14.516933040801234,0.0,0.0,0.0,14.516933040801234,0.0,0.0,0.0,0.0,35.610324612391764,35.610324612391764,0.0
2022-02-03 08:00:00,0.0,0.0,0.0,8.171766461472032,162.08120241423552,23.611915675181518,0.0,0.0,0.0,23.611915675181518,0.0,0.0,0.0,0.0,34.973609934432886,34.973609934432886,0.0
2022-02-03 09:00:00,0.0,0.0,0.0,8.171766461472032,140.41969882848173,37.25438962675194,0.0,0.0,0.0,37.25438962675194,0.0,0.0,0.0,0.0,34.39579371460152,34.39579371460152,0.0
2022-02-03 10:00:00,0.0,0.0,0.0,8.171766461472032,124.99031478961155,49.09918831618329,0.0,0.0,0.0,49.09918831618329,0.0,0.0,0.0,0.0,34.475431041721464,34.475431041721464,0.0
2022-02-03 11:00:00,0.0,0.0,0.0,8.171766461472032,106.1968840791163,49.09918831618329,0.0,0.0,0.0,49.09918831618329,0.0,0.0,0.0,0.0,31.267441153809273,31.267441153809273,0.0
2022-02-03 12:00:00,0.0,0.0,0.0,8.171766461472032,100.01344098180302,49.09918831618329,0.0,0.0,0.0,49.09918831618329,0.0,0.0,0.0,0.0,30.28274953686399,30.28274953686399,0.0
2022-02-03 13:00:00,0.0,0.0,0.0,8.171766461472034,96.22578781740168,49.09918831618329,0.0,0.0,0.0,49.09918831618329,0.0,0.0,0.0,0.0,29.663136985247483,29.663136985247483,0.0
2022-02-03 14:00:00,0.0,0.0,0.0,8.171766461472032,96.14702362512439,49.09918831618329,0.0,0.0,0.0,49.09918831618329,0.0,0.0,0.0,0.0,29.401004558813717,29.401004558813717,0.0
2022-02-03 15:00:00,0.0,0.0,0.0,8.171766461472034,93.07551014714495,49.09918831618329,0.0,0.0,0.0,49.09918831618329,0.0,0.0,0.0,0.0,29.037991143924426,29.037991143924426,0.0
2022-02-03 16:00:00,0.0,0.0,0.0,8.171766461472034,90.62975317233042,49.09918831618329,0.0,0.0,0.0,49.09918831618329,0.0,0.0,0.0,0.0,29.092060414126056,29.092060414126056,0.0
2022-02-03 17:00:00,0.0,0.0,0.0,8.171766461472032,98.37862368229351,60.58419750418331,0.0,0.0,0.0,60.58419750418331,0.0,0.0,0.0,0.0,33.487419438318604,33.487419438318604,0.0
2022-02-03 18:00:00,0.0,0.0,0.0,8.171766461472032,117.64606802367103,44.191907497561786,0.0,0.0,0.0,44.191907497561786,0.0,0.0,0.0,0.0,32.45425311217857,32.45425311217857,0.0
2022-02-03 19:00:00,0.0,0.0,0.0,8.171766461472032,125.53725877151578,35.096924863181506,0.0,0.0,0.0,35.096924863181506,0.0,0.0,0.0,0.0,31.653128474012888,31.653128474012888,0.0
2022-02-03 20:00:00,0.0,0.0,0.0,8.171766461472032,128.96507106116184,35.096924863181506,0.0,0.0,0.0,35.096924863181506,0.0,0.0,0.0,0.0,32.18502196885788,32.18502196885788,0.0
2022-02-03 21:00:00,0.0,0.0,0.0,8.171766461472032,137.86476259012616,26.001942228801234,0.0,0.0,0.0,26.001942228801234,0.0,0.0,0.0,0.0,31.271089269092393,31.271089269092393,0.0
2022-02-03 22:00:00,0.0,0.0,0.0,0.0,0.0,14.657592477664597,0.0,0.0,0.0,14.657592477664597,0.0,0.0,0.0,0.0,3.4805919097462352,3.4805919097462352,0.0
2022-02-03 23:00:00,0.0,0.0,0.0,0.0,0.0,14.657592477664597,0.0,0.0,0.0,14.657592477664597,0.0,0.0,0.0,0.0,3.3668489921195577,3.3668489921195577,0.0
2022-02-04 00:00:00,0.0,0.0,0.0,0.0,0.0,14.657592477664597,0.0,0.0,0.0,14.657592477664597,0.0,0.0,0.0,0.0,3.366262688420451,3.366262688420451,0.0
2022-02-04 01:00:00,0.0,0.0,0.0,0.0,0.0,14.657592477664597,0.0,0.0,0.0,14.657592477664597,0.0,0.0,0.0,0.0,3.3659695365708977,3.3659695365708977,0.0
2022-02-04 02:00:00,0.0,0.0,0.0,0.0,0.0,14.657592477664597,0.0,0.0,0.0,14.657592477664597,0.0,0.0,0.0,0.0,3.395871025225334,3.395871025225334,0.0
2022-02-04 03:00:00,0.0,0.0,0.0,0.02463880907709638,0.7435849865313486,14.682231286741695,0.0,0.0,0.0,14.682231286741695,0.0,0.0,0.0,0.0,3.5295892367529937,3.5295892367529937,0.0
2022-02-04 04:00:00,0.0,0.0,0.0,0.027948511553125922,0.8434650327117997,14.685540989217722,0.0,0.0,0.0,14.685540989217722,0.0,0.0,0.0,0.0,3.542757642842457,3.542757642842457,0.0
2022-02-04 05:00:00,0.0,0.0,0.0,0.05518227056126967,1.6657131858088727,14.71277474822587,0.0,0.0,0.0,14.71277474822587,0.0,0.0,0.0,0.0,3.7883112417076443,3.7883112417076443,0.0
2022-02-04 06:00:00,0.0,0.0,0.0,0.0751937245354962,2.2863437876388217,14.732786202200097,0.0,0.0,0.0,14.732786202200097,0.0,0.0,0.0,0.0,3.872093968948564,3.872093968948564,0.0
2022-02-04 07:00:00,0.0,0.0,0.0,0.10497536444101117,3.192962641213394,3.277558654105612,0.0,0.0,0.0,3.277558654105612,0.0,0.0,0.0,0.0,1.3392536995312065,1.3392536995312065,0.0
2022-02-04 08:00:00,0.0,0.0,0.0,8.171766461472032,220.04969260027124,14.516933040801234,0.0,0.0,0.0,14.516933040801234,0.0,0.0,0.0,0.0,43.024984923486805,43.024984923486805,0.0
2022-02-04 09:00:00,0.0,0.0,0.0,8.171766461472032,172.28146199407288,14.516933040801234,0.0,0.0,0.0,14.516933040801234,0.0,0.0,0.0,0.0,34.41093964285694,34.41093964285694,0.0
2022-02-04 10:00:00,0.0,0.0,0.0,8.171766461472032,150.40354283709584,28.15940699237166,0.0,0.0,0.0,28.15940699237166,0.0,0.0,0.0,0.0,33.652062576205196,33.652062576205196,0.0
2022-02-04 11:00:00,0.0,0.0,0.0,8.171766461472032,138.61731278824362,28.15940699237166,0.0,0.0,0.0,28.15940699237166,0.0,0.0,0.0,0.0,31.614706790090512,31.614706790090512,0.0
2022-02-04 12:00:00,0.0,0.0,0.0,8.171766461472032,122.26709119192208,37.25438962675194,0.0,0.0,0.0,37.25438962675194,0.0,0.0,0.0,0.0,30.674768358389517,30.674768358389517,0.0
2022-02-04 13:00:00,0.0,0.0,0.0,8.171766461472032,118.80777535124027,37.25438962675194,0.0,0.0,0.0,37.25438962675194,0.0,0.0,0.0,0.0,30.126053344074116,30.126053344074116,0.0
2022-02-04 14:00:00,0.0,0.0,0.0,8.171766461472032,121.15949621003482,37.25438962675194,0.0,0.0,0.0,37.25438962675194,0.0,0.0,0.0,0.0,30.55954034378442,30.55954034378442,0.0
2022-02-04 15:00:00,0.0,0.0,0.0,8.171766461472032,126.6544576675999,37.25438962675194,0.0,0.0,0.0,37.25438962675194,0.0,0.0,0.0,0.0,31.80335791092093,31.80335791092093,0.0
2022-02-04 16:00:00,0.0,0.0,0.0,8.171766461472032,135.51059764967258,37.25438962675194,0.0,0.0,0.0,37.25438962675194,0.0,0.0,0.0,0.0,33.679552767740205,33.679552767740205,0.0
2022-02-04 17:00:00,0.0,0.0,0.0,8.171766461472032,173.8452106946485,39.64441618037165,0.0,0.0,0.0,39.64441618037165,0.0,0.0,0.0,0.0,40.93608108612399,40.93608108612399,0.0
2022-02-04 18:00:00,0.0,0.0,0.0,8.171766461472032,189.90275815509324,30.549433545991374,0.0,0.0,0.0,30.549433545991374,0.0,0.0,0.0,0.0,41.524545287294956,41.524545287294956,0.0
2022-02-04 19:00:00,0.0,0.0,0.0,0.0,0.0,14.657592477664597,0.0,0.0,0.0,14.657592477664597,0.0,0.0,0.0,0.0,3.56472649056803,3.56472649056803,0.0
2022-02-04 20:00:00,0.0,0.0,0.0,0.0,0.0,14.657592477664597,0.0,0.0,0.0,14.657592477664597,0.0,0.0,0.0,0.0,3.6639583916418195,3.6639583916418195,0.0
2022-02-04 21:00:00,0.0,0.0,0.0,0.07681213773610572,2.3324591862901665,14.734404615400706,0.0,0.0,0.0,14.734404615400706,0.0,0.0,0.0,0.0,4.0505175396348365,4.0505175396348365,0.0
2022-02-04 22:00:00,0.0,0.0,0.0,0.19617250055608434,5.945731936160926,14.853764978220683,0.0,0.0,0.0,14.853764978220683,0.0,0.0,0.0,0.0,4.65682451366982,4.65682451366982,0.0
2022-02-04 23:00:00,0.0,0.0,0.0,0.46616849302474056,14.180036716264489,15.123760970689341,0.0,0.0,0.0,15.123760970689341,0.0,0.0,0.0,0.0,5.929349882039521,5.929349882039521,0.0
2022-02-05 00:00:00,0.0,0.0,0.0,0.7032913702719963,21.285763944710954,15.810302663471365,0.0,0.0,0.0,15.810302663471365,0.0,0.0,0.0,0.0,7.419077772228096,7.419077772228096,0.0
2022-02-05 01:00:00,0.0,0.0,0.0,0.9856188184752459,29.85245304853945,16.092630111674612,0.0,0.0,0.0,16.092630111674612,0.0,0.0,0.0,0.0,9.05388270359649,9.05388270359649,0.0
2022-02-05 02:00:00,0.0,0.0,0.0,1.0821935910013964,32.74284812849484,16.189204884200766,0.0,0.0,0.0,16.189204884200766,0.0,0.0,0.0,0.0,9.58488315798059,9.58488315798059,0.0
2022-02-05 03:00:00,0.0,0.0,0.0,1.4285710520606123,43.33735221816045,16.53558234525998,0.0,0.0,0.0,16.53558234525998,0.0,0.0,0.0,0.0,11.632383728907438,11.632383728907438,0.0
2022-02-05 04:00:00,0.0,0.0,0.0,1.4413268529738787,43.65523327221379,16.548338146173244,0.0,0.0,0.0,16.548338146173244,0.0,0.0,0.0,0.0,11.753304861259316,11.753304861259316,0.0
2022-02-05 05:00:00,0.0,0.0,0.0,1.683937829811626,51.14480633453957,16.790949123010993,0.0,0.0,0.0,16.790949123010993,0.0,0.0,0.0,0.0,13.285150188498646,13.285150188498646,0.0
2022-02-05 06:00:00,0.0,0.0,0.0,8.171766461472032,326.17897108178124,23.2787777546714,0.0,0.0,0.0,23.2787777546714,0.0,0.0,0.0,0.0,64.4340544590824,64.4340544590824,0.0
2022-02-05 07:00:00,0.0,0.0,0.0,8.171766461472032,287.0776678334462,19.064424357991378,0.0,0.0,0.0,19.064424357991378,0.0,0.0,0.0,0.0,56.36895980098429,56.36895980098429,0.0
2022-02-05 08:00:00,0.0,0.0,0.0,8.171766461472032,252.7066443793815,32.706898309561794,0.0,0.0,0.0,32.706898309561794,0.0,0.0,0.0,0.0,53.4614491568739,53.4614491568739,0.0
2022-02-05 09:00:00,0.0,0.0,0.0,8.171766461472032,217.12187953126,49.09918831618329,0.0,0.0,0.0,49.09918831618329,0.0,0.0,0.0,0.0,50.82759033080511,50.82759033080511,0.0
2022-02-05 10:00:00,0.0,0.0,0.0,8.171766461472032,198.9892795289059,49.09918831618329,0.0,0.0,0.0,49.09918831618329,0.0,0.0,0.0,0.0,47.3187852254509,47.3187852254509,0.0
2022-02-05 11:00:00,0.0,0.0,0.0,8.171766461472032,179.36198513744753,49.09918831618329,0.0,0.0,0.0,49.09918831618329,0.0,0.0,0.0,0.0,43.559517467921836,43.559517467921836,0.0
2022-02-05 12:00:00,0.0,0.0,0.0,8.171766461472032,168.28964162291018,49.09918831618329,0.0,0.0,0.0,49.09918831618329,0.0,0.0,0.0,0.0,41.426986729960504,41.426986729960504,0.0
2022-02-05 13:00:00,0.0,0.0,0.0,8.171766461472032,161.33031436265532,49.09918831618329,0.0,0.0,0.0,49.09918831618329,0.0,0.0,0.0,0.0,40.19506962575913,40.19506962575913,0.0
2022-02-05 14:00:00,0.0,0.0,0.0,8.171766461472032,160.22910032609695,49.09918831618329,0.0,0.0,0.0,49.09918831618329,0.0,0.0,0.0,0.0,40.301701541890004,40.301701541890004,0.0
2022-02-05 15:00:00,0.0,0.0,0.0,8.171766461472032,159.0642930620997,49.09918831618329,0.0,0.0,0.0,49.09918831618329,0.0,0.0,0.0,0.0,39.553359415813496,39.553359415813496,0.0
2022-02-05 16:00:00,0.0,0.0,0.0,8.171766461472032,168.76153336600854,49.09918831618329,0.0,0.0,0.0,49.09918831618329,0.0,0.0,0.0,0.0,41.77168573991587,41.77168573991587,0.0
2022-02-05 17:00:00,0.0,0.0,0.0,8.171766461472032,185.52091137157916,60.58419750418331,0.0,0.0,0.0,60.58419750418331,0.0,0.0,0.0,0.0,47.31324866658223,47.31324866658223,0.0
2022-02-05 18:00:00,0.0,0.0,0.0,8.171766461472032,206.71328179564821,48.73939881475194,0.0,0.0,0.0,48.73939881475194,0.0,0.0,0.0,0.0,48.187126299845815,48.187126299845815,0.0
2022-02-05 19:00:00,0.0,0.0,0.0,8.171766461472032,225.38970764422675,48.73939881475194,0.0,0.0,0.0,48.73939881475194,0.0,0.0,0.0,0.0,51.6292697281563,51.6292697281563,0.0
2022-02-05 20:00:00,0.0,0.0,0.0,8.171766461472032,234.50538380049062,44.191907497561786,0.0,0.0,0.0,44.191907497561786,0.0,0.0,0.0,0.0,52.07979643302986,52.07979643302986,0.0
2022-02-05 21:00:00,0.0,0.0,0.0,0.04027503621061856,1.2099914295959258,22.417942120729965,0.0,0.0,0.0,22.417942120729965,0.0,0.0,0.0,0.0,5.233425648646414,5.233425648646414,0.0
2022-02-05 22:00:00,0.0,0.0,0.0,0.4119766117034923,12.541024894334663,15.51898790490286,0.0,0.0,0.0,15.51898790490286,0.0,0.0,0.0,0.0,5.67452191292779,5.67452191292779,0.0
2022-02-05 23:00:00,0.0,0.0,0.0,1.0220241762220779,30.86891799961211,16.129035469421442,0.0,0.0,0.0,16.129035469421442,0.0,0.0,0.0,0.0,9.106671853123645,9.106671853123645,0.0
2022-02-06 00:00:00,0.0,0.0,0.0,1.3600439078058233,41.267335827654,16.46705520100519,0.0,0.0,0.0,16.46705520100519,0.0,0.0,0.0,0.0,11.076500938389763,11.076500938389763,0.0
2022-02-06 01:00:00,0.0,0.0,0.0,1.55348955946307,46.98887147855506,16.660500852662437,0.0,0.0,0.0,16.660500852662437,0.0,0.0,0.0,0.0,12.155831462684162,12.155831462684162,0.0
2022-02-06 02:00:00,0.0,0.0,0.0,1.7793225362361529,54.10210881125904,16.886333829435518,0.0,0.0,0.0,16.886333829435518,0.0,0.0,0.0,0.0,13.468089835508225,13.468089835508225,0.0
2022-02-06 03:00:00,0.0,0.0,0.0,1.9452540228337178,58.932596503299095,17.052265316033086,0.0,0.0,0.0,17.052265316033086,0.0,0.0,0.0,0.0,14.372227088757912,14.372227088757912,0.0
2022-02-06 04:00:00,0.0,0.0,0.0,2.0872403046840255,63.57289867969726,17.19425159788339,0.0,0.0,0.0,17.19425159788339,0.0,0.0,0.0,0.0,15.382090924586487,15.382090924586487,0.0
2022-02-06 05:00:00,0.0,0.0,0.0,2.1646341716397495,65.63762361227816,17.271645464839118,0.0,0.0,0.0,17.271645464839118,0.0,0.0,0.0,0.0,15.986938378825919,15.986938378825919,0.0
2022-02-06 06:00:00,0.0,0.0,0.0,8.171766461472032,335.6748571996595,23.2787777546714,0.0,0.0,0.0,23.2787777546714,0.0,0.0,0.0,0.0,66.02320861823512,66.02320861823512,0.0
2022-02-06 07:00:00,0.0,0.0,0.0,8.171766461472032,331.0307660942722,19.064424357991378,0.0,0.0,0.0,19.064424357991378,0.0,0.0,0.0,0.0,64.26919760323099,64.26919760323099,0.0
2022-02-06 08:00:00,0.0,0.0,0.0,8.171766461472032,291.23041900424494,32.706898309561794,0.0,0.0,0.0,32.706898309561794,0.0,0.0,0.0,0.0,60.252125033912634,60.252125033912634,0.0
2022-02-06 09:00:00,0.0,0.0,0.0,8.171766461472032,240.6321662664708,49.09918831618329,0.0,0.0,0.0,49.09918831618329,0.0,0.0,0.0,0.0,54.730189656096684,54.730189656096684,0.0
2022-02-06 10:00:00,0.0,0.0,0.0,8.171766461472032,211.44622331026483,49.09918831618329,0.0,0.0,0.0,49.09918831618329,0.0,0.0,0.0,0.0,49.27443286025405,49.27443286025405,0.0
2022-02-06 11:00:00,0.0,0.0,0.0,8.171766461472032,183.81146594154478,49.09918831618329,0.0,0.0,0.0,49.09918831618329,0.0,0.0,0.0,0.0,44.192238113376014,44.192238113376014,0.0
2022-02-06 12:00:00,0.0,0.0,0.0,8.171766461472032,164.27971151122458,49.09918831618329,0.0,0.0,0.0,49.09918831618329,0.0,0.0,0.0,0.0,40.994682363840965,40.994682363840965,0.0
2022-02-06 13:00:00,0.0,0.0,0.0,8.171766461472032,149.14659892339452,49.09918831618329,0.0,0.0,0.0,49.09918831618329,0.0,0.0,0.0,0.0,38.355391763208985,38.355391763208985,0.0
2022-02-06 14:00:00,0.0,0.0,0.0,8.171766461472032,143.72558419204742,49.09918831618329,0.0,0.0,0.0,49.09918831618329,0.0,0.0,0.0,0.0,37.87376464224523,37.87376464224523,0.0
2022-02-06 15:00:00,0.0,0.0,0.0,8.171766461472032,143.84403417375452,49.09918831618329,0.0,0.0,0.0,49.09918831618329,0.0,0.0,0.0,0.0,38.21963724527359,38.21963724527359,0.0
2022-02-06 16:00:00,0.0,0.0,0.0,8.171766461472032,156.5902650701894,49.09918831618329,0.0,0.0,0.0,49.09918831618329,0.0,0.0,0.0,0.0,40.62752952972146,40.62752952972146,0.0
2022-02-06 17:00:00,0.0,0.0,0.0,8.171766461472032,176.38543643016752,60.58419750418331,0.0,0.0,0.0,60.58419750418331,0.0,0.0,0.0,0.0,46.288784802677995,46.288784802677995,0.0
2022-02-06 18:00:00,0.0,0.0,0.0,8.171766461472032,194.80256533675393,48.73939881475194,0.0,0.0,0.0,48.73939881475194,0.0,0.0,0.0,0.0,46.82681379593357,46.82681379593357,0.0
2022-02-06 19:00:00,0.0,0.0,0.0,8.171766461472032,212.33220522585236,48.73939881475194,0.0,0.0,0.0,48.73939881475194,0.0,0.0,0.0,0.0,50.0829484848395,50.0829484848395,0.0
2022-02-06 20:00:00,0.0,0.0,0.0,8.171766461472032,232.3292248757157,44.191907497561786,0.0,0.0,0.0,44.191907497561786,0.0,0.0,0.0,0.0,52.77554096095701,52.77554096095701,0.0
2022-02-06 21:00:00,0.0,0.0,0.0,0.04477289754423437,1.3464196977591352,22.42243998206358,0.0,0.0,0.0,22.42243998206358,0.0,0.0,0.0,0.0,5.629190405446363,5.629190405446363,0.0
2022-02-06 22:00:00,0.0,0.0,0.0,0.5021096860488878,15.267821082800946,15.609120979248255,0.0,0.0,0.0,15.609120979248255,0.0,0.0,0.0,0.0,6.448026998268832,6.448026998268832,0.0
2022-02-06 23:00:00,0.0,0.0,0.0,1.0723169972600848,32.39191857239148,16.179328290459452,0.0,0.0,0.0,16.179328290459452,0.0,0.0,0.0,0.0,9.379819667218342,9.379819667218342,0.0
2022-02-07 00:00:00,0.0,0.0,0.0,1.4918742437215575,45.27921117253537,16.598885536920925,0.0,0.0,0.0,16.598885536920925,0.0,0.0,0.0,0.0,11.849278520386314,11.849278520386314,0.0
2022-02-07 01:00:00,0.0,0.0,0.0,1.5700097992542168,47.49545038789295,16.677021092453582,0.0,0.0,0.0,16.677021092453582,0.0,0.0,0.0,0.0,12.15181082440268,12.15181082440268,0.0
2022-02-07 02:00:00,0.0,0.0,0.0,1.8942234592592933,57.61430240518631,17.001234752458657,0.0,0.0,0.0,17.001234752458657,0.0,0.0,0.0,0.0,14.103209887049891,14.103209887049891,0.0
2022-02-07 03:00:00,0.0,0.0,0.0,1.8372908476955934,55.643541893337236,16.94430214089496,0.0,0.0,0.0,16.94430214089496,0.0,0.0,0.0,0.0,13.737747637678755,13.737747637678755,0.0
2022-02-07 04:00:00,0.0,0.0,0.0,2.1147600081526843,64.39843902524665,17.221771301352053,0.0,0.0,0.0,17.221771301352053,0.0,0.0,0.0,0.0,15.446442548750946,15.446442548750946,0.0
2022-02-07 05:00:00,0.0,0.0,0.0,1.9821423819330855,60.06458639643817,17.08915367513245,0.0,0.0,0.0,17.08915367513245,0.0,0.0,0.0,0.0,14.767033116366733,14.767033116366733,0.0
2022-02-07 06:00:00,0.0,0.0,0.0,8.171766461472032,335.6748571996595,23.2787777546714,0.0,0.0,0.0,23.2787777546714,0.0,0.0,0.0,0.0,65.78366999513955,65.78366999513955,0.0
2022-02-07 07:00:00,0.0,0.0,0.0,8.171766461472032,328.4941290315676,19.064424357991378,0.0,0.0,0.0,19.064424357991378,0.0,0.0,0.0,0.0,63.69541948407109,63.69541948407109,0.0
2022-02-07 08:00:00,0.0,0.0,0.0,8.171766461472032,283.4893042900058,32.706898309561794,0.0,0.0,0.0,32.706898309561794,0.0,0.0,0.0,0.0,59.07616206663646,59.07616206663646,0.0
2022-02-07 09:00:00,0.0,0.0,0.0,8.171766461472032,232.4426832792334,49.09918831618329,0.0,0.0,0.0,49.09918831618329,0.0,0.0,0.0,0.0,53.979391888629586,53.979391888629586,0.0
2022-02-07 10:00:00,0.0,0.0,0.0,8.171766461472032,203.1128623502023,49.09918831618329,0.0,0.0,0.0,49.09918831618329,0.0,0.0,0.0,0.0,48.705419370775076,48.705419370775076,0.0
2022-02-07 11:00:00,0.0,0.0,0.0,8.171766461472032,171.41828291108422,49.09918831618329,0.0,0.0,0.0,49.09918831618329,0.0,0.0,0.0,0.0,43.064099137991434,43.064099137991434,0.0
2022-02-07 12:00:00,0.0,0.0,0.0,8.171766461472032,152.02045133630313,49.09918831618329,0.0,0.0,0.0,49.09918831618329,0.0,0.0,0.0,0.0,39.49737175564316,39.49737175564316,0.0
2022-02-07 13:00:00,0.0,0.0,0.0,8.171766461472032,140.9733998256976,49.09918831618329,0.0,0.0,0.0,49.09918831618329,0.0,0.0,0.0,0.0,37.440588676522054,37.440588676522054,0.0
2022-02-07 14:00:00,0.0,0.0,0.0,8.171766461472032,134.8476863864806,49.09918831618329,0.0,0.0,0.0,49.09918831618329,0.0,0.0,0.0,0.0,36.32488564607316,36.32488564607316,0.0
2022-02-07 15:00:00,0.0,0.0,0.0,8.171766461472032,132.72457736229566,49.09918831618329,0.0,0.0,0.0,49.09918831618329,0.0,0.0,0.0,0.0,36.044254306869846,36.044254306869846,0.0
2022-02-07 16:00:00,0.0,0.0,0.0,8.171766461472032,145.13933715595243,49.09918831618329,0.0,0.0,0.0,49.09918831618329,0.0,0.0,0.0,0.0,38.270699094970915,38.270699094970915,0.0
2022-02-07 17:00:00,0.0,0.0,0.0,8.171766461472032,165.9377417372447,60.58419750418331,0.0,0.0,0.0,60.58419750418331,0.0,0.0,0.0,0.0,44.5076369725421,44.5076369725421,0.0
2022-02-07 18:00:00,0.0,0.0,0.0,8.171766461472032,179.9602065994506,48.73939881475194,0.0,0.0,0.0,48.73939881475194,0.0,0.0,0.0,0.0,44.17101235442159,44.17101235442159,0.0
2022-02-07 19:00:00,0.0,0.0,0.0,8.171766461472032,188.6413667867862,48.73939881475194,0.0,0.0,0.0,48.73939881475194,0.0,0.0,0.0,0.0,46.158091610846625,46.158091610846625,0.0
2022-02-07 20:00:00,0.0,0.0,0.0,8.171766461472032,191.02727905655493,44.191907497561786,0.0,0.0,0.0,44.191907497561786,0.0,0.0,0.0,0.0,45.23393177257828,45.23393177257828,0.0
2022-02-07 21:00:00,0.0,0.0,0.0,0.0,0.0,22.37766708451935,0.0,0.0,0.0,22.37766708451935,0.0,0.0,0.0,0.0,5.4180807545038245,5.4180807545038245,0.0
2022-02-07 22:00:00,0.0,0.0,0.0,0.04340615426933476,1.30553837920367,15.1504174474687,0.0,0.0,0.0,15.1504174474687,0.0,0.0,0.0,0.0,3.7485960360623563,3.7485960360623563,0.0
2022-02-07 23:00:00,0.0,0.0,0.0,0.2012564682765889,6.10852494537994,15.308267761475957,0.0,0.0,0.0,15.308267761475957,0.0,0.0,0.0,0.0,4.495369318226266,4.495369318226266,0.0
2022-02-08 00:00:00,0.0,0.0,0.0,0.2506828939588926,7.612125945997348,15.357694187158257,0.0,0.0,0.0,15.357694187158257,0.0,0.0,0.0,0.0,4.8355693913862545,4.8355693913862545,0.0
2022-02-08 01:00:00,0.0,0.0,0.0,0.6356319831961071,19.27947910652927,15.742643276395476,0.0,0.0,0.0,15.742643276395476,0.0,0.0,0.0,0.0,7.003769921860829,7.003769921860829,0.0
2022-02-08 02:00:00,0.0,0.0,0.0,0.6561039200777198,19.857618044373826,15.763115213277084,0.0,0.0,0.0,15.763115213277084,0.0,0.0,0.0,0.0,7.137836390446539,7.137836390446539,0.0
2022-02-08 03:00:00,0.0,0.0,0.0,0.8983207252520197,27.19333179410735,16.005332018451384,0.0,0.0,0.0,16.005332018451384,0.0,0.0,0.0,0.0,8.542025231204565,8.542025231204565,0.0
2022-02-08 04:00:00,0.0,0.0,0.0,0.8499013728160445,25.68906709305543,15.95691266601541,0.0,0.0,0.0,15.95691266601541,0.0,0.0,0.0,0.0,8.282013274901209,8.282013274901209,0.0
2022-02-08 05:00:00,0.0,0.0,0.0,1.0590909511068758,32.08379165687903,16.16610224430624,0.0,0.0,0.0,16.16610224430624,0.0,0.0,0.0,0.0,9.595133324336143,9.595133324336143,0.0
2022-02-08 06:00:00,0.0,0.0,0.0,8.171766461472032,292.48645827686295,23.2787777546714,0.0,0.0,0.0,23.2787777546714,0.0,0.0,0.0,0.0,58.21569315721183,58.21569315721183,0.0
2022-02-08 07:00:00,0.0,0.0,0.0,8.171766461472032,245.58190229990757,19.064424357991378,0.0,0.0,0.0,19.064424357991378,0.0,0.0,0.0,0.0,48.69650035563539,48.69650035563539,0.0
2022-02-08 08:00:00,0.0,0.0,0.0,8.171766461472032,219.92625378723258,32.706898309561794,0.0,0.0,0.0,32.706898309561794,0.0,0.0,0.0,0.0,47.070031057163774,47.070031057163774,0.0
2022-02-08 09:00:00,0.0,0.0,0.0,8.171766461472032,185.71928672930534,49.09918831618329,0.0,0.0,0.0,49.09918831618329,0.0,0.0,0.0,0.0,44.71004415479378,44.71004415479378,0.0
2022-02-08 10:00:00,0.0,0.0,0.0,8.171766461472032,162.46967912861982,49.09918831618329,0.0,0.0,0.0,49.09918831618329,0.0,0.0,0.0,0.0,40.749307952628236,40.749307952628236,0.0
2022-02-08 11:00:00,0.0,0.0,0.0,8.171766461472032,140.05728944626875,49.09918831618329,0.0,0.0,0.0,49.09918831618329,0.0,0.0,0.0,0.0,36.6550288830134,36.6550288830134,0.0
2022-02-08 12:00:00,0.0,0.0,0.0,8.171766461472032,126.28248247399296,49.09918831618329,0.0,0.0,0.0,49.09918831618329,0.0,0.0,0.0,0.0,33.61857537966549,33.61857537966549,0.0
2022-02-08 13:00:00,0.0,0.0,0.0,8.171766461472032,116.40631427149845,49.09918831618329,0.0,0.0,0.0,49.09918831618329,0.0,0.0,0.0,0.0,31.825146456549525,31.825146456549525,0.0
2022-02-08 14:00:00,0.0,0.0,0.0,8.171766461472034,109.4378521954803,49.09918831618329,0.0,0.0,0.0,49.09918831618329,0.0,0.0,0.0,0.0,30.484548394457825,30.484548394457825,0.0
2022-02-08 15:00:00,0.0,0.0,0.0,8.171766461472032,103.6583201599269,49.09918831618329,0.0,0.0,0.0,49.09918831618329,0.0,0.0,0.0,0.0,29.61136949021821,29.61136949021821,0.0
2022-02-08 16:00:00,0.0,0.0,0.0,8.171766461472032,109.42021515484782,49.09918831618329,0.0,0.0,0.0,49.09918831618329,0.0,0.0,0.0,0.0,30.93603132179603,30.93603132179603,0.0
2022-02-08 17:00:00,0.0,0.0,0.0,8.171766461472032,122.51570294912669,60.58419750418331,0.0,0.0,0.0,60.58419750418331,0.0,0.0,0.0,0.0,35.981251638158604,35.981251638158604,0.0
2022-02-08 18:00:00,0.0,0.0,0.0,8.171766461472032,133.22479990049936,48.73939881475194,0.0,0.0,0.0,48.73939881475194,0.0,0.0,0.0,0.0,34.99204925098265,34.99204925098265,0.0
2022-02-08 19:00:00,0.0,0.0,0.0,8.171766461472032,142.67649713308273,48.73939881475194,0.0,0.0,0.0,48.73939881475194,0.0,0.0,0.0,0.0,36.98285588677937,36.98285588677937,0.0
2022-02-08 20:00:00,0.0,0.0,0.0,8.171766461472032,148.89648992318337,44.191907497561786,0.0,0.0,0.0,44.191907497561786,0.0,0.0,0.0,0.0,37.27882139540324,37.27882139540324,0.0
2022-02-08 21:00:00,0.0,0.0,0.0,0.0,0.0,22.37766708451935,0.0,0.0,0.0,22.37766708451935,0.0,0.0,0.0,0.0,5.193408976975251,5.193408976975251,0.0
2022-02-08 22:00:00,0.0,0.0,0.0,0.0,0.0,15.107011293199369,0.0,0.0,0.0,15.107011293199369,0.0,0.0,0.0,0.0,3.5114737049912614,3.5114737049912614,0.0
2022-02-08 23:00:00,0.0,0.0,0.0,0.02117368514641266,0.639414060953074,15.12818497834578,0.0,0.0,0.0,15.12818497834578,0.0,0.0,0.0,0.0,3.5722195977177416,3.5722195977177416,0.0
2022-02-09 00:00:00,0.0,0.0,0.0,0.04510204167366398,1.3538220922988469,15.152113334873032,0.0,0.0,0.0,15.152113334873032,0.0,0.0,0.0,0.0,3.6120710227000075,3.6120710227000075,0.0
2022-02-09 01:00:00,0.0,0.0,0.0,0.11991204817996705,3.6340112685262542,15.226923341379333,0.0,0.0,0.0,15.226923341379333,0.0,0.0,0.0,0.0,4.071988177772781,4.071988177772781,0.0
2022-02-09 02:00:00,0.0,0.0,0.0,0.11274846136620904,3.418264904997991,15.219759754565576,0.0,0.0,0.0,15.219759754565576,0.0,0.0,0.0,0.0,4.0277301486765165,4.0277301486765165,0.0
2022-02-09 03:00:00,0.0,0.0,0.0,0.1707940096223844,5.196529533377815,15.277805302821747,0.0,0.0,0.0,15.277805302821747,0.0,0.0,0.0,0.0,4.355726789540129,4.355726789540129,0.0
2022-02-09 04:00:00,0.0,0.0,0.0,0.15377477706858297,4.6655001689404845,15.260786070267953,0.0,0.0,0.0,15.260786070267953,0.0,0.0,0.0,0.0,4.279043378410663,4.279043378410663,0.0
2022-02-09 05:00:00,0.0,0.0,0.0,0.2857761242406083,8.695940155355665,15.392787417439974,0.0,0.0,0.0,15.392787417439974,0.0,0.0,0.0,0.0,5.072030671917979,5.072030671917979,0.0
2022-02-09 06:00:00,0.0,0.0,0.0,8.171766461472032,246.95502627732512,23.2787777546714,0.0,0.0,0.0,23.2787777546714,0.0,0.0,0.0,0.0,49.94604133491833,49.94604133491833,0.0
2022-02-09 07:00:00,0.0,0.0,0.0,8.171766461472032,194.02395921839766,19.064424357991378,0.0,0.0,0.0,19.064424357991378,0.0,0.0,0.0,0.0,39.39402563999767,39.39402563999767,0.0
2022-02-09 08:00:00,0.0,0.0,0.0,8.171766461472032,165.5217678586057,32.706898309561794,0.0,0.0,0.0,32.706898309561794,0.0,0.0,0.0,0.0,37.23392428204514,37.23392428204514,0.0
2022-02-09 09:00:00,0.0,0.0,0.0,8.171766461472032,131.12472929013413,49.09918831618329,0.0,0.0,0.0,49.09918831618329,0.0,0.0,0.0,0.0,34.59549618715998,34.59549618715998,0.0
2022-02-09 10:00:00,0.0,0.0,0.0,8.171766461472032,107.49580999744676,49.09918831618329,0.0,0.0,0.0,49.09918831618329,0.0,0.0,0.0,0.0,29.532926843714826,29.532926843714826,0.0
2022-02-09 11:00:00,0.0,0.0,0.0,8.171766461472032,82.79629891561108,49.09918831618329,0.0,0.0,0.0,49.09918831618329,0.0,0.0,0.0,0.0,24.80197633650122,24.80197633650122,0.0
2022-02-09 12:00:00,0.0,0.0,0.0,8.171766461472032,68.93963827545113,49.09918831618329,0.0,0.0,0.0,49.09918831618329,0.0,0.0,0.0,0.0,22.42737186135085,22.42737186135085,0.0
2022-02-09 13:00:00,0.0,0.0,0.0,8.171766461472032,61.3565631396708,49.09918831618329,0.0,0.0,0.0,49.09918831618329,0.0,0.0,0.0,0.0,21.007044951967092,21.007044951967092,0.0
2022-02-09 14:00:00,0.0,0.0,0.0,8.171766461472032,52.20430010830056,49.09918831618329,0.0,0.0,0.0,49.09918831618329,0.0,0.0,0.0,0.0,19.50500079236982,19.50500079236982,0.0
2022-02-09 15:00:00,0.0,0.0,0.0,8.171766461472032,42.933710761682875,49.09918831618329,0.0,0.0,0.0,49.09918831618329,0.0,0.0,0.0,0.0,18.400958998931642,18.400958998931642,0.0
2022-02-09 16:00:00,0.0,0.0,0.0,8.171766461472032,47.03852455412354,49.09918831618329,0.0,0.0,0.0,49.09918831618329,0.0,0.0,0.0,0.0,19.625623394576508,19.625623394576508,0.0
2022-02-09 17:00:00,0.0,0.0,0.0,8.171766461472032,62.27211265931696,58.67002930618331,0.0,0.0,0.0,58.67002930618331,0.0,0.0,0.0,0.0,24.206357762918742,24.206357762918742,0.0
2022-02-09 18:00:00,0.0,0.0,0.0,8.171766461472032,71.91703423735999,48.73939881475194,0.0,0.0,0.0,48.73939881475194,0.0,0.0,0.0,0.0,23.448620483089805,23.448620483089805,0.0
2022-02-09 19:00:00,0.0,0.0,0.0,8.171766461472032,83.01284000868756,48.73939881475194,0.0,0.0,0.0,48.73939881475194,0.0,0.0,0.0,0.0,25.694508447134602,25.694508447134602,0.0
2022-02-09 20:00:00,0.0,0.0,0.0,8.171766461472032,91.4309003288933,44.191907497561786,0.0,0.0,0.0,44.191907497561786,0.0,0.0,0.0,0.0,26.473848110784232,26.473848110784232,0.0
2022-02-09 21:00:00,0.0,0.0,0.0,0.0,0.0,22.37766708451935,0.0,0.0,0.0,22.37766708451935,0.0,0.0,0.0,0.0,5.081968194894344,5.081968194894344,0.0
2022-02-09 22:00:00,0.0,0.0,0.0,0.0,0.0,15.107011293199369,0.0,0.0,0.0,15.107011293199369,0.0,0.0,0.0,0.0,3.3641803448825676,3.3641803448825676,0.0
2022-02-09 23:00:00,0.0,0.0,0.0,0.0,0.0,15.107011293199369,0.0,0.0,0.0,15.107011293199369,0.0,0.0,0.0,0.0,3.2501224096189123,3.2501224096189123,0.0
2022-02-10 00:00:00,0.0,0.0,0.0,0.0,0.0,14.657592477664597,0.0,0.0,0.0,14.657592477664597,0.0,0.0,0.0,0.0,3.085716368397951,3.085716368397951,0.0
2022-02-10 01:00:00,0.0,0.0,0.0,0.0,0.0,14.657592477664597,0.0,0.0,0.0,14.657592477664597,0.0,0.0,0.0,0.0,3.073990294415819,3.073990294415819,0.0
2022-02-10 02:00:00,0.0,0.0,0.0,0.0,0.0,14.657592477664597,0.0,0.0,0.0,14.657592477664597,0.0,0.0,0.0,0.0,3.1071164534153413,3.1071164534153413,0.0
2022-02-10 03:00:00,0.0,0.0,0.0,0.027273961055127804,0.8233376213096416,14.684866438719725,0.0,0.0,0.0,14.684866438719725,0.0,0.0,0.0,0.0,3.2533572881413297,3.2533572881413297,0.0
2022-02-10 04:00:00,0.0,0.0,0.0,0.049757461010275505,1.5056549055604453,14.707349938674874,0.0,0.0,0.0,14.707349938674874,0.0,0.0,0.0,0.0,3.370226568339443,3.370226568339443,0.0
2022-02-10 05:00:00,0.0,0.0,0.0,0.10511530520601595,3.19008337806283,14.762707782870613,0.0,0.0,0.0,14.762707782870613,0.0,0.0,0.0,0.0,3.745995973356552,3.745995973356552,0.0
2022-02-10 06:00:00,0.0,0.0,0.0,8.171766461472032,227.39928633552694,22.829358939136633,0.0,0.0,0.0,22.829358939136633,0.0,0.0,0.0,0.0,45.93520330001529,45.93520330001529,0.0
2022-02-10 07:00:00,0.0,0.0,0.0,8.171766461472032,180.18758128384732,14.516933040801234,0.0,0.0,0.0,14.516933040801234,0.0,0.0,0.0,0.0,35.62975093915565,35.62975093915565,0.0
2022-02-10 08:00:00,0.0,0.0,0.0,8.171766461472032,146.35497942552576,23.611915675181518,0.0,0.0,0.0,23.611915675181518,0.0,0.0,0.0,0.0,31.40446072714321,31.40446072714321,0.0
2022-02-10 09:00:00,0.0,0.0,0.0,8.171766461472032,106.22079434751954,37.25438962675194,0.0,0.0,0.0,37.25438962675194,0.0,0.0,0.0,0.0,26.74660103983723,26.74660103983723,0.0
2022-02-10 10:00:00,0.0,0.0,0.0,8.171766461472032,78.75730656199424,49.09918831618329,0.0,0.0,0.0,49.09918831618329,0.0,0.0,0.0,0.0,24.18473627244959,24.18473627244959,0.0
2022-02-10 11:00:00,0.0,0.0,0.0,8.171766461472032,56.111471957192435,49.09918831618329,0.0,0.0,0.0,49.09918831618329,0.0,0.0,0.0,0.0,20.067083039434387,20.067083039434387,0.0
2022-02-10 12:00:00,0.0,0.0,0.0,8.171766461472032,41.954904105203305,49.09918831618329,0.0,0.0,0.0,49.09918831618329,0.0,0.0,0.0,0.0,17.751408279725034,17.751408279725034,0.0
2022-02-10 13:00:00,0.0,0.0,0.0,8.171766461472032,32.762770943276756,49.09918831618329,0.0,0.0,0.0,49.09918831618329,0.0,0.0,0.0,0.0,16.397338921689382,16.397338921689382,0.0
2022-02-10 14:00:00,0.0,0.0,0.0,8.171766461472032,26.71805217677468,49.09918831618329,0.0,0.0,0.0,49.09918831618329,0.0,0.0,0.0,0.0,15.39343540847005,15.39343540847005,0.0
2022-02-10 15:00:00,0.0,0.0,0.0,8.171766461472032,23.092876921209733,49.09918831618329,0.0,0.0,0.0,49.09918831618329,0.0,0.0,0.0,0.0,14.621410074854355,14.621410074854355,0.0
2022-02-10 16:00:00,0.0,0.0,0.0,8.171766461472032,27.749928743385702,49.09918831618329,0.0,0.0,0.0,49.09918831618329,0.0,0.0,0.0,0.0,15.747635427529424,15.747635427529424,0.0
2022-02-10 17:00:00,0.0,0.0,0.0,8.171766461472032,42.63831185775554,58.67002930618331,0.0,0.0,0.0,58.67002930618331,0.0,0.0,0.0,0.0,19.83288907914213,19.83288907914213,0.0
2022-02-10 18:00:00,0.0,0.0,0.0,8.171766461472032,67.41441723727975,44.191907497561786,0.0,0.0,0.0,44.191907497561786,0.0,0.0,0.0,0.0,21.56633720556263,21.56633720556263,0.0
2022-02-10 19:00:00,0.0,0.0,0.0,8.171766461472032,78.1381905212373,35.096924863181506,0.0,0.0,0.0,35.096924863181506,0.0,0.0,0.0,0.0,21.522347494813825,21.522347494813825,0.0
2022-02-10 20:00:00,0.0,0.0,0.0,8.171766461472032,83.01018511111405,35.096924863181506,0.0,0.0,0.0,35.096924863181506,0.0,0.0,0.0,0.0,22.514670051843048,22.514670051843048,0.0
2022-02-10 21:00:00,0.0,0.0,0.0,8.171766461472032,95.18879297006464,26.001942228801234,0.0,0.0,0.0,26.001942228801234,0.0,0.0,0.0,0.0,22.69123633699602,22.69123633699602,0.0
2022-02-10 22:00:00,0.0,0.0,0.0,0.0,0.0,14.657592477664597,0.0,0.0,0.0,14.657592477664597,0.0,0.0,0.0,0.0,3.125438444012422,3.125438444012422,0.0
2022-02-10 23:00:00,0.0,0.0,0.0,0.0,0.0,14.657592477664597,0.0,0.0,0.0,14.657592477664597,0.0,0.0,0.0,0.0,3.112246610782524,3.112246610782524,0.0
2022-02-11 00:00:00,0.0,0.0,0.0,0.0,0.0,14.657592477664597,0.0,0.0,0.0,14.657592477664597,0.0,0.0,0.0,0.0,3.138337125392767,3.138337125392767,0.0
2022-02-11 01:00:00,0.0,0.0,0.0,0.0,0.0,14.657592477664597,0.0,0.0,0.0,14.657592477664597,0.0,0.0,0.0,0.0,3.1761537139851415,3.1761537139851415,0.0
2022-02-11 02:00:00,0.0,0.0,0.0,0.0,0.0,14.657592477664597,0.0,0.0,0.0,14.657592477664597,0.0,0.0,0.0,0.0,3.1985798304759685,3.1985798304759685,0.0
2022-02-11 03:00:00,0.0,0.0,0.0,0.0,0.0,14.657592477664597,0.0,0.0,0.0,14.657592477664597,0.0,0.0,0.0,0.0,3.226868983957861,3.226868983957861,0.0
2022-02-11 04:00:00,0.0,0.0,0.0,0.0,0.0,14.657592477664597,0.0,0.0,0.0,14.657592477664597,0.0,0.0,0.0,0.0,3.2942939093551185,3.2942939093551185,0.0
2022-02-11 05:00:00,0.0,0.0,0.0,0.0,0.0,14.657592477664597,0.0,0.0,0.0,14.657592477664597,0.0,0.0,0.0,0.0,3.371099693938081,3.371099693938081,0.0
2022-02-11 06:00:00,0.0,0.0,0.0,0.0,0.0,12.743424279664602,0.0,0.0,0.0,12.743424279664602,0.0,0.0,0.0,0.0,2.937486730705487,2.937486730705487,0.0
2022-02-11 07:00:00,0.0,0.0,0.0,0.0,0.0,3.1725832896646002,0.0,0.0,0.0,3.1725832896646002,0.0,0.0,0.0,0.0,0.7218896017302832,0.7218896017302832,0.0
2022-02-11 08:00:00,0.0,0.0,0.0,8.171766461472032,180.49264839284743,14.516933040801234,0.0,0.0,0.0,14.516933040801234,0.0,0.0,0.0,0.0,35.84175161396575,35.84175161396575,0.0
2022-02-11 09:00:00,0.0,0.0,0.0,8.171766461472032,123.43617218357045,14.516933040801234,0.0,0.0,0.0,14.516933040801234,0.0,0.0,0.0,0.0,25.606743809055335,25.606743809055335,0.0
2022-02-11 10:00:00,0.0,0.0,0.0,8.171766461472032,88.60622691852316,28.15940699237166,0.0,0.0,0.0,28.15940699237166,0.0,0.0,0.0,0.0,22.423493200499465,22.423493200499465,0.0
2022-02-11 11:00:00,0.0,0.0,0.0,8.171766461472032,67.18439600645365,28.15940699237166,0.0,0.0,0.0,28.15940699237166,0.0,0.0,0.0,0.0,18.567046861799284,18.567046861799284,0.0
2022-02-11 12:00:00,0.0,0.0,0.0,8.171766461472032,39.78349920088508,37.25438962675194,0.0,0.0,0.0,37.25438962675194,0.0,0.0,0.0,0.0,15.647722743593777,15.647722743593777,0.0
2022-02-11 13:00:00,0.0,0.0,0.0,8.171766461472032,27.784217488834898,37.25438962675194,0.0,0.0,0.0,37.25438962675194,0.0,0.0,0.0,0.0,13.302465329696478,13.302465329696478,0.0
2022-02-11 14:00:00,0.0,0.0,0.0,8.171766461472032,14.728788784299821,37.25438962675194,0.0,0.0,0.0,37.25438962675194,0.0,0.0,0.0,0.0,10.918673578215834,10.918673578215834,0.0
2022-02-11 15:00:00,0.0,0.0,0.0,8.171766461472032,15.979470108318164,37.25438962675194,0.0,0.0,0.0,37.25438962675194,0.0,0.0,0.0,0.0,11.384150081624975,11.384150081624975,0.0
2022-02-11 16:00:00,0.0,0.0,0.0,8.171766461472032,27.967725774627397,37.25438962675194,0.0,0.0,0.0,37.25438962675194,0.0,0.0,0.0,0.0,13.936419377226633,13.936419377226633,0.0
2022-02-11 17:00:00,0.0,0.0,0.0,8.171766461472032,63.124350740528534,37.73024798237166,0.0,0.0,0.0,37.73024798237166,0.0,0.0,0.0,0.0,20.183501747592874,20.183501747592874,0.0
2022-02-11 18:00:00,0.0,0.0,0.0,8.171766461472032,85.91786044377614,30.549433545991374,0.0,0.0,0.0,30.549433545991374,0.0,0.0,0.0,0.0,22.523716052963373,22.523716052963373,0.0
2022-02-11 19:00:00,0.0,0.0,0.0,0.0,0.0,14.657592477664597,0.0,0.0,0.0,14.657592477664597,0.0,0.0,0.0,0.0,3.4634425265473676,3.4634425265473676,0.0
2022-02-11 20:00:00,0.0,0.0,0.0,0.0,0.0,14.657592477664597,0.0,0.0,0.0,14.657592477664597,0.0,0.0,0.0,0.0,3.430609519397399,3.430609519397399,0.0
2022-02-11 21:00:00,0.0,0.0,0.0,0.0,0.0,14.657592477664597,0.0,0.0,0.0,14.657592477664597,0.0,0.0,0.0,0.0,3.379747673499903,3.379747673499903,0.0
2022-02-11 22:00:00,0.0,0.0,0.0,0.0,0.0,14.657592477664597,0.0,0.0,0.0,14.657592477664597,0.0,0.0,0.0,0.0,3.4087697066056784,3.4087697066056784,0.0
2022-02-11 23:00:00,0.0,0.0,0.0,0.0,0.0,14.657592477664597,0.0,0.0,0.0,14.657592477664597,0.0,0.0,0.0,0.0,3.3438365719296246,3.3438365719296246,0.0
2022-02-12 00:00:00,0.0,0.0,0.0,0.0,0.0,15.107011293199369,0.0,0.0,0.0,15.107011293199369,0.0,0.0,0.0,0.0,3.3922793858879183,3.3922793858879183,0.0
2022-02-12 01:00:00,0.0,0.0,0.0,0.0,0.0,15.107011293199369,0.0,0.0,0.0,15.107011293199369,0.0,0.0,0.0,0.0,3.382459828547339,3.382459828547339,0.0
2022-02-12 02:00:00,0.0,0.0,0.0,0.0,0.0,15.107011293199369,0.0,0.0,0.0,15.107011293199369,0.0,0.0,0.0,0.0,3.40073931221211,3.40073931221211,0.0
2022-02-12 03:00:00,0.0,0.0,0.0,0.0,0.0,15.107011293199369,0.0,0.0,0.0,15.107011293199369,0.0,0.0,0.0,0.0,3.4421325231554762,3.4421325231554762,0.0
2022-02-12 04:00:00,0.0,0.0,0.0,0.0,0.0,15.107011293199369,0.0,0.0,0.0,15.107011293199369,0.0,0.0,0.0,0.0,3.5289978380913727,3.5289978380913727,0.0
2022-02-12 05:00:00,0.0,0.0,0.0,0.0,0.0,15.107011293199369,0.0,0.0,0.0,15.107011293199369,0.0,0.0,0.0,0.0,3.772673930250678,3.772673930250678,0.0
2022-02-12 06:00:00,0.0,0.0,0.0,8.171766461472032,160.69421056862765,21.3646095566714,0.0,0.0,0.0,21.3646095566714,0.0,0.0,0.0,0.0,34.37035229109034,34.37035229109034,0.0
2022-02-12 07:00:00,0.0,0.0,0.0,8.171766461472032,122.34237474858055,19.064424357991378,0.0,0.0,0.0,19.064424357991378,0.0,0.0,0.0,0.0,26.79428261539598,26.79428261539598,0.0
2022-02-12 08:00:00,0.0,0.0,0.0,8.171766461472032,101.59751357544961,32.706898309561794,0.0,0.0,0.0,32.706898309561794,0.0,0.0,0.0,0.0,26.69507656813723,26.69507656813723,0.0
2022-02-12 09:00:00,0.0,0.0,0.0,8.171766461472032,77.21803300741729,49.09918831618329,0.0,0.0,0.0,49.09918831618329,0.0,0.0,0.0,0.0,26.501990542137403,26.501990542137403,0.0
2022-02-12 10:00:00,0.0,0.0,0.0,8.171766461472032,67.12570116062467,49.09918831618329,0.0,0.0,0.0,49.09918831618329,0.0,0.0,0.0,0.0,24.740344096524062,24.740344096524062,0.0
2022-02-12 11:00:00,0.0,0.0,0.0,8.171766461472032,58.03447630309448,49.09918831618329,0.0,0.0,0.0,49.09918831618329,0.0,0.0,0.0,0.0,23.239961039623495,23.239961039623495,0.0
2022-02-12 12:00:00,0.0,0.0,0.0,8.171766461472032,64.55432438726945,49.09918831618329,0.0,0.0,0.0,49.09918831618329,0.0,0.0,0.0,0.0,24.660340312499542,24.660340312499542,0.0
2022-02-12 13:00:00,0.0,0.0,0.0,8.171766461472032,67.16725848354372,49.09918831618329,0.0,0.0,0.0,49.09918831618329,0.0,0.0,0.0,0.0,25.11312447079759,25.11312447079759,0.0
2022-02-12 14:00:00,0.0,0.0,0.0,8.171766461472032,63.413778798044255,49.09918831618329,0.0,0.0,0.0,49.09918831618329,0.0,0.0,0.0,0.0,24.07151994609203,24.07151994609203,0.0
2022-02-12 15:00:00,0.0,0.0,0.0,8.171766461472032,54.47273176082757,49.09918831618329,0.0,0.0,0.0,49.09918831618329,0.0,0.0,0.0,0.0,22.550550255263246,22.550550255263246,0.0
2022-02-12 16:00:00,0.0,0.0,0.0,8.171766461472032,57.726993578886024,49.09918831618329,0.0,0.0,0.0,49.09918831618329,0.0,0.0,0.0,0.0,23.07068853090272,23.07068853090272,0.0
2022-02-12 17:00:00,0.0,0.0,0.0,8.171766461472034,66.02659228931152,58.67002930618331,0.0,0.0,0.0,58.67002930618331,0.0,0.0,0.0,0.0,26.520420593317812,26.520420593317812,0.0
2022-02-12 18:00:00,0.0,0.0,0.0,8.171766461472034,72.12456040248091,48.73939881475194,0.0,0.0,0.0,48.73939881475194,0.0,0.0,0.0,0.0,25.48332621848826,25.48332621848826,0.0
2022-02-12 19:00:00,0.0,0.0,0.0,8.171766461472032,82.89250709521905,48.73939881475194,0.0,0.0,0.0,48.73939881475194,0.0,0.0,0.0,0.0,27.222267944553778,27.222267944553778,0.0
2022-02-12 20:00:00,0.0,0.0,0.0,8.171766461472032,89.43774517229635,44.191907497561786,0.0,0.0,0.0,44.191907497561786,0.0,0.0,0.0,0.0,27.191936485157186,27.191936485157186,0.0
2022-02-12 21:00:00,0.0,0.0,0.0,0.0,0.0,22.37766708451935,0.0,0.0,0.0,22.37766708451935,0.0,0.0,0.0,0.0,5.449857041763842,5.449857041763842,0.0
2022-02-12 22:00:00,0.0,0.0,0.0,0.0,0.0,15.107011293199369,0.0,0.0,0.0,15.107011293199369,0.0,0.0,0.0,0.0,3.5039201993446616,3.5039201993446616,0.0
2022-02-12 23:00:00,0.0,0.0,0.0,0.0,0.0,15.107011293199369,0.0,0.0,0.0,15.107011293199369,0.0,0.0,0.0,0.0,3.35526720821958,3.35526720821958,0.0
2022-02-13 00:00:00,0.0,0.0,0.0,0.0,0.0,15.107011293199369,0.0,0.0,0.0,15.107011293199369,0.0,0.0,0.0,0.0,3.2640208600086558,3.2640208600086558,0.0
2022-02-13 01:00:00,0.0,0.0,0.0,0.0,0.0,15.107011293199369,0.0,0.0,0.0,15.107011293199369,0.0,0.0,0.0,0.0,3.181989788686583,3.181989788686583,0.0
2022-02-13 02:00:00,0.0,0.0,0.0,0.0,0.0,15.107011293199369,0.0,0.0,0.0,15.107011293199369,0.0,0.0,0.0,0.0,3.184557980606427,3.184557980606427,0.0
2022-02-13 03:00:00,0.0,0.0,0.0,0.0,0.0,15.107011293199369,0.0,0.0,0.0,15.107011293199369,0.0,0.0,0.0,0.0,3.178213035863283,3.178213035863283,0.0
2022-02-13 04:00:00,0.0,0.0,0.0,0.0,0.0,15.107011293199369,0.0,0.0,0.0,15.107011293199369,0.0,0.0,0.0,0.0,3.2020821137065383,3.2020821137065383,0.0
2022-02-13 05:00:00,0.0,0.0,0.0,0.0,0.0,15.107011293199369,0.0,0.0,0.0,15.107011293199369,0.0,0.0,0.0,0.0,3.2632655094439955,3.2632655094439955,0.0
2022-02-13 06:00:00,0.0,0.0,0.0,8.171766461472032,186.47722643712763,21.3646095566714,0.0,0.0,0.0,21.3646095566714,0.0,0.0,0.0,0.0,38.328500177367324,38.328500177367324,0.0
2022-02-13 07:00:00,0.0,0.0,0.0,8.171766461472032,145.20898356654132,19.064424357991378,0.0,0.0,0.0,19.064424357991378,0.0,0.0,0.0,0.0,30.37342694711479,30.37342694711479,0.0
2022-02-13 08:00:00,0.0,0.0,0.0,8.171766461472032,126.6749610625158,32.706898309561794,0.0,0.0,0.0,32.706898309561794,0.0,0.0,0.0,0.0,30.11983338351376,30.11983338351376,0.0
2022-02-13 09:00:00,0.0,0.0,0.0,8.171766461472032,104.14608481858187,49.09918831618329,0.0,0.0,0.0,49.09918831618329,0.0,0.0,0.0,0.0,30.66546374506265,30.66546374506265,0.0
2022-02-13 10:00:00,0.0,0.0,0.0,8.171766461472032,94.38809371479994,49.09918831618329,0.0,0.0,0.0,49.09918831618329,0.0,0.0,0.0,0.0,29.468264152691418,29.468264152691418,0.0
2022-02-13 11:00:00,0.0,0.0,0.0,8.171766461472034,84.31693367824853,49.09918831618329,0.0,0.0,0.0,49.09918831618329,0.0,0.0,0.0,0.0,26.94006343559868,26.94006343559868,0.0
2022-02-13 12:00:00,0.0,0.0,0.0,8.171766461472032,81.72683798844686,49.09918831618329,0.0,0.0,0.0,49.09918831618329,0.0,0.0,0.0,0.0,26.27044499442095,26.27044499442095,0.0
2022-02-13 13:00:00,0.0,0.0,0.0,8.171766461472032,78.59544078956202,49.09918831618329,0.0,0.0,0.0,49.09918831618329,0.0,0.0,0.0,0.0,26.08175343073584,26.08175343073584,0.0
2022-02-13 14:00:00,0.0,0.0,0.0,8.171766461472032,74.40273059385876,49.09918831618329,0.0,0.0,0.0,49.09918831618329,0.0,0.0,0.0,0.0,25.352385801655707,25.352385801655707,0.0
2022-02-13 15:00:00,0.0,0.0,0.0,8.171766461472032,67.30898793634586,49.09918831618329,0.0,0.0,0.0,49.09918831618329,0.0,0.0,0.0,0.0,24.259767446607363,24.259767446607363,0.0
2022-02-13 16:00:00,0.0,0.0,0.0,8.171766461472032,72.06401008262817,49.09918831618329,0.0,0.0,0.0,49.09918831618329,0.0,0.0,0.0,0.0,25.16992026032382,25.16992026032382,0.0
2022-02-13 17:00:00,0.0,0.0,0.0,8.171766461472032,82.91756834869982,58.67002930618331,0.0,0.0,0.0,58.67002930618331,0.0,0.0,0.0,0.0,28.782509838447197,28.782509838447197,0.0
2022-02-13 18:00:00,0.0,0.0,0.0,8.171766461472034,95.78760050544145,48.73939881475194,0.0,0.0,0.0,48.73939881475194,0.0,0.0,0.0,0.0,29.023985467774807,29.023985467774807,0.0
2022-02-13 19:00:00,0.0,0.0,0.0,8.171766461472032,112.60013662260559,48.73939881475194,0.0,0.0,0.0,48.73939881475194,0.0,0.0,0.0,0.0,32.39421492566547,32.39421492566547,0.0
2022-02-13 20:00:00,0.0,0.0,0.0,8.171766461472032,118.46256624863908,44.191907497561786,0.0,0.0,0.0,44.191907497561786,0.0,0.0,0.0,0.0,32.435986221668124,32.435986221668124,0.0
2022-02-13 21:00:00,0.0,0.0,0.0,0.0,0.0,22.37766708451935,0.0,0.0,0.0,22.37766708451935,0.0,0.0,0.0,0.0,5.505129879462604,5.505129879462604,0.0
2022-02-13 22:00:00,0.0,0.0,0.0,0.0,0.0,15.107011293199369,0.0,0.0,0.0,15.107011293199369,0.0,0.0,0.0,0.0,3.6416961423386396,3.6416961423386396,0.0
2022-02-13 23:00:00,0.0,0.0,0.0,0.0,0.0,15.107011293199369,0.0,0.0,0.0,15.107011293199369,0.0,0.0,0.0,0.0,3.513739756685241,3.513739756685241,0.0
2022-02-14 00:00:00,0.0,0.0,0.0,0.0,0.0,15.107011293199369,0.0,0.0,0.0,15.107011293199369,0.0,0.0,0.0,0.0,3.4280830026528006,3.4280830026528006,0.0
2022-02-14 01:00:00,0.0,0.0,0.0,0.0,0.0,15.107011293199369,0.0,0.0,0.0,15.107011293199369,0.0,0.0,0.0,0.0,3.4289894233303926,3.4289894233303926,0.0
2022-02-14 02:00:00,0.0,0.0,0.0,0.025042187881268888,0.7555293354616248,15.132053481080636,0.0,0.0,0.0,15.132053481080636,0.0,0.0,0.0,0.0,3.5433178520615423,3.5433178520615423,0.0
2022-02-14 03:00:00,0.0,0.0,0.0,0.02853468042188096,0.8609045493952137,15.13554597362125,0.0,0.0,0.0,15.13554597362125,0.0,0.0,0.0,0.0,3.5617149083755866,3.5617149083755866,0.0
2022-02-14 04:00:00,0.0,0.0,0.0,0.055458929357948696,1.673090465329067,15.162470222557312,0.0,0.0,0.0,15.162470222557312,0.0,0.0,0.0,0.0,3.875186487294934,3.875186487294934,0.0
2022-02-14 05:00:00,0.0,0.0,0.0,0.044373792035230154,1.3342912310993453,15.1513850852346,0.0,0.0,0.0,15.1513850852346,0.0,0.0,0.0,0.0,3.852026865328945,3.852026865328945,0.0
2022-02-14 06:00:00,0.0,0.0,0.0,8.171766461472032,224.96727224317587,21.3646095566714,0.0,0.0,0.0,21.3646095566714,0.0,0.0,0.0,0.0,45.49878707550528,45.49878707550528,0.0
2022-02-14 07:00:00,0.0,0.0,0.0,8.171766461472032,179.51869855701543,19.064424357991378,0.0,0.0,0.0,19.064424357991378,0.0,0.0,0.0,0.0,36.72267580281546,36.72267580281546,0.0
2022-02-14 08:00:00,0.0,0.0,0.0,8.171766461472032,156.76205242980402,32.706898309561794,0.0,0.0,0.0,32.706898309561794,0.0,0.0,0.0,0.0,35.879794938022705,35.879794938022705,0.0
2022-02-14 09:00:00,0.0,0.0,0.0,8.171766461472032,131.38482592960514,49.09918831618329,0.0,0.0,0.0,49.09918831618329,0.0,0.0,0.0,0.0,35.2894539968142,35.2894539968142,0.0
2022-02-14 10:00:00,0.0,0.0,0.0,8.171766461472032,120.77541026607655,49.09918831618329,0.0,0.0,0.0,49.09918831618329,0.0,0.0,0.0,0.0,33.519647991651894,33.519647991651894,0.0
2022-02-14 11:00:00,0.0,0.0,0.0,8.171766461472032,108.12241676780502,49.09918831618329,0.0,0.0,0.0,49.09918831618329,0.0,0.0,0.0,0.0,31.006286160447132,31.006286160447132,0.0
2022-02-14 12:00:00,0.0,0.0,0.0,8.171766461472032,103.79409363043554,49.09918831618329,0.0,0.0,0.0,49.09918831618329,0.0,0.0,0.0,0.0,30.169523736806163,30.169523736806163,0.0
2022-02-14 13:00:00,0.0,0.0,0.0,8.171766461472032,101.03776585227291,49.09918831618329,0.0,0.0,0.0,49.09918831618329,0.0,0.0,0.0,0.0,29.586831207472194,29.586831207472194,0.0
2022-02-14 14:00:00,0.0,0.0,0.0,8.171766461472032,102.86923586899508,49.09918831618329,0.0,0.0,0.0,49.09918831618329,0.0,0.0,0.0,0.0,29.74179503201836,29.74179503201836,0.0
2022-02-14 15:00:00,0.0,0.0,0.0,8.171766461472032,101.57830468335106,49.09918831618329,0.0,0.0,0.0,49.09918831618329,0.0,0.0,0.0,0.0,29.75093034396358,29.75093034396358,0.0
2022-02-14 16:00:00,0.0,0.0,0.0,8.171766461472032,106.47304224830248,49.09918831618329,0.0,0.0,0.0,49.09918831618329,0.0,0.0,0.0,0.0,30.913077226690554,30.913077226690554,0.0
2022-02-14 17:00:00,0.0,0.0,0.0,8.171766461472032,115.890200661321,58.67002930618331,0.0,0.0,0.0,58.67002930618331,0.0,0.0,0.0,0.0,35.047211404649246,35.047211404649246,0.0
2022-02-14 18:00:00,0.0,0.0,0.0,8.171766461472032,124.47488909360315,48.73939881475194,0.0,0.0,0.0,48.73939881475194,0.0,0.0,0.0,0.0,34.04682461339809,34.04682461339809,0.0
2022-02-14 19:00:00,0.0,0.0,0.0,8.171766461472032,135.65849584096878,48.73939881475194,0.0,0.0,0.0,48.73939881475194,0.0,0.0,0.0,0.0,36.37968070180785,36.37968070180785,0.0
2022-02-14 20:00:00,0.0,0.0,0.0,8.171766461472032,140.94671988368592,44.191907497561786,0.0,0.0,0.0,44.191907497561786,0.0,0.0,0.0,0.0,36.3428532907128,36.3428532907128,0.0
2022-02-14 21:00:00,0.0,0.0,0.0,0.0,0.0,22.37766708451935,0.0,0.0,0.0,22.37766708451935,0.0,0.0,0.0,0.0,5.469549388798219,5.469549388798219,0.0
2022-02-14 22:00:00,0.0,0.0,0.0,0.0,0.0,15.107011293199369,0.0,0.0,0.0,15.107011293199369,0.0,0.0,0.0,0.0,3.664205589165507,3.664205589165507,0.0
2022-02-14 23:00:00,0.0,0.0,0.0,0.0,0.0,15.107011293199369,0.0,0.0,0.0,15.107011293199369,0.0,0.0,0.0,0.0,3.59395798665213,3.59395798665213,0.0
2022-02-15 00:00:00,0.0,0.0,0.0,0.04251323316785714,1.2824683991339665,15.149524526367223,0.0,0.0,0.0,15.149524526367223,0.0,0.0,0.0,0.0,3.870430738569155,3.870430738569155,0.0
2022-02-15 01:00:00,0.0,0.0,0.0,0.0864093134997516,2.6153016220219834,15.193420606699119,0.0,0.0,0.0,15.193420606699119,0.0,0.0,0.0,0.0,4.103025270320671,4.103025270320671,0.0
2022-02-15 02:00:00,0.0,0.0,0.0,0.15266791971029425,4.646901943282016,15.259679212909662,0.0,0.0,0.0,15.259679212909662,0.0,0.0,0.0,0.0,4.454136173456515,4.454136173456515,0.0
2022-02-15 03:00:00,0.0,0.0,0.0,0.2924910836712715,8.879045703078384,15.399502376870638,0.0,0.0,0.0,15.399502376870638,0.0,0.0,0.0,0.0,5.204007352266685,5.204007352266685,0.0
2022-02-15 04:00:00,0.0,0.0,0.0,0.6908422304303872,20.96666728139077,15.797853523629756,0.0,0.0,0.0,15.797853523629756,0.0,0.0,0.0,0.0,7.474598464809415,7.474598464809415,0.0
2022-02-15 05:00:00,0.0,0.0,0.0,0.7513394446565795,22.70257473298362,15.858350737855943,0.0,0.0,0.0,15.858350737855943,0.0,0.0,0.0,0.0,7.8544420329349816,7.8544420329349816,0.0
2022-02-15 06:00:00,0.0,0.0,0.0,8.171766461472032,288.8868736289394,21.3646095566714,0.0,0.0,0.0,21.3646095566714,0.0,0.0,0.0,0.0,56.86311301453551,56.86311301453551,0.0
2022-02-15 07:00:00,0.0,0.0,0.0,8.171766461472032,236.07421358867708,19.064424357991378,0.0,0.0,0.0,19.064424357991378,0.0,0.0,0.0,0.0,46.809625650286414,46.809625650286414,0.0
2022-02-15 08:00:00,0.0,0.0,0.0,8.171766461472032,205.14970729780978,32.706898309561794,0.0,0.0,0.0,32.706898309561794,0.0,0.0,0.0,0.0,44.410816018471955,44.410816018471955,0.0
2022-02-15 09:00:00,0.0,0.0,0.0,8.171766461472032,167.8239506913041,49.09918831618329,0.0,0.0,0.0,49.09918831618329,0.0,0.0,0.0,0.0,41.50222025501922,41.50222025501922,0.0
2022-02-15 10:00:00,0.0,0.0,0.0,8.171766461472032,147.17700743639577,49.09918831618329,0.0,0.0,0.0,49.09918831618329,0.0,0.0,0.0,0.0,37.74397724544197,37.74397724544197,0.0
2022-02-15 11:00:00,0.0,0.0,0.0,8.171766461472032,128.3382281131526,49.09918831618329,0.0,0.0,0.0,49.09918831618329,0.0,0.0,0.0,0.0,34.49787181615206,34.49787181615206,0.0
2022-02-15 12:00:00,0.0,0.0,0.0,8.171766461472032,115.9787833805297,49.09918831618329,0.0,0.0,0.0,49.09918831618329,0.0,0.0,0.0,0.0,32.3957876364737,32.3957876364737,0.0
2022-02-15 13:00:00,0.0,0.0,0.0,8.171766461472034,107.73472379370841,49.09918831618329,0.0,0.0,0.0,49.09918831618329,0.0,0.0,0.0,0.0,30.89081963477714,30.89081963477714,0.0
2022-02-15 14:00:00,0.0,0.0,0.0,8.171766461472032,104.49048480844606,49.09918831618329,0.0,0.0,0.0,49.09918831618329,0.0,0.0,0.0,0.0,30.314057940236964,30.314057940236964,0.0
2022-02-15 15:00:00,0.0,0.0,0.0,8.171766461472032,100.96765235248454,49.09918831618329,0.0,0.0,0.0,49.09918831618329,0.0,0.0,0.0,0.0,29.57764418598231,29.57764418598231,0.0
2022-02-15 16:00:00,0.0,0.0,0.0,8.171766461472034,109.82455122270876,49.09918831618329,0.0,0.0,0.0,49.09918831618329,0.0,0.0,0.0,0.0,31.212593829768565,31.212593829768565,0.0
2022-02-15 17:00:00,0.0,0.0,0.0,8.171766461472034,128.7333184313956,58.67002930618331,0.0,0.0,0.0,58.67002930618331,0.0,0.0,0.0,0.0,36.764705980526415,36.764705980526415,0.0
2022-02-15 18:00:00,0.0,0.0,0.0,8.171766461472032,140.65375397156933,48.73939881475194,0.0,0.0,0.0,48.73939881475194,0.0,0.0,0.0,0.0,36.51679479937584,36.51679479937584,0.0
2022-02-15 19:00:00,0.0,0.0,0.0,8.171766461472032,155.18268780666952,48.73939881475194,0.0,0.0,0.0,48.73939881475194,0.0,0.0,0.0,0.0,39.38276846896858,39.38276846896858,0.0
2022-02-15 20:00:00,0.0,0.0,0.0,8.171766461472032,166.72231308284333,44.191907497561786,0.0,0.0,0.0,44.191907497561786,0.0,0.0,0.0,0.0,40.57896164762776,40.57896164762776,0.0
2022-02-15 21:00:00,0.0,0.0,0.0,0.0,0.0,22.37766708451935,0.0,0.0,0.0,22.37766708451935,0.0,0.0,0.0,0.0,5.176625726661861,5.176625726661861,0.0
2022-02-15 22:00:00,0.0,0.0,0.0,0.025621754267645434,0.7726363093944123,15.132633047467014,0.0,0.0,0.0,15.132633047467014,0.0,0.0,0.0,0.0,3.4849386542624416,3.4849386542624416,0.0
2022-02-15 23:00:00,0.0,0.0,0.0,0.12609790955936137,3.8201743920258044,15.23310920275873,0.0,0.0,0.0,15.23310920275873,0.0,0.0,0.0,0.0,3.9766522581550126,3.9766522581550126,0.0
2022-02-16 00:00:00,0.0,0.0,0.0,0.28518275481743444,8.678250296317227,15.392194048016801,0.0,0.0,0.0,15.392194048016801,0.0,0.0,0.0,0.0,4.920021847347709,4.920021847347709,0.0
2022-02-16 01:00:00,0.0,0.0,0.0,0.6041755837837733,18.302557562467623,15.71118687698314,0.0,0.0,0.0,15.71118687698314,0.0,0.0,0.0,0.0,6.752158405177184,6.752158405177184,0.0
2022-02-16 02:00:00,0.0,0.0,0.0,0.9257306581717228,28.021522036998633,16.032741951371086,0.0,0.0,0.0,16.032741951371086,0.0,0.0,0.0,0.0,8.56335121331025,8.56335121331025,0.0
2022-02-16 03:00:00,0.0,0.0,0.0,1.0083521037805343,30.510115019489273,16.1153633969799,0.0,0.0,0.0,16.1153633969799,0.0,0.0,0.0,0.0,9.03390418230087,9.03390418230087,0.0
2022-02-16 04:00:00,0.0,0.0,0.0,1.2079770451706826,36.59259707124317,16.314988338370046,0.0,0.0,0.0,16.314988338370046,0.0,0.0,0.0,0.0,10.14550601378696,10.14550601378696,0.0
2022-02-16 05:00:00,0.0,0.0,0.0,1.2165089357627181,36.8350119238331,16.323520228962085,0.0,0.0,0.0,16.323520228962085,0.0,0.0,0.0,0.0,10.237371828620763,10.237371828620763,0.0
2022-02-16 06:00:00,0.0,0.0,0.0,8.171766461472032,307.7673765610592,21.3646095566714,0.0,0.0,0.0,21.3646095566714,0.0,0.0,0.0,0.0,60.149109309435204,60.149109309435204,0.0
2022-02-16 07:00:00,0.0,0.0,0.0,8.171766461472032,251.18452629479182,19.064424357991378,0.0,0.0,0.0,19.064424357991378,0.0,0.0,0.0,0.0,49.52890920073885,49.52890920073885,0.0
2022-02-16 08:00:00,0.0,0.0,0.0,8.171766461472032,213.26449062688985,32.706898309561794,0.0,0.0,0.0,32.706898309561794,0.0,0.0,0.0,0.0,45.7112952466341,45.7112952466341,0.0
2022-02-16 09:00:00,0.0,0.0,0.0,8.171766461472032,171.08074619330827,49.09918831618329,0.0,0.0,0.0,49.09918831618329,0.0,0.0,0.0,0.0,41.53133184645736,41.53133184645736,0.0
2022-02-16 10:00:00,0.0,0.0,0.0,8.171766461472032,148.65476471479417,49.09918831618329,0.0,0.0,0.0,49.09918831618329,0.0,0.0,0.0,0.0,37.23526286375109,37.23526286375109,0.0
2022-02-16 11:00:00,0.0,0.0,0.0,8.171766461472032,125.3498068956256,49.09918831618329,0.0,0.0,0.0,49.09918831618329,0.0,0.0,0.0,0.0,33.007772076932625,33.007772076932625,0.0
2022-02-16 12:00:00,0.0,0.0,0.0,8.171766461472034,111.92176327792626,49.09918831618329,0.0,0.0,0.0,49.09918831618329,0.0,0.0,0.0,0.0,30.638655459231813,30.638655459231813,0.0
2022-02-16 13:00:00,0.0,0.0,0.0,8.171766461472032,104.40019108112037,49.09918831618329,0.0,0.0,0.0,49.09918831618329,0.0,0.0,0.0,0.0,29.409105208716984,29.409105208716984,0.0
2022-02-16 14:00:00,0.0,0.0,0.0,8.171766461472032,98.44464897538919,49.09918831618329,0.0,0.0,0.0,49.09918831618329,0.0,0.0,0.0,0.0,28.205221561607722,28.205221561607722,0.0
2022-02-16 15:00:00,0.0,0.0,0.0,8.171766461472032,92.98401997902053,49.09918831618329,0.0,0.0,0.0,49.09918831618329,0.0,0.0,0.0,0.0,27.296172823835406,27.296172823835406,0.0
2022-02-16 16:00:00,0.0,0.0,0.0,8.171766461472032,100.78329791355452,49.09918831618329,0.0,0.0,0.0,49.09918831618329,0.0,0.0,0.0,0.0,29.025472672406792,29.025472672406792,0.0
2022-02-16 17:00:00,0.0,0.0,0.0,8.171766461472032,119.55934073252328,58.67002930618331,0.0,0.0,0.0,58.67002930618331,0.0,0.0,0.0,0.0,34.305041193207806,34.305041193207806,0.0
2022-02-16 18:00:00,0.0,0.0,0.0,8.171766461472032,133.46282557236623,48.73939881475194,0.0,0.0,0.0,48.73939881475194,0.0,0.0,0.0,0.0,34.41006677896739,34.41006677896739,0.0
2022-02-16 19:00:00,0.0,0.0,0.0,8.171766461472032,149.3900221110374,48.73939881475194,0.0,0.0,0.0,48.73939881475194,0.0,0.0,0.0,0.0,37.601394719591255,37.601394719591255,0.0
2022-02-16 20:00:00,0.0,0.0,0.0,8.171766461472032,163.31668770313587,44.191907497561786,0.0,0.0,0.0,44.191907497561786,0.0,0.0,0.0,0.0,39.01520945741508,39.01520945741508,0.0
2022-02-16 21:00:00,0.0,0.0,0.0,0.0,0.0,22.37766708451935,0.0,0.0,0.0,22.37766708451935,0.0,0.0,0.0,0.0,4.973436509534426,4.973436509534426,0.0
2022-02-16 22:00:00,0.0,0.0,0.0,0.015078823719981118,0.4585951408022105,15.12209011691935,0.0,0.0,0.0,15.12209011691935,0.0,0.0,0.0,0.0,3.51785545687357,3.51785545687357,0.0
2022-02-16 23:00:00,0.0,0.0,0.0,0.12610536387108326,3.813132347533613,15.23311665707045,0.0,0.0,0.0,15.23311665707045,0.0,0.0,0.0,0.0,4.138989617410807,4.138989617410807,0.0
2022-02-17 00:00:00,0.0,0.0,0.0,0.19663430412574232,5.977922798975921,14.85422678179034,0.0,0.0,0.0,14.85422678179034,0.0,0.0,0.0,0.0,4.355695122124661,4.355695122124661,0.0
2022-02-17 01:00:00,0.0,0.0,0.0,0.4176343136482003,12.675984553821893,15.075226791312799,0.0,0.0,0.0,15.075226791312799,0.0,0.0,0.0,0.0,5.609418821085783,5.609418821085783,0.0
2022-02-17 02:00:00,0.0,0.0,0.0,0.6293015990142347,19.0870147670536,15.286894076678834,0.0,0.0,0.0,15.286894076678834,0.0,0.0,0.0,0.0,6.787053487831001,6.787053487831001,0.0
2022-02-17 03:00:00,0.0,0.0,0.0,0.7127259205828775,21.547831927387623,15.370318398247477,0.0,0.0,0.0,15.370318398247477,0.0,0.0,0.0,0.0,7.217668108374488,7.217668108374488,0.0
2022-02-17 04:00:00,0.0,0.0,0.0,0.8228624962116629,24.911270598907628,15.480454973876261,0.0,0.0,0.0,15.480454973876261,0.0,0.0,0.0,0.0,7.866680367431661,7.866680367431661,0.0
2022-02-17 05:00:00,0.0,0.0,0.0,0.8752664169360544,26.452554617481542,15.532858894600652,0.0,0.0,0.0,15.532858894600652,0.0,0.0,0.0,0.0,8.164334182630999,8.164334182630999,0.0
2022-02-17 06:00:00,0.0,0.0,0.0,8.171766461472032,279.91795345734766,20.915190741136634,0.0,0.0,0.0,20.915190741136634,0.0,0.0,0.0,0.0,55.120738596389536,55.120738596389536,0.0
2022-02-17 07:00:00,0.0,0.0,0.0,8.171766461472032,227.380925867465,14.516933040801234,0.0,0.0,0.0,14.516933040801234,0.0,0.0,0.0,0.0,44.152336807774255,44.152336807774255,0.0
2022-02-17 08:00:00,0.0,0.0,0.0,8.171766461472032,198.81295418136187,23.611915675181518,0.0,0.0,0.0,23.611915675181518,0.0,0.0,0.0,0.0,40.928168484814044,40.928168484814044,0.0
2022-02-17 09:00:00,0.0,0.0,0.0,8.171766461472032,164.84075002876233,37.25438962675194,0.0,0.0,0.0,37.25438962675194,0.0,0.0,0.0,0.0,37.682260741585445,37.682260741585445,0.0
2022-02-17 10:00:00,0.0,0.0,0.0,8.171766461472032,131.656969967749,49.09918831618329,0.0,0.0,0.0,49.09918831618329,0.0,0.0,0.0,0.0,34.097226162948076,34.097226162948076,0.0
2022-02-17 11:00:00,0.0,0.0,0.0,8.171766461472032,103.72758289652975,49.09918831618329,0.0,0.0,0.0,49.09918831618329,0.0,0.0,0.0,0.0,29.205515190172477,29.205515190172477,0.0
2022-02-17 12:00:00,0.0,0.0,0.0,8.171766461472032,89.22947388290183,49.09918831618329,0.0,0.0,0.0,49.09918831618329,0.0,0.0,0.0,0.0,26.625075163243416,26.625075163243416,0.0
2022-02-17 13:00:00,0.0,0.0,0.0,8.171766461472032,82.60059218013133,49.09918831618329,0.0,0.0,0.0,49.09918831618329,0.0,0.0,0.0,0.0,25.341690752915312,25.341690752915312,0.0
2022-02-17 14:00:00,0.0,0.0,0.0,8.171766461472034,74.02320487040625,49.09918831618329,0.0,0.0,0.0,49.09918831618329,0.0,0.0,0.0,0.0,24.189140138529538,24.189140138529538,0.0
2022-02-17 15:00:00,0.0,0.0,0.0,8.171766461472032,72.41901226539537,49.09918831618329,0.0,0.0,0.0,49.09918831618329,0.0,0.0,0.0,0.0,24.391296478837415,24.391296478837415,0.0
2022-02-17 16:00:00,0.0,0.0,0.0,8.171766461472032,74.7089151294719,49.09918831618329,0.0,0.0,0.0,49.09918831618329,0.0,0.0,0.0,0.0,24.8242160968925,24.8242160968925,0.0
2022-02-17 17:00:00,0.0,0.0,0.0,8.171766461472032,82.89557050066706,56.75586110818331,0.0,0.0,0.0,56.75586110818331,0.0,0.0,0.0,0.0,27.641532478311706,27.641532478311706,0.0
2022-02-17 18:00:00,0.0,0.0,0.0,8.171766461472032,103.23928844365226,44.191907497561786,0.0,0.0,0.0,44.191907497561786,0.0,0.0,0.0,0.0,28.588905304014084,28.588905304014084,0.0
2022-02-17 19:00:00,0.0,0.0,0.0,8.171766461472032,113.61218658480175,35.096924863181506,0.0,0.0,0.0,35.096924863181506,0.0,0.0,0.0,0.0,28.373436523097528,28.373436523097528,0.0
2022-02-17 20:00:00,0.0,0.0,0.0,8.171766461472032,117.75769711728913,35.096924863181506,0.0,0.0,0.0,35.096924863181506,0.0,0.0,0.0,0.0,29.126505826917928,29.126505826917928,0.0
2022-02-17 21:00:00,0.0,0.0,0.0,8.171766461472032,124.4927797686249,26.001942228801234,0.0,0.0,0.0,26.001942228801234,0.0,0.0,0.0,0.0,28.406084060725075,28.406084060725075,0.0
2022-02-17 22:00:00,0.0,0.0,0.0,0.0,0.0,14.657592477664597,0.0,0.0,0.0,14.657592477664597,0.0,0.0,0.0,0.0,3.3590804681063955,3.3590804681063955,0.0
2022-02-17 23:00:00,0.0,0.0,0.0,0.0,0.0,14.657592477664597,0.0,0.0,0.0,14.657592477664597,0.0,0.0,0.0,0.0,3.4169779583931708,3.4169779583931708,0.0
2022-02-18 00:00:00,0.0,0.0,0.0,0.0,0.0,14.657592477664597,0.0,0.0,0.0,14.657592477664597,0.0,0.0,0.0,0.0,3.4402835304326578,3.4402835304326578,0.0
2022-02-18 01:00:00,0.0,0.0,0.0,0.0,0.0,14.657592477664597,0.0,0.0,0.0,14.657592477664597,0.0,0.0,0.0,0.0,3.4775138153259255,3.4775138153259255,0.0
2022-02-18 02:00:00,0.0,0.0,0.0,0.0,0.0,14.657592477664597,0.0,0.0,0.0,14.657592477664597,0.0,0.0,0.0,0.0,3.5019919947636255,3.5019919947636255,0.0
2022-02-18 03:00:00,0.0,0.0,0.0,0.0,0.0,14.657592477664597,0.0,0.0,0.0,14.657592477664597,0.0,0.0,0.0,0.0,3.4763412079277125,3.4763412079277125,0.0
2022-02-18 04:00:00,0.0,0.0,0.0,0.0,0.0,14.657592477664597,0.0,0.0,0.0,14.657592477664597,0.0,0.0,0.0,0.0,3.5198742575863764,3.5198742575863764,0.0
2022-02-18 05:00:00,0.0,0.0,0.0,0.03619091091363851,1.0966216782906906,14.69378338857824,0.0,0.0,0.0,14.69378338857824,0.0,0.0,0.0,0.0,3.814321968403304,3.814321968403304,0.0
2022-02-18 06:00:00,0.0,0.0,0.0,0.034617745324201546,1.0446704559552646,10.8638738269888,0.0,0.0,0.0,10.8638738269888,0.0,0.0,0.0,0.0,2.9534924308694457,2.9534924308694457,0.0
2022-02-18 07:00:00,0.0,0.0,0.0,0.038545923153084076,1.1631508370144577,3.2111292128176845,0.0,0.0,0.0,3.2111292128176845,0.0,0.0,0.0,0.0,1.0093501880887834,1.0093501880887834,0.0
2022-02-18 08:00:00,0.0,0.0,0.0,8.171766461472032,206.3826281430125,14.516933040801234,0.0,0.0,0.0,14.516933040801234,0.0,0.0,0.0,0.0,40.797511422173635,40.797511422173635,0.0
2022-02-18 09:00:00,0.0,0.0,0.0,8.171766461472032,149.58035154337927,14.516933040801234,0.0,0.0,0.0,14.516933040801234,0.0,0.0,0.0,0.0,30.534236003739604,30.534236003739604,0.0
2022-02-18 10:00:00,0.0,0.0,0.0,8.171766461472032,113.35571896658344,28.15940699237166,0.0,0.0,0.0,28.15940699237166,0.0,0.0,0.0,0.0,27.516052090939787,27.516052090939787,0.0
2022-02-18 11:00:00,0.0,0.0,0.0,8.171766461472032,92.45461688723167,28.15940699237166,0.0,0.0,0.0,28.15940699237166,0.0,0.0,0.0,0.0,23.86149531706326,23.86149531706326,0.0
2022-02-18 12:00:00,0.0,0.0,0.0,8.171766461472032,70.46938082634253,37.25438962675194,0.0,0.0,0.0,37.25438962675194,0.0,0.0,0.0,0.0,22.33916337698409,22.33916337698409,0.0
2022-02-18 13:00:00,0.0,0.0,0.0,8.171766461472032,65.731128947881,37.25438962675194,0.0,0.0,0.0,37.25438962675194,0.0,0.0,0.0,0.0,21.58103785762962,21.58103785762962,0.0
2022-02-18 14:00:00,0.0,0.0,0.0,8.171766461472032,60.16023521907608,37.25438962675194,0.0,0.0,0.0,37.25438962675194,0.0,0.0,0.0,0.0,20.577251046969796,20.577251046969796,0.0
2022-02-18 15:00:00,0.0,0.0,0.0,8.171766461472034,57.68425358372583,37.25438962675194,0.0,0.0,0.0,37.25438962675194,0.0,0.0,0.0,0.0,20.127724089218816,20.127724089218816,0.0
2022-02-18 16:00:00,0.0,0.0,0.0,8.171766461472032,63.829953665210994,37.25438962675194,0.0,0.0,0.0,37.25438962675194,0.0,0.0,0.0,0.0,21.216005283005554,21.216005283005554,0.0
2022-02-18 17:00:00,0.0,0.0,0.0,8.171766461472032,101.24965257265293,35.81607978437165,0.0,0.0,0.0,35.81607978437165,0.0,0.0,0.0,0.0,27.19301584084148,27.19301584084148,0.0
2022-02-18 18:00:00,0.0,0.0,0.0,8.171766461472032,123.11996565223932,30.549433545991374,0.0,0.0,0.0,30.549433545991374,0.0,0.0,0.0,0.0,29.602616443715455,29.602616443715455,0.0
2022-02-18 19:00:00,0.0,0.0,0.0,0.0,0.0,14.657592477664597,0.0,0.0,0.0,14.657592477664597,0.0,0.0,0.0,0.0,3.6651309990400325,3.6651309990400325,0.0
2022-02-18 20:00:00,0.0,0.0,0.0,0.0,0.0,14.657592477664597,0.0,0.0,0.0,14.657592477664597,0.0,0.0,0.0,0.0,3.6967913987917878,3.6967913987917878,0.0
2022-02-18 21:00:00,0.0,0.0,0.0,0.0,0.0,14.657592477664597,0.0,0.0,0.0,14.657592477664597,0.0,0.0,0.0,0.0,3.658974810199413,3.658974810199413,0.0
2022-02-18 22:00:00,0.0,0.0,0.0,0.0,0.0,14.657592477664597,0.0,0.0,0.0,14.657592477664597,0.0,0.0,0.0,0.0,3.594481403297689,3.594481403297689,0.0
2022-02-18 23:00:00,0.0,0.0,0.0,0.0,0.0,14.657592477664597,0.0,0.0,0.0,14.657592477664597,0.0,0.0,0.0,0.0,3.5466976518205025,3.5466976518205025,0.0
2022-02-19 00:00:00,0.0,0.0,0.0,0.0,0.0,14.657592477664597,0.0,0.0,0.0,14.657592477664597,0.0,0.0,0.0,0.0,3.599464984740095,3.599464984740095,0.0
2022-02-19 01:00:00,0.0,0.0,0.0,0.041857846545933226,1.2679357978175472,14.699450324210535,0.0,0.0,0.0,14.699450324210535,0.0,0.0,0.0,0.0,3.7663030640037234,3.7663030640037234,0.0
2022-02-19 02:00:00,0.0,0.0,0.0,0.05438520743856837,1.6353006097909142,14.711977685103168,0.0,0.0,0.0,14.711977685103168,0.0,0.0,0.0,0.0,3.798094037704243,3.798094037704243,0.0
2022-02-19 03:00:00,0.0,0.0,0.0,0.04787539877965147,1.44581839096417,14.70546787644425,0.0,0.0,0.0,14.70546787644425,0.0,0.0,0.0,0.0,3.790367763770001,3.790367763770001,0.0
2022-02-19 04:00:00,0.0,0.0,0.0,0.0979369149001297,2.9751855583761495,14.755529392564728,0.0,0.0,0.0,14.755529392564728,0.0,0.0,0.0,0.0,4.18723425063542,4.18723425063542,0.0
2022-02-19 05:00:00,0.0,0.0,0.0,0.09354522013364615,2.850674749508366,14.751137697798248,0.0,0.0,0.0,14.751137697798248,0.0,0.0,0.0,0.0,4.28527858986286,4.28527858986286,0.0
2022-02-19 06:00:00,0.0,0.0,0.0,0.10113362954151632,3.0731185213281864,10.930389711206116,0.0,0.0,0.0,10.930389711206116,0.0,0.0,0.0,0.0,3.3293073373475606,3.3293073373475606,0.0
2022-02-19 07:00:00,0.0,0.0,0.0,0.0888057597097192,2.7060988249798266,3.26138904937432,0.0,0.0,0.0,3.26138904937432,0.0,0.0,0.0,0.0,1.3181056882949118,1.3181056882949118,0.0
2022-02-19 08:00:00,0.0,0.0,0.0,8.171766461472032,215.84155659928777,14.516933040801234,0.0,0.0,0.0,14.516933040801234,0.0,0.0,0.0,0.0,42.70470348637282,42.70470348637282,0.0
2022-02-19 09:00:00,0.0,0.0,0.0,8.171766461472032,168.8700719949897,14.516933040801234,0.0,0.0,0.0,14.516933040801234,0.0,0.0,0.0,0.0,34.24819407837991,34.24819407837991,0.0
2022-02-19 10:00:00,0.0,0.0,0.0,8.171766461472032,149.1898112297167,28.15940699237166,0.0,0.0,0.0,28.15940699237166,0.0,0.0,0.0,0.0,34.29661552198716,34.29661552198716,0.0
2022-02-19 11:00:00,0.0,0.0,0.0,8.171766461472032,142.9022722808348,28.15940699237166,0.0,0.0,0.0,28.15940699237166,0.0,0.0,0.0,0.0,33.083160844262835,33.083160844262835,0.0
2022-02-19 12:00:00,0.0,0.0,0.0,8.171766461472032,126.01762727383509,37.25438962675194,0.0,0.0,0.0,37.25438962675194,0.0,0.0,0.0,0.0,32.32574639741941,32.32574639741941,0.0
2022-02-19 13:00:00,0.0,0.0,0.0,8.171766461472032,121.31560693109634,37.25438962675194,0.0,0.0,0.0,37.25438962675194,0.0,0.0,0.0,0.0,31.53651744755286,31.53651744755286,0.0
2022-02-19 14:00:00,0.0,0.0,0.0,8.171766461472032,121.29516447574761,37.25438962675194,0.0,0.0,0.0,37.25438962675194,0.0,0.0,0.0,0.0,31.49744510485636,31.49744510485636,0.0
2022-02-19 15:00:00,0.0,0.0,0.0,8.171766461472032,122.85636106925325,37.25438962675194,0.0,0.0,0.0,37.25438962675194,0.0,0.0,0.0,0.0,31.754696388672343,31.754696388672343,0.0
2022-02-19 16:00:00,0.0,0.0,0.0,8.171766461472032,123.6457279096038,37.25438962675194,0.0,0.0,0.0,37.25438962675194,0.0,0.0,0.0,0.0,31.981017135723327,31.981017135723327,0.0
2022-02-19 17:00:00,0.0,0.0,0.0,8.171766461472032,154.3914227829649,35.81607978437165,0.0,0.0,0.0,35.81607978437165,0.0,0.0,0.0,0.0,37.12438862307646,37.12438862307646,0.0
2022-02-19 18:00:00,0.0,0.0,0.0,8.171766461472032,178.40792208080603,30.549433545991374,0.0,0.0,0.0,30.549433545991374,0.0,0.0,0.0,0.0,39.85112144501606,39.85112144501606,0.0
2022-02-19 19:00:00,0.0,0.0,0.0,0.0,0.0,14.657592477664597,0.0,0.0,0.0,14.657592477664597,0.0,0.0,0.0,0.0,3.601956775461298,3.601956775461298,0.0
2022-02-19 20:00:00,0.0,0.0,0.0,0.0,0.0,14.657592477664597,0.0,0.0,0.0,14.657592477664597,0.0,0.0,0.0,0.0,3.691661241424606,3.691661241424606,0.0
2022-02-19 21:00:00,0.0,0.0,0.0,0.021678952091379617,0.6552435847769443,14.679271429755978,0.0,0.0,0.0,14.679271429755978,0.0,0.0,0.0,0.0,3.911687787092045,3.911687787092045,0.0
2022-02-19 22:00:00,0.0,0.0,0.0,0.044091588610122606,1.3248264188227836,14.701684066274723,0.0,0.0,0.0,14.701684066274723,0.0,0.0,0.0,0.0,3.9367441722122027,3.9367441722122027,0.0
2022-02-19 23:00:00,0.0,0.0,0.0,0.14814969123167565,4.510467996799464,14.805742168896279,0.0,0.0,0.0,14.805742168896279,0.0,0.0,0.0,0.0,4.430190844493678,4.430190844493678,0.0
2022-02-20 00:00:00,0.0,0.0,0.0,0.13117350856502885,3.983838099625299,15.238184801764397,0.0,0.0,0.0,15.238184801764397,0.0,0.0,0.0,0.0,4.537199865714744,4.537199865714744,0.0
2022-02-20 01:00:00,0.0,0.0,0.0,0.20131016321316808,6.123546380846258,15.308321456412534,0.0,0.0,0.0,15.308321456412534,0.0,0.0,0.0,0.0,4.916003019736538,4.916003019736538,0.0
2022-02-20 02:00:00,0.0,0.0,0.0,0.20882989264643345,6.35626591241772,15.315841185845798,0.0,0.0,0.0,15.315841185845798,0.0,0.0,0.0,0.0,4.9697328043387685,4.9697328043387685,0.0
2022-02-20 03:00:00,0.0,0.0,0.0,0.3844535594165241,11.693991285044943,15.491464852615891,0.0,0.0,0.0,15.491464852615891,0.0,0.0,0.0,0.0,6.020975715039347,6.020975715039347,0.0
2022-02-20 04:00:00,0.0,0.0,0.0,0.5271264977304296,15.982707272036084,15.634137790929795,0.0,0.0,0.0,15.634137790929795,0.0,0.0,0.0,0.0,6.8598642997518695,6.8598642997518695,0.0
2022-02-20 05:00:00,0.0,0.0,0.0,0.7902425971682718,23.952145489247172,15.897253890367642,0.0,0.0,0.0,15.897253890367642,0.0,0.0,0.0,0.0,8.444131027872142,8.444131027872142,0.0
2022-02-20 06:00:00,0.0,0.0,0.0,8.171766461472032,282.8694636297653,19.4504413586714,0.0,0.0,0.0,19.4504413586714,0.0,0.0,0.0,0.0,55.88576400341813,55.88576400341813,0.0
2022-02-20 07:00:00,0.0,0.0,0.0,8.171766461472032,227.8317909002339,19.064424357991378,0.0,0.0,0.0,19.064424357991378,0.0,0.0,0.0,0.0,46.10893122878336,46.10893122878336,0.0
2022-02-20 08:00:00,0.0,0.0,0.0,8.171766461472032,188.82741935050848,32.706898309561794,0.0,0.0,0.0,32.706898309561794,0.0,0.0,0.0,0.0,42.88230276934884,42.88230276934884,0.0
2022-02-20 09:00:00,0.0,0.0,0.0,8.171766461472032,146.38452915129133,49.09918831618329,0.0,0.0,0.0,49.09918831618329,0.0,0.0,0.0,0.0,39.73514192625234,39.73514192625234,0.0
2022-02-20 10:00:00,0.0,0.0,0.0,8.171766461472032,124.12091718459479,49.09918831618329,0.0,0.0,0.0,49.09918831618329,0.0,0.0,0.0,0.0,35.86453809110023,35.86453809110023,0.0
2022-02-20 11:00:00,0.0,0.0,0.0,8.171766461472032,108.66703726516938,49.09918831618329,0.0,0.0,0.0,49.09918831618329,0.0,0.0,0.0,0.0,33.371254831091804,33.371254831091804,0.0
2022-02-20 12:00:00,0.0,0.0,0.0,8.171766461472032,100.56306882790625,49.09918831618329,0.0,0.0,0.0,49.09918831618329,0.0,0.0,0.0,0.0,31.999528513182774,31.999528513182774,0.0
2022-02-20 13:00:00,0.0,0.0,0.0,8.171766461472034,94.83943318158059,49.09918831618329,0.0,0.0,0.0,49.09918831618329,0.0,0.0,0.0,0.0,30.994517122737427,30.994517122737427,0.0
2022-02-20 14:00:00,0.0,0.0,0.0,8.171766461472032,96.15678123968947,49.09918831618329,0.0,0.0,0.0,49.09918831618329,0.0,0.0,0.0,0.0,31.225814283536835,31.225814283536835,0.0
2022-02-20 15:00:00,0.0,0.0,0.0,8.171766461472032,96.8619500616414,49.09918831618329,0.0,0.0,0.0,49.09918831618329,0.0,0.0,0.0,0.0,31.279131439476664,31.279131439476664,0.0
2022-02-20 16:00:00,0.0,0.0,0.0,8.171766461472032,104.28567260094525,49.09918831618329,0.0,0.0,0.0,49.09918831618329,0.0,0.0,0.0,0.0,32.56667656864407,32.56667656864407,0.0
2022-02-20 17:00:00,0.0,0.0,0.0,8.171766461472032,113.73404851351059,56.75586110818331,0.0,0.0,0.0,56.75586110818331,0.0,0.0,0.0,0.0,36.115237386468074,36.115237386468074,0.0
2022-02-20 18:00:00,0.0,0.0,0.0,8.171766461472032,122.43923335645043,48.73939881475194,0.0,0.0,0.0,48.73939881475194,0.0,0.0,0.0,0.0,35.325746058912245,35.325746058912245,0.0
2022-02-20 19:00:00,0.0,0.0,0.0,8.171766461472032,132.1863438943754,48.73939881475194,0.0,0.0,0.0,48.73939881475194,0.0,0.0,0.0,0.0,37.11191056294105,37.11191056294105,0.0
2022-02-20 20:00:00,0.0,0.0,0.0,8.171766461472032,136.46968040158015,44.191907497561786,0.0,0.0,0.0,44.191907497561786,0.0,0.0,0.0,0.0,36.60532080123724,36.60532080123724,0.0
2022-02-20 21:00:00,0.0,0.0,0.0,0.0,0.0,22.37766708451935,0.0,0.0,0.0,22.37766708451935,0.0,0.0,0.0,0.0,5.970137801478917,5.970137801478917,0.0
2022-02-20 22:00:00,0.0,0.0,0.0,0.0,0.0,15.107011293199369,0.0,0.0,0.0,15.107011293199369,0.0,0.0,0.0,0.0,3.812254299838861,3.812254299838861,0.0
2022-02-20 23:00:00,0.0,0.0,0.0,0.0,0.0,15.107011293199369,0.0,0.0,0.0,15.107011293199369,0.0,0.0,0.0,0.0,3.687772526782898,3.687772526782898,0.0
2022-02-21 00:00:00,0.0,0.0,0.0,0.046127216673567006,1.3923348105130666,15.153138509872932,0.0,0.0,0.0,15.153138509872932,0.0,0.0,0.0,0.0,3.863350211359739,3.863350211359739,0.0
2022-02-21 01:00:00,0.0,0.0,0.0,0.13260075499234414,4.016841068625654,15.239612048191711,0.0,0.0,0.0,15.239612048191711,0.0,0.0,0.0,0.0,4.339593836879907,4.339593836879907,0.0
2022-02-21 02:00:00,0.0,0.0,0.0,0.2504813938041464,7.639853937117799,15.357492687003514,0.0,0.0,0.0,15.357492687003514,0.0,0.0,0.0,0.0,5.001309313638109,5.001309313638109,0.0
2022-02-21 03:00:00,0.0,0.0,0.0,0.4845985805815211,14.696524391373368,15.591609873780888,0.0,0.0,0.0,15.591609873780888,0.0,0.0,0.0,0.0,6.290654110728253,6.290654110728253,0.0
2022-02-21 04:00:00,0.0,0.0,0.0,0.8159052490890729,24.755344369452303,15.92291654228844,0.0,0.0,0.0,15.92291654228844,0.0,0.0,0.0,0.0,8.227119725855111,8.227119725855111,0.0
2022-02-21 05:00:00,0.0,0.0,0.0,0.9418918138802874,28.47751929047487,16.04890310707965,0.0,0.0,0.0,16.04890310707965,0.0,0.0,0.0,0.0,9.05551866573384,9.05551866573384,0.0
2022-02-21 06:00:00,0.0,0.0,0.0,8.171766461472032,286.93152740373296,19.4504413586714,0.0,0.0,0.0,19.4504413586714,0.0,0.0,0.0,0.0,56.37595479523889,56.37595479523889,0.0
2022-02-21 07:00:00,0.0,0.0,0.0,8.171766461472032,228.13527105571845,19.064424357991378,0.0,0.0,0.0,19.064424357991378,0.0,0.0,0.0,0.0,45.6209994392259,45.6209994392259,0.0
2022-02-21 08:00:00,0.0,0.0,0.0,8.171766461472032,193.63206802848083,32.706898309561794,0.0,0.0,0.0,32.706898309561794,0.0,0.0,0.0,0.0,42.59348238113809,42.59348238113809,0.0
2022-02-21 09:00:00,0.0,0.0,0.0,8.171766461472032,150.77166800611568,49.09918831618329,0.0,0.0,0.0,49.09918831618329,0.0,0.0,0.0,0.0,39.10117163267833,39.10117163267833,0.0
2022-02-21 10:00:00,0.0,0.0,0.0,8.171766461472032,124.9890913716757,49.09918831618329,0.0,0.0,0.0,49.09918831618329,0.0,0.0,0.0,0.0,34.769314902829414,34.769314902829414,0.0
2022-02-21 11:00:00,0.0,0.0,0.0,8.171766461472032,105.6068270094256,49.09918831618329,0.0,0.0,0.0,49.09918831618329,0.0,0.0,0.0,0.0,31.423390799667835,31.423390799667835,0.0
2022-02-21 12:00:00,0.0,0.0,0.0,8.171766461472032,98.55512857756406,49.09918831618329,0.0,0.0,0.0,49.09918831618329,0.0,0.0,0.0,0.0,29.993175230996435,29.993175230996435,0.0
2022-02-21 13:00:00,0.0,0.0,0.0,8.171766461472032,90.23666938274148,49.09918831618329,0.0,0.0,0.0,49.09918831618329,0.0,0.0,0.0,0.0,28.49101428121352,28.49101428121352,0.0
2022-02-21 14:00:00,0.0,0.0,0.0,8.171766461472034,80.93525039803362,49.09918831618329,0.0,0.0,0.0,49.09918831618329,0.0,0.0,0.0,0.0,26.61105533398924,26.61105533398924,0.0
2022-02-21 15:00:00,0.0,0.0,0.0,8.171766461472032,73.96896825647246,49.09918831618329,0.0,0.0,0.0,49.09918831618329,0.0,0.0,0.0,0.0,25.25219207843912,25.25219207843912,0.0
2022-02-21 16:00:00,0.0,0.0,0.0,8.171766461472032,74.59306963356042,49.09918831618329,0.0,0.0,0.0,49.09918831618329,0.0,0.0,0.0,0.0,25.41022403496819,25.41022403496819,0.0
2022-02-21 17:00:00,0.0,0.0,0.0,8.171766461472032,82.89431376293659,56.75586110818331,0.0,0.0,0.0,56.75586110818331,0.0,0.0,0.0,0.0,28.791179948214694,28.791179948214694,0.0
2022-02-21 18:00:00,0.0,0.0,0.0,8.171766461472032,93.35746247436286,48.73939881475194,0.0,0.0,0.0,48.73939881475194,0.0,0.0,0.0,0.0,28.515765980638793,28.515765980638793,0.0
2022-02-21 19:00:00,0.0,0.0,0.0,8.171766461472032,104.26948816564693,48.73939881475194,0.0,0.0,0.0,48.73939881475194,0.0,0.0,0.0,0.0,30.719791173378834,30.719791173378834,0.0
2022-02-21 20:00:00,0.0,0.0,0.0,8.171766461472032,108.63755497002342,44.191907497561786,0.0,0.0,0.0,44.191907497561786,0.0,0.0,0.0,0.0,30.411559646923564,30.411559646923564,0.0
2022-02-21 21:00:00,0.0,0.0,0.0,0.0,0.0,22.37766708451935,0.0,0.0,0.0,22.37766708451935,0.0,0.0,0.0,0.0,5.410696124365933,5.410696124365933,0.0
2022-02-21 22:00:00,0.0,0.0,0.0,0.0,0.0,15.107011293199369,0.0,0.0,0.0,15.107011293199369,0.0,0.0,0.0,0.0,3.701822047285573,3.701822047285573,0.0
2022-02-21 23:00:00,0.0,0.0,0.0,0.0,0.0,15.107011293199369,0.0,0.0,0.0,15.107011293199369,0.0,0.0,0.0,0.0,3.5141929670240373,3.5141929670240373,0.0
2022-02-22 00:00:00,0.0,0.0,0.0,0.0,0.0,15.107011293199369,0.0,0.0,0.0,15.107011293199369,0.0,0.0,0.0,0.0,3.502711638441206,3.502711638441206,0.0
2022-02-22 01:00:00,0.0,0.0,0.0,0.0,0.0,15.107011293199369,0.0,0.0,0.0,15.107011293199369,0.0,0.0,0.0,0.0,3.512531195781785,3.512531195781785,0.0
2022-02-22 02:00:00,0.0,0.0,0.0,0.0,0.0,15.107011293199369,0.0,0.0,0.0,15.107011293199369,0.0,0.0,0.0,0.0,3.523861454251685,3.523861454251685,0.0
2022-02-22 03:00:00,0.0,0.0,0.0,0.0,0.0,15.107011293199369,0.0,0.0,0.0,15.107011293199369,0.0,0.0,0.0,0.0,3.5276382070749843,3.5276382070749843,0.0
2022-02-22 04:00:00,0.0,0.0,0.0,0.0,0.0,15.107011293199369,0.0,0.0,0.0,15.107011293199369,0.0,0.0,0.0,0.0,3.5421409379164563,3.5421409379164563,0.0
2022-02-22 05:00:00,0.0,0.0,0.0,0.0341490310772788,1.0336864544516589,15.141160324276646,0.0,0.0,0.0,15.141160324276646,0.0,0.0,0.0,0.0,3.8205997984294378,3.8205997984294378,0.0
2022-02-22 06:00:00,0.0,0.0,0.0,8.171766461472032,203.45178972108832,19.4504413586714,0.0,0.0,0.0,19.4504413586714,0.0,0.0,0.0,0.0,41.25417088521548,41.25417088521548,0.0
2022-02-22 07:00:00,0.0,0.0,0.0,8.171766461472032,154.02058240587786,19.064424357991378,0.0,0.0,0.0,19.064424357991378,0.0,0.0,0.0,0.0,32.15937284594557,32.15937284594557,0.0
2022-02-22 08:00:00,0.0,0.0,0.0,8.171766461472032,119.56585572203461,32.706898309561794,0.0,0.0,0.0,32.706898309561794,0.0,0.0,0.0,0.0,29.105743106222928,29.105743106222928,0.0
2022-02-22 09:00:00,0.0,0.0,0.0,8.171766461472032,80.12216230474398,49.09918831618329,0.0,0.0,0.0,49.09918831618329,0.0,0.0,0.0,0.0,25.952062960058736,25.952062960058736,0.0
2022-02-22 10:00:00,0.0,0.0,0.0,8.171766461472032,55.91541399527381,49.09918831618329,0.0,0.0,0.0,49.09918831618329,0.0,0.0,0.0,0.0,21.364334693101426,21.364334693101426,0.0
2022-02-22 11:00:00,0.0,0.0,0.0,8.171766461472032,37.040454858491344,49.09918831618329,0.0,0.0,0.0,49.09918831618329,0.0,0.0,0.0,0.0,17.88782277467933,17.88782277467933,0.0
2022-02-22 12:00:00,0.0,0.0,0.0,8.171766461472032,22.616031773696303,49.09918831618329,0.0,0.0,0.0,49.09918831618329,0.0,0.0,0.0,0.0,15.27547867650026,15.27547867650026,0.0
2022-02-22 13:00:00,0.0,0.0,0.0,8.171766461472032,23.691026072540982,49.09918831618329,0.0,0.0,0.0,49.09918831618329,0.0,0.0,0.0,0.0,15.29178377535811,15.29178377535811,0.0
2022-02-22 14:00:00,0.0,0.0,0.0,8.171766461472032,36.606846743750324,49.09918831618329,0.0,0.0,0.0,49.09918831618329,0.0,0.0,0.0,0.0,17.650179092028573,17.650179092028573,0.0
2022-02-22 15:00:00,0.0,0.0,0.0,8.171766461472032,46.62854049140478,49.09918831618329,0.0,0.0,0.0,49.09918831618329,0.0,0.0,0.0,0.0,19.67406257321035,19.67406257321035,0.0
2022-02-22 16:00:00,0.0,0.0,0.0,8.171766461472032,59.11868412187307,49.09918831618329,0.0,0.0,0.0,49.09918831618329,0.0,0.0,0.0,0.0,22.146319413082526,22.146319413082526,0.0
2022-02-22 17:00:00,0.0,0.0,0.0,8.171766461472032,70.79538521515597,56.75586110818331,0.0,0.0,0.0,56.75586110818331,0.0,0.0,0.0,0.0,25.658696827598916,25.658696827598916,0.0
2022-02-22 18:00:00,0.0,0.0,0.0,8.171766461472032,77.82661731704144,48.73939881475194,0.0,0.0,0.0,48.73939881475194,0.0,0.0,0.0,0.0,25.06486075241022,25.06486075241022,0.0
2022-02-22 19:00:00,0.0,0.0,0.0,8.171766461472032,86.38996215371755,48.73939881475194,0.0,0.0,0.0,48.73939881475194,0.0,0.0,0.0,0.0,26.672005330883223,26.672005330883223,0.0
2022-02-22 20:00:00,0.0,0.0,0.0,8.171766461472032,88.84581337542416,44.191907497561786,0.0,0.0,0.0,44.191907497561786,0.0,0.0,0.0,0.0,26.415409602338915,26.415409602338915,0.0
2022-02-22 21:00:00,0.0,0.0,0.0,0.0,0.0,22.37766708451935,0.0,0.0,0.0,22.37766708451935,0.0,0.0,0.0,0.0,5.34848620987097,5.34848620987097,0.0
2022-02-22 22:00:00,0.0,0.0,0.0,0.0,0.0,15.107011293199369,0.0,0.0,0.0,15.107011293199369,0.0,0.0,0.0,0.0,3.635804407934292,3.635804407934292,0.0
2022-02-22 23:00:00,0.0,0.0,0.0,0.0,0.0,15.107011293199369,0.0,0.0,0.0,15.107011293199369,0.0,0.0,0.0,0.0,3.532170310462944,3.532170310462944,0.0
2022-02-23 00:00:00,0.0,0.0,0.0,0.0,0.0,15.107011293199369,0.0,0.0,0.0,15.107011293199369,0.0,0.0,0.0,0.0,3.4815618226307263,3.4815618226307263,0.0
2022-02-23 01:00:00,0.0,0.0,0.0,0.0,0.0,15.107011293199369,0.0,0.0,0.0,15.107011293199369,0.0,0.0,0.0,0.0,3.4589013056909272,3.4589013056909272,0.0
2022-02-23 02:00:00,0.0,0.0,0.0,0.0,0.0,15.107011293199369,0.0,0.0,0.0,15.107011293199369,0.0,0.0,0.0,0.0,3.4803532617272706,3.4803532617272706,0.0
2022-02-23 03:00:00,0.0,0.0,0.0,0.0,0.0,15.107011293199369,0.0,0.0,0.0,15.107011293199369,0.0,0.0,0.0,0.0,3.4576927447874715,3.4576927447874715,0.0
2022-02-23 04:00:00,0.0,0.0,0.0,0.0,0.0,15.107011293199369,0.0,0.0,0.0,15.107011293199369,0.0,0.0,0.0,0.0,3.4554266930934916,3.4554266930934916,0.0
2022-02-23 05:00:00,0.0,0.0,0.0,0.0,0.0,15.107011293199369,0.0,0.0,0.0,15.107011293199369,0.0,0.0,0.0,0.0,3.469929423934963,3.469929423934963,0.0
2022-02-23 06:00:00,0.0,0.0,0.0,8.171766461472032,115.33457309132666,19.4504413586714,0.0,0.0,0.0,19.4504413586714,0.0,0.0,0.0,0.0,25.258895096419458,25.258895096419458,0.0
2022-02-23 07:00:00,0.0,0.0,0.0,8.171766461472032,76.48950746718305,19.064424357991378,0.0,0.0,0.0,19.064424357991378,0.0,0.0,0.0,0.0,18.11732173890852,18.11732173890852,0.0
2022-02-23 08:00:00,0.0,0.0,0.0,8.171766461472032,49.43109062269502,32.706898309561794,0.0,0.0,0.0,32.706898309561794,0.0,0.0,0.0,0.0,16.37165218665571,16.37165218665571,0.0
2022-02-23 09:00:00,0.0,0.0,0.0,8.171766461472032,20.967507701310964,49.09918831618329,0.0,0.0,0.0,49.09918831618329,0.0,0.0,0.0,0.0,14.90206650081392,14.90206650081392,0.0
2022-02-23 10:00:00,0.0,0.0,0.0,8.171766461472032,13.15914483217648,49.09918831618329,0.0,0.0,0.0,49.09918831618329,0.0,0.0,0.0,0.0,13.144617344314756,13.144617344314756,0.0
2022-02-23 11:00:00,0.0,0.0,0.0,8.171766461472032,5.664632135186156,49.09918831618329,0.0,0.0,0.0,49.09918831618329,0.0,0.0,0.0,0.0,11.857092206902774,11.857092206902774,0.0
2022-02-23 12:00:00,0.0,0.0,0.0,8.171766461472032,4.983471404675066,49.09918831618329,0.0,0.0,0.0,49.09918831618329,0.0,0.0,0.0,0.0,11.890093362257026,11.890093362257026,0.0
2022-02-23 13:00:00,0.0,0.0,0.0,8.171766461472032,3.708188068516529,49.09918831618329,0.0,0.0,0.0,49.09918831618329,0.0,0.0,0.0,0.0,11.840672090586903,11.840672090586903,0.0
2022-02-23 14:00:00,0.0,0.0,0.0,8.171766461472032,3.101810427043477,49.09918831618329,0.0,0.0,0.0,49.09918831618329,0.0,0.0,0.0,0.0,11.888119955857652,11.888119955857652,0.0
2022-02-23 15:00:00,0.0,0.0,0.0,8.171766461472032,2.359245134751464,49.09918831618329,0.0,0.0,0.0,49.09918831618329,0.0,0.0,0.0,0.0,11.948362561321265,11.948362561321265,0.0
2022-02-23 16:00:00,0.0,0.0,0.0,8.171766461472032,4.185597116629852,49.09918831618329,0.0,0.0,0.0,49.09918831618329,0.0,0.0,0.0,0.0,12.353301733870042,12.353301733870042,0.0
2022-02-23 17:00:00,0.0,0.0,0.0,8.171766461472032,9.569602036628645,56.75586110818331,0.0,0.0,0.0,56.75586110818331,0.0,0.0,0.0,0.0,14.872208711163758,14.872208711163758,0.0
2022-02-23 18:00:00,0.0,0.0,0.0,8.171766461472032,14.789228848602594,48.73939881475194,0.0,0.0,0.0,48.73939881475194,0.0,0.0,0.0,0.0,13.893826447529776,13.893826447529776,0.0
2022-02-23 19:00:00,0.0,0.0,0.0,8.171766461472032,23.52600114869285,48.73939881475194,0.0,0.0,0.0,48.73939881475194,0.0,0.0,0.0,0.0,15.582885687376919,15.582885687376919,0.0
2022-02-23 20:00:00,0.0,0.0,0.0,8.171766461472032,29.34561917518037,44.191907497561786,0.0,0.0,0.0,44.191907497561786,0.0,0.0,0.0,0.0,15.787223459000746,15.787223459000746,0.0
2022-02-23 21:00:00,0.0,0.0,0.0,0.0,0.0,22.37766708451935,0.0,0.0,0.0,22.37766708451935,0.0,0.0,0.0,0.0,5.369073663588727,5.369073663588727,0.0
2022-02-23 22:00:00,0.0,0.0,0.0,0.0,0.0,15.107011293199369,0.0,0.0,0.0,15.107011293199369,0.0,0.0,0.0,0.0,3.588368392473646,3.588368392473646,0.0
2022-02-23 23:00:00,0.0,0.0,0.0,0.0,0.0,15.107011293199369,0.0,0.0,0.0,15.107011293199369,0.0,0.0,0.0,0.0,3.5531690561604914,3.5531690561604914,0.0
2022-02-24 00:00:00,0.0,0.0,0.0,0.0,0.0,14.657592477664597,0.0,0.0,0.0,14.657592477664597,0.0,0.0,0.0,0.0,3.3866367419644052,3.3866367419644052,0.0
2022-02-24 01:00:00,0.0,0.0,0.0,0.0,0.0,14.657592477664597,0.0,0.0,0.0,14.657592477664597,0.0,0.0,0.0,0.0,3.324635125783884,3.324635125783884,0.0
2022-02-24 02:00:00,0.0,0.0,0.0,0.0,0.0,14.657592477664597,0.0,0.0,0.0,14.657592477664597,0.0,0.0,0.0,0.0,3.3369475034651224,3.3369475034651224,0.0
2022-02-24 03:00:00,0.0,0.0,0.0,0.0,0.0,14.657592477664597,0.0,0.0,0.0,14.657592477664597,0.0,0.0,0.0,0.0,3.2830075631473163,3.2830075631473163,0.0
2022-02-24 04:00:00,0.0,0.0,0.0,0.0,0.0,14.657592477664597,0.0,0.0,0.0,14.657592477664597,0.0,0.0,0.0,0.0,3.2633663892272455,3.2633663892272455,0.0
2022-02-24 05:00:00,0.0,0.0,0.0,0.0,0.0,14.657592477664597,0.0,0.0,0.0,14.657592477664597,0.0,0.0,0.0,0.0,3.2991309148727477,3.2991309148727477,0.0
2022-02-24 06:00:00,0.0,0.0,0.0,8.171766461472032,119.02413620471923,19.001022543136635,0.0,0.0,0.0,19.001022543136635,0.0,0.0,0.0,0.0,25.810840750547946,25.810840750547946,0.0
2022-02-24 07:00:00,0.0,0.0,0.0,8.171766461472032,108.81843377452681,14.516933040801234,0.0,0.0,0.0,14.516933040801234,0.0,0.0,0.0,0.0,22.914713852279448,22.914713852279448,0.0
2022-02-24 08:00:00,0.0,0.0,0.0,8.171766461472032,102.9050535598161,23.611915675181518,0.0,0.0,0.0,23.611915675181518,0.0,0.0,0.0,0.0,23.96733840300397,23.96733840300397,0.0
2022-02-24 09:00:00,0.0,0.0,0.0,8.171766461472032,88.82857906545775,37.25438962675194,0.0,0.0,0.0,37.25438962675194,0.0,0.0,0.0,0.0,24.32891958115677,24.32891958115677,0.0
2022-02-24 10:00:00,0.0,0.0,0.0,8.171766461472032,81.86909752992783,49.09918831618329,0.0,0.0,0.0,49.09918831618329,0.0,0.0,0.0,0.0,25.554661140202178,25.554661140202178,0.0
2022-02-24 11:00:00,0.0,0.0,0.0,8.171766461472032,73.73082880731569,49.09918831618329,0.0,0.0,0.0,49.09918831618329,0.0,0.0,0.0,0.0,24.120785967031313,24.120785967031313,0.0
2022-02-24 12:00:00,0.0,0.0,0.0,8.171766461472032,74.89109539184302,49.09918831618329,0.0,0.0,0.0,49.09918831618329,0.0,0.0,0.0,0.0,24.34982311327,24.34982311327,0.0
2022-02-24 13:00:00,0.0,0.0,0.0,8.171766461472032,76.15947904614694,49.09918831618329,0.0,0.0,0.0,49.09918831618329,0.0,0.0,0.0,0.0,24.66019175997335,24.66019175997335,0.0
2022-02-24 14:00:00,0.0,0.0,0.0,8.171766461472032,73.59550453759215,49.09918831618329,0.0,0.0,0.0,49.09918831618329,0.0,0.0,0.0,0.0,24.356646474303425,24.356646474303425,0.0
2022-02-24 15:00:00,0.0,0.0,0.0,8.171766461472032,76.10346906156566,49.09918831618329,0.0,0.0,0.0,49.09918831618329,0.0,0.0,0.0,0.0,24.662381936133905,24.662381936133905,0.0
2022-02-24 16:00:00,0.0,0.0,0.0,8.171766461472032,79.66745317796156,49.09918831618329,0.0,0.0,0.0,49.09918831618329,0.0,0.0,0.0,0.0,25.290821971348294,25.290821971348294,0.0
2022-02-24 17:00:00,0.0,0.0,0.0,8.171766461472032,84.33001392530431,56.75586110818331,0.0,0.0,0.0,56.75586110818331,0.0,0.0,0.0,0.0,27.67618651817731,27.67618651817731,0.0
2022-02-24 18:00:00,0.0,0.0,0.0,8.171766461472032,100.62311414017537,44.191907497561786,0.0,0.0,0.0,44.191907497561786,0.0,0.0,0.0,0.0,27.71350608367087,27.71350608367087,0.0
2022-02-24 19:00:00,0.0,0.0,0.0,8.171766461472032,108.09657836262832,35.096924863181506,0.0,0.0,0.0,35.096924863181506,0.0,0.0,0.0,0.0,27.333319099277187,27.333319099277187,0.0
2022-02-24 20:00:00,0.0,0.0,0.0,8.171766461472032,109.56639197040289,35.096924863181506,0.0,0.0,0.0,35.096924863181506,0.0,0.0,0.0,0.0,27.966126389845037,27.966126389845037,0.0
2022-02-24 21:00:00,0.0,0.0,0.0,8.171766461472032,118.95274024031728,26.001942228801234,0.0,0.0,0.0,26.001942228801234,0.0,0.0,0.0,0.0,27.44058003837597,27.44058003837597,0.0
2022-02-24 22:00:00,0.0,0.0,0.0,0.0,0.0,14.657592477664597,0.0,0.0,0.0,14.657592477664597,0.0,0.0,0.0,0.0,3.366262688420451,3.366262688420451,0.0
2022-02-24 23:00:00,0.0,0.0,0.0,0.0,0.0,14.657592477664597,0.0,0.0,0.0,14.657592477664597,0.0,0.0,0.0,0.0,3.2481224930504746,3.2481224930504746,0.0
2022-02-25 00:00:00,0.0,0.0,0.0,0.0,0.0,14.657592477664597,0.0,0.0,0.0,14.657592477664597,0.0,0.0,0.0,0.0,3.2947336371294482,3.2947336371294482,0.0
2022-02-25 01:00:00,0.0,0.0,0.0,0.0,0.0,14.657592477664597,0.0,0.0,0.0,14.657592477664597,0.0,0.0,0.0,0.0,3.2838870186959763,3.2838870186959763,0.0
2022-02-25 02:00:00,0.0,0.0,0.0,0.0,0.0,14.657592477664597,0.0,0.0,0.0,14.657592477664597,0.0,0.0,0.0,0.0,3.268643122519205,3.268643122519205,0.0
2022-02-25 03:00:00,0.0,0.0,0.0,0.0,0.0,14.657592477664597,0.0,0.0,0.0,14.657592477664597,0.0,0.0,0.0,0.0,3.2925349982577985,3.2925349982577985,0.0
2022-02-25 04:00:00,0.0,0.0,0.0,0.0,0.0,14.657592477664597,0.0,0.0,0.0,14.657592477664597,0.0,0.0,0.0,0.0,3.353950310739213,3.353950310739213,0.0
2022-02-25 05:00:00,0.0,0.0,0.0,0.0,0.0,14.657592477664597,0.0,0.0,0.0,14.657592477664597,0.0,0.0,0.0,0.0,3.3903011400838214,3.3903011400838214,0.0
2022-02-25 06:00:00,0.0,0.0,0.0,0.0,0.0,8.915087883664599,0.0,0.0,0.0,8.915087883664599,0.0,0.0,0.0,0.0,2.0868437718082093,2.0868437718082093,0.0
2022-02-25 07:00:00,0.0,0.0,0.0,0.0,0.0,3.1725832896646002,0.0,0.0,0.0,3.1725832896646002,0.0,0.0,0.0,0.0,0.7331522724085925,0.7331522724085925,0.0
2022-02-25 08:00:00,0.0,0.0,0.0,8.171766461472032,190.73464396714158,14.516933040801234,0.0,0.0,0.0,14.516933040801234,0.0,0.0,0.0,0.0,37.71268348461664,37.71268348461664,0.0
2022-02-25 09:00:00,0.0,0.0,0.0,8.171766461472032,145.39967644024185,14.516933040801234,0.0,0.0,0.0,14.516933040801234,0.0,0.0,0.0,0.0,29.528328407903885,29.528328407903885,0.0
2022-02-25 10:00:00,0.0,0.0,0.0,8.171766461472032,118.64690006422424,28.15940699237166,0.0,0.0,0.0,28.15940699237166,0.0,0.0,0.0,0.0,27.730391787392527,27.730391787392527,0.0
2022-02-25 11:00:00,0.0,0.0,0.0,8.171766461472032,108.8188832766079,28.15940699237166,0.0,0.0,0.0,28.15940699237166,0.0,0.0,0.0,0.0,25.905660857138628,25.905660857138628,0.0
2022-02-25 12:00:00,0.0,0.0,0.0,8.171766461472032,94.16741595791021,37.25438962675194,0.0,0.0,0.0,37.25438962675194,0.0,0.0,0.0,0.0,25.341590432225278,25.341590432225278,0.0
2022-02-25 13:00:00,0.0,0.0,0.0,8.171766461472032,88.37937647515562,37.25438962675194,0.0,0.0,0.0,37.25438962675194,0.0,0.0,0.0,0.0,24.360548725423705,24.360548725423705,0.0
2022-02-25 14:00:00,0.0,0.0,0.0,8.171766461472032,84.45811653809955,37.25438962675194,0.0,0.0,0.0,37.25438962675194,0.0,0.0,0.0,0.0,23.689543376149615,23.689543376149615,0.0
2022-02-25 15:00:00,0.0,0.0,0.0,8.171766461472032,81.2698386467238,37.25438962675194,0.0,0.0,0.0,37.25438962675194,0.0,0.0,0.0,0.0,23.140453062540598,23.140453062540598,0.0
2022-02-25 16:00:00,0.0,0.0,0.0,8.171766461472032,79.39553974392288,37.25438962675194,0.0,0.0,0.0,37.25438962675194,0.0,0.0,0.0,0.0,22.94492399339214,22.94492399339214,0.0
2022-02-25 17:00:00,0.0,0.0,0.0,8.171766461472032,103.85966030531455,33.90191158637166,0.0,0.0,0.0,33.90191158637166,0.0,0.0,0.0,0.0,26.42927167049091,26.42927167049091,0.0
2022-02-25 18:00:00,0.0,0.0,0.0,8.171766461472032,118.33611942502813,30.549433545991374,0.0,0.0,0.0,30.549433545991374,0.0,0.0,0.0,0.0,28.244549159981222,28.244549159981222,0.0
2022-02-25 19:00:00,0.0,0.0,0.0,0.0,0.0,14.657592477664597,0.0,0.0,0.0,14.657592477664597,0.0,0.0,0.0,0.0,3.3222899109874575,3.3222899109874575,0.0
2022-02-25 20:00:00,0.0,0.0,0.0,0.0,0.0,14.657592477664597,0.0,0.0,0.0,14.657592477664597,0.0,0.0,0.0,0.0,3.4184437176409372,3.4184437176409372,0.0
2022-02-25 21:00:00,0.0,0.0,0.0,0.0,0.0,14.657592477664597,0.0,0.0,0.0,14.657592477664597,0.0,0.0,0.0,0.0,3.4424821693043075,3.4424821693043075,0.0
2022-02-25 22:00:00,0.0,0.0,0.0,0.0,0.0,14.657592477664597,0.0,0.0,0.0,14.657592477664597,0.0,0.0,0.0,0.0,3.3637708976992484,3.3637708976992484,0.0
2022-02-25 23:00:00,0.0,0.0,0.0,0.0,0.0,14.657592477664597,0.0,0.0,0.0,14.657592477664597,0.0,0.0,0.0,0.0,3.244897822705388,3.244897822705388,0.0
2022-02-26 00:00:00,0.0,0.0,0.0,0.0,0.0,15.107011293199369,0.0,0.0,0.0,15.107011293199369,0.0,0.0,0.0,0.0,3.383819459563727,3.383819459563727,0.0
2022-02-26 01:00:00,0.0,0.0,0.0,0.0,0.0,15.107011293199369,0.0,0.0,0.0,15.107011293199369,0.0,0.0,0.0,0.0,3.3752084631266026,3.3752084631266026,0.0
2022-02-26 02:00:00,0.0,0.0,0.0,0.0,0.0,15.107011293199369,0.0,0.0,0.0,15.107011293199369,0.0,0.0,0.0,0.0,3.3806469871921547,3.3806469871921547,0.0
2022-02-26 03:00:00,0.0,0.0,0.0,0.03997194595637935,1.2108917023089654,15.146983239155748,0.0,0.0,0.0,15.146983239155748,0.0,0.0,0.0,0.0,3.6624455410343173,3.6624455410343173,0.0
2022-02-26 04:00:00,0.0,0.0,0.0,0.09134094073125683,2.7731558975922,15.198352233930624,0.0,0.0,0.0,15.198352233930624,0.0,0.0,0.0,0.0,4.011799052553278,4.011799052553278,0.0
2022-02-26 05:00:00,0.0,0.0,0.0,0.13329531883280912,4.062643566407534,15.240306612032176,0.0,0.0,0.0,15.240306612032176,0.0,0.0,0.0,0.0,4.381229283986652,4.381229283986652,0.0
2022-02-26 06:00:00,0.0,0.0,0.0,8.171766461472032,239.84885970901553,17.536273160671403,0.0,0.0,0.0,17.536273160671403,0.0,0.0,0.0,0.0,47.258387408339594,47.258387408339594,0.0
2022-02-26 07:00:00,0.0,0.0,0.0,8.171766461472032,186.83360343486189,19.064424357991378,0.0,0.0,0.0,19.064424357991378,0.0,0.0,0.0,0.0,38.11083775814582,38.11083775814582,0.0
2022-02-26 08:00:00,0.0,0.0,0.0,8.171766461472032,151.9861247957396,32.706898309561794,0.0,0.0,0.0,32.706898309561794,0.0,0.0,0.0,0.0,34.98750736039513,34.98750736039513,0.0
2022-02-26 09:00:00,0.0,0.0,0.0,8.171766461472032,120.68535058800678,49.09918831618329,0.0,0.0,0.0,49.09918831618329,0.0,0.0,0.0,0.0,33.078233738502135,33.078233738502135,0.0
2022-02-26 10:00:00,0.0,0.0,0.0,8.171766461472032,109.46329914475884,49.09918831618329,0.0,0.0,0.0,49.09918831618329,0.0,0.0,0.0,0.0,30.895671407471415,30.895671407471415,0.0
2022-02-26 11:00:00,0.0,0.0,0.0,8.171766461472032,95.37280178666104,49.09918831618329,0.0,0.0,0.0,49.09918831618329,0.0,0.0,0.0,0.0,28.283549764922412,28.283549764922412,0.0
2022-02-26 12:00:00,0.0,0.0,0.0,8.171766461472032,88.40210485194544,49.09918831618329,0.0,0.0,0.0,49.09918831618329,0.0,0.0,0.0,0.0,27.04025670034595,27.04025670034595,0.0
2022-02-26 13:00:00,0.0,0.0,0.0,8.171766461472034,84.2374046588076,49.09918831618329,0.0,0.0,0.0,49.09918831618329,0.0,0.0,0.0,0.0,26.297765584150124,26.297765584150124,0.0
2022-02-26 14:00:00,0.0,0.0,0.0,8.171766461472032,84.97306570372628,49.09918831618329,0.0,0.0,0.0,49.09918831618329,0.0,0.0,0.0,0.0,26.51761821513951,26.51761821513951,0.0
2022-02-26 15:00:00,0.0,0.0,0.0,8.171766461472032,85.51714807973474,49.09918831618329,0.0,0.0,0.0,49.09918831618329,0.0,0.0,0.0,0.0,26.57335517030111,26.57335517030111,0.0
2022-02-26 16:00:00,0.0,0.0,0.0,8.171766461472032,91.27311382452622,49.09918831618329,0.0,0.0,0.0,49.09918831618329,0.0,0.0,0.0,0.0,28.212657218810783,28.212657218810783,0.0
2022-02-26 17:00:00,0.0,0.0,0.0,8.171766461472032,100.25812546008933,54.841692910183305,0.0,0.0,0.0,54.841692910183305,0.0,0.0,0.0,0.0,31.352821206014063,31.352821206014063,0.0
2022-02-26 18:00:00,0.0,0.0,0.0,8.171766461472032,106.8289441220355,48.73939881475194,0.0,0.0,0.0,48.73939881475194,0.0,0.0,0.0,0.0,30.888185885349625,30.888185885349625,0.0
2022-02-26 19:00:00,0.0,0.0,0.0,8.171766461472032,114.6891886819717,48.73939881475194,0.0,0.0,0.0,48.73939881475194,0.0,0.0,0.0,0.0,32.368736967830564,32.368736967830564,0.0
2022-02-26 20:00:00,0.0,0.0,0.0,8.171766461472032,120.60297804701133,44.191907497561786,0.0,0.0,0.0,44.191907497561786,0.0,0.0,0.0,0.0,32.706027373775086,32.706027373775086,0.0
2022-02-26 21:00:00,0.0,0.0,0.0,0.0,0.0,22.37766708451935,0.0,0.0,0.0,22.37766708451935,0.0,0.0,0.0,0.0,5.4892417358325964,5.4892417358325964,0.0
2022-02-26 22:00:00,0.0,0.0,0.0,0.0,0.0,15.107011293199369,0.0,0.0,0.0,15.107011293199369,0.0,0.0,0.0,0.0,3.5726571007287187,3.5726571007287187,0.0
2022-02-26 23:00:00,0.0,0.0,0.0,0.0,0.0,15.107011293199369,0.0,0.0,0.0,15.107011293199369,0.0,0.0,0.0,0.0,3.4690230032573712,3.4690230032573712,0.0
2022-02-27 00:00:00,0.0,0.0,0.0,0.0,0.0,15.107011293199369,0.0,0.0,0.0,15.107011293199369,0.0,0.0,0.0,0.0,3.489870678841986,3.489870678841986,0.0
2022-02-27 01:00:00,0.0,0.0,0.0,0.0,0.0,15.107011293199369,0.0,0.0,0.0,15.107011293199369,0.0,0.0,0.0,0.0,3.3803448469662905,3.3803448469662905,0.0
2022-02-27 02:00:00,0.0,0.0,0.0,0.017241353602520187,0.5214074117319593,15.124252646801889,0.0,0.0,0.0,15.124252646801889,0.0,0.0,0.0,0.0,3.475057542124497,3.475057542124497,0.0
2022-02-27 03:00:00,0.0,0.0,0.0,0.03607655486589352,1.0869064483596522,15.143087848065262,0.0,0.0,0.0,15.143087848065262,0.0,0.0,0.0,0.0,3.6469591075850083,3.6469591075850083,0.0
2022-02-27 04:00:00,0.0,0.0,0.0,0.035694343616136305,1.0777000019378664,15.142705636815505,0.0,0.0,0.0,15.142705636815505,0.0,0.0,0.0,0.0,3.789070076878045,3.789070076878045,0.0
2022-02-27 05:00:00,0.0,0.0,0.0,0.10824761545695784,3.2891679907636373,15.215258908656326,0.0,0.0,0.0,15.215258908656326,0.0,0.0,0.0,0.0,4.289676126226502,4.289676126226502,0.0
2022-02-27 06:00:00,0.0,0.0,0.0,8.171766461472032,228.65609817635018,17.536273160671403,0.0,0.0,0.0,17.536273160671403,0.0,0.0,0.0,0.0,45.46443382656977,45.46443382656977,0.0
2022-02-27 07:00:00,0.0,0.0,0.0,8.171766461472032,183.79923343701316,19.064424357991378,0.0,0.0,0.0,19.064424357991378,0.0,0.0,0.0,0.0,37.74522892636589,37.74522892636589,0.0
2022-02-27 08:00:00,0.0,0.0,0.0,8.171766461472032,161.38266234630407,32.706898309561794,0.0,0.0,0.0,32.706898309561794,0.0,0.0,0.0,0.0,37.10029561887441,37.10029561887441,0.0
2022-02-27 09:00:00,0.0,0.0,0.0,8.171766461472032,131.864091029476,49.09918831618329,0.0,0.0,0.0,49.09918831618329,0.0,0.0,0.0,0.0,36.0842471639198,36.0842471639198,0.0
2022-02-27 10:00:00,0.0,0.0,0.0,8.171766461472032,118.30348755904757,49.09918831618329,0.0,0.0,0.0,49.09918831618329,0.0,0.0,0.0,0.0,33.543474533008244,33.543474533008244,0.0
2022-02-27 11:00:00,0.0,0.0,0.0,8.171766461472032,105.10171253682238,49.09918831618329,0.0,0.0,0.0,49.09918831618329,0.0,0.0,0.0,0.0,30.947507093300786,30.947507093300786,0.0
2022-02-27 12:00:00,0.0,0.0,0.0,8.171766461472032,99.27729383645953,49.09918831618329,0.0,0.0,0.0,49.09918831618329,0.0,0.0,0.0,0.0,29.971484893023714,29.971484893023714,0.0
2022-02-27 13:00:00,0.0,0.0,0.0,8.171766461472034,94.34602498400675,49.09918831618329,0.0,0.0,0.0,49.09918831618329,0.0,0.0,0.0,0.0,29.25987398007759,29.25987398007759,0.0
2022-02-27 14:00:00,0.0,0.0,0.0,8.171766461472034,90.86229702070014,49.09918831618329,0.0,0.0,0.0,49.09918831618329,0.0,0.0,0.0,0.0,28.619861528654695,28.619861528654695,0.0
2022-02-27 15:00:00,0.0,0.0,0.0,8.171766461472032,87.68897223471944,49.09918831618329,0.0,0.0,0.0,49.09918831618329,0.0,0.0,0.0,0.0,28.33818829787994,28.33818829787994,0.0
2022-02-27 16:00:00,0.0,0.0,0.0,8.171766461472032,89.87383525310203,49.09918831618329,0.0,0.0,0.0,49.09918831618329,0.0,0.0,0.0,0.0,28.959394022913447,28.959394022913447,0.0
2022-02-27 17:00:00,0.0,0.0,0.0,8.171766461472032,95.32923974866941,54.841692910183305,0.0,0.0,0.0,54.841692910183305,0.0,0.0,0.0,0.0,31.279772432258923,31.279772432258923,0.0
2022-02-27 18:00:00,0.0,0.0,0.0,8.171766461472032,102.30241593452824,48.73939881475194,0.0,0.0,0.0,48.73939881475194,0.0,0.0,0.0,0.0,30.782340863436048,30.782340863436048,0.0
2022-02-27 19:00:00,0.0,0.0,0.0,8.171766461472032,111.42822702792755,48.73939881475194,0.0,0.0,0.0,48.73939881475194,0.0,0.0,0.0,0.0,32.54485845704269,32.54485845704269,0.0
2022-02-27 20:00:00,0.0,0.0,0.0,8.171766461472032,115.0697999672206,44.191907497561786,0.0,0.0,0.0,44.191907497561786,0.0,0.0,0.0,0.0,32.32006661167278,32.32006661167278,0.0
2022-02-27 21:00:00,0.0,0.0,0.0,0.0,0.0,22.37766708451935,0.0,0.0,0.0,22.37766708451935,0.0,0.0,0.0,0.0,5.809466151812068,5.809466151812068,0.0
2022-02-27 22:00:00,0.0,0.0,0.0,0.0,0.0,15.107011293199369,0.0,0.0,0.0,15.107011293199369,0.0,0.0,0.0,0.0,3.834763746665728,3.834763746665728,0.0
2022-02-27 23:00:00,0.0,0.0,0.0,0.0,0.0,15.107011293199369,0.0,0.0,0.0,15.107011293199369,0.0,0.0,0.0,0.0,3.6960813829941572,3.6960813829941572,0.0
2022-02-28 00:00:00,0.0,0.0,0.0,0.0,0.0,15.107011293199369,0.0,0.0,0.0,15.107011293199369,0.0,0.0,0.0,0.0,3.6436600538067556,3.6436600538067556,0.0
2022-02-28 01:00:00,0.0,0.0,0.0,0.0,0.0,15.107011293199369,0.0,0.0,0.0,15.107011293199369,0.0,0.0,0.0,0.0,3.542745218368184,3.542745218368184,0.0
2022-02-28 02:00:00,0.0,0.0,0.0,0.02675887960536035,0.807451162334361,15.13377017280473,0.0,0.0,0.0,15.13377017280473,0.0,0.0,0.0,0.0,3.7437384501444897,3.7437384501444897,0.0
2022-02-28 03:00:00,0.0,0.0,0.0,0.03514119282759457,1.0602934626824234,15.142152486026962,0.0,0.0,0.0,15.142152486026962,0.0,0.0,0.0,0.0,3.880897416360318,3.880897416360318,0.0
2022-02-28 04:00:00,0.0,0.0,0.0,0.11236102658248769,3.4126155858366185,15.219372319781854,0.0,0.0,0.0,15.219372319781854,0.0,0.0,0.0,0.0,4.37119271286339,4.37119271286339,0.0
2022-02-28 05:00:00,0.0,0.0,0.0,0.1266117460559336,3.860065511478601,15.233623039255301,0.0,0.0,0.0,15.233623039255301,0.0,0.0,0.0,0.0,4.554597127082151,4.554597127082151,0.0
2022-02-28 06:00:00,0.0,0.0,0.0,8.171766461472032,248.37934877320208,17.536273160671403,0.0,0.0,0.0,17.536273160671403,0.0,0.0,0.0,0.0,49.15064256758283,49.15064256758283,0.0
2022-02-28 07:00:00,0.0,0.0,0.0,8.171766461472032,194.8185757823421,19.064424357991378,0.0,0.0,0.0,19.064424357991378,0.0,0.0,0.0,0.0,39.88330662774039,39.88330662774039,0.0
2022-02-28 08:00:00,0.0,0.0,0.0,8.171766461472032,161.4644854283905,32.706898309561794,0.0,0.0,0.0,32.706898309561794,0.0,0.0,0.0,0.0,37.56671016434337,37.56671016434337,0.0
2022-02-28 09:00:00,0.0,0.0,0.0,8.171766461472032,126.75281406221929,49.09918831618329,0.0,0.0,0.0,49.09918831618329,0.0,0.0,0.0,0.0,35.52140172024571,35.52140172024571,0.0
2022-02-28 10:00:00,0.0,0.0,0.0,8.171766461472032,103.93732998268113,49.09918831618329,0.0,0.0,0.0,49.09918831618329,0.0,0.0,0.0,0.0,31.548487131338447,31.548487131338447,0.0
2022-02-28 11:00:00,0.0,0.0,0.0,8.171766461472034,83.26677550893747,49.09918831618329,0.0,0.0,0.0,49.09918831618329,0.0,0.0,0.0,0.0,27.567501524025104,27.567501524025104,0.0
2022-02-28 12:00:00,0.0,0.0,0.0,8.171766461472032,71.28145021274423,49.09918831618329,0.0,0.0,0.0,49.09918831618329,0.0,0.0,0.0,0.0,25.19841223137152,25.19841223137152,0.0
2022-02-28 13:00:00,0.0,0.0,0.0,8.171766461472032,62.198987285334354,49.09918831618329,0.0,0.0,0.0,49.09918831618329,0.0,0.0,0.0,0.0,23.369660218132825,23.369660218132825,0.0
2022-02-28 14:00:00,0.0,0.0,0.0,8.171766461472032,60.45660083450111,49.09918831618329,0.0,0.0,0.0,49.09918831618329,0.0,0.0,0.0,0.0,22.938595756034598,22.938595756034598,0.0
2022-02-28 15:00:00,0.0,0.0,0.0,8.171766461472032,56.44880169847152,49.09918831618329,0.0,0.0,0.0,49.09918831618329,0.0,0.0,0.0,0.0,22.26461607456561,22.26461607456561,0.0
2022-02-28 16:00:00,0.0,0.0,0.0,8.171766461472032,61.70945048361977,49.09918831618329,0.0,0.0,0.0,49.09918831618329,0.0,0.0,0.0,0.0,23.538798661035916,23.538798661035916,0.0
2022-02-28 17:00:00,0.0,0.0,0.0,8.171766461472032,76.85508109746067,54.841692910183305,0.0,0.0,0.0,54.841692910183305,0.0,0.0,0.0,0.0,27.692446058412514,27.692446058412514,0.0
2022-02-28 18:00:00,0.0,0.0,0.0,8.171766461472032,93.17385954519202,48.73939881475194,0.0,0.0,0.0,48.73939881475194,0.0,0.0,0.0,0.0,28.935497212197724,28.935497212197724,0.0
2022-02-28 19:00:00,0.0,0.0,0.0,8.171766461472032,108.77961768948819,48.73939881475194,0.0,0.0,0.0,48.73939881475194,0.0,0.0,0.0,0.0,31.87106807761371,31.87106807761371,0.0
2022-02-28 20:00:00,0.0,0.0,0.0,8.171766461472032,117.92146843121682,44.191907497561786,0.0,0.0,0.0,44.191907497561786,0.0,0.0,0.0,0.0,32.45876332395738,32.45876332395738,0.0
2022-02-28 21:00:00,0.0,0.0,0.0,0.0,0.0,22.37766708451935,0.0,0.0,0.0,22.37766708451935,0.0,0.0,0.0,0.0,5.648570725474373,5.648570725474373,0.0
2022-02-28 22:00:00,0.0,0.0,0.0,0.0,0.0,15.107011293199369,0.0,0.0,0.0,15.107011293199369,0.0,0.0,0.0,0.0,3.7474452213910356,3.7474452213910356,0.0
2022-02-28 23:00:00,0.0,0.0,0.0,0.0,0.0,15.107011293199369,0.0,0.0,0.0,15.107011293199369,0.0,0.0,0.0,0.0,3.6487964376464435,3.6487964376464435,0.0
2022-03-01 00:00:00,0.0,0.0,0.0,0.0,0.0,15.107011293199369,0.0,0.0,0.0,15.107011293199369,0.0,0.0,0.0,0.0,3.716173708014113,3.716173708014113,0.0
2022-03-01 01:00:00,0.0,0.0,0.0,0.0,0.0,15.107011293199369,0.0,0.0,0.0,15.107011293199369,0.0,0.0,0.0,0.0,3.698649574914002,3.698649574914002,0.0
2022-03-01 02:00:00,0.0,0.0,0.0,0.0,0.0,15.107011293199369,0.0,0.0,0.0,15.107011293199369,0.0,0.0,0.0,0.0,3.8187503146949364,3.8187503146949364,0.0
2022-03-01 03:00:00,0.0,0.0,0.0,0.0,0.0,15.107011293199369,0.0,0.0,0.0,15.107011293199369,0.0,0.0,0.0,0.0,3.877214448399618,3.877214448399618,0.0
2022-03-01 04:00:00,0.0,0.0,0.0,0.0,0.0,15.107011293199369,0.0,0.0,0.0,15.107011293199369,0.0,0.0,0.0,0.0,3.902594227372193,3.902594227372193,0.0
2022-03-01 05:00:00,0.0,0.0,0.0,0.0,0.0,15.107011293199369,0.0,0.0,0.0,15.107011293199369,0.0,0.0,0.0,0.0,3.9803953355321697,3.9803953355321697,0.0
2022-03-01 06:00:00,0.0,0.0,0.0,8.171766461472032,181.9784934970171,17.536273160671403,0.0,0.0,0.0,17.536273160671403,0.0,0.0,0.0,0.0,37.44047353897009,37.44047353897009,0.0
2022-03-01 07:00:00,0.0,0.0,0.0,8.171766461472032,140.63492395675368,19.064424357991378,0.0,0.0,0.0,19.064424357991378,0.0,0.0,0.0,0.0,30.41291211086774,30.41291211086774,0.0
2022-03-01 08:00:00,0.0,0.0,0.0,8.171766461472032,122.43808317353691,32.706898309561794,0.0,0.0,0.0,32.706898309561794,0.0,0.0,0.0,0.0,30.847762189994214,30.847762189994214,0.0
2022-03-01 09:00:00,0.0,0.0,0.0,8.171766461472032,94.52530853570072,49.09918831618329,0.0,0.0,0.0,49.09918831618329,0.0,0.0,0.0,0.0,30.37037223322765,30.37037223322765,0.0
2022-03-01 10:00:00,0.0,0.0,0.0,8.171766461472032,85.69177573862912,49.09918831618329,0.0,0.0,0.0,49.09918831618329,0.0,0.0,0.0,0.0,28.69396741545474,28.69396741545474,0.0
2022-03-01 11:00:00,0.0,0.0,0.0,8.171766461472032,75.70354815069732,49.09918831618329,0.0,0.0,0.0,49.09918831618329,0.0,0.0,0.0,0.0,26.689366311035272,26.689366311035272,0.0
2022-03-01 12:00:00,0.0,0.0,0.0,8.171766461472032,70.46365612955799,49.09918831618329,0.0,0.0,0.0,49.09918831618329,0.0,0.0,0.0,0.0,25.543141934960417,25.543141934960417,0.0
2022-03-01 13:00:00,0.0,0.0,0.0,8.171766461472032,66.0976429555325,49.09918831618329,0.0,0.0,0.0,49.09918831618329,0.0,0.0,0.0,0.0,24.389777526336378,24.389777526336378,0.0
2022-03-01 14:00:00,0.0,0.0,0.0,8.171766461472032,60.29839978956047,49.09918831618329,0.0,0.0,0.0,49.09918831618329,0.0,0.0,0.0,0.0,23.178684152468982,23.178684152468982,0.0
2022-03-01 15:00:00,0.0,0.0,0.0,8.171766461472032,51.08984474313893,49.09918831618329,0.0,0.0,0.0,49.09918831618329,0.0,0.0,0.0,0.0,21.834914808174815,21.834914808174815,0.0
2022-03-01 16:00:00,0.0,0.0,0.0,8.171766461472032,50.69952495061719,49.09918831618329,0.0,0.0,0.0,49.09918831618329,0.0,0.0,0.0,0.0,22.038611038697923,22.038611038697923,0.0
2022-03-01 17:00:00,0.0,0.0,0.0,8.171766461472032,62.01443915217065,54.841692910183305,0.0,0.0,0.0,54.841692910183305,0.0,0.0,0.0,0.0,25.43059819338464,25.43059819338464,0.0
2022-03-01 18:00:00,0.0,0.0,0.0,8.171766461472034,78.56859980737167,48.73939881475194,0.0,0.0,0.0,48.73939881475194,0.0,0.0,0.0,0.0,26.51149441113038,26.51149441113038,0.0
2022-03-01 19:00:00,0.0,0.0,0.0,8.171766461472032,87.77070081576933,48.73939881475194,0.0,0.0,0.0,48.73939881475194,0.0,0.0,0.0,0.0,28.192218813848427,28.192218813848427,0.0
2022-03-01 20:00:00,0.0,0.0,0.0,8.171766461472032,93.84785285767306,44.191907497561786,0.0,0.0,0.0,44.191907497561786,0.0,0.0,0.0,0.0,28.05359181867648,28.05359181867648,0.0
2022-03-01 21:00:00,0.0,0.0,0.0,0.0,0.0,22.37766708451935,0.0,0.0,0.0,22.37766708451935,0.0,0.0,0.0,0.0,5.5194515863966975,5.5194515863966975,0.0
2022-03-01 22:00:00,0.0,0.0,0.0,0.0,0.0,15.107011293199369,0.0,0.0,0.0,15.107011293199369,0.0,0.0,0.0,0.0,3.726899686032284,3.726899686032284,0.0
2022-03-01 23:00:00,0.0,0.0,0.0,0.0,0.0,15.107011293199369,0.0,0.0,0.0,15.107011293199369,0.0,0.0,0.0,0.0,3.6205463265281606,3.6205463265281606,0.0
2022-03-02 00:00:00,0.0,0.0,0.0,0.0,0.0,15.107011293199369,0.0,0.0,0.0,15.107011293199369,0.0,0.0,0.0,0.0,3.561175772145887,3.561175772145887,0.0
2022-03-02 01:00:00,0.0,0.0,0.0,0.0,0.0,15.107011293199369,0.0,0.0,0.0,15.107011293199369,0.0,0.0,0.0,0.0,3.574772082309767,3.574772082309767,0.0
2022-03-02 02:00:00,0.0,0.0,0.0,0.0,0.0,15.107011293199369,0.0,0.0,0.0,15.107011293199369,0.0,0.0,0.0,0.0,3.6003029313952735,3.6003029313952735,0.0
2022-03-02 03:00:00,0.0,0.0,0.0,0.011455260005345302,0.3492696860256056,15.118466553204712,0.0,0.0,0.0,15.118466553204712,0.0,0.0,0.0,0.0,3.665163177239146,3.665163177239146,0.0
2022-03-02 04:00:00,0.0,0.0,0.0,0.04209900321350629,1.2701599479418626,15.149110296412873,0.0,0.0,0.0,15.149110296412873,0.0,0.0,0.0,0.0,3.8878089256159942,3.8878089256159942,0.0
2022-03-02 05:00:00,0.0,0.0,0.0,0.04703411204868424,1.4156501304761862,15.15404540524805,0.0,0.0,0.0,15.15404540524805,0.0,0.0,0.0,0.0,3.8877676972356543,3.8877676972356543,0.0
2022-03-02 06:00:00,0.0,0.0,0.0,8.171766461472032,224.08025861003333,17.536273160671403,0.0,0.0,0.0,17.536273160671403,0.0,0.0,0.0,0.0,44.59776351121421,44.59776351121421,0.0
2022-03-02 07:00:00,0.0,0.0,0.0,8.171766461472032,169.13548226847402,19.064424357991378,0.0,0.0,0.0,19.064424357991378,0.0,0.0,0.0,0.0,34.96984768727898,34.96984768727898,0.0
2022-03-02 08:00:00,0.0,0.0,0.0,8.171766461472032,132.34843358615964,32.706898309561794,0.0,0.0,0.0,32.706898309561794,0.0,0.0,0.0,0.0,31.638162246193552,31.638162246193552,0.0
2022-03-02 09:00:00,0.0,0.0,0.0,8.171766461472032,95.6719627116484,49.09918831618329,0.0,0.0,0.0,49.09918831618329,0.0,0.0,0.0,0.0,28.920712170549955,28.920712170549955,0.0
2022-03-02 10:00:00,0.0,0.0,0.0,8.171766461472034,78.7547730399528,49.09918831618329,0.0,0.0,0.0,49.09918831618329,0.0,0.0,0.0,0.0,25.988675281376594,25.988675281376594,0.0
2022-03-02 11:00:00,0.0,0.0,0.0,8.171766461472032,59.85166649145851,49.09918831618329,0.0,0.0,0.0,49.09918831618329,0.0,0.0,0.0,0.0,22.978938609538012,22.978938609538012,0.0
2022-03-02 12:00:00,0.0,0.0,0.0,8.171766461472032,52.40019537837965,49.09918831618329,0.0,0.0,0.0,49.09918831618329,0.0,0.0,0.0,0.0,22.146456732693927,22.146456732693927,0.0
2022-03-02 13:00:00,0.0,0.0,0.0,8.171766461472032,52.83692504571964,49.09918831618329,0.0,0.0,0.0,49.09918831618329,0.0,0.0,0.0,0.0,22.58596912427916,22.58596912427916,0.0
2022-03-02 14:00:00,0.0,0.0,0.0,8.171766461472032,55.2906278340066,49.09918831618329,0.0,0.0,0.0,49.09918831618329,0.0,0.0,0.0,0.0,23.028250319310857,23.028250319310857,0.0
2022-03-02 15:00:00,0.0,0.0,0.0,8.171766461472032,59.98754745318327,49.09918831618329,0.0,0.0,0.0,49.09918831618329,0.0,0.0,0.0,0.0,23.921558854479656,23.921558854479656,0.0
2022-03-02 16:00:00,0.0,0.0,0.0,8.171766461472032,71.70234353261174,49.09918831618329,0.0,0.0,0.0,49.09918831618329,0.0,0.0,0.0,0.0,25.860929548290695,25.860929548290695,0.0
2022-03-02 17:00:00,0.0,0.0,0.0,8.171766461472034,83.93488272900991,54.841692910183305,0.0,0.0,0.0,54.841692910183305,0.0,0.0,0.0,0.0,29.35599487676495,29.35599487676495,0.0
2022-03-02 18:00:00,0.0,0.0,0.0,8.171766461472032,94.02707453402776,48.73939881475194,0.0,0.0,0.0,48.73939881475194,0.0,0.0,0.0,0.0,29.212429603268866,29.212429603268866,0.0
2022-03-02 19:00:00,0.0,0.0,0.0,8.171766461472032,106.08912740087149,48.73939881475194,0.0,0.0,0.0,48.73939881475194,0.0,0.0,0.0,0.0,31.574778266398265,31.574778266398265,0.0
2022-03-02 20:00:00,0.0,0.0,0.0,8.171766461472032,112.36321932275706,44.191907497561786,0.0,0.0,0.0,44.191907497561786,0.0,0.0,0.0,0.0,31.654210339508744,31.654210339508744,0.0
2022-03-02 21:00:00,0.0,0.0,0.0,0.0,0.0,22.37766708451935,0.0,0.0,0.0,22.37766708451935,0.0,0.0,0.0,0.0,5.543843243518824,5.543843243518824,0.0
2022-03-02 22:00:00,0.0,0.0,0.0,0.0,0.0,15.107011293199369,0.0,0.0,0.0,15.107011293199369,0.0,0.0,0.0,0.0,3.5575500894355194,3.5575500894355194,0.0
2022-03-02 23:00:00,0.0,0.0,0.0,0.0,0.0,15.107011293199369,0.0,0.0,0.0,15.107011293199369,0.0,0.0,0.0,0.0,3.3662953264636153,3.3662953264636153,0.0
2022-03-03 00:00:00,0.0,0.0,0.0,0.0,0.0,14.657592477664597,0.0,0.0,0.0,14.657592477664597,0.0,0.0,0.0,0.0,3.3463283626508273,3.3463283626508273,0.0
2022-03-03 01:00:00,0.0,0.0,0.0,0.0,0.0,14.657592477664597,0.0,0.0,0.0,14.657592477664597,0.0,0.0,0.0,0.0,3.419762900963927,3.419762900963927,0.0
2022-03-03 02:00:00,0.0,0.0,0.0,0.0,0.0,14.657592477664597,0.0,0.0,0.0,14.657592477664597,0.0,0.0,0.0,0.0,3.3923532030306944,3.3923532030306944,0.0
2022-03-03 03:00:00,0.0,0.0,0.0,0.0,0.0,14.657592477664597,0.0,0.0,0.0,14.657592477664597,0.0,0.0,0.0,0.0,3.39821624002176,3.39821624002176,0.0
2022-03-03 04:00:00,0.0,0.0,0.0,0.0,0.0,14.657592477664597,0.0,0.0,0.0,14.657592477664597,0.0,0.0,0.0,0.0,3.3608393792037154,3.3608393792037154,0.0
2022-03-03 05:00:00,0.0,0.0,0.0,0.03533790391619611,1.0700491660301676,14.692930381580796,0.0,0.0,0.0,14.692930381580796,0.0,0.0,0.0,0.0,3.5331005177205554,3.5331005177205554,0.0
2022-03-03 06:00:00,0.0,0.0,0.0,8.171766461472032,207.15998446363776,15.172686147136638,0.0,0.0,0.0,15.172686147136638,0.0,0.0,0.0,0.0,40.73539922267429,40.73539922267429,0.0
2022-03-03 07:00:00,0.0,0.0,0.0,8.171766461472032,163.40033764045396,14.516933040801234,0.0,0.0,0.0,14.516933040801234,0.0,0.0,0.0,0.0,32.67470450793701,32.67470450793701,0.0
2022-03-03 08:00:00,0.0,0.0,0.0,8.171766461472032,140.12225606739088,23.611915675181518,0.0,0.0,0.0,23.611915675181518,0.0,0.0,0.0,0.0,30.565599293543034,30.565599293543034,0.0
2022-03-03 09:00:00,0.0,0.0,0.0,8.171766461472032,113.89881720135557,37.25438962675194,0.0,0.0,0.0,37.25438962675194,0.0,0.0,0.0,0.0,28.8063170376765,28.8063170376765,0.0
2022-03-03 10:00:00,0.0,0.0,0.0,8.171766461472032,97.06919523746258,49.09918831618329,0.0,0.0,0.0,49.09918831618329,0.0,0.0,0.0,0.0,28.409283079005586,28.409283079005586,0.0
2022-03-03 11:00:00,0.0,0.0,0.0,8.171766461472032,85.69012471561028,49.09918831618329,0.0,0.0,0.0,49.09918831618329,0.0,0.0,0.0,0.0,26.51022924365581,26.51022924365581,0.0
2022-03-03 12:00:00,0.0,0.0,0.0,8.171766461472032,84.2355152571729,49.09918831618329,0.0,0.0,0.0,49.09918831618329,0.0,0.0,0.0,0.0,26.260110013483065,26.260110013483065,0.0
2022-03-03 13:00:00,0.0,0.0,0.0,8.171766461472032,82.98845782854099,49.09918831618329,0.0,0.0,0.0,49.09918831618329,0.0,0.0,0.0,0.0,26.275671837897647,26.275671837897647,0.0
2022-03-03 14:00:00,0.0,0.0,0.0,8.171766461472034,82.96957516778025,49.09918831618329,0.0,0.0,0.0,49.09918831618329,0.0,0.0,0.0,0.0,26.39354700214904,26.39354700214904,0.0
2022-03-03 15:00:00,0.0,0.0,0.0,8.171766461472032,83.97955178265697,49.09918831618329,0.0,0.0,0.0,49.09918831618329,0.0,0.0,0.0,0.0,27.04674591774038,27.04674591774038,0.0
2022-03-03 16:00:00,0.0,0.0,0.0,8.171766461472032,84.06097774085099,49.09918831618329,0.0,0.0,0.0,49.09918831618329,0.0,0.0,0.0,0.0,26.943568643274162,26.943568643274162,0.0
2022-03-03 17:00:00,0.0,0.0,0.0,8.171766461472032,95.79948502117095,54.841692910183305,0.0,0.0,0.0,54.841692910183305,0.0,0.0,0.0,0.0,30.00765680571096,30.00765680571096,0.0
2022-03-03 18:00:00,0.0,0.0,0.0,8.171766461472032,119.45830299861554,44.191907497561786,0.0,0.0,0.0,44.191907497561786,0.0,0.0,0.0,0.0,31.90201164884121,31.90201164884121,0.0
2022-03-03 19:00:00,0.0,0.0,0.0,8.171766461472032,126.58851840144328,35.096924863181506,0.0,0.0,0.0,35.096924863181506,0.0,0.0,0.0,0.0,31.404047614183575,31.404047614183575,0.0
2022-03-03 20:00:00,0.0,0.0,0.0,8.171766461472032,128.65620173629202,35.096924863181506,0.0,0.0,0.0,35.096924863181506,0.0,0.0,0.0,0.0,31.840913196632002,31.840913196632002,0.0
2022-03-03 21:00:00,0.0,0.0,0.0,8.171766461472032,137.27373134882248,26.001942228801234,0.0,0.0,0.0,26.001942228801234,0.0,0.0,0.0,0.0,31.20627695690628,31.20627695690628,0.0
2022-03-03 22:00:00,0.0,0.0,0.0,0.0,0.0,14.657592477664597,0.0,0.0,0.0,14.657592477664597,0.0,0.0,0.0,0.0,3.4666671968924536,3.4666671968924536,0.0
2022-03-03 23:00:00,0.0,0.0,0.0,0.0,0.0,14.657592477664597,0.0,0.0,0.0,14.657592477664597,0.0,0.0,0.0,0.0,3.4282643046009724,3.4282643046009724,0.0
2022-03-04 00:00:00,0.0,0.0,0.0,0.0,0.0,14.657592477664597,0.0,0.0,0.0,14.657592477664597,0.0,0.0,0.0,0.0,3.482643972693108,3.482643972693108,0.0
2022-03-04 01:00:00,0.0,0.0,0.0,0.0,0.0,14.657592477664597,0.0,0.0,0.0,14.657592477664597,0.0,0.0,0.0,0.0,3.535704457462254,3.535704457462254,0.0
2022-03-04 02:00:00,0.0,0.0,0.0,0.0,0.0,14.657592477664597,0.0,0.0,0.0,14.657592477664597,0.0,0.0,0.0,0.0,3.707784593150037,3.707784593150037,0.0
2022-03-04 03:00:00,0.0,0.0,0.0,0.0,0.0,14.657592477664597,0.0,0.0,0.0,14.657592477664597,0.0,0.0,0.0,0.0,3.854213942001905,3.854213942001905,0.0
2022-03-04 04:00:00,0.0,0.0,0.0,0.0,0.0,14.657592477664597,0.0,0.0,0.0,14.657592477664597,0.0,0.0,0.0,0.0,3.9660513726064863,3.9660513726064863,0.0
2022-03-04 05:00:00,0.0,0.0,0.0,0.0,0.0,14.657592477664597,0.0,0.0,0.0,14.657592477664597,0.0,0.0,0.0,0.0,4.152642524847157,4.152642524847157,0.0
2022-03-04 06:00:00,0.0,0.0,0.0,0.0220190407271216,0.6657990663978205,7.022938726391722,0.0,0.0,0.0,7.022938726391722,0.0,0.0,0.0,0.0,2.0824376247131084,2.0824376247131084,0.0
2022-03-04 07:00:00,0.0,0.0,0.0,0.022721436166533982,0.6872484769197328,3.1953047258311345,0.0,0.0,0.0,3.1953047258311345,0.0,0.0,0.0,0.0,1.007209176515006,1.007209176515006,0.0
2022-03-04 08:00:00,0.0,0.0,0.0,8.171766461472032,197.26096522128591,14.516933040801234,0.0,0.0,0.0,14.516933040801234,0.0,0.0,0.0,0.0,39.56917516601428,39.56917516601428,0.0
2022-03-04 09:00:00,0.0,0.0,0.0,8.171766461472032,148.7287763199301,14.516933040801234,0.0,0.0,0.0,14.516933040801234,0.0,0.0,0.0,0.0,30.89785751768963,30.89785751768963,0.0
2022-03-04 10:00:00,0.0,0.0,0.0,8.171766461472032,102.11884807737863,28.15940699237166,0.0,0.0,0.0,28.15940699237166,0.0,0.0,0.0,0.0,26.50151879243772,26.50151879243772,0.0
2022-03-04 11:00:00,0.0,0.0,0.0,8.171766461472032,80.16453399307477,28.15940699237166,0.0,0.0,0.0,28.15940699237166,0.0,0.0,0.0,0.0,22.39967218693748,22.39967218693748,0.0
2022-03-04 12:00:00,0.0,0.0,0.0,8.171766461472032,64.99932968488062,37.25438962675194,0.0,0.0,0.0,37.25438962675194,0.0,0.0,0.0,0.0,22.140346024852903,22.140346024852903,0.0
2022-03-04 13:00:00,0.0,0.0,0.0,8.171766461472032,56.172902830534575,37.25438962675194,0.0,0.0,0.0,37.25438962675194,0.0,0.0,0.0,0.0,20.547418775601056,20.547418775601056,0.0
2022-03-04 14:00:00,0.0,0.0,0.0,8.171766461472032,60.51337563696351,37.25438962675194,0.0,0.0,0.0,37.25438962675194,0.0,0.0,0.0,0.0,21.034240479910007,21.034240479910007,0.0
2022-03-04 15:00:00,0.0,0.0,0.0,8.171766461472032,72.37564772822786,37.25438962675194,0.0,0.0,0.0,37.25438962675194,0.0,0.0,0.0,0.0,23.14508704124834,23.14508704124834,0.0
2022-03-04 16:00:00,0.0,0.0,0.0,8.171766461472032,87.66019602455326,37.25438962675194,0.0,0.0,0.0,37.25438962675194,0.0,0.0,0.0,0.0,26.01144726773113,26.01144726773113,0.0
2022-03-04 17:00:00,0.0,0.0,0.0,8.171766461472032,122.32686964161421,33.90191158637166,0.0,0.0,0.0,33.90191158637166,0.0,0.0,0.0,0.0,31.263952481998775,31.263952481998775,0.0
2022-03-04 18:00:00,0.0,0.0,0.0,8.171766461472032,138.4753020159703,30.549433545991374,0.0,0.0,0.0,30.549433545991374,0.0,0.0,0.0,0.0,33.20410009971967,33.20410009971967,0.0
2022-03-04 19:00:00,0.0,0.0,0.0,0.0,0.0,14.657592477664597,0.0,0.0,0.0,14.657592477664597,0.0,0.0,0.0,0.0,3.9280882080893353,3.9280882080893353,0.0
2022-03-04 20:00:00,0.0,0.0,0.0,0.0,0.0,14.657592477664597,0.0,0.0,0.0,14.657592477664597,0.0,0.0,0.0,0.0,3.908886761943595,3.908886761943595,0.0
2022-03-04 21:00:00,0.0,0.0,0.0,0.0,0.0,14.657592477664597,0.0,0.0,0.0,14.657592477664597,0.0,0.0,0.0,0.0,3.7989548183611106,3.7989548183611106,0.0
2022-03-04 22:00:00,0.0,0.0,0.0,0.0,0.0,14.657592477664597,0.0,0.0,0.0,14.657592477664597,0.0,0.0,0.0,0.0,3.6158814883150794,3.6158814883150794,0.0
2022-03-04 23:00:00,0.0,0.0,0.0,0.011719935298844027,0.35666602119510016,14.669312412963443,0.0,0.0,0.0,14.669312412963443,0.0,0.0,0.0,0.0,3.459723609045915,3.459723609045915,0.0
2022-03-05 00:00:00,0.0,0.0,0.0,0.038978382349240545,1.1739765727211404,15.14598967554861,0.0,0.0,0.0,15.14598967554861,0.0,0.0,0.0,0.0,3.6804124433685215,3.6804124433685215,0.0
2022-03-05 01:00:00,0.0,0.0,0.0,0.06748458434139828,2.0480363565527706,15.174495877540767,0.0,0.0,0.0,15.174495877540767,0.0,0.0,0.0,0.0,3.8116911637770774,3.8116911637770774,0.0
2022-03-05 02:00:00,0.0,0.0,0.0,0.1408138727030947,4.277923491214974,15.24782516590246,0.0,0.0,0.0,15.24782516590246,0.0,0.0,0.0,0.0,4.220214818186708,4.220214818186708,0.0
2022-03-05 03:00:00,0.0,0.0,0.0,0.13173397156534875,4.013264216438845,15.238745264764717,0.0,0.0,0.0,15.238745264764717,0.0,0.0,0.0,0.0,4.24319720264514,4.24319720264514,0.0
2022-03-05 04:00:00,0.0,0.0,0.0,0.18331133262249016,5.56862238952307,15.290322625821858,0.0,0.0,0.0,15.290322625821858,0.0,0.0,0.0,0.0,4.599375358561069,4.599375358561069,0.0
2022-03-05 05:00:00,0.0,0.0,0.0,0.20938463624982306,6.384239054019443,15.316395929449191,0.0,0.0,0.0,15.316395929449191,0.0,0.0,0.0,0.0,4.871369096347591,4.871369096347591,0.0
2022-03-05 06:00:00,0.0,0.0,0.0,8.171766461472032,247.28302143156404,15.622104962671402,0.0,0.0,0.0,15.622104962671402,0.0,0.0,0.0,0.0,48.4219067060317,48.4219067060317,0.0
2022-03-05 07:00:00,0.0,0.0,0.0,8.171766461472032,196.34300004675296,19.064424357991378,0.0,0.0,0.0,19.064424357991378,0.0,0.0,0.0,0.0,40.121557441555794,40.121557441555794,0.0
2022-03-05 08:00:00,0.0,0.0,0.0,8.171766461472032,174.81664296281772,32.706898309561794,0.0,0.0,0.0,32.706898309561794,0.0,0.0,0.0,0.0,39.68393215958357,39.68393215958357,0.0
2022-03-05 09:00:00,0.0,0.0,0.0,8.171766461472032,141.8570069421095,49.09918831618329,0.0,0.0,0.0,49.09918831618329,0.0,0.0,0.0,0.0,37.9394488868958,37.9394488868958,0.0
2022-03-05 10:00:00,0.0,0.0,0.0,8.171766461472032,127.88126145426915,49.09918831618329,0.0,0.0,0.0,49.09918831618329,0.0,0.0,0.0,0.0,35.94208854473305,35.94208854473305,0.0
2022-03-05 11:00:00,0.0,0.0,0.0,8.171766461472032,114.71834351941159,49.09918831618329,0.0,0.0,0.0,49.09918831618329,0.0,0.0,0.0,0.0,33.94770851020645,33.94770851020645,0.0
2022-03-05 12:00:00,0.0,0.0,0.0,8.171766461472032,108.99794687773112,49.09918831618329,0.0,0.0,0.0,49.09918831618329,0.0,0.0,0.0,0.0,32.847045894789076,32.847045894789076,0.0
2022-03-05 13:00:00,0.0,0.0,0.0,8.171766461472032,102.67349098463383,49.09918831618329,0.0,0.0,0.0,49.09918831618329,0.0,0.0,0.0,0.0,31.615527526261243,31.615527526261243,0.0
2022-03-05 14:00:00,0.0,0.0,0.0,8.171766461472032,100.36117534106243,49.09918831618329,0.0,0.0,0.0,49.09918831618329,0.0,0.0,0.0,0.0,31.25664018739935,31.25664018739935,0.0
2022-03-05 15:00:00,0.0,0.0,0.0,8.171766461472032,101.2447368984092,49.09918831618329,0.0,0.0,0.0,49.09918831618329,0.0,0.0,0.0,0.0,31.65582084256271,31.65582084256271,0.0
2022-03-05 16:00:00,0.0,0.0,0.0,8.171766461472032,111.55877104934376,49.09918831618329,0.0,0.0,0.0,49.09918831618329,0.0,0.0,0.0,0.0,34.10303920620508,34.10303920620508,0.0
2022-03-05 17:00:00,0.0,0.0,0.0,8.171766461472032,123.04481639805637,52.9275247121833,0.0,0.0,0.0,52.9275247121833,0.0,0.0,0.0,0.0,37.125349787379555,37.125349787379555,0.0
2022-03-05 18:00:00,0.0,0.0,0.0,8.171766461472032,133.00712773891567,48.73939881475194,0.0,0.0,0.0,48.73939881475194,0.0,0.0,0.0,0.0,37.355222255727114,37.355222255727114,0.0
2022-03-05 19:00:00,0.0,0.0,0.0,8.171766461472032,145.45228827042368,48.73939881475194,0.0,0.0,0.0,48.73939881475194,0.0,0.0,0.0,0.0,39.8601461047406,39.8601461047406,0.0
2022-03-05 20:00:00,0.0,0.0,0.0,8.171766461472032,155.69279831789729,44.191907497561786,0.0,0.0,0.0,44.191907497561786,0.0,0.0,0.0,0.0,40.921564552747746,40.921564552747746,0.0
2022-03-05 21:00:00,0.0,0.0,0.0,0.0,0.0,22.37766708451935,0.0,0.0,0.0,22.37766708451935,0.0,0.0,0.0,0.0,6.582390772911365,6.582390772911365,0.0
2022-03-05 22:00:00,0.0,0.0,0.0,0.0,0.0,15.107011293199369,0.0,0.0,0.0,15.107011293199369,0.0,0.0,0.0,0.0,4.2624432363762015,4.2624432363762015,0.0
2022-03-05 23:00:00,0.0,0.0,0.0,0.028593013624245035,0.8609496068573641,15.135604306823614,0.0,0.0,0.0,15.135604306823614,0.0,0.0,0.0,0.0,4.419622202738257,4.419622202738257,0.0
2022-03-06 00:00:00,0.0,0.0,0.0,0.036990006958710145,1.114572314827711,15.144001300158076,0.0,0.0,0.0,15.144001300158076,0.0,0.0,0.0,0.0,4.51611381733995,4.51611381733995,0.0
2022-03-06 01:00:00,0.0,0.0,0.0,0.11301616923243288,3.427236697343536,15.2200274624318,0.0,0.0,0.0,15.2200274624318,0.0,0.0,0.0,0.0,4.759510261080156,4.759510261080156,0.0
2022-03-06 02:00:00,0.0,0.0,0.0,0.11422972042156371,3.464088349533155,15.221241013620933,0.0,0.0,0.0,15.221241013620933,0.0,0.0,0.0,0.0,4.805746510360042,4.805746510360042,0.0
2022-03-06 03:00:00,0.0,0.0,0.0,0.17885514736247626,5.44186429294282,15.285866440561842,0.0,0.0,0.0,15.285866440561842,0.0,0.0,0.0,0.0,5.226223616695249,5.226223616695249,0.0
2022-03-06 04:00:00,0.0,0.0,0.0,0.14738218342278733,4.470552662918323,15.254393476622154,0.0,0.0,0.0,15.254393476622154,0.0,0.0,0.0,0.0,4.996679641726621,4.996679641726621,0.0
2022-03-06 05:00:00,0.0,0.0,0.0,0.24379409396016546,7.423789468213449,15.350805387159532,0.0,0.0,0.0,15.350805387159532,0.0,0.0,0.0,0.0,5.664355422809493,5.664355422809493,0.0
2022-03-06 06:00:00,0.0,0.0,0.0,8.171766461472032,244.01881374050302,15.622104962671402,0.0,0.0,0.0,15.622104962671402,0.0,0.0,0.0,0.0,48.34190317078251,48.34190317078251,0.0
2022-03-06 07:00:00,0.0,0.0,0.0,8.171766461472032,187.81443999325924,19.064424357991378,0.0,0.0,0.0,19.064424357991378,0.0,0.0,0.0,0.0,39.13389822816014,39.13389822816014,0.0
2022-03-06 08:00:00,0.0,0.0,0.0,8.171766461472032,160.7925904025216,32.706898309561794,0.0,0.0,0.0,32.706898309561794,0.0,0.0,0.0,0.0,37.910173142689,37.910173142689,0.0
2022-03-06 09:00:00,0.0,0.0,0.0,8.171766461472032,127.43668106051243,49.09918831618329,0.0,0.0,0.0,49.09918831618329,0.0,0.0,0.0,0.0,36.260236077973566,36.260236077973566,0.0
2022-03-06 10:00:00,0.0,0.0,0.0,8.171766461472032,106.8754935087907,49.09918831618329,0.0,0.0,0.0,49.09918831618329,0.0,0.0,0.0,0.0,32.6018840221717,32.6018840221717,0.0
2022-03-06 11:00:00,0.0,0.0,0.0,8.171766461472034,87.50574195627549,49.09918831618329,0.0,0.0,0.0,49.09918831618329,0.0,0.0,0.0,0.0,29.392253639687823,29.392253639687823,0.0
2022-03-06 12:00:00,0.0,0.0,0.0,8.171766461472032,76.82669257960745,49.09918831618329,0.0,0.0,0.0,49.09918831618329,0.0,0.0,0.0,0.0,27.46604943387191,27.46604943387191,0.0
2022-03-06 13:00:00,0.0,0.0,0.0,8.171766461472032,70.60612121862167,49.09918831618329,0.0,0.0,0.0,49.09918831618329,0.0,0.0,0.0,0.0,26.403479034618517,26.403479034618517,0.0
2022-03-06 14:00:00,0.0,0.0,0.0,8.171766461472032,65.92518262413309,49.09918831618329,0.0,0.0,0.0,49.09918831618329,0.0,0.0,0.0,0.0,25.544962361968324,25.544962361968324,0.0
2022-03-06 15:00:00,0.0,0.0,0.0,8.171766461472032,61.620283541829906,49.09918831618329,0.0,0.0,0.0,49.09918831618329,0.0,0.0,0.0,0.0,24.90832321052389,24.90832321052389,0.0
2022-03-06 16:00:00,0.0,0.0,0.0,8.171766461472032,72.18792172330609,49.09918831618329,0.0,0.0,0.0,49.09918831618329,0.0,0.0,0.0,0.0,27.047197937127066,27.047197937127066,0.0
2022-03-06 17:00:00,0.0,0.0,0.0,8.171766461472032,84.38263204836277,52.9275247121833,0.0,0.0,0.0,52.9275247121833,0.0,0.0,0.0,0.0,30.219781385537722,30.219781385537722,0.0
2022-03-06 18:00:00,0.0,0.0,0.0,8.171766461472032,90.95165962832735,48.73939881475194,0.0,0.0,0.0,48.73939881475194,0.0,0.0,0.0,0.0,30.216411062038603,30.216411062038603,0.0
2022-03-06 19:00:00,0.0,0.0,0.0,8.171766461472032,101.87189876421759,48.73939881475194,0.0,0.0,0.0,48.73939881475194,0.0,0.0,0.0,0.0,32.245965859160044,32.245965859160044,0.0
2022-03-06 20:00:00,0.0,0.0,0.0,8.171766461472032,108.50113875531824,44.191907497561786,0.0,0.0,0.0,44.191907497561786,0.0,0.0,0.0,0.0,32.29873976931829,32.29873976931829,0.0
2022-03-06 21:00:00,0.0,0.0,0.0,0.0,0.0,22.37766708451935,0.0,0.0,0.0,22.37766708451935,0.0,0.0,0.0,0.0,6.252320183414706,6.252320183414706,0.0
2022-03-06 22:00:00,0.0,0.0,0.0,0.0,0.0,15.107011293199369,0.0,0.0,0.0,15.107011293199369,0.0,0.0,0.0,0.0,4.203676962445656,4.203676962445656,0.0
2022-03-06 23:00:00,0.0,0.0,0.0,0.0,0.0,15.107011293199369,0.0,0.0,0.0,15.107011293199369,0.0,0.0,0.0,0.0,4.153521684952235,4.153521684952235,0.0
2022-03-07 00:00:00,0.0,0.0,0.0,0.0,0.0,15.107011293199369,0.0,0.0,0.0,15.107011293199369,0.0,0.0,0.0,0.0,4.197634157928377,4.197634157928377,0.0
2022-03-07 01:00:00,0.0,0.0,0.0,0.0,0.0,15.107011293199369,0.0,0.0,0.0,15.107011293199369,0.0,0.0,0.0,0.0,4.15473024585569,4.15473024585569,0.0
2022-03-07 02:00:00,0.0,0.0,0.0,0.0,0.0,15.107011293199369,0.0,0.0,0.0,15.107011293199369,0.0,0.0,0.0,0.0,4.218179693287128,4.218179693287128,0.0
2022-03-07 03:00:00,0.0,0.0,0.0,0.0,0.0,15.107011293199369,0.0,0.0,0.0,15.107011293199369,0.0,0.0,0.0,0.0,4.231776003451007,4.231776003451007,0.0
2022-03-07 04:00:00,0.0,0.0,0.0,0.0,0.0,15.107011293199369,0.0,0.0,0.0,15.107011293199369,0.0,0.0,0.0,0.0,4.326799104485231,4.326799104485231,0.0
2022-03-07 05:00:00,0.0,0.0,0.0,0.0,0.0,15.107011293199369,0.0,0.0,0.0,15.107011293199369,0.0,0.0,0.0,0.0,4.350063901876758,4.350063901876758,0.0
2022-03-07 06:00:00,0.0,0.0,0.0,8.171766461472032,196.78598205272698,15.622104962671402,0.0,0.0,0.0,15.622104962671402,0.0,0.0,0.0,0.0,39.73934922531414,39.73934922531414,0.0
2022-03-07 07:00:00,0.0,0.0,0.0,8.171766461472032,152.54369375105424,19.064424357991378,0.0,0.0,0.0,19.064424357991378,0.0,0.0,0.0,0.0,32.713038035191474,32.713038035191474,0.0
2022-03-07 08:00:00,0.0,0.0,0.0,8.171766461472032,132.92063757471385,32.706898309561794,0.0,0.0,0.0,32.706898309561794,0.0,0.0,0.0,0.0,33.06647133079498,33.06647133079498,0.0
2022-03-07 09:00:00,0.0,0.0,0.0,8.171766461472032,109.42626167258584,49.09918831618329,0.0,0.0,0.0,49.09918831618329,0.0,0.0,0.0,0.0,33.289953103930216,33.289953103930216,0.0
2022-03-07 10:00:00,0.0,0.0,0.0,8.171766461472032,93.5154196909907,49.09918831618329,0.0,0.0,0.0,49.09918831618329,0.0,0.0,0.0,0.0,30.343203771722507,30.343203771722507,0.0
2022-03-07 11:00:00,0.0,0.0,0.0,8.171766461472032,71.60160876107658,49.09918831618329,0.0,0.0,0.0,49.09918831618329,0.0,0.0,0.0,0.0,26.46291495939331,26.46291495939331,0.0
2022-03-07 12:00:00,0.0,0.0,0.0,8.171766461472032,62.79318057414963,49.09918831618329,0.0,0.0,0.0,49.09918831618329,0.0,0.0,0.0,0.0,24.868115962729572,24.868115962729572,0.0
2022-03-07 13:00:00,0.0,0.0,0.0,8.171766461472032,59.317537562173825,49.09918831618329,0.0,0.0,0.0,49.09918831618329,0.0,0.0,0.0,0.0,24.11663107701468,24.11663107701468,0.0
2022-03-07 14:00:00,0.0,0.0,0.0,8.171766461472032,54.774587276959565,49.09918831618329,0.0,0.0,0.0,49.09918831618329,0.0,0.0,0.0,0.0,23.616342745259374,23.616342745259374,0.0
2022-03-07 15:00:00,0.0,0.0,0.0,8.171766461472032,49.226977591872455,49.09918831618329,0.0,0.0,0.0,49.09918831618329,0.0,0.0,0.0,0.0,22.6891781390474,22.6891781390474,0.0
2022-03-07 16:00:00,0.0,0.0,0.0,8.171766461472032,51.411975546326936,49.09918831618329,0.0,0.0,0.0,49.09918831618329,0.0,0.0,0.0,0.0,22.985862524606553,22.985862524606553,0.0
2022-03-07 17:00:00,0.0,0.0,0.0,8.171766461472032,56.83926169282789,52.9275247121833,0.0,0.0,0.0,52.9275247121833,0.0,0.0,0.0,0.0,25.404549014091756,25.404549014091756,0.0
2022-03-07 18:00:00,0.0,0.0,0.0,8.171766461472034,60.983748127433465,48.73939881475194,0.0,0.0,0.0,48.73939881475194,0.0,0.0,0.0,0.0,24.77827290914361,24.77827290914361,0.0
2022-03-07 19:00:00,0.0,0.0,0.0,8.171766461472032,68.42172908753447,48.73939881475194,0.0,0.0,0.0,48.73939881475194,0.0,0.0,0.0,0.0,26.219349804719194,26.219349804719194,0.0
2022-03-07 20:00:00,0.0,0.0,0.0,8.171766461472032,68.09489774664135,44.191907497561786,0.0,0.0,0.0,44.191907497561786,0.0,0.0,0.0,0.0,25.15217779365494,25.15217779365494,0.0
2022-03-07 21:00:00,0.0,0.0,0.0,0.0,0.0,22.37766708451935,0.0,0.0,0.0,22.37766708451935,0.0,0.0,0.0,0.0,6.489523454510611,6.489523454510611,0.0
2022-03-07 22:00:00,0.0,0.0,0.0,0.0,0.0,15.107011293199369,0.0,0.0,0.0,15.107011293199369,0.0,0.0,0.0,0.0,4.2624432363762015,4.2624432363762015,0.0
2022-03-07 23:00:00,0.0,0.0,0.0,0.0,0.0,15.107011293199369,0.0,0.0,0.0,15.107011293199369,0.0,0.0,0.0,0.0,4.258515413439969,4.258515413439969,0.0
2022-03-08 00:00:00,0.0,0.0,0.0,0.0,0.0,15.107011293199369,0.0,0.0,0.0,15.107011293199369,0.0,0.0,0.0,0.0,4.149140651677206,4.149140651677206,0.0
2022-03-08 01:00:00,0.0,0.0,0.0,0.0,0.0,15.107011293199369,0.0,0.0,0.0,15.107011293199369,0.0,0.0,0.0,0.0,4.082820872100061,4.082820872100061,0.0
2022-03-08 02:00:00,0.0,0.0,0.0,0.0,0.0,15.107011293199369,0.0,0.0,0.0,15.107011293199369,0.0,0.0,0.0,0.0,4.035535926752347,4.035535926752347,0.0
2022-03-08 03:00:00,0.0,0.0,0.0,0.0,0.0,15.107011293199369,0.0,0.0,0.0,15.107011293199369,0.0,0.0,0.0,0.0,4.018465003991032,4.018465003991032,0.0
2022-03-08 04:00:00,0.0,0.0,0.0,0.0,0.0,15.107011293199369,0.0,0.0,0.0,15.107011293199369,0.0,0.0,0.0,0.0,4.119379839429604,4.119379839429604,0.0
2022-03-08 05:00:00,0.0,0.0,0.0,0.0,0.0,15.107011293199369,0.0,0.0,0.0,15.107011293199369,0.0,0.0,0.0,0.0,4.115300946380441,4.115300946380441,0.0
2022-03-08 06:00:00,0.0,0.0,0.0,8.171766461472032,183.83213445007752,15.622104962671402,0.0,0.0,0.0,15.622104962671402,0.0,0.0,0.0,0.0,37.181107962301944,37.181107962301944,0.0
2022-03-08 07:00:00,0.0,0.0,0.0,8.171766461472032,141.31000490610066,19.064424357991378,0.0,0.0,0.0,19.064424357991378,0.0,0.0,0.0,0.0,30.29920571878184,30.29920571878184,0.0
2022-03-08 08:00:00,0.0,0.0,0.0,8.171766461472032,112.71819463491178,32.706898309561794,0.0,0.0,0.0,32.706898309561794,0.0,0.0,0.0,0.0,28.777818767986346,28.777818767986346,0.0
2022-03-08 09:00:00,0.0,0.0,0.0,8.171766461472034,79.03251690334189,49.09918831618329,0.0,0.0,0.0,49.09918831618329,0.0,0.0,0.0,0.0,27.260761976187762,27.260761976187762,0.0
2022-03-08 10:00:00,0.0,0.0,0.0,8.171766461472032,59.95206778342382,49.09918831618329,0.0,0.0,0.0,49.09918831618329,0.0,0.0,0.0,0.0,23.720246947631523,23.720246947631523,0.0
2022-03-08 11:00:00,0.0,0.0,0.0,8.171766461472032,33.3533690059106,49.09918831618329,0.0,0.0,0.0,49.09918831618329,0.0,0.0,0.0,0.0,18.881059045712284,18.881059045712284,0.0
2022-03-08 12:00:00,0.0,0.0,0.0,8.171766461472032,16.87491501561925,49.09918831618329,0.0,0.0,0.0,49.09918831618329,0.0,0.0,0.0,0.0,15.839966806412221,15.839966806412221,0.0
2022-03-08 13:00:00,0.0,0.0,0.0,8.171766461472032,7.2045337237130695,49.09918831618329,0.0,0.0,0.0,49.09918831618329,0.0,0.0,0.0,0.0,13.98833747643394,13.98833747643394,0.0
2022-03-08 14:00:00,0.0,0.0,0.0,8.171766461472032,2.5884097463986597,49.09918831618329,0.0,0.0,0.0,49.09918831618329,0.0,0.0,0.0,0.0,13.284369340446815,13.284369340446815,0.0
2022-03-08 15:00:00,0.0,0.0,0.0,8.171766461472032,1.2546130694844302,49.09918831618329,0.0,0.0,0.0,49.09918831618329,0.0,0.0,0.0,0.0,13.218029823061219,13.218029823061219,0.0
2022-03-08 16:00:00,0.0,0.0,0.0,8.171766461472032,5.576743449210576,49.09918831618329,0.0,0.0,0.0,49.09918831618329,0.0,0.0,0.0,0.0,13.99623118779405,13.99623118779405,0.0
2022-03-08 17:00:00,0.0,0.0,0.0,8.171766461472032,22.256016385818388,52.9275247121833,0.0,0.0,0.0,52.9275247121833,0.0,0.0,0.0,0.0,17.62439852478854,17.62439852478854,0.0
2022-03-08 18:00:00,0.0,0.0,0.0,8.171766461472032,43.73793974903006,48.73939881475194,0.0,0.0,0.0,48.73939881475194,0.0,0.0,0.0,0.0,20.136892118206735,20.136892118206735,0.0
2022-03-08 19:00:00,0.0,0.0,0.0,8.171766461472032,61.207516943047935,48.73939881475194,0.0,0.0,0.0,48.73939881475194,0.0,0.0,0.0,0.0,23.35101927874905,23.35101927874905,0.0
2022-03-08 20:00:00,0.0,0.0,0.0,8.171766461472032,71.86850811212763,44.191907497561786,0.0,0.0,0.0,44.191907497561786,0.0,0.0,0.0,0.0,24.222590550686768,24.222590550686768,0.0
2022-03-08 21:00:00,0.0,0.0,0.0,0.0,0.0,22.37766708451935,0.0,0.0,0.0,22.37766708451935,0.0,0.0,0.0,0.0,5.687731642872283,5.687731642872283,0.0
2022-03-08 22:00:00,0.0,0.0,0.0,0.0,0.0,15.107011293199369,0.0,0.0,0.0,15.107011293199369,0.0,0.0,0.0,0.0,3.8876382861919248,3.8876382861919248,0.0
2022-03-08 23:00:00,0.0,0.0,0.0,0.0,0.0,15.107011293199369,0.0,0.0,0.0,15.107011293199369,0.0,0.0,0.0,0.0,3.7556030074893627,3.7556030074893627,0.0
2022-03-09 00:00:00,0.0,0.0,0.0,0.0,0.0,15.107011293199369,0.0,0.0,0.0,15.107011293199369,0.0,0.0,0.0,0.0,3.5554351078544717,3.5554351078544717,0.0
2022-03-09 01:00:00,0.0,0.0,0.0,0.0,0.0,15.107011293199369,0.0,0.0,0.0,15.107011293199369,0.0,0.0,0.0,0.0,3.4247594601682967,3.4247594601682967,0.0
2022-03-09 02:00:00,0.0,0.0,0.0,0.0,0.0,15.107011293199369,0.0,0.0,0.0,15.107011293199369,0.0,0.0,0.0,0.0,3.3588928909299476,3.3588928909299476,0.0
2022-03-09 03:00:00,0.0,0.0,0.0,0.0,0.0,15.107011293199369,0.0,0.0,0.0,15.107011293199369,0.0,0.0,0.0,0.0,3.39998396164745,3.39998396164745,0.0
2022-03-09 04:00:00,0.0,0.0,0.0,0.0,0.0,15.107011293199369,0.0,0.0,0.0,15.107011293199369,0.0,0.0,0.0,0.0,3.392581526113782,3.392581526113782,0.0
2022-03-09 05:00:00,0.0,0.0,0.0,0.02646269596525533,0.7992328458229498,15.133473989164624,0.0,0.0,0.0,15.133473989164624,0.0,0.0,0.0,0.0,3.441486187104465,3.441486187104465,0.0
2022-03-09 06:00:00,0.0,0.0,0.0,8.171766461472032,208.20261935652786,13.707936764671402,0.0,0.0,0.0,13.707936764671402,0.0,0.0,0.0,0.0,40.44102820795555,40.44102820795555,0.0
2022-03-09 07:00:00,0.0,0.0,0.0,8.171766461472032,152.01227595774253,19.064424357991378,0.0,0.0,0.0,19.064424357991378,0.0,0.0,0.0,0.0,31.419538259024517,31.419538259024517,0.0
2022-03-09 08:00:00,0.0,0.0,0.0,8.171766461472032,117.7040109345118,32.706898309561794,0.0,0.0,0.0,32.706898309561794,0.0,0.0,0.0,0.0,28.174270425026506,28.174270425026506,0.0
2022-03-09 09:00:00,0.0,0.0,0.0,8.171766461472032,80.04302496861327,49.09918831618329,0.0,0.0,0.0,49.09918831618329,0.0,0.0,0.0,0.0,25.05893877905669,25.05893877905669,0.0
2022-03-09 10:00:00,0.0,0.0,0.0,8.171766461472032,57.75370968197658,49.09918831618329,0.0,0.0,0.0,49.09918831618329,0.0,0.0,0.0,0.0,20.985346329707816,20.985346329707816,0.0
2022-03-09 11:00:00,0.0,0.0,0.0,8.171766461472032,36.06060201733228,49.09918831618329,0.0,0.0,0.0,49.09918831618329,0.0,0.0,0.0,0.0,16.969511129398416,16.969511129398416,0.0
2022-03-09 12:00:00,0.0,0.0,0.0,8.171766461472032,18.972194271322994,49.09918831618329,0.0,0.0,0.0,49.09918831618329,0.0,0.0,0.0,0.0,13.898628140745137,13.898628140745137,0.0
2022-03-09 13:00:00,0.0,0.0,0.0,8.171766461472032,7.011025734991042,49.09918831618329,0.0,0.0,0.0,49.09918831618329,0.0,0.0,0.0,0.0,11.931100716186203,11.931100716186203,0.0
2022-03-09 14:00:00,0.0,0.0,0.0,8.171766461472032,3.203371608586932,49.09918831618329,0.0,0.0,0.0,49.09918831618329,0.0,0.0,0.0,0.0,11.169918263909905,11.169918263909905,0.0
2022-03-09 15:00:00,0.0,0.0,0.0,8.171766461472032,0.6064858291882546,49.09918831618329,0.0,0.0,0.0,49.09918831618329,0.0,0.0,0.0,0.0,11.038677343883203,11.038677343883203,0.0
2022-03-09 16:00:00,0.0,0.0,0.0,8.171766461472032,3.8178325417890346,49.09918831618329,0.0,0.0,0.0,49.09918831618329,0.0,0.0,0.0,0.0,12.048954506539287,12.048954506539287,0.0
2022-03-09 17:00:00,0.0,0.0,0.0,8.171766461472032,20.016358242142857,52.9275247121833,0.0,0.0,0.0,52.9275247121833,0.0,0.0,0.0,0.0,15.946123078225103,15.946123078225103,0.0
2022-03-09 18:00:00,0.0,0.0,0.0,8.171766461472032,43.120436328669214,48.73939881475194,0.0,0.0,0.0,48.73939881475194,0.0,0.0,0.0,0.0,19.062619851073247,19.062619851073247,0.0
2022-03-09 19:00:00,0.0,0.0,0.0,8.171766461472032,63.63784477842459,48.73939881475194,0.0,0.0,0.0,48.73939881475194,0.0,0.0,0.0,0.0,22.808451501781484,22.808451501781484,0.0
2022-03-09 20:00:00,0.0,0.0,0.0,8.171766461472032,75.67300140797282,44.191907497561786,0.0,0.0,0.0,44.191907497561786,0.0,0.0,0.0,0.0,23.975583814981483,23.975583814981483,0.0
2022-03-09 21:00:00,0.0,0.0,0.0,0.0,0.0,22.37766708451935,0.0,0.0,0.0,22.37766708451935,0.0,0.0,0.0,0.0,5.173045299928337,5.173045299928337,0.0
2022-03-09 22:00:00,0.0,0.0,0.0,0.0,0.0,15.107011293199369,0.0,0.0,0.0,15.107011293199369,0.0,0.0,0.0,0.0,3.511171564765397,3.511171564765397,0.0
2022-03-09 23:00:00,0.0,0.0,0.0,0.0,0.0,15.107011293199369,0.0,0.0,0.0,15.107011293199369,0.0,0.0,0.0,0.0,3.4311044049114408,3.4311044049114408,0.0
2022-03-10 00:00:00,0.0,0.0,0.0,0.0,0.0,14.657592477664597,0.0,0.0,0.0,14.657592477664597,0.0,0.0,0.0,0.0,3.2551581374397536,3.2551581374397536,0.0
2022-03-10 01:00:00,0.0,0.0,0.0,0.0,0.0,14.657592477664597,0.0,0.0,0.0,14.657592477664597,0.0,0.0,0.0,0.0,3.2221785543650086,3.2221785543650086,0.0
2022-03-10 02:00:00,0.0,0.0,0.0,0.0,0.0,14.657592477664597,0.0,0.0,0.0,14.657592477664597,0.0,0.0,0.0,0.0,3.1996058619494048,3.1996058619494048,0.0
2022-03-10 03:00:00,0.0,0.0,0.0,0.0,0.0,14.657592477664597,0.0,0.0,0.0,14.657592477664597,0.0,0.0,0.0,0.0,3.193449673108786,3.193449673108786,0.0
2022-03-10 04:00:00,0.0,0.0,0.0,0.0,0.0,14.657592477664597,0.0,0.0,0.0,14.657592477664597,0.0,0.0,0.0,0.0,3.250907435621231,3.250907435621231,0.0
2022-03-10 05:00:00,0.0,0.0,0.0,0.0,0.0,14.657592477664597,0.0,0.0,0.0,14.657592477664597,0.0,0.0,0.0,0.0,3.2876979927401693,3.2876979927401693,0.0
2022-03-10 06:00:00,0.0,0.0,0.0,8.171766461472032,192.45578655677323,13.258517949136637,0.0,0.0,0.0,13.258517949136637,0.0,0.0,0.0,0.0,37.605874452805516,37.605874452805516,0.0
2022-03-10 07:00:00,0.0,0.0,0.0,8.171766461472032,140.84490083026074,14.516933040801234,0.0,0.0,0.0,14.516933040801234,0.0,0.0,0.0,0.0,28.637832047873662,28.637832047873662,0.0
2022-03-10 08:00:00,0.0,0.0,0.0,8.171766461472032,99.25615892925973,23.611915675181518,0.0,0.0,0.0,23.611915675181518,0.0,0.0,0.0,0.0,23.20221083991449,23.20221083991449,0.0
2022-03-10 09:00:00,0.0,0.0,0.0,8.171766461472032,50.528860551598704,37.25438962675194,0.0,0.0,0.0,37.25438962675194,0.0,0.0,0.0,0.0,17.633095474507698,17.633095474507698,0.0
2022-03-10 10:00:00,0.0,0.0,0.0,8.171766461472032,13.051685369498363,49.09918831618329,0.0,0.0,0.0,49.09918831618329,0.0,0.0,0.0,0.0,13.706603613222493,13.706603613222493,0.0
2022-03-10 11:00:00,0.0,0.0,0.0,8.171766461472032,0.0,49.09918831618329,0.0,0.0,0.0,49.09918831618329,0.0,0.0,0.0,0.0,11.2613898321998,11.2613898321998,0.0
2022-03-10 12:00:00,0.0,0.0,0.0,8.171766461472032,0.0,49.09918831618329,0.0,0.0,0.0,49.09918831618329,0.0,0.0,0.0,0.0,11.381191851691286,11.381191851691286,0.0
2022-03-10 13:00:00,0.0,0.0,0.0,8.171766461472032,0.0,49.09918831618329,0.0,0.0,0.0,49.09918831618329,0.0,0.0,0.0,0.0,11.548620083849471,11.548620083849471,0.0
2022-03-10 14:00:00,0.0,0.0,0.0,8.171766461472032,0.0,49.09918831618329,0.0,0.0,0.0,49.09918831618329,0.0,0.0,0.0,0.0,11.229475359794279,11.229475359794279,0.0
2022-03-10 15:00:00,0.0,0.0,0.0,8.171766461472032,0.0,49.09918831618329,0.0,0.0,0.0,49.09918831618329,0.0,0.0,0.0,0.0,11.41408830786313,11.41408830786313,0.0
2022-03-10 16:00:00,0.0,0.0,0.0,8.171766461472032,0.0,49.09918831618329,0.0,0.0,0.0,49.09918831618329,0.0,0.0,0.0,0.0,11.313925963698114,11.313925963698114,0.0
2022-03-10 17:00:00,0.0,0.0,0.0,8.171766461472032,0.005426665394891165,52.9275247121833,0.0,0.0,0.0,52.9275247121833,0.0,0.0,0.0,0.0,11.823927543559124,11.823927543559124,0.0
2022-03-10 18:00:00,0.0,0.0,0.0,8.171766461472032,13.278580806459596,44.191907497561786,0.0,0.0,0.0,44.191907497561786,0.0,0.0,0.0,0.0,12.503690084817228,12.503690084817228,0.0
2022-03-10 19:00:00,0.0,0.0,0.0,8.171766461472032,26.94811549596214,35.096924863181506,0.0,0.0,0.0,35.096924863181506,0.0,0.0,0.0,0.0,13.168586670271988,13.168586670271988,0.0
2022-03-10 20:00:00,0.0,0.0,0.0,8.171766461472032,34.15702884948243,35.096924863181506,0.0,0.0,0.0,35.096924863181506,0.0,0.0,0.0,0.0,14.450409919462272,14.450409919462272,0.0
2022-03-10 21:00:00,0.0,0.0,0.0,8.171766461472032,47.69395408200472,26.001942228801234,0.0,0.0,0.0,26.001942228801234,0.0,0.0,0.0,0.0,14.69673252937131,14.69673252937131,0.0
2022-03-10 22:00:00,0.0,0.0,0.0,0.0,0.0,14.657592477664597,0.0,0.0,0.0,14.657592477664597,0.0,0.0,0.0,0.0,3.288430872364052,3.288430872364052,0.0
2022-03-10 23:00:00,0.0,0.0,0.0,0.0,0.0,14.657592477664597,0.0,0.0,0.0,14.657592477664597,0.0,0.0,0.0,0.0,3.307339166660239,3.307339166660239,0.0
2022-03-11 00:00:00,0.0,0.0,0.0,0.0,0.0,14.657592477664597,0.0,0.0,0.0,14.657592477664597,0.0,0.0,0.0,0.0,3.3297652831510662,3.3297652831510662,0.0
2022-03-11 01:00:00,0.0,0.0,0.0,0.0,0.0,14.657592477664597,0.0,0.0,0.0,14.657592477664597,0.0,0.0,0.0,0.0,3.3716859976371873,3.3716859976371873,0.0
2022-03-11 02:00:00,0.0,0.0,0.0,0.0,0.0,14.657592477664597,0.0,0.0,0.0,14.657592477664597,0.0,0.0,0.0,0.0,3.399828575194303,3.399828575194303,0.0
2022-03-11 03:00:00,0.0,0.0,0.0,0.0,0.0,14.657592477664597,0.0,0.0,0.0,14.657592477664597,0.0,0.0,0.0,0.0,3.44453423225118,3.44453423225118,0.0
2022-03-11 04:00:00,0.0,0.0,0.0,0.0,0.0,14.657592477664597,0.0,0.0,0.0,14.657592477664597,0.0,0.0,0.0,0.0,3.5071221521308082,3.5071221521308082,0.0
2022-03-11 05:00:00,0.0,0.0,0.0,0.0,0.0,14.657592477664597,0.0,0.0,0.0,14.657592477664597,0.0,0.0,0.0,0.0,3.4931974392770266,3.4931974392770266,0.0
2022-03-11 06:00:00,0.0,0.0,0.0,0.0,0.0,5.0867514876646,0.0,0.0,0.0,5.0867514876646,0.0,0.0,0.0,0.0,1.202406316654158,1.202406316654158,0.0
2022-03-11 07:00:00,0.0,0.0,0.0,8.171766461472032,127.09255919594135,14.516933040801234,0.0,0.0,0.0,14.516933040801234,0.0,0.0,0.0,0.0,26.357405498940402,26.357405498940402,0.0
2022-03-11 08:00:00,0.0,0.0,0.0,8.171766461472032,94.27442555826669,14.516933040801234,0.0,0.0,0.0,14.516933040801234,0.0,0.0,0.0,0.0,20.455600244154404,20.455600244154404,0.0
2022-03-11 09:00:00,0.0,0.0,0.0,8.171766461472032,76.69085191797024,28.15940699237166,0.0,0.0,0.0,28.15940699237166,0.0,0.0,0.0,0.0,20.57351717665302,20.57351717665302,0.0
2022-03-11 10:00:00,0.0,0.0,0.0,8.171766461472032,71.0518822790266,28.15940699237166,0.0,0.0,0.0,28.15940699237166,0.0,0.0,0.0,0.0,19.512036930506447,19.512036930506447,0.0
2022-03-11 11:00:00,0.0,0.0,0.0,8.171766461472034,55.72722221691443,37.25438962675194,0.0,0.0,0.0,37.25438962675194,0.0,0.0,0.0,0.0,18.60631703469904,18.60631703469904,0.0
2022-03-11 12:00:00,0.0,0.0,0.0,8.171766461472032,46.12739668587492,37.25438962675194,0.0,0.0,0.0,37.25438962675194,0.0,0.0,0.0,0.0,16.845453153419207,16.845453153419207,0.0
2022-03-11 13:00:00,0.0,0.0,0.0,8.171766461472032,38.89797621712053,37.25438962675194,0.0,0.0,0.0,37.25438962675194,0.0,0.0,0.0,0.0,15.589243359546273,15.589243359546273,0.0
2022-03-11 14:00:00,0.0,0.0,0.0,8.171766461472032,36.06356951119255,37.25438962675194,0.0,0.0,0.0,37.25438962675194,0.0,0.0,0.0,0.0,15.06363295862394,15.06363295862394,0.0
2022-03-11 15:00:00,0.0,0.0,0.0,8.171766461472032,37.297838407653636,37.25438962675194,0.0,0.0,0.0,37.25438962675194,0.0,0.0,0.0,0.0,15.469155181525817,15.469155181525817,0.0
2022-03-11 16:00:00,0.0,0.0,0.0,8.171766461472032,53.95138247208129,28.15940699237166,0.0,0.0,0.0,28.15940699237166,0.0,0.0,0.0,0.0,16.363812717474943,16.363812717474943,0.0
2022-03-11 17:00:00,0.0,0.0,0.0,8.171766461472032,59.94689479008464,22.892760753991375,0.0,0.0,0.0,22.892760753991375,0.0,0.0,0.0,0.0,16.247434553951077,16.247434553951077,0.0
2022-03-11 18:00:00,0.0,0.0,0.0,0.0,0.0,14.657592477664597,0.0,0.0,0.0,14.657592477664597,0.0,0.0,0.0,0.0,3.4539150914368855,3.4539150914368855,0.0
2022-03-11 19:00:00,0.0,0.0,0.0,0.0,0.0,14.657592477664597,0.0,0.0,0.0,14.657592477664597,0.0,0.0,0.0,0.0,3.5000865077415293,3.5000865077415293,0.0
2022-03-11 20:00:00,0.0,0.0,0.0,0.0,0.0,14.657592477664597,0.0,0.0,0.0,14.657592477664597,0.0,0.0,0.0,0.0,3.582462177466004,3.582462177466004,0.0
2022-03-11 21:00:00,0.0,0.0,0.0,0.0,0.0,14.657592477664597,0.0,0.0,0.0,14.657592477664597,0.0,0.0,0.0,0.0,3.393672386353684,3.393672386353684,0.0
2022-03-11 22:00:00,0.0,0.0,0.0,0.0,0.0,14.657592477664597,0.0,0.0,0.0,14.657592477664597,0.0,0.0,0.0,0.0,3.3231693665361175,3.3231693665361175,0.0
2022-03-11 23:00:00,0.0,0.0,0.0,0.0,0.0,15.107011293199369,0.0,0.0,0.0,15.107011293199369,0.0,0.0,0.0,0.0,3.462980198740091,3.462980198740091,0.0
2022-03-12 00:00:00,0.0,0.0,0.0,0.0,0.0,15.107011293199369,0.0,0.0,0.0,15.107011293199369,0.0,0.0,0.0,0.0,3.4256658808458886,3.4256658808458886,0.0
2022-03-12 01:00:00,0.0,0.0,0.0,0.0,0.0,15.107011293199369,0.0,0.0,0.0,15.107011293199369,0.0,0.0,0.0,0.0,3.40376071447075,3.40376071447075,0.0
2022-03-12 02:00:00,0.0,0.0,0.0,0.0,0.0,15.107011293199369,0.0,0.0,0.0,15.107011293199369,0.0,0.0,0.0,0.0,3.447419977108096,3.447419977108096,0.0
2022-03-12 03:00:00,0.0,0.0,0.0,0.0,0.0,15.107011293199369,0.0,0.0,0.0,15.107011293199369,0.0,0.0,0.0,0.0,3.543349498819912,3.543349498819912,0.0
2022-03-12 04:00:00,0.0,0.0,0.0,0.0,0.0,15.107011293199369,0.0,0.0,0.0,15.107011293199369,0.0,0.0,0.0,0.0,3.6716080246991742,3.6716080246991742,0.0
2022-03-12 05:00:00,0.0,0.0,0.0,8.171766461472032,193.79413363697742,23.2787777546714,0.0,0.0,0.0,23.2787777546714,0.0,0.0,0.0,0.0,40.4405123290733,40.4405123290733,0.0
2022-03-12 06:00:00,0.0,0.0,0.0,8.171766461472032,154.6375002614434,20.978592555991376,0.0,0.0,0.0,20.978592555991376,0.0,0.0,0.0,0.0,32.84258370972357,32.84258370972357,0.0
2022-03-12 07:00:00,0.0,0.0,0.0,8.171766461472032,129.11050699823608,32.706898309561794,0.0,0.0,0.0,32.706898309561794,0.0,0.0,0.0,0.0,31.08297308672399,31.08297308672399,0.0
2022-03-12 08:00:00,0.0,0.0,0.0,8.171766461472032,93.62260472604133,49.09918831618329,0.0,0.0,0.0,49.09918831618329,0.0,0.0,0.0,0.0,28.483476544810074,28.483476544810074,0.0
2022-03-12 09:00:00,0.0,0.0,0.0,8.171766461472032,72.420109814332,49.09918831618329,0.0,0.0,0.0,49.09918831618329,0.0,0.0,0.0,0.0,23.710979342915664,23.710979342915664,0.0
2022-03-12 10:00:00,0.0,0.0,0.0,8.171766461472032,50.88105247683482,49.09918831618329,0.0,0.0,0.0,49.09918831618329,0.0,0.0,0.0,0.0,19.853484808724854,19.853484808724854,0.0
2022-03-12 11:00:00,0.0,0.0,0.0,8.171766461472032,37.50531818726933,49.09918831618329,0.0,0.0,0.0,49.09918831618329,0.0,0.0,0.0,0.0,17.554178508845567,17.554178508845567,0.0
2022-03-12 12:00:00,0.0,0.0,0.0,8.171766461472032,28.050856579047743,49.09918831618329,0.0,0.0,0.0,49.09918831618329,0.0,0.0,0.0,0.0,15.951079141440587,15.951079141440587,0.0
2022-03-12 13:00:00,0.0,0.0,0.0,8.171766461472032,19.144222439445148,49.09918831618329,0.0,0.0,0.0,49.09918831618329,0.0,0.0,0.0,0.0,13.887376581703222,13.887376581703222,0.0
2022-03-12 14:00:00,0.0,0.0,0.0,8.171766461472032,13.129888192834612,49.09918831618329,0.0,0.0,0.0,49.09918831618329,0.0,0.0,0.0,0.0,12.785344526525929,12.785344526525929,0.0
2022-03-12 15:00:00,0.0,0.0,0.0,8.171766461472032,20.422112543413807,49.09918831618329,0.0,0.0,0.0,49.09918831618329,0.0,0.0,0.0,0.0,14.31140301796638,14.31140301796638,0.0
2022-03-12 16:00:00,0.0,0.0,0.0,8.171766461472032,32.669237769769865,49.09918831618329,0.0,0.0,0.0,49.09918831618329,0.0,0.0,0.0,0.0,16.834174735107425,16.834174735107425,0.0
2022-03-12 17:00:00,0.0,0.0,0.0,8.171766461472032,50.46721535724105,41.08272602275194,0.0,0.0,0.0,41.08272602275194,0.0,0.0,0.0,0.0,18.179071947705665,18.179071947705665,0.0
2022-03-12 18:00:00,0.0,0.0,0.0,8.171766461472032,70.08573977067707,48.73939881475194,0.0,0.0,0.0,48.73939881475194,0.0,0.0,0.0,0.0,23.05065999765464,23.05065999765464,0.0
2022-03-12 19:00:00,0.0,0.0,0.0,8.171766461472032,82.80072628712587,44.191907497561786,0.0,0.0,0.0,44.191907497561786,0.0,0.0,0.0,0.0,24.529325238392822,24.529325238392822,0.0
2022-03-12 20:00:00,0.0,0.0,0.0,0.0,0.0,22.37766708451935,0.0,0.0,0.0,22.37766708451935,0.0,0.0,0.0,0.0,5.077716438148285,5.077716438148285,0.0
2022-03-12 21:00:00,0.0,0.0,0.0,0.0,0.0,15.107011293199369,0.0,0.0,0.0,15.107011293199369,0.0,0.0,0.0,0.0,3.34393694974968,3.34393694974968,0.0
2022-03-12 22:00:00,0.0,0.0,0.0,0.0,0.0,15.107011293199369,0.0,0.0,0.0,15.107011293199369,0.0,0.0,0.0,0.0,3.2856238861579308,3.2856238861579308,0.0
2022-03-12 23:00:00,0.0,0.0,0.0,0.0,0.0,15.107011293199369,0.0,0.0,0.0,15.107011293199369,0.0,0.0,0.0,0.0,3.186521892074543,3.186521892074543,0.0
2022-03-13 00:00:00,0.0,0.0,0.0,0.0,0.0,15.107011293199369,0.0,0.0,0.0,15.107011293199369,0.0,0.0,0.0,0.0,3.1816876484607195,3.1816876484607195,0.0
2022-03-13 01:00:00,0.0,0.0,0.0,0.0,0.0,15.107011293199369,0.0,0.0,0.0,15.107011293199369,0.0,0.0,0.0,0.0,3.1972478700927143,3.1972478700927143,0.0
2022-03-13 02:00:00,0.0,0.0,0.0,0.0,0.0,15.107011293199369,0.0,0.0,0.0,15.107011293199369,0.0,0.0,0.0,0.0,3.2628122991051995,3.2628122991051995,0.0
2022-03-13 03:00:00,0.0,0.0,0.0,0.0,0.0,15.107011293199369,0.0,0.0,0.0,15.107011293199369,0.0,0.0,0.0,0.0,3.4008903823250423,3.4008903823250423,0.0
2022-03-13 04:00:00,0.0,0.0,0.0,0.0,0.0,15.107011293199369,0.0,0.0,0.0,15.107011293199369,0.0,0.0,0.0,0.0,3.5382131149802243,3.5382131149802243,0.0
2022-03-13 05:00:00,0.0,0.0,0.0,8.171766461472032,188.52174408348972,23.2787777546714,0.0,0.0,0.0,23.2787777546714,0.0,0.0,0.0,0.0,39.3545699811673,39.3545699811673,0.0
2022-03-13 06:00:00,0.0,0.0,0.0,8.171766461472032,153.91671429608394,20.978592555991376,0.0,0.0,0.0,20.978592555991376,0.0,0.0,0.0,0.0,32.50910376445296,32.50910376445296,0.0
2022-03-13 07:00:00,0.0,0.0,0.0,8.171766461472032,136.76674536086298,32.706898309561794,0.0,0.0,0.0,32.706898309561794,0.0,0.0,0.0,0.0,32.320515242771194,32.320515242771194,0.0
2022-03-13 08:00:00,0.0,0.0,0.0,8.171766461472032,114.85113062804348,49.09918831618329,0.0,0.0,0.0,49.09918831618329,0.0,0.0,0.0,0.0,32.50306016156784,32.50306016156784,0.0
2022-03-13 09:00:00,0.0,0.0,0.0,8.171766461472032,107.97489795238504,49.09918831618329,0.0,0.0,0.0,49.09918831618329,0.0,0.0,0.0,0.0,31.456478455191007,31.456478455191007,0.0
2022-03-13 10:00:00,0.0,0.0,0.0,8.171766461472032,94.98405240311162,49.09918831618329,0.0,0.0,0.0,49.09918831618329,0.0,0.0,0.0,0.0,29.04480453562,29.04480453562,0.0
2022-03-13 11:00:00,0.0,0.0,0.0,8.171766461472032,88.7649421209081,49.09918831618329,0.0,0.0,0.0,49.09918831618329,0.0,0.0,0.0,0.0,27.907866437965815,27.907866437965815,0.0
2022-03-13 12:00:00,0.0,0.0,0.0,8.171766461472032,84.0772182814625,49.09918831618329,0.0,0.0,0.0,49.09918831618329,0.0,0.0,0.0,0.0,26.825217764195763,26.825217764195763,0.0
2022-03-13 13:00:00,0.0,0.0,0.0,8.171766461472032,80.99814446444684,49.09918831618329,0.0,0.0,0.0,49.09918831618329,0.0,0.0,0.0,0.0,26.135315488595836,26.135315488595836,0.0
2022-03-13 14:00:00,0.0,0.0,0.0,8.171766461472032,71.97066516340749,49.09918831618329,0.0,0.0,0.0,49.09918831618329,0.0,0.0,0.0,0.0,24.550175436439783,24.550175436439783,0.0
2022-03-13 15:00:00,0.0,0.0,0.0,8.171766461472032,70.99874363038319,49.09918831618329,0.0,0.0,0.0,49.09918831618329,0.0,0.0,0.0,0.0,24.32068046289958,24.32068046289958,0.0
2022-03-13 16:00:00,0.0,0.0,0.0,8.171766461472032,73.97707575559876,49.09918831618329,0.0,0.0,0.0,49.09918831618329,0.0,0.0,0.0,0.0,24.809304182752793,24.809304182752793,0.0
2022-03-13 17:00:00,0.0,0.0,0.0,8.171766461472032,77.19784234200466,41.08272602275194,0.0,0.0,0.0,41.08272602275194,0.0,0.0,0.0,0.0,23.54326258911674,23.54326258911674,0.0
2022-03-13 18:00:00,0.0,0.0,0.0,8.171766461472032,84.32591691373004,48.73939881475194,0.0,0.0,0.0,48.73939881475194,0.0,0.0,0.0,0.0,26.30865882846792,26.30865882846792,0.0
2022-03-13 19:00:00,0.0,0.0,0.0,8.171766461472032,89.32036870244896,44.191907497561786,0.0,0.0,0.0,44.191907497561786,0.0,0.0,0.0,0.0,26.397444421946368,26.397444421946368,0.0
2022-03-13 20:00:00,0.0,0.0,0.0,0.0,0.0,22.37766708451935,0.0,0.0,0.0,22.37766708451935,0.0,0.0,0.0,0.0,5.250024474699084,5.250024474699084,0.0
2022-03-13 21:00:00,0.0,0.0,0.0,0.0,0.0,15.107011293199369,0.0,0.0,0.0,15.107011293199369,0.0,0.0,0.0,0.0,3.3623675035273832,3.3623675035273832,0.0
2022-03-13 22:00:00,0.0,0.0,0.0,0.0,0.0,15.107011293199369,0.0,0.0,0.0,15.107011293199369,0.0,0.0,0.0,0.0,3.20525458607811,3.20525458607811,0.0
2022-03-13 23:00:00,0.0,0.0,0.0,0.0,0.0,15.107011293199369,0.0,0.0,0.0,15.107011293199369,0.0,0.0,0.0,0.0,3.2705168748647315,3.2705168748647315,0.0
2022-03-14 00:00:00,0.0,0.0,0.0,0.0,0.0,15.107011293199369,0.0,0.0,0.0,15.107011293199369,0.0,0.0,0.0,0.0,3.277012889720807,3.277012889720807,0.0
2022-03-14 01:00:00,0.0,0.0,0.0,0.0,0.0,15.107011293199369,0.0,0.0,0.0,15.107011293199369,0.0,0.0,0.0,0.0,3.3007308974511305,3.3007308974511305,0.0
2022-03-14 02:00:00,0.0,0.0,0.0,0.0,0.0,15.107011293199369,0.0,0.0,0.0,15.107011293199369,0.0,0.0,0.0,0.0,3.3336641820703043,3.3336641820703043,0.0
2022-03-14 03:00:00,0.0,0.0,0.0,0.03955203557342863,1.1989183180203744,15.146563328772794,0.0,0.0,0.0,15.146563328772794,0.0,0.0,0.0,0.0,3.6491372493836987,3.6491372493836987,0.0
2022-03-14 04:00:00,0.0,0.0,0.0,0.05649821162628025,1.7006837489936606,15.16350950482565,0.0,0.0,0.0,15.16350950482565,0.0,0.0,0.0,0.0,3.8625066974533384,3.8625066974533384,0.0
2022-03-14 05:00:00,0.0,0.0,0.0,8.171766461472032,224.84005383167786,23.2787777546714,0.0,0.0,0.0,23.2787777546714,0.0,0.0,0.0,0.0,45.91860498351751,45.91860498351751,0.0
2022-03-14 06:00:00,0.0,0.0,0.0,8.171766461472032,177.23576716043016,20.978592555991376,0.0,0.0,0.0,20.978592555991376,0.0,0.0,0.0,0.0,36.8646287617891,36.8646287617891,0.0
2022-03-14 07:00:00,0.0,0.0,0.0,8.171766461472032,144.6504752773732,32.706898309561794,0.0,0.0,0.0,32.706898309561794,0.0,0.0,0.0,0.0,33.861653740728755,33.861653740728755,0.0
2022-03-14 08:00:00,0.0,0.0,0.0,8.171766461472032,103.09738344447153,49.09918831618329,0.0,0.0,0.0,49.09918831618329,0.0,0.0,0.0,0.0,30.326401112122596,30.326401112122596,0.0
2022-03-14 09:00:00,0.0,0.0,0.0,8.171766461472032,79.54871916576093,49.09918831618329,0.0,0.0,0.0,49.09918831618329,0.0,0.0,0.0,0.0,26.294634915323833,26.294634915323833,0.0
2022-03-14 10:00:00,0.0,0.0,0.0,8.171766461472032,58.48431336744826,49.09918831618329,0.0,0.0,0.0,49.09918831618329,0.0,0.0,0.0,0.0,22.577592678238084,22.577592678238084,0.0
2022-03-14 11:00:00,0.0,0.0,0.0,8.171766461472032,43.57753649134596,49.09918831618329,0.0,0.0,0.0,49.09918831618329,0.0,0.0,0.0,0.0,19.9677611029192,19.9677611029192,0.0
2022-03-14 12:00:00,0.0,0.0,0.0,8.171766461472032,30.24079930770849,49.09918831618329,0.0,0.0,0.0,49.09918831618329,0.0,0.0,0.0,0.0,17.023930019155827,17.023930019155827,0.0
2022-03-14 13:00:00,0.0,0.0,0.0,8.171766461472032,29.090108095620902,49.09918831618329,0.0,0.0,0.0,49.09918831618329,0.0,0.0,0.0,0.0,16.51675154928799,16.51675154928799,0.0
2022-03-14 14:00:00,0.0,0.0,0.0,8.171766461472032,27.563642814526016,49.09918831618329,0.0,0.0,0.0,49.09918831618329,0.0,0.0,0.0,0.0,15.79658120526545,15.79658120526545,0.0
2022-03-14 15:00:00,0.0,0.0,0.0,8.171766461472032,25.357164585761765,49.09918831618329,0.0,0.0,0.0,49.09918831618329,0.0,0.0,0.0,0.0,15.575569972493712,15.575569972493712,0.0
2022-03-14 16:00:00,0.0,0.0,0.0,8.171766461472032,32.693456567327566,49.09918831618329,0.0,0.0,0.0,49.09918831618329,0.0,0.0,0.0,0.0,17.052607800695636,17.052607800695636,0.0
2022-03-14 17:00:00,0.0,0.0,0.0,8.171766461472032,46.19270291604706,39.168557824751936,0.0,0.0,0.0,39.168557824751936,0.0,0.0,0.0,0.0,17.224337024096275,17.224337024096275,0.0
2022-03-14 18:00:00,0.0,0.0,0.0,8.171766461472034,65.06029578514035,48.73939881475194,0.0,0.0,0.0,48.73939881475194,0.0,0.0,0.0,0.0,22.538666281389133,22.538666281389133,0.0
2022-03-14 19:00:00,0.0,0.0,0.0,8.171766461472032,79.23534545614476,44.191907497561786,0.0,0.0,0.0,44.191907497561786,0.0,0.0,0.0,0.0,24.389397012465892,24.389397012465892,0.0
2022-03-14 20:00:00,0.0,0.0,0.0,0.0,0.0,22.37766708451935,0.0,0.0,0.0,22.37766708451935,0.0,0.0,0.0,0.0,5.226527924260338,5.226527924260338,0.0
2022-03-14 21:00:00,0.0,0.0,0.0,0.0,0.0,15.107011293199369,0.0,0.0,0.0,15.107011293199369,0.0,0.0,0.0,0.0,3.208124918223818,3.208124918223818,0.0
2022-03-14 22:00:00,0.0,0.0,0.0,0.0,0.0,15.107011293199369,0.0,0.0,0.0,15.107011293199369,0.0,0.0,0.0,0.0,3.232900416744665,3.232900416744665,0.0
2022-03-14 23:00:00,0.0,0.0,0.0,0.0,0.0,15.107011293199369,0.0,0.0,0.0,15.107011293199369,0.0,0.0,0.0,0.0,3.2241383501946093,3.2241383501946093,0.0
2022-03-15 00:00:00,0.0,0.0,0.0,0.0,0.0,15.107011293199369,0.0,0.0,0.0,15.107011293199369,0.0,0.0,0.0,0.0,3.227915103017909,3.227915103017909,0.0
2022-03-15 01:00:00,0.0,0.0,0.0,0.0,0.0,15.107011293199369,0.0,0.0,0.0,15.107011293199369,0.0,0.0,0.0,0.0,3.159480341859716,3.159480341859716,0.0
2022-03-15 02:00:00,0.0,0.0,0.0,0.011252418401595462,0.3426870298266785,15.118263711600964,0.0,0.0,0.0,15.118263711600964,0.0,0.0,0.0,0.0,3.197531200692731,3.197531200692731,0.0
2022-03-15 03:00:00,0.0,0.0,0.0,0.04099588083381075,1.236040490181646,15.148007174033179,0.0,0.0,0.0,15.148007174033179,0.0,0.0,0.0,0.0,3.410144751753092,3.410144751753092,0.0
2022-03-15 04:00:00,0.0,0.0,0.0,0.06539572963381068,1.9842334902672765,15.172407022833177,0.0,0.0,0.0,15.172407022833177,0.0,0.0,0.0,0.0,3.722653663359992,3.722653663359992,0.0
2022-03-15 05:00:00,0.0,0.0,0.0,8.171766461472032,229.8654360830007,23.2787777546714,0.0,0.0,0.0,23.2787777546714,0.0,0.0,0.0,0.0,46.64487891358081,46.64487891358081,0.0
2022-03-15 06:00:00,0.0,0.0,0.0,8.171766461472032,185.85693113891642,19.064424357991378,0.0,0.0,0.0,19.064424357991378,0.0,0.0,0.0,0.0,37.864067848193535,37.864067848193535,0.0
2022-03-15 07:00:00,0.0,0.0,0.0,8.171766461472032,150.763663859138,32.706898309561794,0.0,0.0,0.0,32.706898309561794,0.0,0.0,0.0,0.0,34.58620654588446,34.58620654588446,0.0
2022-03-15 08:00:00,0.0,0.0,0.0,8.171766461472032,103.04591340681463,49.09918831618329,0.0,0.0,0.0,49.09918831618329,0.0,0.0,0.0,0.0,29.86787633743483,29.86787633743483,0.0
2022-03-15 09:00:00,0.0,0.0,0.0,8.171766461472032,74.52013541488488,49.09918831618329,0.0,0.0,0.0,49.09918831618329,0.0,0.0,0.0,0.0,24.715104472980652,24.715104472980652,0.0
2022-03-15 10:00:00,0.0,0.0,0.0,8.171766461472032,54.875223998754954,49.09918831618329,0.0,0.0,0.0,49.09918831618329,0.0,0.0,0.0,0.0,21.30519693497417,21.30519693497417,0.0
2022-03-15 11:00:00,0.0,0.0,0.0,8.171766461472032,43.38285976253626,49.09918831618329,0.0,0.0,0.0,49.09918831618329,0.0,0.0,0.0,0.0,19.07592864116088,19.07592864116088,0.0
2022-03-15 12:00:00,0.0,0.0,0.0,8.171766461472032,30.660549282815523,49.09918831618329,0.0,0.0,0.0,49.09918831618329,0.0,0.0,0.0,0.0,16.827496672727353,16.827496672727353,0.0
2022-03-15 13:00:00,0.0,0.0,0.0,8.171766461472032,20.922336383132095,49.09918831618329,0.0,0.0,0.0,49.09918831618329,0.0,0.0,0.0,0.0,14.54631113299107,14.54631113299107,0.0
2022-03-15 14:00:00,0.0,0.0,0.0,8.171766461472032,13.170167467415423,49.09918831618329,0.0,0.0,0.0,49.09918831618329,0.0,0.0,0.0,0.0,13.51189993542658,13.51189993542658,0.0
2022-03-15 15:00:00,0.0,0.0,0.0,8.171766461472032,12.127142158742041,49.09918831618329,0.0,0.0,0.0,49.09918831618329,0.0,0.0,0.0,0.0,13.580400559676994,13.580400559676994,0.0
2022-03-15 16:00:00,0.0,0.0,0.0,8.171766461472032,19.41727522636609,49.09918831618329,0.0,0.0,0.0,49.09918831618329,0.0,0.0,0.0,0.0,14.956820982274142,14.956820982274142,0.0
2022-03-15 17:00:00,0.0,0.0,0.0,8.171766461472032,36.87702064665756,39.168557824751936,0.0,0.0,0.0,39.168557824751936,0.0,0.0,0.0,0.0,15.571720765149653,15.571720765149653,0.0
2022-03-15 18:00:00,0.0,0.0,0.0,8.171766461472034,62.11787142664401,48.73939881475194,0.0,0.0,0.0,48.73939881475194,0.0,0.0,0.0,0.0,22.37101529033061,22.37101529033061,0.0
2022-03-15 19:00:00,0.0,0.0,0.0,8.171766461472032,76.7341273863114,44.191907497561786,0.0,0.0,0.0,44.191907497561786,0.0,0.0,0.0,0.0,24.123331917462927,24.123331917462927,0.0
2022-03-15 20:00:00,0.0,0.0,0.0,0.0,0.0,22.37766708451935,0.0,0.0,0.0,22.37766708451935,0.0,0.0,0.0,0.0,5.056681431088838,5.056681431088838,0.0
2022-03-15 21:00:00,0.0,0.0,0.0,0.0,0.0,15.107011293199369,0.0,0.0,0.0,15.107011293199369,0.0,0.0,0.0,0.0,3.2406049925041964,3.2406049925041964,0.0
2022-03-15 22:00:00,0.0,0.0,0.0,0.0,0.0,15.107011293199369,0.0,0.0,0.0,15.107011293199369,0.0,0.0,0.0,0.0,3.012640192089818,3.012640192089818,0.0
2022-03-15 23:00:00,0.0,0.0,0.0,0.0,0.0,15.107011293199369,0.0,0.0,0.0,15.107011293199369,0.0,0.0,0.0,0.0,2.9571974606437768,2.9571974606437768,0.0
2022-03-16 00:00:00,0.0,0.0,0.0,0.0,0.0,15.107011293199369,0.0,0.0,0.0,15.107011293199369,0.0,0.0,0.0,0.0,2.8062784178247147,2.8062784178247147,0.0
2022-03-16 01:00:00,0.0,0.0,0.0,0.0,0.0,15.107011293199369,0.0,0.0,0.0,15.107011293199369,0.0,0.0,0.0,0.0,2.751591036943333,2.751591036943333,0.0
2022-03-16 02:00:00,0.0,0.0,0.0,0.0,0.0,15.107011293199369,0.0,0.0,0.0,15.107011293199369,0.0,0.0,0.0,0.0,2.78014328828748,2.78014328828748,0.0
2022-03-16 03:00:00,0.0,0.0,0.0,0.0,0.0,15.107011293199369,0.0,0.0,0.0,15.107011293199369,0.0,0.0,0.0,0.0,2.747210003668305,2.747210003668305,0.0
2022-03-16 04:00:00,0.0,0.0,0.0,0.0,0.0,15.107011293199369,0.0,0.0,0.0,15.107011293199369,0.0,0.0,0.0,0.0,2.7741004837701997,2.7741004837701997,0.0
2022-03-16 05:00:00,0.0,0.0,0.0,8.171766461472032,188.0038796126203,23.2787777546714,0.0,0.0,0.0,23.2787777546714,0.0,0.0,0.0,0.0,38.297819657465475,38.297819657465475,0.0
2022-03-16 06:00:00,0.0,0.0,0.0,8.171766461472032,143.48635618635132,19.064424357991378,0.0,0.0,0.0,19.064424357991378,0.0,0.0,0.0,0.0,29.61696899972352,29.61696899972352,0.0
2022-03-16 07:00:00,0.0,0.0,0.0,8.171766461472032,116.46373034843187,32.706898309561794,0.0,0.0,0.0,32.706898309561794,0.0,0.0,0.0,0.0,27.795272555929326,27.795272555929326,0.0
2022-03-16 08:00:00,0.0,0.0,0.0,8.171766461472032,84.18197864965454,49.09918831618329,0.0,0.0,0.0,49.09918831618329,0.0,0.0,0.0,0.0,25.249338275362042,25.249338275362042,0.0
2022-03-16 09:00:00,0.0,0.0,0.0,8.171766461472034,68.22124716174658,49.09918831618329,0.0,0.0,0.0,49.09918831618329,0.0,0.0,0.0,0.0,22.391313701631873,22.391313701631873,0.0
2022-03-16 10:00:00,0.0,0.0,0.0,8.171766461472032,50.107477859070535,49.09918831618329,0.0,0.0,0.0,49.09918831618329,0.0,0.0,0.0,0.0,18.91388560889302,18.91388560889302,0.0
2022-03-16 11:00:00,0.0,0.0,0.0,8.171766461472032,39.81048568455408,49.09918831618329,0.0,0.0,0.0,49.09918831618329,0.0,0.0,0.0,0.0,16.944033819296415,16.944033819296415,0.0
2022-03-16 12:00:00,0.0,0.0,0.0,8.171766461472032,26.37014498246283,49.09918831618329,0.0,0.0,0.0,49.09918831618329,0.0,0.0,0.0,0.0,14.502982259049435,14.502982259049435,0.0
2022-03-16 13:00:00,0.0,0.0,0.0,8.171766461472032,21.191835337403084,49.09918831618329,0.0,0.0,0.0,49.09918831618329,0.0,0.0,0.0,0.0,13.564733560437855,13.564733560437855,0.0
2022-03-16 14:00:00,0.0,0.0,0.0,8.171766461472032,24.490040451290884,49.09918831618329,0.0,0.0,0.0,49.09918831618329,0.0,0.0,0.0,0.0,14.179198416125502,14.179198416125502,0.0
2022-03-16 15:00:00,0.0,0.0,0.0,8.171766461472032,29.96668289989384,49.09918831618329,0.0,0.0,0.0,49.09918831618329,0.0,0.0,0.0,0.0,15.122553863126388,15.122553863126388,0.0
2022-03-16 16:00:00,0.0,0.0,0.0,8.171766461472032,35.93363930902061,49.09918831618329,0.0,0.0,0.0,49.09918831618329,0.0,0.0,0.0,0.0,16.82635842981497,16.82635842981497,0.0
2022-03-16 17:00:00,0.0,0.0,0.0,8.171766461472032,49.45229744609903,39.168557824751936,0.0,0.0,0.0,39.168557824751936,0.0,0.0,0.0,0.0,17.411709079269755,17.411709079269755,0.0
2022-03-16 18:00:00,0.0,0.0,0.0,8.171766461472032,72.52632767888592,48.73939881475194,0.0,0.0,0.0,48.73939881475194,0.0,0.0,0.0,0.0,23.55929880753098,23.55929880753098,0.0
2022-03-16 19:00:00,0.0,0.0,0.0,8.171766461472032,85.73422214900818,44.191907497561786,0.0,0.0,0.0,44.191907497561786,0.0,0.0,0.0,0.0,25.058386221282113,25.058386221282113,0.0
2022-03-16 20:00:00,0.0,0.0,0.0,0.0,0.0,22.37766708451935,0.0,0.0,0.0,22.37766708451935,0.0,0.0,0.0,0.0,4.928904952036231,4.928904952036231,0.0
2022-03-16 21:00:00,0.0,0.0,0.0,0.0,0.0,15.107011293199369,0.0,0.0,0.0,15.107011293199369,0.0,0.0,0.0,0.0,3.3149314880667378,3.3149314880667378,0.0
2022-03-16 22:00:00,0.0,0.0,0.0,0.0,0.0,15.107011293199369,0.0,0.0,0.0,15.107011293199369,0.0,0.0,0.0,0.0,3.1747384232658473,3.1747384232658473,0.0
2022-03-16 23:00:00,0.0,0.0,0.0,0.0,0.0,14.657592477664597,0.0,0.0,0.0,14.657592477664597,0.0,0.0,0.0,0.0,3.09011364614125,3.09011364614125,0.0
2022-03-17 00:00:00,0.0,0.0,0.0,0.0,0.0,14.657592477664597,0.0,0.0,0.0,14.657592477664597,0.0,0.0,0.0,0.0,3.073990294415819,3.073990294415819,0.0
2022-03-17 01:00:00,0.0,0.0,0.0,0.0,0.0,14.657592477664597,0.0,0.0,0.0,14.657592477664597,0.0,0.0,0.0,0.0,3.09187255723857,3.09187255723857,0.0
2022-03-17 02:00:00,0.0,0.0,0.0,0.0,0.0,14.657592477664597,0.0,0.0,0.0,14.657592477664597,0.0,0.0,0.0,0.0,3.026353118863409,3.026353118863409,0.0
2022-03-17 03:00:00,0.0,0.0,0.0,0.025078901144343108,0.7566867600212046,14.68267137880894,0.0,0.0,0.0,14.68267137880894,0.0,0.0,0.0,0.0,3.2292933171577674,3.2292933171577674,0.0
2022-03-17 04:00:00,0.0,0.0,0.0,0.028664295570627437,0.8653432973792825,14.68625677323523,0.0,0.0,0.0,14.68625677323523,0.0,0.0,0.0,0.0,3.312322587317052,3.312322587317052,0.0
2022-03-17 05:00:00,0.0,0.0,0.0,8.171766461472032,211.3724546438639,22.829358939136633,0.0,0.0,0.0,22.829358939136633,0.0,0.0,0.0,0.0,43.0995619130414,43.0995619130414,0.0
2022-03-17 06:00:00,0.0,0.0,0.0,8.171766461472032,168.77044655170886,14.516933040801234,0.0,0.0,0.0,14.516933040801234,0.0,0.0,0.0,0.0,33.55333188836815,33.55333188836815,0.0
2022-03-17 07:00:00,0.0,0.0,0.0,8.171766461472032,144.25156400885294,23.611915675181518,0.0,0.0,0.0,23.611915675181518,0.0,0.0,0.0,0.0,31.103186993727988,31.103186993727988,0.0
2022-03-17 08:00:00,0.0,0.0,0.0,8.171766461472032,115.07357205800011,37.25438962675194,0.0,0.0,0.0,37.25438962675194,0.0,0.0,0.0,0.0,28.76673755001577,28.76673755001577,0.0
2022-03-17 09:00:00,0.0,0.0,0.0,8.171766461472032,98.45886528882879,49.09918831618329,0.0,0.0,0.0,49.09918831618329,0.0,0.0,0.0,0.0,28.260317346228042,28.260317346228042,0.0
2022-03-17 10:00:00,0.0,0.0,0.0,8.171766461472032,83.54705186553245,49.09918831618329,0.0,0.0,0.0,49.09918831618329,0.0,0.0,0.0,0.0,25.46349301478282,25.46349301478282,0.0
2022-03-17 11:00:00,0.0,0.0,0.0,8.171766461472032,76.65372010367105,49.09918831618329,0.0,0.0,0.0,49.09918831618329,0.0,0.0,0.0,0.0,23.94297139490194,23.94297139490194,0.0
2022-03-17 12:00:00,0.0,0.0,0.0,8.171766461472032,71.04449055153893,49.09918831618329,0.0,0.0,0.0,49.09918831618329,0.0,0.0,0.0,0.0,22.82746403628932,22.82746403628932,0.0
2022-03-17 13:00:00,0.0,0.0,0.0,8.171766461472032,67.82731608789787,49.09918831618329,0.0,0.0,0.0,49.09918831618329,0.0,0.0,0.0,0.0,22.008606402844507,22.008606402844507,0.0
2022-03-17 14:00:00,0.0,0.0,0.0,8.171766461472032,67.52813523684588,49.09918831618329,0.0,0.0,0.0,49.09918831618329,0.0,0.0,0.0,0.0,22.134932787837425,22.134932787837425,0.0
2022-03-17 15:00:00,0.0,0.0,0.0,8.171766461472032,69.32047438410187,49.09918831618329,0.0,0.0,0.0,49.09918831618329,0.0,0.0,0.0,0.0,23.19265904263036,23.19265904263036,0.0
2022-03-17 16:00:00,0.0,0.0,0.0,8.171766461472032,79.17041920680703,49.09918831618329,0.0,0.0,0.0,49.09918831618329,0.0,0.0,0.0,0.0,25.2543579223937,25.2543579223937,0.0
2022-03-17 17:00:00,0.0,0.0,0.0,8.171766461472032,107.37073041501733,34.62106650756179,0.0,0.0,0.0,34.62106650756179,0.0,0.0,0.0,0.0,27.045371882375854,27.045371882375854,0.0
2022-03-17 18:00:00,0.0,0.0,0.0,8.171766461472032,125.11983305468623,35.096924863181506,0.0,0.0,0.0,35.096924863181506,0.0,0.0,0.0,0.0,30.160756974859805,30.160756974859805,0.0
2022-03-17 19:00:00,0.0,0.0,0.0,8.171766461472032,135.41291778390698,35.096924863181506,0.0,0.0,0.0,35.096924863181506,0.0,0.0,0.0,0.0,32.15090914985299,32.15090914985299,0.0
2022-03-17 20:00:00,0.0,0.0,0.0,8.171766461472032,148.44024732214294,26.001942228801234,0.0,0.0,0.0,26.001942228801234,0.0,0.0,0.0,0.0,32.675972383775964,32.675972383775964,0.0
2022-03-17 21:00:00,0.0,0.0,0.0,0.0,0.0,14.657592477664597,0.0,0.0,0.0,14.657592477664597,0.0,0.0,0.0,0.0,3.3025021611426104,3.3025021611426104,0.0
2022-03-17 22:00:00,0.0,0.0,0.0,0.0,0.0,14.657592477664597,0.0,0.0,0.0,14.657592477664597,0.0,0.0,0.0,0.0,3.371392845787634,3.371392845787634,0.0
2022-03-17 23:00:00,0.0,0.0,0.0,0.01302437903692978,0.39649447317807984,14.670616856701526,0.0,0.0,0.0,14.670616856701526,0.0,0.0,0.0,0.0,3.381520275467965,3.381520275467965,0.0
2022-03-18 00:00:00,0.0,0.0,0.0,0.05980809408879474,1.7968208125385183,14.717400571753393,0.0,0.0,0.0,14.717400571753393,0.0,0.0,0.0,0.0,3.6773195736808852,3.6773195736808852,0.0
2022-03-18 01:00:00,0.0,0.0,0.0,0.16107749533989857,4.914711764014366,14.818669973004498,0.0,0.0,0.0,14.818669973004498,0.0,0.0,0.0,0.0,4.232729808672506,4.232729808672506,0.0
2022-03-18 02:00:00,0.0,0.0,0.0,0.22193379313324202,6.744956786831345,14.87952627079784,0.0,0.0,0.0,14.87952627079784,0.0,0.0,0.0,0.0,4.635086557056903,4.635086557056903,0.0
2022-03-18 03:00:00,0.0,0.0,0.0,0.5126118746866999,15.596980343978453,15.1702043523513,0.0,0.0,0.0,15.1702043523513,0.0,0.0,0.0,0.0,6.307098701717995,6.307098701717995,0.0
2022-03-18 04:00:00,0.0,0.0,0.0,0.6263369609796765,18.993990898385977,15.283929438644275,0.0,0.0,0.0,15.283929438644275,0.0,0.0,0.0,0.0,6.960398181430973,6.960398181430973,0.0
2022-03-18 05:00:00,0.0,0.0,0.0,0.8421208360052762,25.537359938319916,15.499713313669874,0.0,0.0,0.0,15.499713313669874,0.0,0.0,0.0,0.0,7.990899476684971,7.990899476684971,0.0
2022-03-18 06:00:00,0.0,0.0,0.0,0.7663377739995738,23.198177256867332,3.9389210636641745,0.0,0.0,0.0,3.9389210636641745,0.0,0.0,0.0,0.0,5.044270618474357,5.044270618474357,0.0
2022-03-18 07:00:00,0.0,0.0,0.0,8.171766461472032,252.90308021557559,14.516933040801234,0.0,0.0,0.0,14.516933040801234,0.0,0.0,0.0,0.0,48.79392028368298,48.79392028368298,0.0
2022-03-18 08:00:00,0.0,0.0,0.0,8.171766461472032,184.78453640019677,14.516933040801234,0.0,0.0,0.0,14.516933040801234,0.0,0.0,0.0,0.0,36.55614975620426,36.55614975620426,0.0
2022-03-18 09:00:00,0.0,0.0,0.0,8.171766461472032,143.09552145629883,28.15940699237166,0.0,0.0,0.0,28.15940699237166,0.0,0.0,0.0,0.0,32.05352985402105,32.05352985402105,0.0
2022-03-18 10:00:00,0.0,0.0,0.0,8.171766461472032,115.45297428024662,28.15940699237166,0.0,0.0,0.0,28.15940699237166,0.0,0.0,0.0,0.0,27.135894136507,27.135894136507,0.0
2022-03-18 11:00:00,0.0,0.0,0.0,8.171766461472032,84.14060448937393,37.25438962675194,0.0,0.0,0.0,37.25438962675194,0.0,0.0,0.0,0.0,23.74488345696255,23.74488345696255,0.0
2022-03-18 12:00:00,0.0,0.0,0.0,8.171766461472032,67.32063580946858,37.25438962675194,0.0,0.0,0.0,37.25438962675194,0.0,0.0,0.0,0.0,20.88520351573743,20.88520351573743,0.0
2022-03-18 13:00:00,0.0,0.0,0.0,8.171766461472032,55.58755156943093,37.25438962675194,0.0,0.0,0.0,37.25438962675194,0.0,0.0,0.0,0.0,18.846420530922266,18.846420530922266,0.0
2022-03-18 14:00:00,0.0,0.0,0.0,8.171766461472032,48.254410105678026,37.25438962675194,0.0,0.0,0.0,37.25438962675194,0.0,0.0,0.0,0.0,17.564457394918247,17.564457394918247,0.0
2022-03-18 15:00:00,0.0,0.0,0.0,8.171766461472032,46.197419654658184,37.25438962675194,0.0,0.0,0.0,37.25438962675194,0.0,0.0,0.0,0.0,17.364720516870086,17.364720516870086,0.0
2022-03-18 16:00:00,0.0,0.0,0.0,8.171766461472032,71.06291821313181,28.15940699237166,0.0,0.0,0.0,28.15940699237166,0.0,0.0,0.0,0.0,19.784917450278858,19.784917450278858,0.0
2022-03-18 17:00:00,0.0,0.0,0.0,8.171766461472032,90.56074909639364,20.978592555991376,0.0,0.0,0.0,20.978592555991376,0.0,0.0,0.0,0.0,21.39343843006113,21.39343843006113,0.0
2022-03-18 18:00:00,0.0,0.0,0.0,0.0,0.0,14.657592477664597,0.0,0.0,0.0,14.657592477664597,0.0,0.0,0.0,0.0,3.2314128376259372,3.2314128376259372,0.0
2022-03-18 19:00:00,0.0,0.0,0.0,0.0,0.0,14.657592477664597,0.0,0.0,0.0,14.657592477664597,0.0,0.0,0.0,0.0,3.348673577447254,3.348673577447254,0.0
2022-03-18 20:00:00,0.0,0.0,0.0,0.0,0.0,14.657592477664597,0.0,0.0,0.0,14.657592477664597,0.0,0.0,0.0,0.0,3.4791261504984687,3.4791261504984687,0.0
2022-03-18 21:00:00,0.0,0.0,0.0,0.0,0.0,14.657592477664597,0.0,0.0,0.0,14.657592477664597,0.0,0.0,0.0,0.0,3.5362907611613608,3.5362907611613608,0.0
2022-03-18 22:00:00,0.0,0.0,0.0,0.0,0.0,14.657592477664597,0.0,0.0,0.0,14.657592477664597,0.0,0.0,0.0,0.0,3.404958732561486,3.404958732561486,0.0
2022-03-18 23:00:00,0.0,0.0,0.0,0.0,0.0,15.107011293199369,0.0,0.0,0.0,15.107011293199369,0.0,0.0,0.0,0.0,3.5383641850931564,3.5383641850931564,0.0
2022-03-19 00:00:00,0.0,0.0,0.0,0.0,0.0,15.107011293199369,0.0,0.0,0.0,15.107011293199369,0.0,0.0,0.0,0.0,3.5593629307907033,3.5593629307907033,0.0
2022-03-19 01:00:00,0.0,0.0,0.0,0.0,0.0,15.107011293199369,0.0,0.0,0.0,15.107011293199369,0.0,0.0,0.0,0.0,3.659673485777547,3.659673485777547,0.0
2022-03-19 02:00:00,0.0,0.0,0.0,0.0,0.0,15.107011293199369,0.0,0.0,0.0,15.107011293199369,0.0,0.0,0.0,0.0,3.6768954786517942,3.6768954786517942,0.0
2022-03-19 03:00:00,0.0,0.0,0.0,0.0,0.0,15.107011293199369,0.0,0.0,0.0,15.107011293199369,0.0,0.0,0.0,0.0,3.720403671176209,3.720403671176209,0.0
2022-03-19 04:00:00,0.0,0.0,0.0,0.0,0.0,15.107011293199369,0.0,0.0,0.0,15.107011293199369,0.0,0.0,0.0,0.0,3.768443967088582,3.768443967088582,0.0
2022-03-19 05:00:00,0.0,0.0,0.0,8.171766461472032,171.30506568686587,23.2787777546714,0.0,0.0,0.0,23.2787777546714,0.0,0.0,0.0,0.0,36.33035593385669,36.33035593385669,0.0
2022-03-19 06:00:00,0.0,0.0,0.0,8.171766461472032,127.10472603981599,19.064424357991378,0.0,0.0,0.0,19.064424357991378,0.0,0.0,0.0,0.0,27.387513015946798,27.387513015946798,0.0
2022-03-19 07:00:00,0.0,0.0,0.0,8.171766461472032,98.0767476279384,32.706898309561794,0.0,0.0,0.0,32.706898309561794,0.0,0.0,0.0,0.0,25.56205393307858,25.56205393307858,0.0
2022-03-19 08:00:00,0.0,0.0,0.0,8.171766461472032,63.23948530432272,49.09918831618329,0.0,0.0,0.0,49.09918831618329,0.0,0.0,0.0,0.0,23.18777642120081,23.18777642120081,0.0
2022-03-19 09:00:00,0.0,0.0,0.0,8.171766461472032,44.42541502358549,49.09918831618329,0.0,0.0,0.0,49.09918831618329,0.0,0.0,0.0,0.0,19.614700344112265,19.614700344112265,0.0
2022-03-19 10:00:00,0.0,0.0,0.0,8.171766461472032,22.4976546403071,49.09918831618329,0.0,0.0,0.0,49.09918831618329,0.0,0.0,0.0,0.0,15.485422001580897,15.485422001580897,0.0
2022-03-19 11:00:00,0.0,0.0,0.0,8.171766461472032,5.990366302444126,49.09918831618329,0.0,0.0,0.0,49.09918831618329,0.0,0.0,0.0,0.0,12.548138324121727,12.548138324121727,0.0
2022-03-19 12:00:00,0.0,0.0,0.0,8.171766461472032,0.0,49.09918831618329,0.0,0.0,0.0,49.09918831618329,0.0,0.0,0.0,0.0,11.752872707244794,11.752872707244794,0.0
2022-03-19 13:00:00,0.0,0.0,0.0,8.171766461472032,0.0,49.09918831618329,0.0,0.0,0.0,49.09918831618329,0.0,0.0,0.0,0.0,11.906062174791286,11.906062174791286,0.0
2022-03-19 14:00:00,0.0,0.0,0.0,8.171766461472032,0.0,49.09918831618329,0.0,0.0,0.0,49.09918831618329,0.0,0.0,0.0,0.0,12.065143544935719,12.065143544935719,0.0
2022-03-19 15:00:00,0.0,0.0,0.0,8.171766461472032,0.0,49.09918831618329,0.0,0.0,0.0,49.09918831618329,0.0,0.0,0.0,0.0,12.213423093650592,12.213423093650592,0.0
2022-03-19 16:00:00,0.0,0.0,0.0,8.171766461472032,0.0,49.09918831618329,0.0,0.0,0.0,49.09918831618329,0.0,0.0,0.0,0.0,12.423567619643856,12.423567619643856,0.0
2022-03-19 17:00:00,0.0,0.0,0.0,8.171766461472032,0.0,39.168557824751936,0.0,0.0,0.0,39.168557824751936,0.0,0.0,0.0,0.0,9.63311511141949,9.63311511141949,0.0
2022-03-19 18:00:00,0.0,0.0,0.0,8.171766461472032,6.516557940540842,48.73939881475194,0.0,0.0,0.0,48.73939881475194,0.0,0.0,0.0,0.0,12.7318573847234,12.7318573847234,0.0
2022-03-19 19:00:00,0.0,0.0,0.0,8.171766461472032,22.182980328234734,44.191907497561786,0.0,0.0,0.0,44.191907497561786,0.0,0.0,0.0,0.0,14.630163090937863,14.630163090937863,0.0
2022-03-19 20:00:00,0.0,0.0,0.0,0.0,0.0,22.37766708451935,0.0,0.0,0.0,22.37766708451935,0.0,0.0,0.0,0.0,5.636710561919579,5.636710561919579,0.0
2022-03-19 21:00:00,0.0,0.0,0.0,0.0,0.0,15.107011293199369,0.0,0.0,0.0,15.107011293199369,0.0,0.0,0.0,0.0,3.6548392421637232,3.6548392421637232,0.0
2022-03-19 22:00:00,0.0,0.0,0.0,0.0,0.0,15.107011293199369,0.0,0.0,0.0,15.107011293199369,0.0,0.0,0.0,0.0,3.685506475088918,3.685506475088918,0.0
2022-03-19 23:00:00,0.0,0.0,0.0,0.0,0.0,15.107011293199369,0.0,0.0,0.0,15.107011293199369,0.0,0.0,0.0,0.0,3.609064997945329,3.609064997945329,0.0
2022-03-20 00:00:00,0.0,0.0,0.0,0.0,0.0,15.107011293199369,0.0,0.0,0.0,15.107011293199369,0.0,0.0,0.0,0.0,3.639279020531728,3.639279020531728,0.0
2022-03-20 01:00:00,0.0,0.0,0.0,0.0,0.0,15.107011293199369,0.0,0.0,0.0,15.107011293199369,0.0,0.0,0.0,0.0,3.710886254061493,3.710886254061493,0.0
2022-03-20 02:00:00,0.0,0.0,0.0,0.0,0.0,15.107011293199369,0.0,0.0,0.0,15.107011293199369,0.0,0.0,0.0,0.0,3.7645161441523505,3.7645161441523505,0.0
2022-03-20 03:00:00,0.0,0.0,0.0,0.0,0.0,15.107011293199369,0.0,0.0,0.0,15.107011293199369,0.0,0.0,0.0,0.0,3.8231313479699645,3.8231313479699645,0.0
2022-03-20 04:00:00,0.0,0.0,0.0,0.0,0.0,15.107011293199369,0.0,0.0,0.0,15.107011293199369,0.0,0.0,0.0,0.0,3.955921977237187,3.955921977237187,0.0
2022-03-20 05:00:00,0.0,0.0,0.0,8.171766461472032,186.01524625185567,23.2787777546714,0.0,0.0,0.0,23.2787777546714,0.0,0.0,0.0,0.0,39.37653156035332,39.37653156035332,0.0
2022-03-20 06:00:00,0.0,0.0,0.0,8.171766461472032,142.12388470103323,19.064424357991378,0.0,0.0,0.0,19.064424357991378,0.0,0.0,0.0,0.0,30.281219130690594,30.281219130690594,0.0
2022-03-20 07:00:00,0.0,0.0,0.0,8.171766461472032,110.9430622848136,32.706898309561794,0.0,0.0,0.0,32.706898309561794,0.0,0.0,0.0,0.0,28.137023711840648,28.137023711840648,0.0
2022-03-20 08:00:00,0.0,0.0,0.0,8.171766461472032,78.57125887122314,49.09918831618329,0.0,0.0,0.0,49.09918831618329,0.0,0.0,0.0,0.0,26.390161295898896,26.390161295898896,0.0
2022-03-20 09:00:00,0.0,0.0,0.0,8.171766461472034,65.86289173590285,49.09918831618329,0.0,0.0,0.0,49.09918831618329,0.0,0.0,0.0,0.0,24.356839317807907,24.356839317807907,0.0
2022-03-20 10:00:00,0.0,0.0,0.0,8.171766461472032,52.28042297659732,49.09918831618329,0.0,0.0,0.0,49.09918831618329,0.0,0.0,0.0,0.0,22.081684376435113,22.081684376435113,0.0
2022-03-20 11:00:00,0.0,0.0,0.0,8.171766461472032,45.538670158207495,49.09918831618329,0.0,0.0,0.0,49.09918831618329,0.0,0.0,0.0,0.0,20.749008953891476,20.749008953891476,0.0
2022-03-20 12:00:00,0.0,0.0,0.0,8.171766461472032,42.75015370517235,49.09918831618329,0.0,0.0,0.0,49.09918831618329,0.0,0.0,0.0,0.0,20.044646755890675,20.044646755890675,0.0
2022-03-20 13:00:00,0.0,0.0,0.0,8.171766461472032,42.673321202241155,49.09918831618329,0.0,0.0,0.0,49.09918831618329,0.0,0.0,0.0,0.0,19.958146233212396,19.958146233212396,0.0
2022-03-20 14:00:00,0.0,0.0,0.0,8.171766461472032,41.6724095871696,49.09918831618329,0.0,0.0,0.0,49.09918831618329,0.0,0.0,0.0,0.0,19.451913072005837,19.451913072005837,0.0
2022-03-20 15:00:00,0.0,0.0,0.0,8.171766461472032,53.30884582101894,49.09918831618329,0.0,0.0,0.0,49.09918831618329,0.0,0.0,0.0,0.0,21.813175835418,21.813175835418,0.0
2022-03-20 16:00:00,0.0,0.0,0.0,8.171766461472032,66.67231937067554,49.09918831618329,0.0,0.0,0.0,49.09918831618329,0.0,0.0,0.0,0.0,24.551676286961808,24.551676286961808,0.0
2022-03-20 17:00:00,0.0,0.0,0.0,8.171766461472032,80.64685982412924,39.168557824751936,0.0,0.0,0.0,39.168557824751936,0.0,0.0,0.0,0.0,24.38079325528869,24.38079325528869,0.0
2022-03-20 18:00:00,0.0,0.0,0.0,8.171766461472032,100.38944381280496,48.73939881475194,0.0,0.0,0.0,48.73939881475194,0.0,0.0,0.0,0.0,30.097221043012386,30.097221043012386,0.0
2022-03-20 19:00:00,0.0,0.0,0.0,8.171766461472032,110.1632754773373,44.191907497561786,0.0,0.0,0.0,44.191907497561786,0.0,0.0,0.0,0.0,30.890432868729363,30.890432868729363,0.0
2022-03-20 20:00:00,0.0,0.0,0.0,0.0,0.0,22.37766708451935,0.0,0.0,0.0,22.37766708451935,0.0,0.0,0.0,0.0,5.580542617537435,5.580542617537435,0.0
2022-03-20 21:00:00,0.0,0.0,0.0,0.0,0.0,15.107011293199369,0.0,0.0,0.0,15.107011293199369,0.0,0.0,0.0,0.0,3.6450196848231435,3.6450196848231435,0.0
2022-03-20 22:00:00,0.0,0.0,0.0,0.0,0.0,15.107011293199369,0.0,0.0,0.0,15.107011293199369,0.0,0.0,0.0,0.0,3.5583054400001792,3.5583054400001792,0.0
2022-03-20 23:00:00,0.0,0.0,0.0,0.0,0.0,15.107011293199369,0.0,0.0,0.0,15.107011293199369,0.0,0.0,0.0,0.0,3.618884555285909,3.618884555285909,0.0
2022-03-21 00:00:00,0.0,0.0,0.0,0.0,0.0,15.107011293199369,0.0,0.0,0.0,15.107011293199369,0.0,0.0,0.0,0.0,3.6454728951619395,3.6454728951619395,0.0
2022-03-21 01:00:00,0.0,0.0,0.0,0.026813273447563145,0.8091377106018945,15.133824566646929,0.0,0.0,0.0,15.133824566646929,0.0,0.0,0.0,0.0,3.7581295039293265,3.7581295039293265,0.0
2022-03-21 02:00:00,0.0,0.0,0.0,0.04577723270888437,1.3861471331057018,15.152788525908251,0.0,0.0,0.0,15.152788525908251,0.0,0.0,0.0,0.0,3.795480408289112,3.795480408289112,0.0
2022-03-21 03:00:00,0.0,0.0,0.0,0.05261006118360356,1.5815015801162169,15.159621354382969,0.0,0.0,0.0,15.159621354382969,0.0,0.0,0.0,0.0,3.9104766537527325,3.9104766537527325,0.0
2022-03-21 04:00:00,0.0,0.0,0.0,0.07022107886617834,2.1344235450565403,15.177232372065546,0.0,0.0,0.0,15.177232372065546,0.0,0.0,0.0,0.0,4.139302904359006,4.139302904359006,0.0
2022-03-21 05:00:00,0.0,0.0,0.0,8.171766461472032,225.6811065535032,21.3646095566714,0.0,0.0,0.0,21.3646095566714,0.0,0.0,0.0,0.0,45.89650731910395,45.89650731910395,0.0
2022-03-21 06:00:00,0.0,0.0,0.0,8.171766461472032,175.80033440633366,19.064424357991378,0.0,0.0,0.0,19.064424357991378,0.0,0.0,0.0,0.0,36.3948172821465,36.3948172821465,0.0
2022-03-21 07:00:00,0.0,0.0,0.0,8.171766461472032,143.39791337664172,32.706898309561794,0.0,0.0,0.0,32.706898309561794,0.0,0.0,0.0,0.0,33.969085676587525,33.969085676587525,0.0
2022-03-21 08:00:00,0.0,0.0,0.0,8.171766461472032,105.66771149451348,49.09918831618329,0.0,0.0,0.0,49.09918831618329,0.0,0.0,0.0,0.0,31.341064618620397,31.341064618620397,0.0
2022-03-21 09:00:00,0.0,0.0,0.0,8.171766461472032,84.85979108933317,49.09918831618329,0.0,0.0,0.0,49.09918831618329,0.0,0.0,0.0,0.0,27.429616660033528,27.429616660033528,0.0
2022-03-21 10:00:00,0.0,0.0,0.0,8.171766461472032,63.18244890597596,49.09918831618329,0.0,0.0,0.0,49.09918831618329,0.0,0.0,0.0,0.0,23.786827921062628,23.786827921062628,0.0
2022-03-21 11:00:00,0.0,0.0,0.0,8.171766461472032,47.5854618900776,49.09918831618329,0.0,0.0,0.0,49.09918831618329,0.0,0.0,0.0,0.0,20.879894581373463,20.879894581373463,0.0
2022-03-21 12:00:00,0.0,0.0,0.0,8.171766461472032,36.174553822256804,49.09918831618329,0.0,0.0,0.0,49.09918831618329,0.0,0.0,0.0,0.0,18.74188723818576,18.74188723818576,0.0
2022-03-21 13:00:00,0.0,0.0,0.0,8.171766461472032,27.274527671640858,49.09918831618329,0.0,0.0,0.0,49.09918831618329,0.0,0.0,0.0,0.0,17.159073519451024,17.159073519451024,0.0
2022-03-21 14:00:00,0.0,0.0,0.0,8.171766461472032,21.19027752690205,49.09918831618329,0.0,0.0,0.0,49.09918831618329,0.0,0.0,0.0,0.0,16.125466738584148,16.125466738584148,0.0
2022-03-21 15:00:00,0.0,0.0,0.0,8.171766461472032,29.23522608952774,49.09918831618329,0.0,0.0,0.0,49.09918831618329,0.0,0.0,0.0,0.0,17.49933229258584,17.49933229258584,0.0
2022-03-21 16:00:00,0.0,0.0,0.0,8.171766461472032,40.40438100264083,49.09918831618329,0.0,0.0,0.0,49.09918831618329,0.0,0.0,0.0,0.0,19.690537281137473,19.690537281137473,0.0
2022-03-21 17:00:00,0.0,0.0,0.0,8.171766461472032,60.0899356510067,39.168557824751936,0.0,0.0,0.0,39.168557824751936,0.0,0.0,0.0,0.0,20.79192430592478,20.79192430592478,0.0
2022-03-21 18:00:00,0.0,0.0,0.0,8.171766461472032,83.19040358491854,48.73939881475194,0.0,0.0,0.0,48.73939881475194,0.0,0.0,0.0,0.0,27.22521535612052,27.22521535612052,0.0
2022-03-21 19:00:00,0.0,0.0,0.0,8.171766461472032,95.84504198469105,44.191907497561786,0.0,0.0,0.0,44.191907497561786,0.0,0.0,0.0,0.0,28.311545160819552,28.311545160819552,0.0
2022-03-21 20:00:00,0.0,0.0,0.0,0.0,0.0,22.37766708451935,0.0,0.0,0.0,22.37766708451935,0.0,0.0,0.0,0.0,5.599787411230122,5.599787411230122,0.0
2022-03-21 21:00:00,0.0,0.0,0.0,0.0,0.0,15.107011293199369,0.0,0.0,0.0,15.107011293199369,0.0,0.0,0.0,0.0,3.6054393152349613,3.6054393152349613,0.0
2022-03-21 22:00:00,0.0,0.0,0.0,0.0,0.0,15.107011293199369,0.0,0.0,0.0,15.107011293199369,0.0,0.0,0.0,0.0,3.4820150329695223,3.4820150329695223,0.0
2022-03-21 23:00:00,0.0,0.0,0.0,0.0,0.0,15.107011293199369,0.0,0.0,0.0,15.107011293199369,0.0,0.0,0.0,0.0,3.4598077263685196,3.4598077263685196,0.0
2022-03-22 00:00:00,0.0,0.0,0.0,0.0,0.0,15.107011293199369,0.0,0.0,0.0,15.107011293199369,0.0,0.0,0.0,0.0,3.352396876073872,3.352396876073872,0.0
2022-03-22 01:00:00,0.0,0.0,0.0,0.0,0.0,15.107011293199369,0.0,0.0,0.0,15.107011293199369,0.0,0.0,0.0,0.0,3.349828684154028,3.349828684154028,0.0
2022-03-22 02:00:00,0.0,0.0,0.0,0.0,0.0,15.107011293199369,0.0,0.0,0.0,15.107011293199369,0.0,0.0,0.0,0.0,3.367201747141207,3.367201747141207,0.0
2022-03-22 03:00:00,0.0,0.0,0.0,0.02979297197806723,0.8980199009345571,15.136804265177433,0.0,0.0,0.0,15.136804265177433,0.0,0.0,0.0,0.0,3.627108823517355,3.627108823517355,0.0
2022-03-22 04:00:00,0.0,0.0,0.0,0.05039067582673286,1.5201845715550983,15.157401969026102,0.0,0.0,0.0,15.157401969026102,0.0,0.0,0.0,0.0,3.996064637194608,3.996064637194608,0.0
2022-03-22 05:00:00,0.0,0.0,0.0,8.171766461472032,226.07704968023805,21.3646095566714,0.0,0.0,0.0,21.3646095566714,0.0,0.0,0.0,0.0,45.82849978872942,45.82849978872942,0.0
2022-03-22 06:00:00,0.0,0.0,0.0,8.171766461472032,171.46101349698768,19.064424357991378,0.0,0.0,0.0,19.064424357991378,0.0,0.0,0.0,0.0,35.51247930633939,35.51247930633939,0.0
2022-03-22 07:00:00,0.0,0.0,0.0,8.171766461472032,138.40514293515832,32.706898309561794,0.0,0.0,0.0,32.706898309561794,0.0,0.0,0.0,0.0,33.28174892307541,33.28174892307541,0.0
2022-03-22 08:00:00,0.0,0.0,0.0,8.171766461472032,98.00429901933781,49.09918831618329,0.0,0.0,0.0,49.09918831618329,0.0,0.0,0.0,0.0,30.541125442937783,30.541125442937783,0.0
2022-03-22 09:00:00,0.0,0.0,0.0,8.171766461472032,72.93479363276218,49.09918831618329,0.0,0.0,0.0,49.09918831618329,0.0,0.0,0.0,0.0,25.579566018959152,25.579566018959152,0.0
2022-03-22 10:00:00,0.0,0.0,0.0,8.171766461472032,52.39291129236613,49.09918831618329,0.0,0.0,0.0,49.09918831618329,0.0,0.0,0.0,0.0,21.290328361405983,21.290328361405983,0.0
2022-03-22 11:00:00,0.0,0.0,0.0,8.171766461472032,43.701080133115845,49.09918831618329,0.0,0.0,0.0,49.09918831618329,0.0,0.0,0.0,0.0,19.613414412396136,19.613414412396136,0.0
2022-03-22 12:00:00,0.0,0.0,0.0,8.171766461472032,38.728891380137966,49.09918831618329,0.0,0.0,0.0,49.09918831618329,0.0,0.0,0.0,0.0,18.74321035440104,18.74321035440104,0.0
2022-03-22 13:00:00,0.0,0.0,0.0,8.171766461472032,35.93511874236795,49.09918831618329,0.0,0.0,0.0,49.09918831618329,0.0,0.0,0.0,0.0,18.390433950272254,18.390433950272254,0.0
2022-03-22 14:00:00,0.0,0.0,0.0,8.171766461472032,31.997634839464634,49.09918831618329,0.0,0.0,0.0,49.09918831618329,0.0,0.0,0.0,0.0,17.724204636814694,17.724204636814694,0.0
2022-03-22 15:00:00,0.0,0.0,0.0,8.171766461472032,34.64566606735319,49.09918831618329,0.0,0.0,0.0,49.09918831618329,0.0,0.0,0.0,0.0,18.280033449177054,18.280033449177054,0.0
2022-03-22 16:00:00,0.0,0.0,0.0,8.171766461472032,42.400934929803725,49.09918831618329,0.0,0.0,0.0,49.09918831618329,0.0,0.0,0.0,0.0,19.710251259379994,19.710251259379994,0.0
2022-03-22 17:00:00,0.0,0.0,0.0,8.171766461472032,52.719384346514666,37.25438962675194,0.0,0.0,0.0,37.25438962675194,0.0,0.0,0.0,0.0,18.647785778198582,18.647785778198582,0.0
2022-03-22 18:00:00,0.0,0.0,0.0,8.171766461472032,63.12442014965549,48.73939881475194,0.0,0.0,0.0,48.73939881475194,0.0,0.0,0.0,0.0,23.285772756898723,23.285772756898723,0.0
2022-03-22 19:00:00,0.0,0.0,0.0,8.171766461472032,66.91170637642475,44.191907497561786,0.0,0.0,0.0,44.191907497561786,0.0,0.0,0.0,0.0,23.433525409027084,23.433525409027084,0.0
2022-03-22 20:00:00,0.0,0.0,0.0,0.0,0.0,22.37766708451935,0.0,0.0,0.0,22.37766708451935,0.0,0.0,0.0,0.0,5.518108926371626,5.518108926371626,0.0
2022-03-22 21:00:00,0.0,0.0,0.0,0.0,0.0,15.107011293199369,0.0,0.0,0.0,15.107011293199369,0.0,0.0,0.0,0.0,3.5848937798762104,3.5848937798762104,0.0
2022-03-22 22:00:00,0.0,0.0,0.0,0.0,0.0,15.107011293199369,0.0,0.0,0.0,15.107011293199369,0.0,0.0,0.0,0.0,3.569333558244215,3.569333558244215,0.0
2022-03-22 23:00:00,0.0,0.0,0.0,0.0,0.0,15.107011293199369,0.0,0.0,0.0,15.107011293199369,0.0,0.0,0.0,0.0,3.4214359176837927,3.4214359176837927,0.0
2022-03-23 00:00:00,0.0,0.0,0.0,0.0,0.0,15.107011293199369,0.0,0.0,0.0,15.107011293199369,0.0,0.0,0.0,0.0,3.4110120798914854,3.4110120798914854,0.0
2022-03-23 01:00:00,0.0,0.0,0.0,0.0,0.0,15.107011293199369,0.0,0.0,0.0,15.107011293199369,0.0,0.0,0.0,0.0,3.3878983526128903,3.3878983526128903,0.0
2022-03-23 02:00:00,0.0,0.0,0.0,0.0,0.0,15.107011293199369,0.0,0.0,0.0,15.107011293199369,0.0,0.0,0.0,0.0,3.374302042449011,3.374302042449011,0.0
2022-03-23 03:00:00,0.0,0.0,0.0,0.0,0.0,15.107011293199369,0.0,0.0,0.0,15.107011293199369,0.0,0.0,0.0,0.0,3.4303490543467805,3.4303490543467805,0.0
2022-03-23 04:00:00,0.0,0.0,0.0,0.0,0.0,15.107011293199369,0.0,0.0,0.0,15.107011293199369,0.0,0.0,0.0,0.0,3.4317086853631684,3.4317086853631684,0.0
2022-03-23 05:00:00,0.0,0.0,0.0,8.171766461472032,158.08256249955699,21.3646095566714,0.0,0.0,0.0,21.3646095566714,0.0,0.0,0.0,0.0,33.27884112882104,33.27884112882104,0.0
2022-03-23 06:00:00,0.0,0.0,0.0,8.171766461472032,125.85000565117498,19.064424357991378,0.0,0.0,0.0,19.064424357991378,0.0,0.0,0.0,0.0,26.88707237961718,26.88707237961718,0.0
2022-03-23 07:00:00,0.0,0.0,0.0,8.171766461472032,107.92192810856008,32.706898309561794,0.0,0.0,0.0,32.706898309561794,0.0,0.0,0.0,0.0,26.908511870687214,26.908511870687214,0.0
2022-03-23 08:00:00,0.0,0.0,0.0,8.171766461472032,84.06865947505527,49.09918831618329,0.0,0.0,0.0,49.09918831618329,0.0,0.0,0.0,0.0,26.314027172835818,26.314027172835818,0.0
2022-03-23 09:00:00,0.0,0.0,0.0,8.171766461472032,75.14602594247006,49.09918831618329,0.0,0.0,0.0,49.09918831618329,0.0,0.0,0.0,0.0,24.345642292398693,24.345642292398693,0.0
2022-03-23 10:00:00,0.0,0.0,0.0,8.171766461472032,63.913283335781195,49.09918831618329,0.0,0.0,0.0,49.09918831618329,0.0,0.0,0.0,0.0,22.395849133114414,22.395849133114414,0.0
2022-03-23 11:00:00,0.0,0.0,0.0,8.171766461472032,58.84647376172722,49.09918831618329,0.0,0.0,0.0,49.09918831618329,0.0,0.0,0.0,0.0,21.345599251890846,21.345599251890846,0.0
2022-03-23 12:00:00,0.0,0.0,0.0,8.171766461472032,53.95987264996077,49.09918831618329,0.0,0.0,0.0,49.09918831618329,0.0,0.0,0.0,0.0,20.251692237039265,20.251692237039265,0.0
2022-03-23 13:00:00,0.0,0.0,0.0,8.171766461472032,48.845603418003876,49.09918831618329,0.0,0.0,0.0,49.09918831618329,0.0,0.0,0.0,0.0,19.20468102995236,19.20468102995236,0.0
2022-03-23 14:00:00,0.0,0.0,0.0,8.171766461472032,43.535351788688764,49.09918831618329,0.0,0.0,0.0,49.09918831618329,0.0,0.0,0.0,0.0,18.20143280425073,18.20143280425073,0.0
2022-03-23 15:00:00,0.0,0.0,0.0,8.171766461472032,44.48174485221691,49.09918831618329,0.0,0.0,0.0,49.09918831618329,0.0,0.0,0.0,0.0,18.61339927377106,18.61339927377106,0.0
2022-03-23 16:00:00,0.0,0.0,0.0,8.171766461472032,47.67010602803868,49.09918831618329,0.0,0.0,0.0,49.09918831618329,0.0,0.0,0.0,0.0,19.547853066069777,19.547853066069777,0.0
2022-03-23 17:00:00,0.0,0.0,0.0,8.171766461472032,54.16956871298291,37.25438962675194,0.0,0.0,0.0,37.25438962675194,0.0,0.0,0.0,0.0,18.051668568614108,18.051668568614108,0.0
2022-03-23 18:00:00,0.0,0.0,0.0,8.171766461472034,61.990197129876634,48.73939881475194,0.0,0.0,0.0,48.73939881475194,0.0,0.0,0.0,0.0,21.92740646855437,21.92740646855437,0.0
2022-03-23 19:00:00,0.0,0.0,0.0,8.171766461472032,65.44512359469692,44.191907497561786,0.0,0.0,0.0,44.191907497561786,0.0,0.0,0.0,0.0,21.468520052260516,21.468520052260516,0.0
2022-03-23 20:00:00,0.0,0.0,0.0,0.0,0.0,22.37766708451935,0.0,0.0,0.0,22.37766708451935,0.0,0.0,0.0,0.0,5.002975030085991,5.002975030085991,0.0
2022-03-23 21:00:00,0.0,0.0,0.0,0.0,0.0,15.107011293199369,0.0,0.0,0.0,15.107011293199369,0.0,0.0,0.0,0.0,3.4182634453122214,3.4182634453122214,0.0
2022-03-23 22:00:00,0.0,0.0,0.0,0.0,0.0,15.107011293199369,0.0,0.0,0.0,15.107011293199369,0.0,0.0,0.0,0.0,3.351943665735076,3.351943665735076,0.0
2022-03-23 23:00:00,0.0,0.0,0.0,0.0,0.0,14.657592477664597,0.0,0.0,0.0,14.657592477664597,0.0,0.0,0.0,0.0,3.300010370421407,3.300010370421407,0.0
2022-03-24 00:00:00,0.0,0.0,0.0,0.0,0.0,14.657592477664597,0.0,0.0,0.0,14.657592477664597,0.0,0.0,0.0,0.0,3.330791314624503,3.330791314624503,0.0
2022-03-24 01:00:00,0.0,0.0,0.0,0.0,0.0,14.657592477664597,0.0,0.0,0.0,14.657592477664597,0.0,0.0,0.0,0.0,3.312615899952199,3.312615899952199,0.0
2022-03-24 02:00:00,0.0,0.0,0.0,0.0,0.0,14.657592477664597,0.0,0.0,0.0,14.657592477664597,0.0,0.0,0.0,0.0,3.326687188730757,3.326687188730757,0.0
2022-03-24 03:00:00,0.0,0.0,0.0,0.0,0.0,14.657592477664597,0.0,0.0,0.0,14.657592477664597,0.0,0.0,0.0,0.0,3.3510187922436803,3.3510187922436803,0.0
2022-03-24 04:00:00,0.0,0.0,0.0,0.0,0.0,14.657592477664597,0.0,0.0,0.0,14.657592477664597,0.0,0.0,0.0,0.0,3.3321104979474927,3.3321104979474927,0.0
2022-03-24 05:00:00,0.0,0.0,0.0,8.171766461472032,159.46109274737879,20.915190741136634,0.0,0.0,0.0,20.915190741136634,0.0,0.0,0.0,0.0,33.51546424969435,33.51546424969435,0.0
2022-03-24 06:00:00,0.0,0.0,0.0,8.171766461472032,126.44154546634186,14.516933040801234,0.0,0.0,0.0,14.516933040801234,0.0,0.0,0.0,0.0,26.10460205272976,26.10460205272976,0.0
2022-03-24 07:00:00,0.0,0.0,0.0,8.171766461472032,115.09182540948625,23.611915675181518,0.0,0.0,0.0,23.611915675181518,0.0,0.0,0.0,0.0,25.973148634185762,25.973148634185762,0.0
2022-03-24 08:00:00,0.0,0.0,0.0,8.171766461472032,94.91888657065044,37.25438962675194,0.0,0.0,0.0,37.25438962675194,0.0,0.0,0.0,0.0,25.241072740907786,25.241072740907786,0.0
2022-03-24 09:00:00,0.0,0.0,0.0,8.171766461472032,74.96397183574358,49.09918831618329,0.0,0.0,0.0,49.09918831618329,0.0,0.0,0.0,0.0,24.134142329620175,24.134142329620175,0.0
2022-03-24 10:00:00,0.0,0.0,0.0,8.171766461472032,64.01265589749731,49.09918831618329,0.0,0.0,0.0,49.09918831618329,0.0,0.0,0.0,0.0,21.955154785130013,21.955154785130013,0.0
2022-03-24 11:00:00,0.0,0.0,0.0,8.171766461472032,59.19964918663063,49.09918831618329,0.0,0.0,0.0,49.09918831618329,0.0,0.0,0.0,0.0,21.161728724286718,21.161728724286718,0.0
2022-03-24 12:00:00,0.0,0.0,0.0,8.171766461472032,57.31991217152429,49.09918831618329,0.0,0.0,0.0,49.09918831618329,0.0,0.0,0.0,0.0,20.588587176136382,20.588587176136382,0.0
2022-03-24 13:00:00,0.0,0.0,0.0,8.171766461472034,60.53246087872236,49.09918831618329,0.0,0.0,0.0,49.09918831618329,0.0,0.0,0.0,0.0,21.281900001894932,21.281900001894932,0.0
2022-03-24 14:00:00,0.0,0.0,0.0,8.171766461472032,61.02221387277673,49.09918831618329,0.0,0.0,0.0,49.09918831618329,0.0,0.0,0.0,0.0,21.76090977028577,21.76090977028577,0.0
2022-03-24 15:00:00,0.0,0.0,0.0,8.171766461472032,61.79531297709322,49.09918831618329,0.0,0.0,0.0,49.09918831618329,0.0,0.0,0.0,0.0,22.187336835820297,22.187336835820297,0.0
2022-03-24 16:00:00,0.0,0.0,0.0,8.171766461472032,68.48048029819465,49.09918831618329,0.0,0.0,0.0,49.09918831618329,0.0,0.0,0.0,0.0,23.5574502288109,23.5574502288109,0.0
2022-03-24 17:00:00,0.0,0.0,0.0,8.171766461472032,85.54180611429953,32.706898309561794,0.0,0.0,0.0,32.706898309561794,0.0,0.0,0.0,0.0,22.95811233156421,22.95811233156421,0.0
2022-03-24 18:00:00,0.0,0.0,0.0,8.171766461472032,94.84374902522931,35.096924863181506,0.0,0.0,0.0,35.096924863181506,0.0,0.0,0.0,0.0,25.085423572831388,25.085423572831388,0.0
2022-03-24 19:00:00,0.0,0.0,0.0,8.171766461472032,100.07606342381469,35.096924863181506,0.0,0.0,0.0,35.096924863181506,0.0,0.0,0.0,0.0,26.137708291151938,26.137708291151938,0.0
2022-03-24 20:00:00,0.0,0.0,0.0,8.171766461472032,109.36702930612385,26.001942228801234,0.0,0.0,0.0,26.001942228801234,0.0,0.0,0.0,0.0,25.84909885640153,25.84909885640153,0.0
2022-03-24 21:00:00,0.0,0.0,0.0,0.0,0.0,14.657592477664597,0.0,0.0,0.0,14.657592477664597,0.0,0.0,0.0,0.0,3.4904124967062704,3.4904124967062704,0.0
2022-03-24 22:00:00,0.0,0.0,0.0,0.0,0.0,14.657592477664597,0.0,0.0,0.0,14.657592477664597,0.0,0.0,0.0,0.0,3.4577260654810784,3.4577260654810784,0.0
2022-03-24 23:00:00,0.0,0.0,0.0,0.0,0.0,14.657592477664597,0.0,0.0,0.0,14.657592477664597,0.0,0.0,0.0,0.0,3.407450523282689,3.407450523282689,0.0
2022-03-25 00:00:00,0.0,0.0,0.0,0.0,0.0,14.657592477664597,0.0,0.0,0.0,14.657592477664597,0.0,0.0,0.0,0.0,3.4064244918092523,3.4064244918092523,0.0
2022-03-25 01:00:00,0.0,0.0,0.0,0.0,0.0,14.657592477664597,0.0,0.0,0.0,14.657592477664597,0.0,0.0,0.0,0.0,3.3623051384514815,3.3623051384514815,0.0
2022-03-25 02:00:00,0.0,0.0,0.0,0.0,0.0,14.657592477664597,0.0,0.0,0.0,14.657592477664597,0.0,0.0,0.0,0.0,3.4416027137556475,3.4416027137556475,0.0
2022-03-25 03:00:00,0.0,0.0,0.0,0.0,0.0,14.657592477664597,0.0,0.0,0.0,14.657592477664597,0.0,0.0,0.0,0.0,3.5052166651087115,3.5052166651087115,0.0
2022-03-25 04:00:00,0.0,0.0,0.0,0.0,0.0,14.657592477664597,0.0,0.0,0.0,14.657592477664597,0.0,0.0,0.0,0.0,3.6576556268764233,3.6576556268764233,0.0
2022-03-25 05:00:00,0.0,0.0,0.0,0.0,0.0,12.743424279664602,0.0,0.0,0.0,12.743424279664602,0.0,0.0,0.0,0.0,3.1624081692415675,3.1624081692415675,0.0
2022-03-25 06:00:00,0.0,0.0,0.0,0.0,0.0,3.1725832896646002,0.0,0.0,0.0,3.1725832896646002,0.0,0.0,0.0,0.0,0.7896877066304157,0.7896877066304157,0.0
2022-03-25 07:00:00,0.0,0.0,0.0,8.171766461472032,182.46746144769426,14.516933040801234,0.0,0.0,0.0,14.516933040801234,0.0,0.0,0.0,0.0,36.50362480945341,36.50362480945341,0.0
2022-03-25 08:00:00,0.0,0.0,0.0,8.171766461472032,137.01796069445132,14.516933040801234,0.0,0.0,0.0,14.516933040801234,0.0,0.0,0.0,0.0,28.270049619817147,28.270049619817147,0.0
2022-03-25 09:00:00,0.0,0.0,0.0,8.171766461472032,113.70053107519823,28.15940699237166,0.0,0.0,0.0,28.15940699237166,0.0,0.0,0.0,0.0,27.410023994143614,27.410023994143614,0.0
2022-03-25 10:00:00,0.0,0.0,0.0,8.171766461472032,98.84602682950624,28.15940699237166,0.0,0.0,0.0,28.15940699237166,0.0,0.0,0.0,0.0,24.61353412094263,24.61353412094263,0.0
2022-03-25 11:00:00,0.0,0.0,0.0,8.171766461472032,77.71696368923945,37.25438962675194,0.0,0.0,0.0,37.25438962675194,0.0,0.0,0.0,0.0,22.966063781581475,22.966063781581475,0.0
2022-03-25 12:00:00,0.0,0.0,0.0,8.171766461472032,67.74583932122594,37.25438962675194,0.0,0.0,0.0,37.25438962675194,0.0,0.0,0.0,0.0,21.02360387089331,21.02360387089331,0.0
2022-03-25 13:00:00,0.0,0.0,0.0,8.171766461472032,62.0014118378448,37.25438962675194,0.0,0.0,0.0,37.25438962675194,0.0,0.0,0.0,0.0,19.904004771406214,19.904004771406214,0.0
2022-03-25 14:00:00,0.0,0.0,0.0,8.171766461472032,57.37612883190846,37.25438962675194,0.0,0.0,0.0,37.25438962675194,0.0,0.0,0.0,0.0,19.1457294300374,19.1457294300374,0.0
2022-03-25 15:00:00,0.0,0.0,0.0,8.171766461472032,54.73776804051269,37.25438962675194,0.0,0.0,0.0,37.25438962675194,0.0,0.0,0.0,0.0,18.853237986130388,18.853237986130388,0.0
2022-03-25 16:00:00,0.0,0.0,0.0,8.171766461472032,76.28495918733165,28.15940699237166,0.0,0.0,0.0,28.15940699237166,0.0,0.0,0.0,0.0,20.793575449205477,20.793575449205477,0.0
2022-03-25 17:00:00,0.0,0.0,0.0,8.171766461472032,87.45917910376352,19.064424357991378,0.0,0.0,0.0,19.064424357991378,0.0,0.0,0.0,0.0,20.417845383581763,20.417845383581763,0.0
2022-03-25 18:00:00,0.0,0.0,0.0,0.0,0.0,14.657592477664597,0.0,0.0,0.0,14.657592477664597,0.0,0.0,0.0,0.0,3.572201862731639,3.572201862731639,0.0
2022-03-25 19:00:00,0.0,0.0,0.0,0.0,0.0,14.657592477664597,0.0,0.0,0.0,14.657592477664597,0.0,0.0,0.0,0.0,3.521779744608473,3.521779744608473,0.0
2022-03-25 20:00:00,0.0,0.0,0.0,0.0,0.0,14.657592477664597,0.0,0.0,0.0,14.657592477664597,0.0,0.0,0.0,0.0,3.6828666859380066,3.6828666859380066,0.0
2022-03-25 21:00:00,0.0,0.0,0.0,0.0,0.0,14.657592477664597,0.0,0.0,0.0,14.657592477664597,0.0,0.0,0.0,0.0,3.7477998206140604,3.7477998206140604,0.0
2022-03-25 22:00:00,0.0,0.0,0.0,0.0,0.0,14.657592477664597,0.0,0.0,0.0,14.657592477664597,0.0,0.0,0.0,0.0,3.589497821855283,3.589497821855283,0.0
2022-03-25 23:00:00,0.0,0.0,0.0,0.0,0.0,15.107011293199369,0.0,0.0,0.0,15.107011293199369,0.0,0.0,0.0,0.0,3.6394300906446597,3.6394300906446597,0.0
2022-03-26 00:00:00,0.0,0.0,0.0,0.0,0.0,15.107011293199369,0.0,0.0,0.0,15.107011293199369,0.0,0.0,0.0,0.0,3.6370129688377477,3.6370129688377477,0.0
2022-03-26 01:00:00,0.0,0.0,0.0,0.0,0.0,15.107011293199369,0.0,0.0,0.0,15.107011293199369,0.0,0.0,0.0,0.0,3.6066478761384175,3.6066478761384175,0.0
2022-03-26 02:00:00,0.0,0.0,0.0,0.02637591394796364,0.7972603980079107,15.133387207147337,0.0,0.0,0.0,15.133387207147337,0.0,0.0,0.0,0.0,3.7578539315025723,3.7578539315025723,0.0
2022-03-26 03:00:00,0.0,0.0,0.0,0.02799479832133275,0.8466125250563945,15.1350060915207,0.0,0.0,0.0,15.1350060915207,0.0,0.0,0.0,0.0,3.9380006593433134,3.9380006593433134,0.0
2022-03-26 04:00:00,0.0,0.0,0.0,0.03013973828469227,0.9114337781721639,15.137151031484061,0.0,0.0,0.0,15.137151031484061,0.0,0.0,0.0,0.0,4.065401964543552,4.065401964543552,0.0
2022-03-26 05:00:00,0.0,0.0,0.0,8.171766461472032,213.3289692250915,21.3646095566714,0.0,0.0,0.0,21.3646095566714,0.0,0.0,0.0,0.0,43.94148031222479,43.94148031222479,0.0
2022-03-26 06:00:00,0.0,0.0,0.0,8.171766461472032,160.43477186543657,19.064424357991378,0.0,0.0,0.0,19.064424357991378,0.0,0.0,0.0,0.0,33.84652904243241,33.84652904243241,0.0
2022-03-26 07:00:00,0.0,0.0,0.0,8.171766461472032,119.37376900836703,32.706898309561794,0.0,0.0,0.0,32.706898309561794,0.0,0.0,0.0,0.0,30.316963570492117,30.316963570492117,0.0
2022-03-26 08:00:00,0.0,0.0,0.0,8.171766461472032,74.69485181566795,49.09918831618329,0.0,0.0,0.0,49.09918831618329,0.0,0.0,0.0,0.0,26.76061093802433,26.76061093802433,0.0
2022-03-26 09:00:00,0.0,0.0,0.0,8.171766461472032,46.43458638289494,49.09918831618329,0.0,0.0,0.0,49.09918831618329,0.0,0.0,0.0,0.0,20.319164813832803,20.319164813832803,0.0
2022-03-26 10:00:00,0.0,0.0,0.0,8.171766461472032,18.41611191180409,49.09918831618329,0.0,0.0,0.0,49.09918831618329,0.0,0.0,0.0,0.0,15.33236392462875,15.33236392462875,0.0
2022-03-26 11:00:00,0.0,0.0,0.0,8.171766461472032,2.112240864178779,49.09918831618329,0.0,0.0,0.0,49.09918831618329,0.0,0.0,0.0,0.0,12.277043171319237,12.277043171319237,0.0
2022-03-26 12:00:00,0.0,0.0,0.0,8.171766461472032,0.0,49.09918831618329,0.0,0.0,0.0,49.09918831618329,0.0,0.0,0.0,0.0,12.246810541705598,12.246810541705598,0.0
2022-03-26 13:00:00,0.0,0.0,0.0,8.171766461472032,0.0,49.09918831618329,0.0,0.0,0.0,49.09918831618329,0.0,0.0,0.0,0.0,12.35433776411804,12.35433776411804,0.0
2022-03-26 14:00:00,0.0,0.0,0.0,8.171766461472032,0.0,49.09918831618329,0.0,0.0,0.0,49.09918831618329,0.0,0.0,0.0,0.0,11.793625033547226,11.793625033547226,0.0
2022-03-26 15:00:00,0.0,0.0,0.0,8.171766461472032,0.0,49.09918831618329,0.0,0.0,0.0,49.09918831618329,0.0,0.0,0.0,0.0,11.983638892330854,11.983638892330854,0.0
2022-03-26 16:00:00,0.0,0.0,0.0,8.171766461472032,0.0,49.09918831618329,0.0,0.0,0.0,49.09918831618329,0.0,0.0,0.0,0.0,12.466774905362097,12.466774905362097,0.0
2022-03-26 17:00:00,0.0,0.0,0.0,8.171766461472032,0.0,37.25438962675194,0.0,0.0,0.0,37.25438962675194,0.0,0.0,0.0,0.0,9.368361359439309,9.368361359439309,0.0
2022-03-26 18:00:00,0.0,0.0,0.0,8.171766461472032,0.0,48.73939881475194,0.0,0.0,0.0,48.73939881475194,0.0,0.0,0.0,0.0,12.165841338150232,12.165841338150232,0.0
2022-03-26 19:00:00,0.0,0.0,0.0,8.171766461472032,2.904171827347401,44.191907497561786,0.0,0.0,0.0,44.191907497561786,0.0,0.0,0.0,0.0,11.678260549787302,11.678260549787302,0.0
2022-03-26 20:00:00,0.0,0.0,0.0,0.0,0.0,22.37766708451935,0.0,0.0,0.0,22.37766708451935,0.0,0.0,0.0,0.0,5.591060121067159,5.591060121067159,0.0
2022-03-26 21:00:00,0.0,0.0,0.0,0.0,0.0,15.107011293199369,0.0,0.0,0.0,15.107011293199369,0.0,0.0,0.0,0.0,3.8202610158242565,3.8202610158242565,0.0
2022-03-26 22:00:00,0.0,0.0,0.0,0.0,0.0,15.107011293199369,0.0,0.0,0.0,15.107011293199369,0.0,0.0,0.0,0.0,3.715418357449453,3.715418357449453,0.0
2022-03-26 23:00:00,0.0,0.0,0.0,0.0,0.0,15.107011293199369,0.0,0.0,0.0,15.107011293199369,0.0,0.0,0.0,0.0,3.7779613842032984,3.7779613842032984,0.0
2022-03-27 00:00:00,0.0,0.0,0.0,0.0,0.0,15.107011293199369,0.0,0.0,0.0,15.107011293199369,0.0,0.0,0.0,0.0,3.8114989492742013,3.8114989492742013,0.0
2022-03-27 01:00:00,0.0,0.0,0.0,0.0,0.0,15.107011293199369,0.0,0.0,0.0,15.107011293199369,0.0,0.0,0.0,0.0,3.8276634513579237,3.8276634513579237,0.0
2022-03-27 02:00:00,0.0,0.0,0.0,0.0,0.0,15.107011293199369,0.0,0.0,0.0,15.107011293199369,0.0,0.0,0.0,0.0,3.8500218280718594,3.8500218280718594,0.0
2022-03-27 03:00:00,0.0,0.0,0.0,0.0,0.0,15.107011293199369,0.0,0.0,0.0,15.107011293199369,0.0,0.0,0.0,0.0,3.897911053871301,3.897911053871301,0.0
2022-03-27 04:00:00,0.0,0.0,0.0,0.0,0.0,15.107011293199369,0.0,0.0,0.0,15.107011293199369,0.0,0.0,0.0,0.0,4.01227112936082,4.01227112936082,0.0
2022-03-27 05:00:00,0.0,0.0,0.0,8.171766461472032,64.36477575906413,19.4504413586714,0.0,0.0,0.0,19.4504413586714,0.0,0.0,0.0,0.0,16.591752551763786,16.591752551763786,0.0
2022-03-27 06:00:00,0.0,0.0,0.0,8.171766461472032,51.003790428580615,19.064424357991378,0.0,0.0,0.0,19.064424357991378,0.0,0.0,0.0,0.0,13.994923651862635,13.994923651862635,0.0
2022-03-27 07:00:00,0.0,0.0,0.0,8.171766461472032,37.03822700725811,32.706898309561794,0.0,0.0,0.0,32.706898309561794,0.0,0.0,0.0,0.0,15.261831503648647,15.261831503648647,0.0
2022-03-27 08:00:00,0.0,0.0,0.0,8.171766461472032,19.660920300616493,49.09918831618329,0.0,0.0,0.0,49.09918831618329,0.0,0.0,0.0,0.0,16.734381718234673,16.734381718234673,0.0
2022-03-27 09:00:00,0.0,0.0,0.0,8.171766461472032,14.228063834823658,49.09918831618329,0.0,0.0,0.0,49.09918831618329,0.0,0.0,0.0,0.0,15.666342147117525,15.666342147117525,0.0
2022-03-27 10:00:00,0.0,0.0,0.0,8.171766461472032,3.3928884251470137,49.09918831618329,0.0,0.0,0.0,49.09918831618329,0.0,0.0,0.0,0.0,13.419887213922838,13.419887213922838,0.0
2022-03-27 11:00:00,0.0,0.0,0.0,8.171766461472032,0.02137829478115275,49.09918831618329,0.0,0.0,0.0,49.09918831618329,0.0,0.0,0.0,0.0,12.834449061613457,12.834449061613457,0.0
2022-03-27 12:00:00,0.0,0.0,0.0,8.171766461472032,0.0,49.09918831618329,0.0,0.0,0.0,49.09918831618329,0.0,0.0,0.0,0.0,12.774626816104568,12.774626816104568,0.0
2022-03-27 13:00:00,0.0,0.0,0.0,8.171766461472032,0.0,49.09918831618329,0.0,0.0,0.0,49.09918831618329,0.0,0.0,0.0,0.0,12.467756889128422,12.467756889128422,0.0
2022-03-27 14:00:00,0.0,0.0,0.4180533541242814,8.171766461472032,0.0,49.51724167030757,0.0,0.0,0.0,49.51724167030757,0.0,0.0,0.0,0.0,12.614022143094152,12.614022143094152,0.0
2022-03-27 15:00:00,0.0,0.0,0.33246713934779365,8.171766461472032,0.0,49.431655455531086,0.0,0.0,0.0,49.431655455531086,0.0,0.0,0.0,0.0,12.82652595760121,12.82652595760121,0.0
2022-03-27 16:00:00,0.0,0.0,0.0,8.171766461472032,0.0,49.09918831618329,0.0,0.0,0.0,49.09918831618329,0.0,0.0,0.0,0.0,12.926343308001574,12.926343308001574,0.0
2022-03-27 17:00:00,0.0,0.0,0.0,8.171766461472032,0.0,37.25438962675194,0.0,0.0,0.0,37.25438962675194,0.0,0.0,0.0,0.0,9.760650082209008,9.760650082209008,0.0
2022-03-27 18:00:00,0.0,0.0,0.0,8.171766461472032,0.02363101572895303,48.73939881475194,0.0,0.0,0.0,48.73939881475194,0.0,0.0,0.0,0.0,12.316314308762466,12.316314308762466,0.0
2022-03-27 19:00:00,0.0,0.0,0.0,8.171766461472032,5.02435491471437,44.191907497561786,0.0,0.0,0.0,44.191907497561786,0.0,0.0,0.0,0.0,11.96587162969956,11.96587162969956,0.0
2022-03-27 20:00:00,0.0,0.0,0.0,0.0,0.0,22.37766708451935,0.0,0.0,0.0,22.37766708451935,0.0,0.0,0.0,0.0,5.525493556509518,5.525493556509518,0.0
2022-03-27 21:00:00,0.0,0.0,0.0,0.0,0.0,15.107011293199369,0.0,0.0,0.0,15.107011293199369,0.0,0.0,0.0,0.0,3.7734292808153382,3.7734292808153382,0.0
2022-03-27 22:00:00,0.0,0.0,0.0,0.0,0.0,15.107011293199369,0.0,0.0,0.0,15.107011293199369,0.0,0.0,0.0,0.0,3.6075542968160095,3.6075542968160095,0.0
2022-03-27 23:00:00,0.0,0.0,0.0,0.0,0.0,15.107011293199369,0.0,0.0,0.0,15.107011293199369,0.0,0.0,0.0,0.0,3.451952080496056,3.451952080496056,0.0
2022-03-28 00:00:00,0.0,0.0,0.0,0.0,0.0,15.107011293199369,0.0,0.0,0.0,15.107011293199369,0.0,0.0,0.0,0.0,3.4554266930934916,3.4554266930934916,0.0
2022-03-28 01:00:00,0.0,0.0,0.0,0.0,0.0,15.107011293199369,0.0,0.0,0.0,15.107011293199369,0.0,0.0,0.0,0.0,3.449081748350348,3.449081748350348,0.0
2022-03-28 02:00:00,0.0,0.0,0.0,0.0,0.0,15.107011293199369,0.0,0.0,0.0,15.107011293199369,0.0,0.0,0.0,0.0,3.450592449479668,3.450592449479668,0.0
2022-03-28 03:00:00,0.0,0.0,0.0,0.0,0.0,15.107011293199369,0.0,0.0,0.0,15.107011293199369,0.0,0.0,0.0,0.0,3.568124997340759,3.568124997340759,0.0
2022-03-28 04:00:00,0.0,0.0,0.0,0.0,0.0,15.107011293199369,0.0,0.0,0.0,15.107011293199369,0.0,0.0,0.0,0.0,3.7034838185278254,3.7034838185278254,0.0
2022-03-28 05:00:00,0.0,0.0,0.0,8.171766461472032,110.73160036043615,19.4504413586714,0.0,0.0,0.0,19.4504413586714,0.0,0.0,0.0,0.0,24.64758388444813,24.64758388444813,0.0
2022-03-28 06:00:00,0.0,0.0,0.0,8.171766461472032,90.47302975024346,19.064424357991378,0.0,0.0,0.0,19.064424357991378,0.0,0.0,0.0,0.0,20.88976142619596,20.88976142619596,0.0
2022-03-28 07:00:00,0.0,0.0,0.0,8.171766461472032,75.14982752595284,32.706898309561794,0.0,0.0,0.0,32.706898309561794,0.0,0.0,0.0,0.0,21.075911937823022,21.075911937823022,0.0
2022-03-28 08:00:00,0.0,0.0,0.0,8.171766461472032,55.90895189763489,49.09918831618329,0.0,0.0,0.0,49.09918831618329,0.0,0.0,0.0,0.0,21.249261072851937,21.249261072851937,0.0
2022-03-28 09:00:00,0.0,0.0,0.0,8.171766461472032,48.02528303273963,49.09918831618329,0.0,0.0,0.0,49.09918831618329,0.0,0.0,0.0,0.0,19.354523086073847,19.354523086073847,0.0
2022-03-28 10:00:00,0.0,0.0,0.0,8.171766461472032,45.64099880949101,49.09918831618329,0.0,0.0,0.0,49.09918831618329,0.0,0.0,0.0,0.0,18.833416242156538,18.833416242156538,0.0
2022-03-28 11:00:00,0.0,0.0,0.0,8.171766461472032,48.61320041905137,49.09918831618329,0.0,0.0,0.0,49.09918831618329,0.0,0.0,0.0,0.0,19.48099951403804,19.48099951403804,0.0
2022-03-28 12:00:00,0.0,0.0,0.0,8.171766461472032,49.432197985948186,49.09918831618329,0.0,0.0,0.0,49.09918831618329,0.0,0.0,0.0,0.0,19.52731603718643,19.52731603718643,0.0
2022-03-28 13:00:00,0.0,0.0,0.0,8.171766461472032,49.2943359109943,49.09918831618329,0.0,0.0,0.0,49.09918831618329,0.0,0.0,0.0,0.0,19.46419654661348,19.46419654661348,0.0
2022-03-28 14:00:00,0.0,0.0,0.0,8.171766461472032,46.62304442922935,49.09918831618329,0.0,0.0,0.0,49.09918831618329,0.0,0.0,0.0,0.0,19.1000854772898,19.1000854772898,0.0
2022-03-28 15:00:00,0.0,0.0,0.0,8.171766461472032,44.81124683777029,49.09918831618329,0.0,0.0,0.0,49.09918831618329,0.0,0.0,0.0,0.0,19.02525841483217,19.02525841483217,0.0
2022-03-28 16:00:00,0.0,0.0,0.0,8.171766461472032,45.4159760544863,49.09918831618329,0.0,0.0,0.0,49.09918831618329,0.0,0.0,0.0,0.0,19.46850563316311,19.46850563316311,0.0
2022-03-28 17:00:00,0.0,0.0,0.0,8.171766461472032,49.201684467848416,37.25438962675194,0.0,0.0,0.0,37.25438962675194,0.0,0.0,0.0,0.0,17.546134780700818,17.546134780700818,0.0
2022-03-28 18:00:00,0.0,0.0,0.0,8.171766461472032,54.338164796621236,48.73939881475194,0.0,0.0,0.0,48.73939881475194,0.0,0.0,0.0,0.0,21.099435296753477,21.099435296753477,0.0
2022-03-28 19:00:00,0.0,0.0,0.0,8.171766461472032,57.84608951426227,44.191907497561786,0.0,0.0,0.0,44.191907497561786,0.0,0.0,0.0,0.0,20.84627021775586,20.84627021775586,0.0
2022-03-28 20:00:00,0.0,0.0,0.0,0.0,0.0,22.37766708451935,0.0,0.0,0.0,22.37766708451935,0.0,0.0,0.0,0.0,5.235926544435837,5.235926544435837,0.0
2022-03-28 21:00:00,0.0,0.0,0.0,0.0,0.0,15.107011293199369,0.0,0.0,0.0,15.107011293199369,0.0,0.0,0.0,0.0,3.3424262486203604,3.3424262486203604,0.0
2022-03-28 22:00:00,0.0,0.0,0.0,0.0,0.0,15.107011293199369,0.0,0.0,0.0,15.107011293199369,0.0,0.0,0.0,0.0,3.3178018202124453,3.3178018202124453,0.0
2022-03-28 23:00:00,0.0,0.0,0.0,0.0,0.0,15.107011293199369,0.0,0.0,0.0,15.107011293199369,0.0,0.0,0.0,0.0,3.2823003436734273,3.2823003436734273,0.0
2022-03-29 00:00:00,0.0,0.0,0.0,0.0,0.0,15.107011293199369,0.0,0.0,0.0,15.107011293199369,0.0,0.0,0.0,0.0,3.263114439331064,3.263114439331064,0.0
2022-03-29 01:00:00,0.0,0.0,0.0,0.0,0.0,15.107011293199369,0.0,0.0,0.0,15.107011293199369,0.0,0.0,0.0,0.0,3.213865582515234,3.213865582515234,0.0
2022-03-29 02:00:00,0.0,0.0,0.0,0.0,0.0,15.107011293199369,0.0,0.0,0.0,15.107011293199369,0.0,0.0,0.0,0.0,3.2401517821654005,3.2401517821654005,0.0
2022-03-29 03:00:00,0.0,0.0,0.0,0.0,0.0,15.107011293199369,0.0,0.0,0.0,15.107011293199369,0.0,0.0,0.0,0.0,3.30979510422705,3.30979510422705,0.0
2022-03-29 04:00:00,0.0,0.0,0.0,0.0,0.0,15.107011293199369,0.0,0.0,0.0,15.107011293199369,0.0,0.0,0.0,0.0,3.4756700882263787,3.4756700882263787,0.0
2022-03-29 05:00:00,0.0,0.0,0.0,8.171766461472032,133.81547678611656,19.4504413586714,0.0,0.0,0.0,19.4504413586714,0.0,0.0,0.0,0.0,28.70581516984566,28.70581516984566,0.0
2022-03-29 06:00:00,0.0,0.0,0.0,8.171766461472032,105.36126146330356,19.064424357991378,0.0,0.0,0.0,19.064424357991378,0.0,0.0,0.0,0.0,23.628349561634984,23.628349561634984,0.0
2022-03-29 07:00:00,0.0,0.0,0.0,8.171766461472032,85.49755186140284,32.706898309561794,0.0,0.0,0.0,32.706898309561794,0.0,0.0,0.0,0.0,23.321040561834195,23.321040561834195,0.0
2022-03-29 08:00:00,0.0,0.0,0.0,8.171766461472032,54.29374392119388,49.09918831618329,0.0,0.0,0.0,49.09918831618329,0.0,0.0,0.0,0.0,21.760231953013616,21.760231953013616,0.0
2022-03-29 09:00:00,0.0,0.0,0.0,8.171766461472032,40.03732699079468,49.09918831618329,0.0,0.0,0.0,49.09918831618329,0.0,0.0,0.0,0.0,19.317088135442344,19.317088135442344,0.0
2022-03-29 10:00:00,0.0,0.0,0.0,8.171766461472032,22.611537729079636,49.09918831618329,0.0,0.0,0.0,49.09918831618329,0.0,0.0,0.0,0.0,15.930143685927021,15.930143685927021,0.0
2022-03-29 11:00:00,0.0,0.0,0.0,8.171766461472032,10.665945350159433,49.09918831618329,0.0,0.0,0.0,49.09918831618329,0.0,0.0,0.0,0.0,13.614852550382858,13.614852550382858,0.0
2022-03-29 12:00:00,0.0,0.0,0.0,8.171766461472032,3.846971345727301,49.09918831618329,0.0,0.0,0.0,49.09918831618329,0.0,0.0,0.0,0.0,12.364998822296656,12.364998822296656,0.0
2022-03-29 13:00:00,0.0,0.0,0.0,8.171766461472032,1.5479394568265228,49.09918831618329,0.0,0.0,0.0,49.09918831618329,0.0,0.0,0.0,0.0,12.235341478984992,12.235341478984992,0.0
2022-03-29 14:00:00,0.0,0.0,0.0,8.171766461472032,3.530945329793951,49.09918831618329,0.0,0.0,0.0,49.09918831618329,0.0,0.0,0.0,0.0,12.644427647222297,12.644427647222297,0.0
2022-03-29 15:00:00,0.0,0.0,0.0,8.171766461472032,20.264237959682056,49.09918831618329,0.0,0.0,0.0,49.09918831618329,0.0,0.0,0.0,0.0,15.736313607946121,15.736313607946121,0.0
2022-03-29 16:00:00,0.0,0.0,0.0,8.171766461472032,40.00626650684647,49.09918831618329,0.0,0.0,0.0,49.09918831618329,0.0,0.0,0.0,0.0,19.13572058827289,19.13572058827289,0.0
2022-03-29 17:00:00,0.0,0.0,0.0,8.171766461472032,52.44646838935492,37.25438962675194,0.0,0.0,0.0,37.25438962675194,0.0,0.0,0.0,0.0,18.52637363121722,18.52637363121722,0.0
2022-03-29 18:00:00,0.0,0.0,0.0,8.171766461472034,64.79895421659377,48.73939881475194,0.0,0.0,0.0,48.73939881475194,0.0,0.0,0.0,0.0,23.502954149152714,23.502954149152714,0.0
2022-03-29 19:00:00,0.0,0.0,0.0,8.171766461472032,72.44899036915322,44.191907497561786,0.0,0.0,0.0,44.191907497561786,0.0,0.0,0.0,0.0,23.871488055151325,23.871488055151325,0.0
2022-03-29 20:00:00,0.0,0.0,0.0,0.0,0.0,22.37766708451935,0.0,0.0,0.0,22.37766708451935,0.0,0.0,0.0,0.0,5.413157667745231,5.413157667745231,0.0
2022-03-29 21:00:00,0.0,0.0,0.0,0.0,0.0,15.107011293199369,0.0,0.0,0.0,15.107011293199369,0.0,0.0,0.0,0.0,3.5572479492096556,3.5572479492096556,0.0
2022-03-29 22:00:00,0.0,0.0,0.0,0.0,0.0,15.107011293199369,0.0,0.0,0.0,15.107011293199369,0.0,0.0,0.0,0.0,3.4111631500044175,3.4111631500044175,0.0
2022-03-29 23:00:00,0.0,0.0,0.0,0.0,0.0,15.107011293199369,0.0,0.0,0.0,15.107011293199369,0.0,0.0,0.0,0.0,3.4091992385363015,3.4091992385363015,0.0
2022-03-30 00:00:00,0.0,0.0,0.0,0.0,0.0,15.107011293199369,0.0,0.0,0.0,15.107011293199369,0.0,0.0,0.0,0.0,3.382157688321475,3.382157688321475,0.0
2022-03-30 01:00:00,0.0,0.0,0.0,0.0,0.0,15.107011293199369,0.0,0.0,0.0,15.107011293199369,0.0,0.0,0.0,0.0,3.3806469871921547,3.3806469871921547,0.0
2022-03-30 02:00:00,0.0,0.0,0.0,0.0,0.0,15.107011293199369,0.0,0.0,0.0,15.107011293199369,0.0,0.0,0.0,0.0,3.3863876514835707,3.3863876514835707,0.0
2022-03-30 03:00:00,0.0,0.0,0.0,0.0,0.0,15.107011293199369,0.0,0.0,0.0,15.107011293199369,0.0,0.0,0.0,0.0,3.420529497006201,3.420529497006201,0.0
2022-03-30 04:00:00,0.0,0.0,0.0,0.0,0.0,15.107011293199369,0.0,0.0,0.0,15.107011293199369,0.0,0.0,0.0,0.0,3.4305001244597126,3.4305001244597126,0.0
2022-03-30 05:00:00,0.0,0.0,0.0,8.171766461472032,183.95953448906502,19.4504413586714,0.0,0.0,0.0,19.4504413586714,0.0,0.0,0.0,0.0,37.55221739359858,37.55221739359858,0.0
2022-03-30 06:00:00,0.0,0.0,0.0,8.171766461472032,145.32955146090484,19.064424357991378,0.0,0.0,0.0,19.064424357991378,0.0,0.0,0.0,0.0,30.532971034532306,30.532971034532306,0.0
2022-03-30 07:00:00,0.0,0.0,0.0,8.171766461472032,123.91349414636947,32.706898309561794,0.0,0.0,0.0,32.706898309561794,0.0,0.0,0.0,0.0,29.647160295426282,29.647160295426282,0.0
2022-03-30 08:00:00,0.0,0.0,0.0,8.171766461472032,98.80404587047873,49.09918831618329,0.0,0.0,0.0,49.09918831618329,0.0,0.0,0.0,0.0,28.771724825991974,28.771724825991974,0.0
2022-03-30 09:00:00,0.0,0.0,0.0,8.171766461472032,91.03249035633141,49.09918831618329,0.0,0.0,0.0,49.09918831618329,0.0,0.0,0.0,0.0,27.099461550306657,27.099461550306657,0.0
2022-03-30 10:00:00,0.0,0.0,0.0,8.171766461472032,81.93497839478184,49.09918831618329,0.0,0.0,0.0,49.09918831618329,0.0,0.0,0.0,0.0,25.712838598383684,25.712838598383684,0.0
2022-03-30 11:00:00,0.0,0.0,0.0,8.171766461472032,78.7566357474551,49.09918831618329,0.0,0.0,0.0,49.09918831618329,0.0,0.0,0.0,0.0,25.28198235088072,25.28198235088072,0.0
2022-03-30 12:00:00,0.0,0.0,0.0,8.171766461472032,75.87733591573922,49.09918831618329,0.0,0.0,0.0,49.09918831618329,0.0,0.0,0.0,0.0,24.31725160202218,24.31725160202218,0.0
2022-03-30 13:00:00,0.0,0.0,0.0,8.171766461472032,74.04678835997916,49.09918831618329,0.0,0.0,0.0,49.09918831618329,0.0,0.0,0.0,0.0,23.6626241298955,23.6626241298955,0.0
2022-03-30 14:00:00,0.0,0.0,0.0,8.171766461472032,73.92078947621852,49.09918831618329,0.0,0.0,0.0,49.09918831618329,0.0,0.0,0.0,0.0,23.550577455960795,23.550577455960795,0.0
2022-03-30 15:00:00,0.0,0.0,0.0,8.171766461472032,77.32844952444263,49.09918831618329,0.0,0.0,0.0,49.09918831618329,0.0,0.0,0.0,0.0,24.29424090784782,24.29424090784782,0.0
2022-03-30 16:00:00,0.0,0.0,0.0,8.171766461472034,78.13224652802805,49.09918831618329,0.0,0.0,0.0,49.09918831618329,0.0,0.0,0.0,0.0,24.500338876603763,24.500338876603763,0.0
2022-03-30 17:00:00,0.0,0.0,0.0,8.171766461472032,76.52562475164233,37.25438962675194,0.0,0.0,0.0,37.25438962675194,0.0,0.0,0.0,0.0,21.78965437235192,21.78965437235192,0.0
2022-03-30 18:00:00,0.0,0.0,0.0,8.171766461472032,86.31542013597982,48.73939881475194,0.0,0.0,0.0,48.73939881475194,0.0,0.0,0.0,0.0,26.252097423605473,26.252097423605473,0.0
2022-03-30 19:00:00,0.0,0.0,0.0,8.171766461472032,92.49604484764109,44.191907497561786,0.0,0.0,0.0,44.191907497561786,0.0,0.0,0.0,0.0,26.30502185729801,26.30502185729801,0.0
2022-03-30 20:00:00,0.0,0.0,0.0,0.0,0.0,22.37766708451935,0.0,0.0,0.0,22.37766708451935,0.0,0.0,0.0,0.0,5.000065933365003,5.000065933365003,0.0
2022-03-30 21:00:00,0.0,0.0,0.0,0.0,0.0,15.107011293199369,0.0,0.0,0.0,15.107011293199369,0.0,0.0,0.0,0.0,3.261150527862948,3.261150527862948,0.0
2022-03-30 22:00:00,0.0,0.0,0.0,0.0,0.0,15.107011293199369,0.0,0.0,0.0,15.107011293199369,0.0,0.0,0.0,0.0,3.1439201202277207,3.1439201202277207,0.0
2022-03-30 23:00:00,0.0,0.0,0.0,0.0,0.0,14.657592477664597,0.0,0.0,0.0,14.657592477664597,0.0,0.0,0.0,0.0,2.791391911446446,2.791391911446446,0.0
2022-03-31 00:00:00,0.0,0.0,0.0,0.0,0.0,14.657592477664597,0.0,0.0,0.0,14.657592477664597,0.0,0.0,0.0,0.0,2.745513646991356,2.745513646991356,0.0
2022-03-31 01:00:00,0.0,0.0,0.0,0.0,0.0,14.657592477664597,0.0,0.0,0.0,14.657592477664597,0.0,0.0,0.0,0.0,2.7185436768324527,2.7185436768324527,0.0
2022-03-31 02:00:00,0.0,0.0,0.0,0.0,0.0,14.657592477664597,0.0,0.0,0.0,14.657592477664597,0.0,0.0,0.0,0.0,2.708429938022864,2.708429938022864,0.0
2022-03-31 03:00:00,0.0,0.0,0.0,0.0,0.0,14.657592477664597,0.0,0.0,0.0,14.657592477664597,0.0,0.0,0.0,0.0,2.762223302415893,2.762223302415893,0.0
2022-03-31 04:00:00,0.0,0.0,0.0,0.0,0.0,14.657592477664597,0.0,0.0,0.0,14.657592477664597,0.0,0.0,0.0,0.0,2.7619301505663403,2.7619301505663403,0.0
2022-03-31 05:00:00,0.0,0.0,0.0,8.171766461472032,179.8233328371719,19.001022543136635,0.0,0.0,0.0,19.001022543136635,0.0,0.0,0.0,0.0,36.11248655657336,36.11248655657336,0.0
2022-03-31 06:00:00,0.0,0.0,0.0,8.171766461472032,142.23511041825714,14.516933040801234,0.0,0.0,0.0,14.516933040801234,0.0,0.0,0.0,0.0,28.453648053989202,28.453648053989202,0.0
2022-03-31 07:00:00,0.0,0.0,0.0,8.171766461472032,123.28677543779938,23.611915675181518,0.0,0.0,0.0,23.611915675181518,0.0,0.0,0.0,0.0,26.875119348692923,26.875119348692923,0.0
2022-03-31 08:00:00,0.0,0.0,0.0,8.171766461472032,97.07138378600901,37.25438962675194,0.0,0.0,0.0,37.25438962675194,0.0,0.0,0.0,0.0,25.001266834602028,25.001266834602028,0.0
2022-03-31 09:00:00,0.0,0.0,0.0,8.171766461472032,74.6547192427451,49.09918831618329,0.0,0.0,0.0,49.09918831618329,0.0,0.0,0.0,0.0,23.32871666659625,23.32871666659625,0.0
2022-03-31 10:00:00,0.0,0.0,0.0,8.171766461472032,55.68079142763977,49.09918831618329,0.0,0.0,0.0,49.09918831618329,0.0,0.0,0.0,0.0,20.375949443785114,20.375949443785114,0.0
2022-03-31 11:00:00,0.0,0.0,0.0,8.171766461472032,45.269704427543644,49.09918831618329,0.0,0.0,0.0,49.09918831618329,0.0,0.0,0.0,0.0,18.749870810900486,18.749870810900486,0.0
2022-03-31 12:00:00,0.0,0.0,0.0,8.171766461472032,45.33672377657513,49.09918831618329,0.0,0.0,0.0,49.09918831618329,0.0,0.0,0.0,0.0,18.992212865650288,18.992212865650288,0.0
2022-03-31 13:00:00,0.0,0.0,0.0,8.171766461472032,50.918178856190714,49.09918831618329,0.0,0.0,0.0,49.09918831618329,0.0,0.0,0.0,0.0,21.161788910964525,21.161788910964525,0.0
2022-03-31 14:00:00,0.0,0.0,0.0,8.171766461472032,53.69060662553037,49.09918831618329,0.0,0.0,0.0,49.09918831618329,0.0,0.0,0.0,0.0,20.5572159255929,20.5572159255929,0.0
2022-03-31 15:00:00,0.0,0.0,0.0,8.171766461472032,60.57299136327195,49.09918831618329,0.0,0.0,0.0,49.09918831618329,0.0,0.0,0.0,0.0,21.685427982134005,21.685427982134005,0.0
2022-03-31 16:00:00,0.0,0.0,0.0,8.171766461472032,79.88549345050663,49.09918831618329,0.0,0.0,0.0,49.09918831618329,0.0,0.0,0.0,0.0,24.92550290098864,24.92550290098864,0.0
2022-03-31 17:00:00,0.0,0.0,0.0,8.171766461472032,99.96603104992111,32.706898309561794,0.0,0.0,0.0,32.706898309561794,0.0,0.0,0.0,0.0,25.019788079196992,25.019788079196992,0.0
2022-03-31 18:00:00,0.0,0.0,0.0,8.171766461472032,106.91562169067039,33.182756665181515,0.0,0.0,0.0,33.182756665181515,0.0,0.0,0.0,0.0,26.468115190679995,26.468115190679995,0.0
2022-03-31 19:00:00,0.0,0.0,0.0,8.171766461472032,114.29440137010089,35.096924863181506,0.0,0.0,0.0,35.096924863181506,0.0,0.0,0.0,0.0,28.20847479382858,28.20847479382858,0.0
2022-03-31 20:00:00,0.0,0.0,0.0,8.171766461472032,125.15202651158282,26.001942228801234,0.0,0.0,0.0,26.001942228801234,0.0,0.0,0.0,0.0,28.2741229867136,28.2741229867136,0.0
2022-03-31 21:00:00,0.0,0.0,0.0,0.0,0.0,14.657592477664597,0.0,0.0,0.0,14.657592477664597,0.0,0.0,0.0,0.0,3.2737732798863877,3.2737732798863877,0.0
2022-03-31 22:00:00,0.0,0.0,0.0,0.0,0.0,14.657592477664597,0.0,0.0,0.0,14.657592477664597,0.0,0.0,0.0,0.0,3.134086423574244,3.134086423574244,0.0
2022-03-31 23:00:00,0.0,0.0,0.0,0.0,0.0,14.657592477664597,0.0,0.0,0.0,14.657592477664597,0.0,0.0,0.0,0.0,3.038079192845541,3.038079192845541,0.0
2022-04-01 00:00:00,0.0,0.0,0.0,0.0,0.0,14.657592477664597,0.0,0.0,0.0,14.657592477664597,0.0,0.0,0.0,0.0,3.052150481624099,3.052150481624099,0.0
2022-04-01 01:00:00,0.0,0.0,0.0,0.0,0.0,14.657592477664597,0.0,0.0,0.0,14.657592477664597,0.0,0.0,0.0,0.0,3.0799999073316617,3.0799999073316617,0.0
2022-04-01 02:00:00,0.0,0.0,0.0,0.0,0.0,14.657592477664597,0.0,0.0,0.0,14.657592477664597,0.0,0.0,0.0,0.0,3.197993526776862,3.197993526776862,0.0
2022-04-01 03:00:00,0.0,0.0,0.0,0.024724693841091397,0.7459566319130201,14.68231717150569,0.0,0.0,0.0,14.68231717150569,0.0,0.0,0.0,0.0,3.399950785774776,3.399950785774776,0.0
2022-04-01 04:00:00,0.0,0.0,0.0,0.054844858027855235,1.655340771499491,14.712437335692451,0.0,0.0,0.0,14.712437335692451,0.0,0.0,0.0,0.0,3.691615587262324,3.691615587262324,0.0
2022-04-01 05:00:00,0.0,0.0,0.0,0.09512786052879205,2.891662795272624,10.92438394219339,0.0,0.0,0.0,10.92438394219339,0.0,0.0,0.0,0.0,3.088093797866819,3.088093797866819,0.0
2022-04-01 06:00:00,0.0,0.0,0.0,0.1125519624968562,3.419678403641041,3.2851352521614565,0.0,0.0,0.0,3.2851352521614565,0.0,0.0,0.0,0.0,1.3806254048322222,1.3806254048322222,0.0
2022-04-01 07:00:00,0.0,0.0,0.0,8.171766461472032,209.3827661517553,14.516933040801234,0.0,0.0,0.0,14.516933040801234,0.0,0.0,0.0,0.0,41.1059972617216,41.1059972617216,0.0
2022-04-01 08:00:00,0.0,0.0,0.0,8.171766461472032,150.31657504217512,14.516933040801234,0.0,0.0,0.0,14.516933040801234,0.0,0.0,0.0,0.0,30.321580681869438,30.321580681869438,0.0
2022-04-01 09:00:00,0.0,0.0,0.0,8.171766461472032,116.83779960522868,28.15940699237166,0.0,0.0,0.0,28.15940699237166,0.0,0.0,0.0,0.0,26.94876170136652,26.94876170136652,0.0
2022-04-01 10:00:00,0.0,0.0,0.0,8.171766461472032,102.39561754818578,28.15940699237166,0.0,0.0,0.0,28.15940699237166,0.0,0.0,0.0,0.0,24.32056302833552,24.32056302833552,0.0
2022-04-01 11:00:00,0.0,0.0,0.0,8.171766461472032,85.0468344724973,37.25438962675194,0.0,0.0,0.0,37.25438962675194,0.0,0.0,0.0,0.0,23.000161065504262,23.000161065504262,0.0
2022-04-01 12:00:00,0.0,0.0,0.0,8.171766461472032,78.64742920582457,37.25438962675194,0.0,0.0,0.0,37.25438962675194,0.0,0.0,0.0,0.0,21.773064173994257,21.773064173994257,0.0
2022-04-01 13:00:00,0.0,0.0,0.0,8.171766461472032,81.30615234976806,37.25438962675194,0.0,0.0,0.0,37.25438962675194,0.0,0.0,0.0,0.0,22.201474951084837,22.201474951084837,0.0
2022-04-01 14:00:00,0.0,0.0,0.0,8.171766461472032,91.49343868880253,37.25438962675194,0.0,0.0,0.0,37.25438962675194,0.0,0.0,0.0,0.0,24.022661038776416,24.022661038776416,0.0
2022-04-01 15:00:00,0.0,0.0,0.0,8.171766461472032,96.78618269325584,37.25438962675194,0.0,0.0,0.0,37.25438962675194,0.0,0.0,0.0,0.0,25.24981409624085,25.24981409624085,0.0
2022-04-01 16:00:00,0.0,0.0,0.0,8.171766461472032,123.15932419919775,28.15940699237166,0.0,0.0,0.0,28.15940699237166,0.0,0.0,0.0,0.0,28.472457104080398,28.472457104080398,0.0
2022-04-01 17:00:00,0.0,0.0,0.0,8.171766461472032,132.05286658537858,19.064424357991378,0.0,0.0,0.0,19.064424357991378,0.0,0.0,0.0,0.0,28.20731746742397,28.20731746742397,0.0
2022-04-01 18:00:00,0.0,0.0,0.0,0.0,0.0,12.743424279664596,0.0,0.0,0.0,12.743424279664596,0.0,0.0,0.0,0.0,2.9239787009690414,2.9239787009690414,0.0
2022-04-01 19:00:00,0.0,0.0,0.0,0.0,0.0,14.657592477664597,0.0,0.0,0.0,14.657592477664597,0.0,0.0,0.0,0.0,3.32873925167763,3.32873925167763,0.0
2022-04-01 20:00:00,0.0,0.0,0.0,0.0,0.0,14.657592477664597,0.0,0.0,0.0,14.657592477664597,0.0,0.0,0.0,0.0,3.399681999269527,3.399681999269527,0.0
2022-04-01 21:00:00,0.0,0.0,0.0,0.0,0.0,14.657592477664597,0.0,0.0,0.0,14.657592477664597,0.0,0.0,0.0,0.0,3.2787568613287936,3.2787568613287936,0.0
2022-04-01 22:00:00,0.0,0.0,0.0,0.0,0.0,14.657592477664597,0.0,0.0,0.0,14.657592477664597,0.0,0.0,0.0,0.0,3.1837756620735274,3.1837756620735274,0.0
2022-04-01 23:00:00,0.0,0.0,0.0,0.0,0.0,15.107011293199369,0.0,0.0,0.0,15.107011293199369,0.0,0.0,0.0,0.0,3.240302852278333,3.240302852278333,0.0
2022-04-02 00:00:00,0.0,0.0,0.0,0.0,0.0,15.107011293199369,0.0,0.0,0.0,15.107011293199369,0.0,0.0,0.0,0.0,3.257826985378444,3.257826985378444,0.0
2022-04-02 01:00:00,0.0,0.0,0.0,0.0,0.0,15.107011293199369,0.0,0.0,0.0,15.107011293199369,0.0,0.0,0.0,0.0,3.2628122991051995,3.2628122991051995,0.0
2022-04-02 02:00:00,0.0,0.0,0.0,0.0,0.0,15.107011293199369,0.0,0.0,0.0,15.107011293199369,0.0,0.0,0.0,0.0,3.2880410079648428,3.2880410079648428,0.0
2022-04-02 03:00:00,0.0,0.0,0.0,0.0,0.0,15.107011293199369,0.0,0.0,0.0,15.107011293199369,0.0,0.0,0.0,0.0,3.462678058514227,3.462678058514227,0.0
2022-04-02 04:00:00,0.0,0.0,0.0,0.0,0.0,15.107011293199369,0.0,0.0,0.0,15.107011293199369,0.0,0.0,0.0,0.0,3.58791518213485,3.58791518213485,0.0
2022-04-02 05:00:00,0.0,0.0,0.0,8.171766461472032,182.90445235033152,17.536273160671403,0.0,0.0,0.0,17.536273160671403,0.0,0.0,0.0,0.0,36.98167395032253,36.98167395032253,0.0
2022-04-02 06:00:00,0.0,0.0,0.0,8.171766461472032,139.27350400908475,19.064424357991378,0.0,0.0,0.0,19.064424357991378,0.0,0.0,0.0,0.0,29.46431062669435,29.46431062669435,0.0
2022-04-02 07:00:00,0.0,0.0,0.0,8.171766461472032,119.984225756789,32.706898309561794,0.0,0.0,0.0,32.706898309561794,0.0,0.0,0.0,0.0,29.006743036244195,29.006743036244195,0.0
2022-04-02 08:00:00,0.0,0.0,0.0,8.171766461472032,90.36797103315887,49.09918831618329,0.0,0.0,0.0,49.09918831618329,0.0,0.0,0.0,0.0,27.55967598499551,27.55967598499551,0.0
2022-04-02 09:00:00,0.0,0.0,0.0,8.171766461472032,74.96321794311467,49.09918831618329,0.0,0.0,0.0,49.09918831618329,0.0,0.0,0.0,0.0,24.618615579620872,24.618615579620872,0.0
2022-04-02 10:00:00,0.0,0.0,0.0,8.171766461472032,58.815637948819266,49.09918831618329,0.0,0.0,0.0,49.09918831618329,0.0,0.0,0.0,0.0,21.27376334678032,21.27376334678032,0.0
2022-04-02 11:00:00,0.0,0.0,0.0,8.171766461472032,53.535465901432254,49.09918831618329,0.0,0.0,0.0,49.09918831618329,0.0,0.0,0.0,0.0,20.17478663432994,20.17478663432994,0.0
2022-04-02 12:00:00,0.0,0.0,0.0,8.171766461472032,49.61236463498377,49.09918831618329,0.0,0.0,0.0,49.09918831618329,0.0,0.0,0.0,0.0,19.28774561368352,19.28774561368352,0.0
2022-04-02 13:00:00,0.0,0.0,0.0,8.171766461472032,46.087120461953695,49.09918831618329,0.0,0.0,0.0,49.09918831618329,0.0,0.0,0.0,0.0,18.703596104435274,18.703596104435274,0.0
2022-04-02 14:00:00,0.0,0.0,0.0,8.171766461472032,43.1459045652396,49.09918831618329,0.0,0.0,0.0,49.09918831618329,0.0,0.0,0.0,0.0,18.159299207732623,18.159299207732623,0.0
2022-04-02 15:00:00,0.0,0.0,0.0,8.171766461472032,50.47255814891749,49.09918831618329,0.0,0.0,0.0,49.09918831618329,0.0,0.0,0.0,0.0,19.896300312128673,19.896300312128673,0.0
2022-04-02 16:00:00,0.0,0.0,0.0,8.171766461472032,62.30726657228683,49.09918831618329,0.0,0.0,0.0,49.09918831618329,0.0,0.0,0.0,0.0,22.332541416024533,22.332541416024533,0.0
2022-04-02 17:00:00,0.0,0.0,0.0,8.171766461472032,69.66481847737074,37.25438962675194,0.0,0.0,0.0,37.25438962675194,0.0,0.0,0.0,0.0,21.08486586978494,21.08486586978494,0.0
2022-04-02 18:00:00,0.0,0.0,0.0,8.171766461472032,81.1320383673456,46.82523061675194,0.0,0.0,0.0,46.82523061675194,0.0,0.0,0.0,0.0,25.379064904883368,25.379064904883368,0.0
2022-04-02 19:00:00,0.0,0.0,0.0,8.171766461472032,85.88969401277674,44.191907497561786,0.0,0.0,0.0,44.191907497561786,0.0,0.0,0.0,0.0,25.528739988787617,25.528739988787617,0.0
2022-04-02 20:00:00,0.0,0.0,0.0,0.0,0.0,22.37766708451935,0.0,0.0,0.0,22.37766708451935,0.0,0.0,0.0,0.0,5.27956299525065,5.27956299525065,0.0
2022-04-02 21:00:00,0.0,0.0,0.0,0.0,0.0,15.107011293199369,0.0,0.0,0.0,15.107011293199369,0.0,0.0,0.0,0.0,3.4131270614725335,3.4131270614725335,0.0
2022-04-02 22:00:00,0.0,0.0,0.0,0.0,0.0,15.107011293199369,0.0,0.0,0.0,15.107011293199369,0.0,0.0,0.0,0.0,3.3108525950175736,3.3108525950175736,0.0
2022-04-02 23:00:00,0.0,0.0,0.0,0.0,0.0,15.107011293199369,0.0,0.0,0.0,15.107011293199369,0.0,0.0,0.0,0.0,3.3659931862377515,3.3659931862377515,0.0
2022-04-03 00:00:00,0.0,0.0,0.0,0.0,0.0,15.107011293199369,0.0,0.0,0.0,15.107011293199369,0.0,0.0,0.0,0.0,3.354360787541988,3.354360787541988,0.0
2022-04-03 01:00:00,0.0,0.0,0.0,0.0,0.0,15.107011293199369,0.0,0.0,0.0,15.107011293199369,0.0,0.0,0.0,0.0,3.30148624801579,3.30148624801579,0.0
2022-04-03 02:00:00,0.0,0.0,0.0,0.0,0.0,15.107011293199369,0.0,0.0,0.0,15.107011293199369,0.0,0.0,0.0,0.0,3.337592005006537,3.337592005006537,0.0
2022-04-03 03:00:00,0.0,0.0,0.0,0.0,0.0,15.107011293199369,0.0,0.0,0.0,15.107011293199369,0.0,0.0,0.0,0.0,3.436240788751128,3.436240788751128,0.0
2022-04-03 04:00:00,0.0,0.0,0.0,0.010686364895410966,0.32582531464504555,15.117697658094782,0.0,0.0,0.0,15.117697658094782,0.0,0.0,0.0,0.0,3.67436473171783,3.67436473171783,0.0
2022-04-03 05:00:00,0.0,0.0,0.0,8.171766461472032,204.53786049574188,17.536273160671403,0.0,0.0,0.0,17.536273160671403,0.0,0.0,0.0,0.0,41.05108860086016,41.05108860086016,0.0
2022-04-03 06:00:00,0.0,0.0,0.0,8.171766461472032,159.07651175308555,19.064424357991378,0.0,0.0,0.0,19.064424357991378,0.0,0.0,0.0,0.0,33.10877708858519,33.10877708858519,0.0
2022-04-03 07:00:00,0.0,0.0,0.0,8.171766461472032,135.49033158439116,32.706898309561794,0.0,0.0,0.0,32.706898309561794,0.0,0.0,0.0,0.0,32.28922728647318,32.28922728647318,0.0
2022-04-03 08:00:00,0.0,0.0,0.0,8.171766461472032,106.04969833588288,49.09918831618329,0.0,0.0,0.0,49.09918831618329,0.0,0.0,0.0,0.0,30.58350216823444,30.58350216823444,0.0
2022-04-03 09:00:00,0.0,0.0,0.0,8.171766461472032,95.01626299258496,49.09918831618329,0.0,0.0,0.0,49.09918831618329,0.0,0.0,0.0,0.0,28.341120794424743,28.341120794424743,0.0
2022-04-03 10:00:00,0.0,0.0,0.0,8.171766461472032,80.54686882055127,49.09918831618329,0.0,0.0,0.0,49.09918831618329,0.0,0.0,0.0,0.0,25.321012240471383,25.321012240471383,0.0
2022-04-03 11:00:00,0.0,0.0,0.0,8.171766461472034,72.96337310650311,49.09918831618329,0.0,0.0,0.0,49.09918831618329,0.0,0.0,0.0,0.0,23.858384303844417,23.858384303844417,0.0
2022-04-03 12:00:00,0.0,0.0,0.0,8.171766461472032,65.4696152923323,49.09918831618329,0.0,0.0,0.0,49.09918831618329,0.0,0.0,0.0,0.0,22.394728997341602,22.394728997341602,0.0
2022-04-03 13:00:00,0.0,0.0,0.0,8.171766461472032,60.32197060292429,49.09918831618329,0.0,0.0,0.0,49.09918831618329,0.0,0.0,0.0,0.0,21.5901504181992,21.5901504181992,0.0
2022-04-03 14:00:00,0.0,0.0,0.0,8.171766461472032,54.89362220685337,49.09918831618329,0.0,0.0,0.0,49.09918831618329,0.0,0.0,0.0,0.0,20.516539632421246,20.516539632421246,0.0
2022-04-03 15:00:00,0.0,0.0,0.0,8.171766461472032,55.96456525861108,49.09918831618329,0.0,0.0,0.0,49.09918831618329,0.0,0.0,0.0,0.0,20.891521361037867,20.891521361037867,0.0
2022-04-03 16:00:00,0.0,0.0,0.0,8.171766461472032,65.68583369217716,49.09918831618329,0.0,0.0,0.0,49.09918831618329,0.0,0.0,0.0,0.0,23.062619812103463,23.062619812103463,0.0
2022-04-03 17:00:00,0.0,0.0,0.0,8.171766461472032,73.24028124413012,37.25438962675194,0.0,0.0,0.0,37.25438962675194,0.0,0.0,0.0,0.0,21.5363967711221,21.5363967711221,0.0
2022-04-03 18:00:00,0.0,0.0,0.0,8.171766461472032,82.51014887564415,46.82523061675194,0.0,0.0,0.0,46.82523061675194,0.0,0.0,0.0,0.0,25.357480944247577,25.357480944247577,0.0
2022-04-03 19:00:00,0.0,0.0,0.0,8.171766461472032,89.64508649064655,44.191907497561786,0.0,0.0,0.0,44.191907497561786,0.0,0.0,0.0,0.0,26.11916765905074,26.11916765905074,0.0
2022-04-03 20:00:00,0.0,0.0,0.0,0.0,0.0,22.37766708451935,0.0,0.0,0.0,22.37766708451935,0.0,0.0,0.0,0.0,5.148429866135366,5.148429866135366,0.0
2022-04-03 21:00:00,0.0,0.0,0.0,0.0,0.0,15.107011293199369,0.0,0.0,0.0,15.107011293199369,0.0,0.0,0.0,0.0,3.2318429259541412,3.2318429259541412,0.0
2022-04-03 22:00:00,0.0,0.0,0.0,0.0,0.0,15.107011293199369,0.0,0.0,0.0,15.107011293199369,0.0,0.0,0.0,0.0,3.112497536737866,3.112497536737866,0.0
2022-04-03 23:00:00,0.0,0.0,0.0,0.0,0.0,15.107011293199369,0.0,0.0,0.0,15.107011293199369,0.0,0.0,0.0,0.0,3.109325064366294,3.109325064366294,0.0
2022-04-04 00:00:00,0.0,0.0,0.0,0.0,0.0,15.107011293199369,0.0,0.0,0.0,15.107011293199369,0.0,0.0,0.0,0.0,3.089837019798067,3.089837019798067,0.0
2022-04-04 01:00:00,0.0,0.0,0.0,0.0,0.0,15.107011293199369,0.0,0.0,0.0,15.107011293199369,0.0,0.0,0.0,0.0,3.095124473750687,3.095124473750687,0.0
2022-04-04 02:00:00,0.0,0.0,0.0,0.0,0.0,15.107011293199369,0.0,0.0,0.0,15.107011293199369,0.0,0.0,0.0,0.0,3.0386242515141206,3.0386242515141206,0.0
2022-04-04 03:00:00,0.0,0.0,0.0,0.0,0.0,15.107011293199369,0.0,0.0,0.0,15.107011293199369,0.0,0.0,0.0,0.0,3.1321366514190254,3.1321366514190254,0.0
2022-04-04 04:00:00,0.0,0.0,0.0,0.017287205743966333,0.5230602467696274,15.124298498943332,0.0,0.0,0.0,15.124298498943332,0.0,0.0,0.0,0.0,3.3336507095271357,3.3336507095271357,0.0
2022-04-04 05:00:00,0.0,0.0,0.0,8.171766461472032,204.82718168177317,17.536273160671403,0.0,0.0,0.0,17.536273160671403,0.0,0.0,0.0,0.0,40.653550956378,40.653550956378,0.0
2022-04-04 06:00:00,0.0,0.0,0.0,8.171766461472032,160.50453859431815,19.064424357991378,0.0,0.0,0.0,19.064424357991378,0.0,0.0,0.0,0.0,33.11119320329505,33.11119320329505,0.0
2022-04-04 07:00:00,0.0,0.0,0.0,8.171766461472032,137.56814577175837,32.706898309561794,0.0,0.0,0.0,32.706898309561794,0.0,0.0,0.0,0.0,31.797259924127445,31.797259924127445,0.0
2022-04-04 08:00:00,0.0,0.0,0.0,8.171766461472032,108.00305796392193,49.09918831618329,0.0,0.0,0.0,49.09918831618329,0.0,0.0,0.0,0.0,29.55895512967763,29.55895512967763,0.0
2022-04-04 09:00:00,0.0,0.0,0.0,8.171766461472032,94.21678976833157,49.09918831618329,0.0,0.0,0.0,49.09918831618329,0.0,0.0,0.0,0.0,26.921578396868863,26.921578396868863,0.0
2022-04-04 10:00:00,0.0,0.0,0.0,8.171766461472034,79.7421691438549,49.09918831618329,0.0,0.0,0.0,49.09918831618329,0.0,0.0,0.0,0.0,24.412142360243415,24.412142360243415,0.0
2022-04-04 11:00:00,0.0,0.0,0.0,8.171766461472032,74.09393974797482,49.09918831618329,0.0,0.0,0.0,49.09918831618329,0.0,0.0,0.0,0.0,23.259171566857482,23.259171566857482,0.0
2022-04-04 12:00:00,0.0,0.0,0.0,8.171766461472032,73.71058740037543,49.09918831618329,0.0,0.0,0.0,49.09918831618329,0.0,0.0,0.0,0.0,23.078693660442156,23.078693660442156,0.0
2022-04-04 13:00:00,0.0,0.0,0.0,8.171766461472032,73.89749683212175,49.09918831618329,0.0,0.0,0.0,49.09918831618329,0.0,0.0,0.0,0.0,23.211036149545784,23.211036149545784,0.0
2022-04-04 14:00:00,0.0,0.0,0.0,8.171766461472032,73.14145140664883,49.09918831618329,0.0,0.0,0.0,49.09918831618329,0.0,0.0,0.0,0.0,23.128918964746717,23.128918964746717,0.0
2022-04-04 15:00:00,0.0,0.0,0.0,8.171766461472032,78.93556782893171,49.09918831618329,0.0,0.0,0.0,49.09918831618329,0.0,0.0,0.0,0.0,24.659215974111326,24.659215974111326,0.0
2022-04-04 16:00:00,0.0,0.0,0.0,8.171766461472032,87.72954560199105,49.09918831618329,0.0,0.0,0.0,49.09918831618329,0.0,0.0,0.0,0.0,26.49887307688762,26.49887307688762,0.0
2022-04-04 17:00:00,0.0,0.0,0.0,8.171766461472032,94.16536397375238,37.25438962675194,0.0,0.0,0.0,37.25438962675194,0.0,0.0,0.0,0.0,25.321103601229456,25.321103601229456,0.0
2022-04-04 18:00:00,0.0,0.0,0.0,8.171766461472032,102.0859550389627,46.82523061675194,0.0,0.0,0.0,46.82523061675194,0.0,0.0,0.0,0.0,28.789867246291692,28.789867246291692,0.0
2022-04-04 19:00:00,0.0,0.0,0.0,8.171766461472032,108.03859864076082,44.191907497561786,0.0,0.0,0.0,44.191907497561786,0.0,0.0,0.0,0.0,29.26830091913459,29.26830091913459,0.0
2022-04-04 20:00:00,0.0,0.0,0.0,0.0,0.0,22.37766708451935,0.0,0.0,0.0,22.37766708451935,0.0,0.0,0.0,0.0,5.080401758198428,5.080401758198428,0.0
2022-04-04 21:00:00,0.0,0.0,0.0,0.0,0.0,15.107011293199369,0.0,0.0,0.0,15.107011293199369,0.0,0.0,0.0,0.0,3.187277242639203,3.187277242639203,0.0
2022-04-04 22:00:00,0.0,0.0,0.0,0.0,0.0,15.107011293199369,0.0,0.0,0.0,15.107011293199369,0.0,0.0,0.0,0.0,3.0351496389166854,3.0351496389166854,0.0
2022-04-04 23:00:00,0.0,0.0,0.0,0.0,0.0,15.107011293199369,0.0,0.0,0.0,15.107011293199369,0.0,0.0,0.0,0.0,3.056299454727164,3.056299454727164,0.0
2022-04-05 00:00:00,0.0,0.0,0.0,0.0,0.0,15.107011293199369,0.0,0.0,0.0,15.107011293199369,0.0,0.0,0.0,0.0,3.034394288352025,3.034394288352025,0.0
2022-04-05 01:00:00,0.0,0.0,0.0,0.027425263009179388,0.8280056841792734,15.134436556208549,0.0,0.0,0.0,15.134436556208549,0.0,0.0,0.0,0.0,3.150998257250806,3.150998257250806,0.0
2022-04-05 02:00:00,0.0,0.0,0.0,0.049948134329153925,1.5117798526152715,15.156959427528522,0.0,0.0,0.0,15.156959427528522,0.0,0.0,0.0,0.0,3.370885373879464,3.370885373879464,0.0
2022-04-05 03:00:00,0.0,0.0,0.0,0.10535367139244535,3.197943480060074,15.212364964591814,0.0,0.0,0.0,15.212364964591814,0.0,0.0,0.0,0.0,3.9240325766108843,3.9240325766108843,0.0
2022-04-05 04:00:00,0.0,0.0,0.0,0.12156221832403002,3.7024047182001247,15.228573511523397,0.0,0.0,0.0,15.228573511523397,0.0,0.0,0.0,0.0,4.235740276632527,4.235740276632527,0.0
2022-04-05 05:00:00,0.0,0.0,0.0,8.171766461472032,239.69795813142716,17.536273160671403,0.0,0.0,0.0,17.536273160671403,0.0,0.0,0.0,0.0,47.211927616327316,47.211927616327316,0.0
2022-04-05 06:00:00,0.0,0.0,0.0,8.171766461472032,185.82123718132067,19.064424357991378,0.0,0.0,0.0,19.064424357991378,0.0,0.0,0.0,0.0,38.00882202150585,38.00882202150585,0.0
2022-04-05 07:00:00,0.0,0.0,0.0,8.171766461472032,151.78400127559615,32.706898309561794,0.0,0.0,0.0,32.706898309561794,0.0,0.0,0.0,0.0,35.26248460879775,35.26248460879775,0.0
2022-04-05 08:00:00,0.0,0.0,0.0,8.171766461472032,113.30935154628787,49.09918831618329,0.0,0.0,0.0,49.09918831618329,0.0,0.0,0.0,0.0,32.602543965690714,32.602543965690714,0.0
2022-04-05 09:00:00,0.0,0.0,0.0,8.171766461472032,91.6223115766162,49.09918831618329,0.0,0.0,0.0,49.09918831618329,0.0,0.0,0.0,0.0,28.771923212559557,28.771923212559557,0.0
2022-04-05 10:00:00,0.0,0.0,0.0,8.171766461472032,76.81539213157176,49.09918831618329,0.0,0.0,0.0,49.09918831618329,0.0,0.0,0.0,0.0,26.08825552690393,26.08825552690393,0.0
2022-04-05 11:00:00,0.0,0.0,0.0,8.171766461472032,70.81404504951594,49.09918831618329,0.0,0.0,0.0,49.09918831618329,0.0,0.0,0.0,0.0,24.885453520618917,24.885453520618917,0.0
2022-04-05 12:00:00,0.0,0.0,0.0,8.171766461472032,62.104994129556246,49.09918831618329,0.0,0.0,0.0,49.09918831618329,0.0,0.0,0.0,0.0,23.381214240734298,23.381214240734298,0.0
2022-04-05 13:00:00,0.0,0.0,0.0,8.171766461472032,56.41248494472385,49.09918831618329,0.0,0.0,0.0,49.09918831618329,0.0,0.0,0.0,0.0,22.33712692120305,22.33712692120305,0.0
2022-04-05 14:00:00,0.0,0.0,0.0,8.171766461472032,53.74553737150075,49.09918831618329,0.0,0.0,0.0,49.09918831618329,0.0,0.0,0.0,0.0,22.121095539359764,22.121095539359764,0.0
2022-04-05 15:00:00,0.0,0.0,0.0,8.171766461472032,54.356812173925455,49.09918831618329,0.0,0.0,0.0,49.09918831618329,0.0,0.0,0.0,0.0,22.216917056063288,22.216917056063288,0.0
2022-04-05 16:00:00,0.0,0.0,0.0,8.171766461472032,65.7216251020745,49.09918831618329,0.0,0.0,0.0,49.09918831618329,0.0,0.0,0.0,0.0,24.229768882071845,24.229768882071845,0.0
2022-04-05 17:00:00,0.0,0.0,0.0,8.171766461472032,77.37915562533499,37.25438962675194,0.0,0.0,0.0,37.25438962675194,0.0,0.0,0.0,0.0,23.332549148802613,23.332549148802613,0.0
2022-04-05 18:00:00,0.0,0.0,0.0,8.171766461472032,86.33138452213619,46.82523061675194,0.0,0.0,0.0,46.82523061675194,0.0,0.0,0.0,0.0,27.331785089875282,27.331785089875282,0.0
2022-04-05 19:00:00,0.0,0.0,0.0,8.171766461472032,95.58369358042522,44.191907497561786,0.0,0.0,0.0,44.191907497561786,0.0,0.0,0.0,0.0,28.03645902971553,28.03645902971553,0.0
2022-04-05 20:00:00,0.0,0.0,0.0,0.0,0.0,22.37766708451935,0.0,0.0,0.0,22.37766708451935,0.0,0.0,0.0,0.0,5.245996494623871,5.245996494623871,0.0
2022-04-05 21:00:00,0.0,0.0,0.0,0.0,0.0,15.107011293199369,0.0,0.0,0.0,15.107011293199369,0.0,0.0,0.0,0.0,3.4882089075997342,3.4882089075997342,0.0
2022-04-05 22:00:00,0.0,0.0,0.0,0.0,0.0,15.107011293199369,0.0,0.0,0.0,15.107011293199369,0.0,0.0,0.0,0.0,3.2566184244749876,3.2566184244749876,0.0
2022-04-05 23:00:00,0.0,0.0,0.0,0.0,0.0,15.107011293199369,0.0,0.0,0.0,15.107011293199369,0.0,0.0,0.0,0.0,3.017927646042438,3.017927646042438,0.0
2022-04-06 00:00:00,0.0,0.0,0.0,0.0,0.0,15.107011293199369,0.0,0.0,0.0,15.107011293199369,0.0,0.0,0.0,0.0,3.059622997211668,3.059622997211668,0.0
2022-04-06 01:00:00,0.0,0.0,0.0,0.0,0.0,15.107011293199369,0.0,0.0,0.0,15.107011293199369,0.0,0.0,0.0,0.0,3.084247425619583,3.084247425619583,0.0
2022-04-06 02:00:00,0.0,0.0,0.0,0.024765323404939425,0.7472915842247579,15.131776616604306,0.0,0.0,0.0,15.131776616604306,0.0,0.0,0.0,0.0,3.2710648162947744,3.2710648162947744,0.0
2022-04-06 03:00:00,0.0,0.0,0.0,0.05523907657945271,1.6670721636743284,15.162250369778816,0.0,0.0,0.0,15.162250369778816,0.0,0.0,0.0,0.0,3.503788914061306,3.503788914061306,0.0
2022-04-06 04:00:00,0.0,0.0,0.0,0.09230996622818563,2.8038210407294284,15.199321259427553,0.0,0.0,0.0,15.199321259427553,0.0,0.0,0.0,0.0,3.7380287577957834,3.7380287577957834,0.0
2022-04-06 05:00:00,0.0,0.0,0.0,8.171766461472032,232.04668649229768,17.536273160671403,0.0,0.0,0.0,17.536273160671403,0.0,0.0,0.0,0.0,45.44956715604329,45.44956715604329,0.0
2022-04-06 06:00:00,0.0,0.0,0.0,8.171766461472032,177.12975499872965,19.064424357991378,0.0,0.0,0.0,19.064424357991378,0.0,0.0,0.0,0.0,35.93813787703141,35.93813787703141,0.0
2022-04-06 07:00:00,0.0,0.0,0.0,8.171766461472032,142.03320019989874,32.706898309561794,0.0,0.0,0.0,32.706898309561794,0.0,0.0,0.0,0.0,32.84060931859038,32.84060931859038,0.0
2022-04-06 08:00:00,0.0,0.0,0.0,8.171766461472032,106.51439904515735,49.09918831618329,0.0,0.0,0.0,49.09918831618329,0.0,0.0,0.0,0.0,30.09713014702839,30.09713014702839,0.0
2022-04-06 09:00:00,0.0,0.0,0.0,8.171766461472032,89.05312731338229,49.09918831618329,0.0,0.0,0.0,49.09918831618329,0.0,0.0,0.0,0.0,26.526548994263486,26.526548994263486,0.0
2022-04-06 10:00:00,0.0,0.0,0.0,8.171766461472032,63.98210573691649,49.09918831618329,0.0,0.0,0.0,49.09918831618329,0.0,0.0,0.0,0.0,21.754730438450878,21.754730438450878,0.0
2022-04-06 11:00:00,0.0,0.0,0.0,8.171766461472032,52.086624610786444,49.09918831618329,0.0,0.0,0.0,49.09918831618329,0.0,0.0,0.0,0.0,19.519164685898758,19.519164685898758,0.0
2022-04-06 12:00:00,0.0,0.0,0.0,8.171766461472032,43.33833952661894,49.09918831618329,0.0,0.0,0.0,49.09918831618329,0.0,0.0,0.0,0.0,18.066780304480446,18.066780304480446,0.0
2022-04-06 13:00:00,0.0,0.0,0.0,8.171766461472032,33.451055982041424,49.09918831618329,0.0,0.0,0.0,49.09918831618329,0.0,0.0,0.0,0.0,16.150075064278433,16.150075064278433,0.0
2022-04-06 14:00:00,0.0,0.0,0.0,8.171766461472032,26.215998196056656,49.09918831618329,0.0,0.0,0.0,49.09918831618329,0.0,0.0,0.0,0.0,14.627435550102529,14.627435550102529,0.0
2022-04-06 15:00:00,0.0,0.0,0.0,8.171766461472032,29.736212371897434,49.09918831618329,0.0,0.0,0.0,49.09918831618329,0.0,0.0,0.0,0.0,15.44439154265887,15.44439154265887,0.0
2022-04-06 16:00:00,0.0,0.0,0.0,8.171766461472032,38.25896194338206,49.09918831618329,0.0,0.0,0.0,49.09918831618329,0.0,0.0,0.0,0.0,16.990208945723957,16.990208945723957,0.0
2022-04-06 17:00:00,0.0,0.0,0.0,8.171766461472032,51.80244215315728,37.25438962675194,0.0,0.0,0.0,37.25438962675194,0.0,0.0,0.0,0.0,17.116198945054936,17.116198945054936,0.0
2022-04-06 18:00:00,0.0,0.0,0.0,8.171766461472032,73.67540473740044,46.82523061675194,0.0,0.0,0.0,46.82523061675194,0.0,0.0,0.0,0.0,23.102331581096603,23.102331581096603,0.0
2022-04-06 19:00:00,0.0,0.0,0.0,8.171766461472032,88.53969346272812,44.191907497561786,0.0,0.0,0.0,44.191907497561786,0.0,0.0,0.0,0.0,25.44640393823928,25.44640393823928,0.0
2022-04-06 20:00:00,0.0,0.0,0.0,0.0,0.0,22.37766708451935,0.0,0.0,0.0,22.37766708451935,0.0,0.0,0.0,0.0,4.850135563898724,4.850135563898724,0.0
2022-04-06 21:00:00,0.0,0.0,0.0,0.0,0.0,15.107011293199369,0.0,0.0,0.0,15.107011293199369,0.0,0.0,0.0,0.0,3.136819824919917,3.136819824919917,0.0
2022-04-06 22:00:00,0.0,0.0,0.0,0.0,0.0,15.107011293199369,0.0,0.0,0.0,15.107011293199369,0.0,0.0,0.0,0.0,3.0585655064211443,3.0585655064211443,0.0
2022-04-06 23:00:00,0.0,0.0,0.0,0.0,0.0,14.657592477664597,0.0,0.0,0.0,14.657592477664597,0.0,0.0,0.0,0.0,2.778493230066101,2.778493230066101,0.0
2022-04-07 00:00:00,0.0,0.0,0.0,0.0,0.0,14.657592477664597,0.0,0.0,0.0,14.657592477664597,0.0,0.0,0.0,0.0,2.5691828094850506,2.5691828094850506,0.0
2022-04-07 01:00:00,0.0,0.0,0.0,0.0,0.0,14.657592477664597,0.0,0.0,0.0,14.657592477664597,0.0,0.0,0.0,0.0,2.518614115437108,2.518614115437108,0.0
2022-04-07 02:00:00,0.0,0.0,0.0,0.0,0.0,14.657592477664597,0.0,0.0,0.0,14.657592477664597,0.0,0.0,0.0,0.0,2.3699861277135885,2.3699861277135885,0.0
2022-04-07 03:00:00,0.0,0.0,0.0,0.0,0.0,14.657592477664597,0.0,0.0,0.0,14.657592477664597,0.0,0.0,0.0,0.0,2.371012159187025,2.371012159187025,0.0
2022-04-07 04:00:00,0.0,0.0,0.0,0.0,0.0,14.657592477664597,0.0,0.0,0.0,14.657592477664597,0.0,0.0,0.0,0.0,2.4586645622034595,2.4586645622034595,0.0
2022-04-07 05:00:00,0.0,0.0,0.0,8.171766461472032,170.3622684903126,17.086854345136636,0.0,0.0,0.0,17.086854345136636,0.0,0.0,0.0,0.0,33.61495722984223,33.61495722984223,0.0
2022-04-07 06:00:00,0.0,0.0,0.0,8.171766461472032,135.1248423211936,14.516933040801234,0.0,0.0,0.0,14.516933040801234,0.0,0.0,0.0,0.0,26.878457259248382,26.878457259248382,0.0
2022-04-07 07:00:00,0.0,0.0,0.0,8.171766461472032,126.11576175045991,23.611915675181518,0.0,0.0,0.0,23.611915675181518,0.0,0.0,0.0,0.0,26.754041357288465,26.754041357288465,0.0
2022-04-07 08:00:00,0.0,0.0,0.0,8.171766461472032,109.02874181523973,37.25438962675194,0.0,0.0,0.0,37.25438962675194,0.0,0.0,0.0,0.0,25.887544852188164,25.887544852188164,0.0
2022-04-07 09:00:00,0.0,0.0,0.0,8.171766461472032,94.21967912045294,49.09918831618329,0.0,0.0,0.0,49.09918831618329,0.0,0.0,0.0,0.0,25.183496367638792,25.183496367638792,0.0
2022-04-07 10:00:00,0.0,0.0,0.0,8.171766461472032,82.40607959595289,49.09918831618329,0.0,0.0,0.0,49.09918831618329,0.0,0.0,0.0,0.0,22.94696169110745,22.94696169110745,0.0
2022-04-07 11:00:00,0.0,0.0,0.0,8.171766461472032,73.85594586973345,49.09918831618329,0.0,0.0,0.0,49.09918831618329,0.0,0.0,0.0,0.0,21.08787085701652,21.08787085701652,0.0
2022-04-07 12:00:00,0.0,0.0,0.0,8.171766461472032,64.06137871283005,49.09918831618329,0.0,0.0,0.0,49.09918831618329,0.0,0.0,0.0,0.0,19.5025850379173,19.5025850379173,0.0
2022-04-07 13:00:00,0.0,0.0,0.0,8.171766461472032,57.30687039926897,49.09918831618329,0.0,0.0,0.0,49.09918831618329,0.0,0.0,0.0,0.0,18.528001025426605,18.528001025426605,0.0
2022-04-07 14:00:00,0.0,0.0,0.0,8.171766461472032,52.14917481660405,49.09918831618329,0.0,0.0,0.0,49.09918831618329,0.0,0.0,0.0,0.0,17.949433012578154,17.949433012578154,0.0
2022-04-07 15:00:00,0.0,0.0,0.0,8.171766461472032,49.034172706175056,49.09918831618329,0.0,0.0,0.0,49.09918831618329,0.0,0.0,0.0,0.0,17.986112714431297,17.986112714431297,0.0
2022-04-07 16:00:00,0.0,0.0,0.0,8.171766461472032,52.46892974395282,49.09918831618329,0.0,0.0,0.0,49.09918831618329,0.0,0.0,0.0,0.0,18.75233069830258,18.75233069830258,0.0
2022-04-07 17:00:00,0.0,0.0,0.0,8.171766461472032,64.83021636051838,32.706898309561794,0.0,0.0,0.0,32.706898309561794,0.0,0.0,0.0,0.0,18.014574885162162,18.014574885162162,0.0
2022-04-07 18:00:00,0.0,0.0,0.0,8.171766461472032,66.86167714912118,33.182756665181515,0.0,0.0,0.0,33.182756665181515,0.0,0.0,0.0,0.0,18.38467487140235,18.38467487140235,0.0
2022-04-07 19:00:00,0.0,0.0,0.0,8.171766461472032,66.1845390290247,35.096924863181506,0.0,0.0,0.0,35.096924863181506,0.0,0.0,0.0,0.0,18.566017044827685,18.566017044827685,0.0
2022-04-07 20:00:00,0.0,0.0,0.0,8.171766461472032,70.81766646961474,26.001942228801234,0.0,0.0,0.0,26.001942228801234,0.0,0.0,0.0,0.0,17.913955842952596,17.913955842952596,0.0
2022-04-07 21:00:00,0.0,0.0,0.0,0.0,0.0,14.657592477664597,0.0,0.0,0.0,14.657592477664597,0.0,0.0,0.0,0.0,2.898832064307727,2.898832064307727,0.0
2022-04-07 22:00:00,0.0,0.0,0.0,0.0,0.0,14.657592477664597,0.0,0.0,0.0,14.657592477664597,0.0,0.0,0.0,0.0,2.7346670285578836,2.7346670285578836,0.0
2022-04-07 23:00:00,0.0,0.0,0.0,0.0,0.0,14.657592477664597,0.0,0.0,0.0,14.657592477664597,0.0,0.0,0.0,0.0,2.728217687867711,2.728217687867711,0.0
2022-04-08 00:00:00,0.0,0.0,0.0,0.0,0.0,14.657592477664597,0.0,0.0,0.0,14.657592477664597,0.0,0.0,0.0,0.0,2.8001864669330443,2.8001864669330443,0.0
2022-04-08 01:00:00,0.0,0.0,0.0,0.0,0.0,14.657592477664597,0.0,0.0,0.0,14.657592477664597,0.0,0.0,0.0,0.0,2.939580171395635,2.939580171395635,0.0
2022-04-08 02:00:00,0.0,0.0,0.0,0.0,0.0,14.657592477664597,0.0,0.0,0.0,14.657592477664597,0.0,0.0,0.0,0.0,3.107263029340118,3.107263029340118,0.0
2022-04-08 03:00:00,0.0,0.0,0.0,0.0,0.0,14.657592477664597,0.0,0.0,0.0,14.657592477664597,0.0,0.0,0.0,0.0,3.1446398901581625,3.1446398901581625,0.0
2022-04-08 04:00:00,0.0,0.0,0.0,0.0,0.0,14.657592477664597,0.0,0.0,0.0,14.657592477664597,0.0,0.0,0.0,0.0,3.2793431650279,3.2793431650279,0.0
2022-04-08 05:00:00,0.0,0.0,0.0,0.0,0.0,7.000919685664599,0.0,0.0,0.0,7.000919685664599,0.0,0.0,0.0,0.0,1.6494866871394365,1.6494866871394365,0.0
2022-04-08 06:00:00,0.0,0.0,0.0,0.0,0.0,3.1725832896646002,0.0,0.0,0.0,3.1725832896646002,0.0,0.0,0.0,0.0,0.7538692412901024,0.7538692412901024,0.0
2022-04-08 07:00:00,0.0,0.0,0.0,8.171766461472032,114.87732943826535,14.516933040801234,0.0,0.0,0.0,14.516933040801234,0.0,0.0,0.0,0.0,24.093593139848174,24.093593139848174,0.0
2022-04-08 08:00:00,0.0,0.0,0.0,8.171766461472032,85.9069614485647,14.516933040801234,0.0,0.0,0.0,14.516933040801234,0.0,0.0,0.0,0.0,18.88182146612328,18.88182146612328,0.0
2022-04-08 09:00:00,0.0,0.0,0.0,8.171766461472032,68.83273643177687,28.15940699237166,0.0,0.0,0.0,28.15940699237166,0.0,0.0,0.0,0.0,19.030534927377634,19.030534927377634,0.0
2022-04-08 10:00:00,0.0,0.0,0.0,8.171766461472032,60.54889093597458,28.15940699237166,0.0,0.0,0.0,28.15940699237166,0.0,0.0,0.0,0.0,17.662081723942528,17.662081723942528,0.0
2022-04-08 11:00:00,0.0,0.0,0.0,8.171766461472032,46.51936888876129,37.25438962675194,0.0,0.0,0.0,37.25438962675194,0.0,0.0,0.0,0.0,17.45807927994008,17.45807927994008,0.0
2022-04-08 12:00:00,0.0,0.0,0.0,8.171766461472032,40.551285441508426,37.25438962675194,0.0,0.0,0.0,37.25438962675194,0.0,0.0,0.0,0.0,16.31758311414429,16.31758311414429,0.0
2022-04-08 13:00:00,0.0,0.0,0.0,8.171766461472032,37.03309658010401,37.25438962675194,0.0,0.0,0.0,37.25438962675194,0.0,0.0,0.0,0.0,15.787326411976395,15.787326411976395,0.0
2022-04-08 14:00:00,0.0,0.0,0.0,8.171766461472032,34.94519255516059,37.25438962675194,0.0,0.0,0.0,37.25438962675194,0.0,0.0,0.0,0.0,15.517573438087211,15.517573438087211,0.0
2022-04-08 15:00:00,0.0,0.0,0.0,8.171766461472032,35.21308959642873,37.25438962675194,0.0,0.0,0.0,37.25438962675194,0.0,0.0,0.0,0.0,15.532652004540171,15.532652004540171,0.0
2022-04-08 16:00:00,0.0,0.0,0.0,8.171766461472032,52.15277546003828,28.15940699237166,0.0,0.0,0.0,28.15940699237166,0.0,0.0,0.0,0.0,16.288620343867386,16.288620343867386,0.0
2022-04-08 17:00:00,0.0,0.0,0.0,8.171766461472032,59.28675743813034,19.064424357991378,0.0,0.0,0.0,19.064424357991378,0.0,0.0,0.0,0.0,15.363309754931791,15.363309754931791,0.0
2022-04-08 18:00:00,0.0,0.0,0.0,0.0,0.0,12.743424279664596,0.0,0.0,0.0,12.743424279664596,0.0,0.0,0.0,0.0,3.149155007990715,3.149155007990715,0.0
2022-04-08 19:00:00,0.0,0.0,0.0,0.0,0.0,14.657592477664597,0.0,0.0,0.0,14.657592477664597,0.0,0.0,0.0,0.0,3.5851005441119836,3.5851005441119836,0.0
2022-04-08 20:00:00,0.0,0.0,0.0,0.0,0.0,14.657592477664597,0.0,0.0,0.0,14.657592477664597,0.0,0.0,0.0,0.0,3.521486592758919,3.521486592758919,0.0
2022-04-08 21:00:00,0.0,0.0,0.0,0.0,0.0,14.657592477664597,0.0,0.0,0.0,14.657592477664597,0.0,0.0,0.0,0.0,3.330205010925396,3.330205010925396,0.0
2022-04-08 22:00:00,0.0,0.0,0.0,0.0,0.0,14.657592477664597,0.0,0.0,0.0,14.657592477664597,0.0,0.0,0.0,0.0,3.1474248327289187,3.1474248327289187,0.0
2022-04-08 23:00:00,0.0,0.0,0.0,0.0,0.0,15.107011293199369,0.0,0.0,0.0,15.107011293199369,0.0,0.0,0.0,0.0,3.1288131089345215,3.1288131089345215,0.0
2022-04-09 00:00:00,0.0,0.0,0.0,0.0,0.0,15.107011293199369,0.0,0.0,0.0,15.107011293199369,0.0,0.0,0.0,0.0,3.1469415224863604,3.1469415224863604,0.0
2022-04-09 01:00:00,0.0,0.0,0.0,0.0,0.0,15.107011293199369,0.0,0.0,0.0,15.107011293199369,0.0,0.0,0.0,0.0,3.085758126748903,3.085758126748903,0.0
2022-04-09 02:00:00,0.0,0.0,0.0,0.0,0.0,15.107011293199369,0.0,0.0,0.0,15.107011293199369,0.0,0.0,0.0,0.0,3.117482850464622,3.117482850464622,0.0
2022-04-09 03:00:00,0.0,0.0,0.0,0.0,0.0,15.107011293199369,0.0,0.0,0.0,15.107011293199369,0.0,0.0,0.0,0.0,3.273991487462167,3.273991487462167,0.0
2022-04-09 04:00:00,0.0,0.0,0.0,0.0,0.0,15.107011293199369,0.0,0.0,0.0,15.107011293199369,0.0,0.0,0.0,0.0,3.5025605683282737,3.5025605683282737,0.0
2022-04-09 05:00:00,0.0,0.0,0.0,8.171766461472032,136.6207795989205,15.622104962671402,0.0,0.0,0.0,15.622104962671402,0.0,0.0,0.0,0.0,28.30856543016511,28.30856543016511,0.0
2022-04-09 06:00:00,0.0,0.0,0.0,8.171766461472032,105.53882163307219,19.064424357991378,0.0,0.0,0.0,19.064424357991378,0.0,0.0,0.0,0.0,23.529728036880083,23.529728036880083,0.0
2022-04-09 07:00:00,0.0,0.0,0.0,8.171766461472032,91.1640671504457,32.706898309561794,0.0,0.0,0.0,32.706898309561794,0.0,0.0,0.0,0.0,24.27555812061852,24.27555812061852,0.0
2022-04-09 08:00:00,0.0,0.0,0.0,8.171766461472032,72.2035888554546,49.09918831618329,0.0,0.0,0.0,49.09918831618329,0.0,0.0,0.0,0.0,24.84644723912811,24.84644723912811,0.0
2022-04-09 09:00:00,0.0,0.0,0.0,8.171766461472032,67.59596271374944,49.09918831618329,0.0,0.0,0.0,49.09918831618329,0.0,0.0,0.0,0.0,23.932882632201938,23.932882632201938,0.0
2022-04-09 10:00:00,0.0,0.0,0.0,8.171766461472032,55.2616797930748,49.09918831618329,0.0,0.0,0.0,49.09918831618329,0.0,0.0,0.0,0.0,21.748914275748284,21.748914275748284,0.0
2022-04-09 11:00:00,0.0,0.0,0.0,8.171766461472032,51.197704775685345,49.09918831618329,0.0,0.0,0.0,49.09918831618329,0.0,0.0,0.0,0.0,21.101644494814266,21.101644494814266,0.0
2022-04-09 12:00:00,0.0,0.0,0.0,8.171766461472032,41.64388715846122,49.09918831618329,0.0,0.0,0.0,49.09918831618329,0.0,0.0,0.0,0.0,19.367727903716247,19.367727903716247,0.0
2022-04-09 13:00:00,0.0,0.0,0.0,8.171766461472032,30.199873989709833,49.09918831618329,0.0,0.0,0.0,49.09918831618329,0.0,0.0,0.0,0.0,17.242417664956783,17.242417664956783,0.0
2022-04-09 14:00:00,0.0,0.0,0.0,8.171766461472032,20.355489559847022,49.09918831618329,0.0,0.0,0.0,49.09918831618329,0.0,0.0,0.0,0.0,15.383517600206869,15.383517600206869,0.0
2022-04-09 15:00:00,0.0,0.0,0.0,8.171766461472032,14.70261813095956,49.09918831618329,0.0,0.0,0.0,49.09918831618329,0.0,0.0,0.0,0.0,14.55180168220978,14.55180168220978,0.0
2022-04-09 16:00:00,0.0,0.0,0.0,8.171766461472032,21.4982448159459,49.09918831618329,0.0,0.0,0.0,49.09918831618329,0.0,0.0,0.0,0.0,15.581415287170064,15.581415287170064,0.0
2022-04-09 17:00:00,0.0,0.0,0.0,8.171766461472032,32.07059859356628,37.25438962675194,0.0,0.0,0.0,37.25438962675194,0.0,0.0,0.0,0.0,14.849493870794863,14.849493870794863,0.0
2022-04-09 18:00:00,0.0,0.0,0.0,8.171766461472032,47.78210275302656,44.91106241875194,0.0,0.0,0.0,44.91106241875194,0.0,0.0,0.0,0.0,19.585289481270834,19.585289481270834,0.0
2022-04-09 19:00:00,0.0,0.0,0.0,8.171766461472034,66.35074580804421,44.191907497561786,0.0,0.0,0.0,44.191907497561786,0.0,0.0,0.0,0.0,22.45398910533592,22.45398910533592,0.0
2022-04-09 20:00:00,0.0,0.0,0.0,0.0,0.0,22.37766708451935,0.0,0.0,0.0,22.37766708451935,0.0,0.0,0.0,0.0,5.388766010623105,5.388766010623105,0.0
2022-04-09 21:00:00,0.0,0.0,0.0,0.0,0.0,15.107011293199369,0.0,0.0,0.0,15.107011293199369,0.0,0.0,0.0,0.0,3.5336810115922646,3.5336810115922646,0.0
2022-04-09 22:00:00,0.0,0.0,0.0,0.0,0.0,15.107011293199369,0.0,0.0,0.0,15.107011293199369,0.0,0.0,0.0,0.0,3.404818205261274,3.404818205261274,0.0
2022-04-09 23:00:00,0.0,0.0,0.0,0.0,0.0,15.107011293199369,0.0,0.0,0.0,15.107011293199369,0.0,0.0,0.0,0.0,3.301788388241654,3.301788388241654,0.0
2022-04-10 00:00:00,0.0,0.0,0.0,0.0,0.0,15.107011293199369,0.0,0.0,0.0,15.107011293199369,0.0,0.0,0.0,0.0,3.244381745327496,3.244381745327496,0.0
2022-04-10 01:00:00,0.0,0.0,0.0,0.0,0.0,15.107011293199369,0.0,0.0,0.0,15.107011293199369,0.0,0.0,0.0,0.0,3.2493670590542525,3.2493670590542525,0.0
2022-04-10 02:00:00,0.0,0.0,0.0,0.0,0.0,15.107011293199369,0.0,0.0,0.0,15.107011293199369,0.0,0.0,0.0,0.0,3.29015598954589,3.29015598954589,0.0
2022-04-10 03:00:00,0.0,0.0,0.0,0.0,0.0,15.107011293199369,0.0,0.0,0.0,15.107011293199369,0.0,0.0,0.0,0.0,3.378834145836971,3.378834145836971,0.0
2022-04-10 04:00:00,0.0,0.0,0.0,0.0,0.0,15.107011293199369,0.0,0.0,0.0,15.107011293199369,0.0,0.0,0.0,0.0,3.4841300145505705,3.4841300145505705,0.0
2022-04-10 05:00:00,0.0,0.0,0.0,8.171766461472032,185.890841646604,15.622104962671402,0.0,0.0,0.0,15.622104962671402,0.0,0.0,0.0,0.0,37.06608780229058,37.06608780229058,0.0
2022-04-10 06:00:00,0.0,0.0,0.0,8.171766461472032,134.1453969598749,19.064424357991378,0.0,0.0,0.0,19.064424357991378,0.0,0.0,0.0,0.0,28.58369713941508,28.58369713941508,0.0
2022-04-10 07:00:00,0.0,0.0,0.0,8.171766461472032,97.59105425807583,32.706898309561794,0.0,0.0,0.0,32.706898309561794,0.0,0.0,0.0,0.0,25.12529496675533,25.12529496675533,0.0
2022-04-10 08:00:00,0.0,0.0,0.0,8.171766461472032,56.92753877873517,49.09918831618329,0.0,0.0,0.0,49.09918831618329,0.0,0.0,0.0,0.0,21.525455528524702,21.525455528524702,0.0
2022-04-10 09:00:00,0.0,0.0,0.0,8.171766461472032,33.45241553685943,49.09918831618329,0.0,0.0,0.0,49.09918831618329,0.0,0.0,0.0,0.0,17.186312726157894,17.186312726157894,0.0
2022-04-10 10:00:00,0.0,0.0,0.0,8.171766461472032,9.501466117910281,49.09918831618329,0.0,0.0,0.0,49.09918831618329,0.0,0.0,0.0,0.0,12.987353489816252,12.987353489816252,0.0
2022-04-10 11:00:00,0.0,0.0,0.0,8.171766461472032,0.44747065179967555,49.09918831618329,0.0,0.0,0.0,49.09918831618329,0.0,0.0,0.0,0.0,11.255542536924583,11.255542536924583,0.0
2022-04-10 12:00:00,0.0,0.0,0.0,8.171766461472032,0.0,49.09918831618329,0.0,0.0,0.0,49.09918831618329,0.0,0.0,0.0,0.0,11.191177992907656,11.191177992907656,0.0
2022-04-10 13:00:00,0.0,0.0,0.0,8.171766461472032,0.0,49.09918831618329,0.0,0.0,0.0,49.09918831618329,0.0,0.0,0.0,0.0,11.073830932831978,11.073830932831978,0.0
2022-04-10 14:00:00,0.0,0.0,0.0,8.171766461472032,0.0,49.09918831618329,0.0,0.0,0.0,49.09918831618329,0.0,0.0,0.0,0.0,11.146006739656768,11.146006739656768,0.0
2022-04-10 15:00:00,0.0,0.0,0.0,8.171766461472032,0.0,49.09918831618329,0.0,0.0,0.0,49.09918831618329,0.0,0.0,0.0,0.0,11.388556729938713,11.388556729938713,0.0
2022-04-10 16:00:00,0.0,0.0,0.0,8.171766461472032,0.0,49.09918831618329,0.0,0.0,0.0,49.09918831618329,0.0,0.0,0.0,0.0,11.427345088708499,11.427345088708499,0.0
2022-04-10 17:00:00,0.0,0.0,0.0,8.171766461472032,0.0,37.25438962675194,0.0,0.0,0.0,37.25438962675194,0.0,0.0,0.0,0.0,8.743232701502412,8.743232701502412,0.0
2022-04-10 18:00:00,0.0,0.0,0.0,8.171766461472032,0.17223659999023905,44.91106241875194,0.0,0.0,0.0,44.91106241875194,0.0,0.0,0.0,0.0,10.505169248455495,10.505169248455495,0.0
2022-04-10 19:00:00,0.0,0.0,0.0,8.171766461472032,5.763440683730009,44.191907497561786,0.0,0.0,0.0,44.191907497561786,0.0,0.0,0.0,0.0,11.224828398176259,11.224828398176259,0.0
2022-04-10 20:00:00,0.0,0.0,0.0,0.0,0.0,22.37766708451935,0.0,0.0,0.0,22.37766708451935,0.0,0.0,0.0,0.0,5.2274230309437195,5.2274230309437195,0.0
2022-04-10 21:00:00,0.0,0.0,0.0,0.0,0.0,15.107011293199369,0.0,0.0,0.0,15.107011293199369,0.0,0.0,0.0,0.0,3.3915240353232585,3.3915240353232585,0.0
2022-04-10 22:00:00,0.0,0.0,0.0,0.0,0.0,15.107011293199369,0.0,0.0,0.0,15.107011293199369,0.0,0.0,0.0,0.0,3.227764032904977,3.227764032904977,0.0
2022-04-10 23:00:00,0.0,0.0,0.0,0.0,0.0,15.107011293199369,0.0,0.0,0.0,15.107011293199369,0.0,0.0,0.0,0.0,3.034545358464957,3.034545358464957,0.0
2022-04-11 00:00:00,0.0,0.0,0.0,0.0,0.0,15.107011293199369,0.0,0.0,0.0,15.107011293199369,0.0,0.0,0.0,0.0,3.0664211522936076,3.0664211522936076,0.0
2022-04-11 01:00:00,0.0,0.0,0.0,0.0,0.0,15.107011293199369,0.0,0.0,0.0,15.107011293199369,0.0,0.0,0.0,0.0,3.056903735178892,3.056903735178892,0.0
2022-04-11 02:00:00,0.0,0.0,0.0,0.0,0.0,15.107011293199369,0.0,0.0,0.0,15.107011293199369,0.0,0.0,0.0,0.0,3.06052941788926,3.06052941788926,0.0
2022-04-11 03:00:00,0.0,0.0,0.0,0.0,0.0,15.107011293199369,0.0,0.0,0.0,15.107011293199369,0.0,0.0,0.0,0.0,3.135006983564733,3.135006983564733,0.0
2022-04-11 04:00:00,0.0,0.0,0.0,0.0,0.0,15.107011293199369,0.0,0.0,0.0,15.107011293199369,0.0,0.0,0.0,0.0,3.343483739410884,3.343483739410884,0.0
2022-04-11 05:00:00,0.0,0.0,0.0,8.171766461472032,89.1406963052564,15.622104962671402,0.0,0.0,0.0,15.622104962671402,0.0,0.0,0.0,0.0,19.54885835388491,19.54885835388491,0.0
2022-04-11 06:00:00,0.0,0.0,0.0,8.171766461472032,61.820959250403924,19.064424357991378,0.0,0.0,0.0,19.064424357991378,0.0,0.0,0.0,0.0,15.396363619937642,15.396363619937642,0.0
2022-04-11 07:00:00,0.0,0.0,0.0,8.171766461472032,34.87473649798297,32.706898309561794,0.0,0.0,0.0,32.706898309561794,0.0,0.0,0.0,0.0,13.62190941914318,13.62190941914318,0.0
2022-04-11 08:00:00,0.0,0.0,0.0,8.171766461472032,4.731512689457048,49.09918831618329,0.0,0.0,0.0,49.09918831618329,0.0,0.0,0.0,0.0,11.43769582010074,11.43769582010074,0.0
2022-04-11 09:00:00,0.0,0.0,0.0,8.171766461472032,0.0,49.09918831618329,0.0,0.0,0.0,49.09918831618329,0.0,0.0,0.0,0.0,10.402645028549752,10.402645028549752,0.0
2022-04-11 10:00:00,0.0,0.0,0.0,8.171766461472032,0.0,49.09918831618329,0.0,0.0,0.0,49.09918831618329,0.0,0.0,0.0,0.0,10.540122755835066,10.540122755835066,0.0
2022-04-11 11:00:00,0.0,0.0,0.1591553388032115,8.171766461472032,0.0,49.258343654986504,0.0,0.0,0.0,49.258343654986504,0.0,0.0,0.0,0.0,10.898901117102314,10.898901117102314,0.0
2022-04-11 12:00:00,0.0,0.0,1.0464754481617715,8.171766461472032,0.0,50.14566376434506,0.0,0.0,0.0,50.14566376434506,0.0,0.0,0.0,0.0,11.3584942992618,11.3584942992618,0.0
2022-04-11 13:00:00,0.0,0.0,3.239999641114239,8.171766461472032,0.0,52.33918795729753,0.0,0.0,0.0,52.33918795729753,0.0,0.0,0.0,0.0,12.514823232469414,12.514823232469414,0.0
2022-04-11 14:00:00,0.0,0.0,5.88748840222493,8.171766461472032,0.0,54.98667671840821,0.0,0.0,0.0,54.98667671840821,0.0,0.0,0.0,0.0,14.178864458608743,14.178864458608743,0.0
2022-04-11 15:00:00,0.0,0.0,5.857003168618911,8.171766461472032,0.0,54.956191484802204,0.0,0.0,0.0,54.956191484802204,0.0,0.0,0.0,0.0,13.457672170798363,13.457672170798363,0.0
2022-04-11 16:00:00,0.0,0.0,4.664760408014281,8.171766461472032,0.0,53.76394872419757,0.0,0.0,0.0,53.76394872419757,0.0,0.0,0.0,0.0,13.160339368709081,13.160339368709081,0.0
2022-04-11 17:00:00,0.0,0.0,3.019438163771554,8.171766461472032,0.0,40.27382779052349,0.0,0.0,0.0,40.27382779052349,0.0,0.0,0.0,0.0,10.103495177808627,10.103495177808627,0.0
2022-04-11 18:00:00,0.0,0.0,0.7281976268174745,8.171766461472032,0.0,45.63926004556941,0.0,0.0,0.0,45.63926004556941,0.0,0.0,0.0,0.0,11.74069964672273,11.74069964672273,0.0
2022-04-11 19:00:00,0.0,0.0,0.07965707683553834,8.171766461472032,0.0,44.27156457439733,0.0,0.0,0.0,44.27156457439733,0.0,0.0,0.0,0.0,11.137397499981137,11.137397499981137,0.0
2022-04-11 20:00:00,0.0,0.0,0.0,0.0,0.0,22.37766708451935,0.0,0.0,0.0,22.37766708451935,0.0,0.0,0.0,0.0,5.6738574892798805,5.6738574892798805,0.0
2022-04-11 21:00:00,0.0,0.0,0.0,0.0,0.0,15.107011293199369,0.0,0.0,0.0,15.107011293199369,0.0,0.0,0.0,0.0,3.7551497971505667,3.7551497971505667,0.0
2022-04-11 22:00:00,0.0,0.0,0.0,0.0,0.0,15.107011293199369,0.0,0.0,0.0,15.107011293199369,0.0,0.0,0.0,0.0,3.588368392473646,3.588368392473646,0.0
2022-04-11 23:00:00,0.0,0.0,0.0,0.0,0.0,15.107011293199369,0.0,0.0,0.0,15.107011293199369,0.0,0.0,0.0,0.0,3.5945622671038575,3.5945622671038575,0.0
2022-04-12 00:00:00,0.0,0.0,0.0,0.0,0.0,15.107011293199369,0.0,0.0,0.0,15.107011293199369,0.0,0.0,0.0,0.0,3.5495433734501236,3.5495433734501236,0.0
2022-04-12 01:00:00,0.0,0.0,0.0,0.0,0.0,15.107011293199369,0.0,0.0,0.0,15.107011293199369,0.0,0.0,0.0,0.0,3.542896288481116,3.542896288481116,0.0
2022-04-12 02:00:00,0.0,0.0,0.0,0.0,0.0,15.107011293199369,0.0,0.0,0.0,15.107011293199369,0.0,0.0,0.0,0.0,3.564499314630391,3.564499314630391,0.0
2022-04-12 03:00:00,0.0,0.0,0.0,0.0,0.0,15.107011293199369,0.0,0.0,0.0,15.107011293199369,0.0,0.0,0.0,0.0,3.7302232285167882,3.7302232285167882,0.0
2022-04-12 04:00:00,0.0,0.0,0.0,0.0,0.0,15.107011293199369,0.0,0.0,0.0,15.107011293199369,0.0,0.0,0.0,0.0,3.8814444115617137,3.8814444115617137,0.0
2022-04-12 05:00:00,0.0,0.0,0.0,8.171766461472032,23.861795189483924,15.622104962671402,0.0,0.0,0.0,15.622104962671402,0.0,0.0,0.0,0.0,8.371820848078338,8.371820848078338,0.0
2022-04-12 06:00:00,0.0,0.0,0.0,8.171766461472032,18.113428505491296,19.064424357991378,0.0,0.0,0.0,19.064424357991378,0.0,0.0,0.0,0.0,8.219796434743383,8.219796434743383,0.0
2022-04-12 07:00:00,0.0,0.0,0.0,8.171766461472032,8.6020481448345,32.706898309561794,0.0,0.0,0.0,32.706898309561794,0.0,0.0,0.0,0.0,9.837057431348867,9.837057431348867,0.0
2022-04-12 08:00:00,0.0,0.0,0.0,8.171766461472032,0.0,49.09918831618329,0.0,0.0,0.0,49.09918831618329,0.0,0.0,0.0,0.0,13.025032676517101,13.025032676517101,0.0
2022-04-12 09:00:00,0.0,0.0,0.0,8.171766461472032,0.0,49.09918831618329,0.0,0.0,0.0,49.09918831618329,0.0,0.0,0.0,0.0,12.678883398888011,12.678883398888011,0.0
2022-04-12 10:00:00,0.0,0.0,0.0,8.171766461472032,0.0,49.09918831618329,0.0,0.0,0.0,49.09918831618329,0.0,0.0,0.0,0.0,12.784937645650967,12.784937645650967,0.0
2022-04-12 11:00:00,0.0,0.0,0.0,8.171766461472032,0.0,49.09918831618329,0.0,0.0,0.0,49.09918831618329,0.0,0.0,0.0,0.0,12.731419530386328,12.731419530386328,0.0
2022-04-12 12:00:00,0.0,0.0,0.0,8.171766461472032,0.0,49.09918831618329,0.0,0.0,0.0,49.09918831618329,0.0,0.0,0.0,0.0,12.719635725190443,12.719635725190443,0.0
2022-04-12 13:00:00,0.0,0.0,0.0,8.171766461472032,0.26916208112553885,49.09918831618329,0.0,0.0,0.0,49.09918831618329,0.0,0.0,0.0,0.0,12.762697558646629,12.762697558646629,0.0
2022-04-12 14:00:00,0.0,0.0,0.0,8.171766461472032,1.2207170417868793,49.09918831618329,0.0,0.0,0.0,49.09918831618329,0.0,0.0,0.0,0.0,12.917331699340288,12.917331699340288,0.0
2022-04-12 15:00:00,0.0,0.0,0.0,8.171766461472032,4.640976716994649,49.09918831618329,0.0,0.0,0.0,49.09918831618329,0.0,0.0,0.0,0.0,13.565556334534222,13.565556334534222,0.0
2022-04-12 16:00:00,0.0,0.0,0.0,8.171766461472032,12.694249884361685,49.09918831618329,0.0,0.0,0.0,49.09918831618329,0.0,0.0,0.0,0.0,14.738632081204273,14.738632081204273,0.0
2022-04-12 17:00:00,0.0,0.0,0.0,8.171766461472032,23.181652004827058,37.25438962675194,0.0,0.0,0.0,37.25438962675194,0.0,0.0,0.0,0.0,13.504227925381034,13.504227925381034,0.0
2022-04-12 18:00:00,0.0,0.0,0.0,8.171766461472032,37.26045155276257,44.91106241875194,0.0,0.0,0.0,44.91106241875194,0.0,0.0,0.0,0.0,18.13368490092859,18.13368490092859,0.0
2022-04-12 19:00:00,0.0,0.0,0.0,8.171766461472032,44.32226856771031,44.191907497561786,0.0,0.0,0.0,44.191907497561786,0.0,0.0,0.0,0.0,19.185984794331446,19.185984794331446,0.0
2022-04-12 20:00:00,0.0,0.0,0.0,0.0,0.0,22.37766708451935,0.0,0.0,0.0,22.37766708451935,0.0,0.0,0.0,0.0,5.520346693080078,5.520346693080078,0.0
2022-04-12 21:00:00,0.0,0.0,0.0,0.0,0.0,15.107011293199369,0.0,0.0,0.0,15.107011293199369,0.0,0.0,0.0,0.0,3.5728081708416504,3.5728081708416504,0.0
2022-04-12 22:00:00,0.0,0.0,0.0,0.0,0.0,15.107011293199369,0.0,0.0,0.0,15.107011293199369,0.0,0.0,0.0,0.0,3.3187082408900377,3.3187082408900377,0.0
2022-04-12 23:00:00,0.0,0.0,0.0,0.0,0.0,15.107011293199369,0.0,0.0,0.0,15.107011293199369,0.0,0.0,0.0,0.0,3.346354071556592,3.346354071556592,0.0
2022-04-13 00:00:00,0.0,0.0,0.0,0.0,0.0,15.107011293199369,0.0,0.0,0.0,15.107011293199369,0.0,0.0,0.0,0.0,3.291213480336415,3.291213480336415,0.0
2022-04-13 01:00:00,0.0,0.0,0.0,0.0,0.0,15.107011293199369,0.0,0.0,0.0,15.107011293199369,0.0,0.0,0.0,0.0,3.2890984987553664,3.2890984987553664,0.0
2022-04-13 02:00:00,0.0,0.0,0.0,0.0,0.0,15.107011293199369,0.0,0.0,0.0,15.107011293199369,0.0,0.0,0.0,0.0,3.2955945136114426,3.2955945136114426,0.0
2022-04-13 03:00:00,0.0,0.0,0.0,0.0,0.0,15.107011293199369,0.0,0.0,0.0,15.107011293199369,0.0,0.0,0.0,0.0,3.214772003192826,3.214772003192826,0.0
2022-04-13 04:00:00,0.0,0.0,0.0,0.0,0.0,15.107011293199369,0.0,0.0,0.0,15.107011293199369,0.0,0.0,0.0,0.0,3.2563162842491242,3.2563162842491242,0.0
2022-04-13 05:00:00,0.0,0.0,0.0,8.171766461472032,129.33175335001832,15.622104962671402,0.0,0.0,0.0,15.622104962671402,0.0,0.0,0.0,0.0,26.842920385864417,26.842920385864417,0.0
2022-04-13 06:00:00,0.0,0.0,0.0,8.171766461472032,94.13182615848457,19.064424357991378,0.0,0.0,0.0,19.064424357991378,0.0,0.0,0.0,0.0,21.28563082276903,21.28563082276903,0.0
2022-04-13 07:00:00,0.0,0.0,0.0,8.171766461472032,68.71846795926965,32.706898309561794,0.0,0.0,0.0,32.706898309561794,0.0,0.0,0.0,0.0,19.8224388414492,19.8224388414492,0.0
2022-04-13 08:00:00,0.0,0.0,0.0,8.171766461472032,35.223631014366454,49.09918831618329,0.0,0.0,0.0,49.09918831618329,0.0,0.0,0.0,0.0,17.660374241450757,17.660374241450757,0.0
2022-04-13 09:00:00,0.0,0.0,0.0,8.171766461472032,16.08390577457204,49.09918831618329,0.0,0.0,0.0,49.09918831618329,0.0,0.0,0.0,0.0,14.083654945039179,14.083654945039179,0.0
2022-04-13 10:00:00,0.0,0.0,0.0,8.171766461472032,1.1701679264327627,49.09918831618329,0.0,0.0,0.0,49.09918831618329,0.0,0.0,0.0,0.0,11.333619340887585,11.333619340887585,0.0
2022-04-13 11:00:00,0.0,0.0,0.0,8.171766461472032,0.0,49.09918831618329,0.0,0.0,0.0,49.09918831618329,0.0,0.0,0.0,0.0,11.059101176337123,11.059101176337123,0.0
2022-04-13 12:00:00,0.0,0.0,0.0,8.171766461472032,0.0,49.09918831618329,0.0,0.0,0.0,49.09918831618329,0.0,0.0,0.0,0.0,10.638812124350595,10.638812124350595,0.0
2022-04-13 13:00:00,0.0,0.0,0.0,8.171766461472032,0.0,49.09918831618329,0.0,0.0,0.0,49.09918831618329,0.0,0.0,0.0,0.0,10.55436152044676,10.55436152044676,0.0
2022-04-13 14:00:00,0.0,0.0,0.0,8.171766461472032,0.0,49.09918831618329,0.0,0.0,0.0,49.09918831618329,0.0,0.0,0.0,0.0,10.760087119491567,10.760087119491567,0.0
2022-04-13 15:00:00,0.0,0.0,0.0,8.171766461472032,0.0,49.09918831618329,0.0,0.0,0.0,49.09918831618329,0.0,0.0,0.0,0.0,11.115074251017573,11.115074251017573,0.0
2022-04-13 16:00:00,0.0,0.0,0.0,8.171766461472032,0.0,49.09918831618329,0.0,0.0,0.0,49.09918831618329,0.0,0.0,0.0,0.0,11.273664629278844,11.273664629278844,0.0
2022-04-13 17:00:00,0.0,0.0,0.0,8.171766461472032,0.0,37.25438962675194,0.0,0.0,0.0,37.25438962675194,0.0,0.0,0.0,0.0,8.70448813629059,8.70448813629059,0.0
2022-04-13 18:00:00,0.0,0.0,0.0,8.171766461472032,2.1410280393366183,44.91106241875194,0.0,0.0,0.0,44.91106241875194,0.0,0.0,0.0,0.0,10.927017556045879,10.927017556045879,0.0
2022-04-13 19:00:00,0.0,0.0,0.0,8.171766461472032,14.987006035739832,44.191907497561786,0.0,0.0,0.0,44.191907497561786,0.0,0.0,0.0,0.0,12.841785171008592,12.841785171008592,0.0
2022-04-13 20:00:00,0.0,0.0,0.0,0.0,0.0,22.37766708451935,0.0,0.0,0.0,22.37766708451935,0.0,0.0,0.0,0.0,5.174387959953409,5.174387959953409,0.0
2022-04-13 21:00:00,0.0,0.0,0.0,0.0,0.0,15.107011293199369,0.0,0.0,0.0,15.107011293199369,0.0,0.0,0.0,0.0,3.379740566514563,3.379740566514563,0.0
2022-04-13 22:00:00,0.0,0.0,0.0,0.0,0.0,15.107011293199369,0.0,0.0,0.0,15.107011293199369,0.0,0.0,0.0,0.0,3.2140166526281657,3.2140166526281657,0.0
2022-04-13 23:00:00,0.0,0.0,0.0,0.0,0.0,14.657592477664597,0.0,0.0,0.0,14.657592477664597,0.0,0.0,0.0,0.0,2.9020567346528137,2.9020567346528137,0.0
2022-04-14 00:00:00,0.0,0.0,0.0,0.0,0.0,14.657592477664597,0.0,0.0,0.0,14.657592477664597,0.0,0.0,0.0,0.0,2.9603939527139187,2.9603939527139187,0.0
2022-04-14 01:00:00,0.0,0.0,0.0,0.0,0.0,14.657592477664597,0.0,0.0,0.0,14.657592477664597,0.0,0.0,0.0,0.0,2.9929338080143344,2.9929338080143344,0.0
2022-04-14 02:00:00,0.0,0.0,0.0,0.0,0.0,14.657592477664597,0.0,0.0,0.0,14.657592477664597,0.0,0.0,0.0,0.0,2.907626619794326,2.907626619794326,0.0
2022-04-14 03:00:00,0.0,0.0,0.0,0.0,0.0,14.657592477664597,0.0,0.0,0.0,14.657592477664597,0.0,0.0,0.0,0.0,3.098908201627849,3.098908201627849,0.0
2022-04-14 04:00:00,0.0,0.0,0.0,0.0,0.0,14.657592477664597,0.0,0.0,0.0,14.657592477664597,0.0,0.0,0.0,0.0,3.2531060744928806,3.2531060744928806,0.0
2022-04-14 05:00:00,0.0,0.0,0.0,8.171766461472032,124.91037971668638,13.258517949136637,0.0,0.0,0.0,13.258517949136637,0.0,0.0,0.0,0.0,25.529946005568807,25.529946005568807,0.0
2022-04-14 06:00:00,0.0,0.0,0.0,8.171766461472032,86.33232760084998,14.516933040801234,0.0,0.0,0.0,14.516933040801234,0.0,0.0,0.0,0.0,19.00166927845474,19.00166927845474,0.0
2022-04-14 07:00:00,0.0,0.0,0.0,8.171766461472032,49.13596729821046,23.611915675181518,0.0,0.0,0.0,23.611915675181518,0.0,0.0,0.0,0.0,14.571187977164946,14.571187977164946,0.0
2022-04-14 08:00:00,0.0,0.0,0.0,8.171766461472032,10.005016191415413,37.25438962675194,0.0,0.0,0.0,37.25438962675194,0.0,0.0,0.0,0.0,10.887380394569684,10.887380394569684,0.0
2022-04-14 09:00:00,0.0,0.0,0.0,8.171766461472032,0.0,49.09918831618329,0.0,0.0,0.0,49.09918831618329,0.0,0.0,0.0,0.0,12.016535348502698,12.016535348502698,0.0
2022-04-14 10:00:00,0.0,0.0,0.0,8.171766461472032,0.0,49.09918831618329,0.0,0.0,0.0,49.09918831618329,0.0,0.0,0.0,0.0,12.30327460826921,12.30327460826921,0.0
2022-04-14 11:00:00,0.0,0.0,0.5443637149742865,8.171766461472032,0.0,49.64355203115758,0.0,0.0,0.0,49.64355203115758,0.0,0.0,0.0,0.0,12.221249639030374,12.221249639030374,0.0
2022-04-14 12:00:00,0.0,0.0,3.568752820429932,8.171766461472032,0.0,52.66794113661323,0.0,0.0,0.0,52.66794113661323,0.0,0.0,0.0,0.0,12.991601040168385,12.991601040168385,0.0
2022-04-14 13:00:00,0.0,0.0,6.387294501670557,8.171766461472032,0.0,55.48648281785385,0.0,0.0,0.0,55.48648281785385,0.0,0.0,0.0,0.0,14.098560419188484,14.098560419188484,0.0
2022-04-14 14:00:00,0.0,0.0,7.6500533935494754,8.171766461472032,0.0,56.74924170973276,0.0,0.0,0.0,56.74924170973276,0.0,0.0,0.0,0.0,14.988609720374617,14.988609720374617,0.0
2022-04-14 15:00:00,0.0,0.0,7.832565992019392,8.171766461472032,0.0,56.931754308202684,0.0,0.0,0.0,56.931754308202684,0.0,0.0,0.0,0.0,15.256002201969075,15.256002201969075,0.0
2022-04-14 16:00:00,0.0,0.0,7.228318205688979,8.171766461472032,0.0,56.32750652187228,0.0,0.0,0.0,56.32750652187228,0.0,0.0,0.0,0.0,15.190965233883734,15.190965233883734,0.0
2022-04-14 17:00:00,0.0,0.0,3.2795223660815394,8.171766461472032,0.0,35.98642067564333,0.0,0.0,0.0,35.98642067564333,0.0,0.0,0.0,0.0,9.466227958727979,9.466227958727979,0.0
2022-04-14 18:00:00,0.0,0.0,0.6781312883643079,8.171766461472032,0.0,31.946719755545818,0.0,0.0,0.0,31.946719755545818,0.0,0.0,0.0,0.0,8.312855947590577,8.312855947590577,0.0
2022-04-14 19:00:00,0.0,0.0,0.12211544207178907,8.171766461472032,0.0,35.219040305253294,0.0,0.0,0.0,35.219040305253294,0.0,0.0,0.0,0.0,9.11010915575987,9.11010915575987,0.0
2022-04-14 20:00:00,0.0,0.0,0.0,8.171766461472032,0.0,26.001942228801234,0.0,0.0,0.0,26.001942228801234,0.0,0.0,0.0,0.0,6.868153020315558,6.868153020315558,0.0
2022-04-14 21:00:00,0.0,0.0,0.0,0.0,0.0,14.657592477664597,0.0,0.0,0.0,14.657592477664597,0.0,0.0,0.0,0.0,3.862129041939845,3.862129041939845,0.0
2022-04-14 22:00:00,0.0,0.0,0.0,0.0,0.0,14.657592477664597,0.0,0.0,0.0,14.657592477664597,0.0,0.0,0.0,0.0,3.6745118582257383,3.6745118582257383,0.0
2022-04-14 23:00:00,0.0,0.0,0.0,0.0,0.0,14.657592477664597,0.0,0.0,0.0,14.657592477664597,0.0,0.0,0.0,0.0,3.671580339730205,3.671580339730205,0.0
2022-04-15 00:00:00,0.0,0.0,0.0,0.0,0.0,14.657592477664597,0.0,0.0,0.0,14.657592477664597,0.0,0.0,0.0,0.0,3.615148608691196,3.615148608691196,0.0
2022-04-15 01:00:00,0.0,0.0,0.0,0.0,0.0,14.657592477664597,0.0,0.0,0.0,14.657592477664597,0.0,0.0,0.0,0.0,3.64035966775278,3.64035966775278,0.0
2022-04-15 02:00:00,0.0,0.0,0.0,0.0,0.0,14.657592477664597,0.0,0.0,0.0,14.657592477664597,0.0,0.0,0.0,0.0,3.6871173877565293,3.6871173877565293,0.0
2022-04-15 03:00:00,0.0,0.0,0.0,0.0,0.0,14.657592477664597,0.0,0.0,0.0,14.657592477664597,0.0,0.0,0.0,0.0,3.7653889315872586,3.7653889315872586,0.0
2022-04-15 04:00:00,0.0,0.0,0.0,0.0,0.0,14.657592477664597,0.0,0.0,0.0,14.657592477664597,0.0,0.0,0.0,0.0,3.922811474797376,3.922811474797376,0.0
2022-04-15 05:00:00,0.0,0.0,0.0,0.0,0.0,5.0867514876646,0.0,0.0,0.0,5.0867514876646,0.0,0.0,0.0,0.0,1.3920404121142944,1.3920404121142944,0.0
2022-04-15 06:00:00,0.0,0.0,0.0,0.0,0.0,3.1725832896646002,0.0,0.0,0.0,3.1725832896646002,0.0,0.0,0.0,0.0,0.8968892959881825,0.8968892959881825,0.0
2022-04-15 07:00:00,0.0,0.0,0.0,8.171766461472032,1.3578282293302024,14.516933040801234,0.0,0.0,0.0,14.516933040801234,0.0,0.0,0.0,0.0,4.287588556182785,4.287588556182785,0.0
2022-04-15 08:00:00,0.0,0.0,0.0,8.171766461472032,0.0,14.516933040801234,0.0,0.0,0.0,14.516933040801234,0.0,0.0,0.0,0.0,4.030626458778462,4.030626458778462,0.0
2022-04-15 09:00:00,0.0,0.0,0.0,8.171766461472032,0.0,28.15940699237166,0.0,0.0,0.0,28.15940699237166,0.0,0.0,0.0,0.0,7.91223017671659,7.91223017671659,0.0
2022-04-15 10:00:00,0.0,0.0,2.091141166691732,8.171766461472032,0.0,30.2505481590634,0.0,0.0,0.0,30.2505481590634,0.0,0.0,0.0,0.0,8.519159372555434,8.519159372555434,0.0
2022-04-15 11:00:00,0.0,0.0,9.781508165624617,8.171766461472032,0.0,47.035897792376566,0.0,0.0,0.0,47.035897792376566,0.0,0.0,0.0,0.0,13.00777753448174,13.00777753448174,0.0
2022-04-15 12:00:00,0.0,0.0,14.073381266465955,8.171766461472032,0.0,51.32777089321789,0.0,0.0,0.0,51.32777089321789,0.0,0.0,0.0,0.0,14.414891177651311,14.414891177651311,0.0
2022-04-15 13:00:00,0.0,0.0,16.316137862391944,8.171766461472032,0.0,53.570527489143885,0.0,0.0,0.0,53.570527489143885,0.0,0.0,0.0,0.0,14.947784285295818,14.947784285295818,0.0
2022-04-15 14:00:00,0.0,0.0,17.192924210205657,8.171766461472032,0.0,54.447313836957576,0.0,0.0,0.0,54.447313836957576,0.0,0.0,0.0,0.0,15.10477380464877,15.10477380464877,0.0
2022-04-15 15:00:00,0.0,0.0,16.994374802878653,8.171766461472032,0.0,54.24876442963059,0.0,0.0,0.0,54.24876442963059,0.0,0.0,0.0,0.0,15.061626956242637,15.061626956242637,0.0
2022-04-15 16:00:00,0.0,0.0,14.923212754274173,8.171766461472032,0.0,43.08261974664583,0.0,0.0,0.0,43.08261974664583,0.0,0.0,0.0,0.0,12.016173473536991,12.016173473536991,0.0
2022-04-15 17:00:00,0.0,0.0,11.35226378077892,8.171766461472032,0.0,30.4166881387703,0.0,0.0,0.0,30.4166881387703,0.0,0.0,0.0,0.0,8.39804759511448,8.39804759511448,0.0
2022-04-15 18:00:00,0.0,0.0,0.0,0.0,0.0,10.829256081664601,0.0,0.0,0.0,10.829256081664601,0.0,0.0,0.0,0.0,2.9544376441997366,2.9544376441997366,0.0
2022-04-15 19:00:00,0.0,0.0,0.0,0.0,0.0,14.657592477664597,0.0,0.0,0.0,14.657592477664597,0.0,0.0,0.0,0.0,3.9768979910399587,3.9768979910399587,0.0
2022-04-15 20:00:00,0.0,0.0,0.0,0.0,0.0,14.657592477664597,0.0,0.0,0.0,14.657592477664597,0.0,0.0,0.0,0.0,3.8764934825679567,3.8764934825679567,0.0
2022-04-15 21:00:00,0.0,0.0,0.0,0.0,0.0,14.657592477664597,0.0,0.0,0.0,14.657592477664597,0.0,0.0,0.0,0.0,3.6655707268143627,3.6655707268143627,0.0
2022-04-15 22:00:00,0.0,0.0,0.0,0.0,0.0,14.657592477664597,0.0,0.0,0.0,14.657592477664597,0.0,0.0,0.0,0.0,3.534385274139264,3.534385274139264,0.0
2022-04-15 23:00:00,0.0,0.0,0.0,0.0,0.0,15.107011293199369,0.0,0.0,0.0,15.107011293199369,0.0,0.0,0.0,0.0,3.5184229301861327,3.5184229301861327,0.0
2022-04-16 00:00:00,0.0,0.0,0.0,0.0,0.0,15.107011293199369,0.0,0.0,0.0,15.107011293199369,0.0,0.0,0.0,0.0,3.463433409078887,3.463433409078887,0.0
2022-04-16 01:00:00,0.0,0.0,0.0,0.0,0.0,15.107011293199369,0.0,0.0,0.0,15.107011293199369,0.0,0.0,0.0,0.0,3.492892081100626,3.492892081100626,0.0
2022-04-16 02:00:00,0.0,0.0,0.0,0.0,0.0,15.107011293199369,0.0,0.0,0.0,15.107011293199369,0.0,0.0,0.0,0.0,3.5651035950821193,3.5651035950821193,0.0
2022-04-16 03:00:00,0.0,0.0,0.0,0.0,0.0,15.107011293199369,0.0,0.0,0.0,15.107011293199369,0.0,0.0,0.0,0.0,3.53186817023708,3.53186817023708,0.0
2022-04-16 04:00:00,0.0,0.0,0.0,0.0,0.0,15.107011293199369,0.0,0.0,0.0,15.107011293199369,0.0,0.0,0.0,0.0,3.5761317133261543,3.5761317133261543,0.0
2022-04-16 05:00:00,0.0,0.0,0.0,8.171766461472032,0.0,13.707936764671402,0.0,0.0,0.0,13.707936764671402,0.0,0.0,0.0,0.0,3.2224617746389534,3.2224617746389534,0.0
2022-04-16 06:00:00,0.0,0.0,0.0,8.171766461472032,0.0,19.064424357991378,0.0,0.0,0.0,19.064424357991378,0.0,0.0,0.0,0.0,4.472513954384778,4.472513954384778,0.0
2022-04-16 07:00:00,0.0,0.0,0.0,8.171766461472032,0.0,32.706898309561794,0.0,0.0,0.0,32.706898309561794,0.0,0.0,0.0,0.0,7.670421791558432,7.670421791558432,0.0
2022-04-16 08:00:00,0.0,0.0,0.7464202351813118,8.171766461472032,0.0,49.845608551364606,0.0,0.0,0.0,49.845608551364606,0.0,0.0,0.0,0.0,11.743625374701502,11.743625374701502,0.0
2022-04-16 09:00:00,0.0,0.0,5.901448972207414,8.171766461472032,0.0,55.00063728839071,0.0,0.0,0.0,55.00063728839071,0.0,0.0,0.0,0.0,12.485694670837574,12.485694670837574,0.0
2022-04-16 10:00:00,0.0,0.0,12.27439608586607,8.171766461472032,0.0,61.37358440204937,0.0,0.0,0.0,61.37358440204937,0.0,0.0,0.0,0.0,13.52796547389972,13.52796547389972,0.0
2022-04-16 11:00:00,0.0,0.0,15.871976841483,8.171766461472032,0.0,64.97116515766629,0.0,0.0,0.0,64.97116515766629,0.0,0.0,0.0,0.0,14.260521040456176,14.260521040456176,0.0
2022-04-16 12:00:00,0.0,0.0,19.20028459154499,8.171766461472032,0.0,68.29947290772829,0.0,0.0,0.0,68.29947290772829,0.0,0.0,0.0,0.0,15.028616018616532,15.028616018616532,0.0
2022-04-16 13:00:00,0.0,0.0,21.42815154660976,8.171766461472032,0.0,70.52733986279307,0.0,0.0,0.0,70.52733986279307,0.0,0.0,0.0,0.0,15.475108912694054,15.475108912694054,0.0
2022-04-16 14:00:00,0.0,0.0,22.295142495403137,8.171766461472032,0.0,71.39433081158643,0.0,0.0,0.0,71.39433081158643,0.0,0.0,0.0,0.0,15.618223808342647,15.618223808342647,0.0
2022-04-16 15:00:00,0.0,0.0,20.593103234957464,8.171766461472032,0.0,69.69229155114074,0.0,0.0,0.0,69.69229155114074,0.0,0.0,0.0,0.0,15.94977784439407,15.94977784439407,0.0
2022-04-16 16:00:00,0.0,0.0,18.434354894219133,8.171766461472032,0.0,67.53354321040241,0.0,0.0,0.0,67.53354321040241,0.0,0.0,0.0,0.0,15.978436323581212,15.978436323581212,0.0
2022-04-16 17:00:00,0.0,0.0,15.730276983330876,8.171766461472032,0.0,52.98466661008282,0.0,0.0,0.0,52.98466661008282,0.0,0.0,0.0,0.0,12.643730993164063,12.643730993164063,0.0
2022-04-16 18:00:00,0.0,0.0,12.058146441361206,8.171766461472032,0.0,56.969208860113156,0.0,0.0,0.0,56.969208860113156,0.0,0.0,0.0,0.0,13.494296502695002,13.494296502695002,0.0
2022-04-16 19:00:00,0.0,0.0,9.053045065567568,8.171766461472032,0.0,53.24495256312936,0.0,0.0,0.0,53.24495256312936,0.0,0.0,0.0,0.0,12.62384580319234,12.62384580319234,0.0
2022-04-16 20:00:00,0.0,0.0,0.0,0.0,0.0,22.37766708451935,0.0,0.0,0.0,22.37766708451935,0.0,0.0,0.0,0.0,5.513185839613032,5.513185839613032,0.0
2022-04-16 21:00:00,0.0,0.0,0.0,0.0,0.0,15.107011293199369,0.0,0.0,0.0,15.107011293199369,0.0,0.0,0.0,0.0,3.7149651471106564,3.7149651471106564,0.0
2022-04-16 22:00:00,0.0,0.0,0.0,0.0,0.0,15.107011293199369,0.0,0.0,0.0,15.107011293199369,0.0,0.0,0.0,0.0,3.54697518153028,3.54697518153028,0.0
2022-04-16 23:00:00,0.0,0.0,0.0,0.0,0.0,15.107011293199369,0.0,0.0,0.0,15.107011293199369,0.0,0.0,0.0,0.0,3.4088970983104376,3.4088970983104376,0.0
2022-04-17 00:00:00,0.0,0.0,0.0,0.0,0.0,15.107011293199369,0.0,0.0,0.0,15.107011293199369,0.0,0.0,0.0,0.0,3.5001434465213617,3.5001434465213617,0.0
2022-04-17 01:00:00,0.0,0.0,0.0,0.0,0.0,15.107011293199369,0.0,0.0,0.0,15.107011293199369,0.0,0.0,0.0,0.0,3.473404036532399,3.473404036532399,0.0
2022-04-17 02:00:00,0.0,0.0,0.0,0.0,0.0,15.107011293199369,0.0,0.0,0.0,15.107011293199369,0.0,0.0,0.0,0.0,3.5179697198473368,3.5179697198473368,0.0
2022-04-17 03:00:00,0.0,0.0,0.0,0.0,0.0,15.107011293199369,0.0,0.0,0.0,15.107011293199369,0.0,0.0,0.0,0.0,3.7051455897700767,3.7051455897700767,0.0
2022-04-17 04:00:00,0.0,0.0,0.0,0.0,0.0,15.107011293199369,0.0,0.0,0.0,15.107011293199369,0.0,0.0,0.0,0.0,3.8160310526621606,3.8160310526621606,0.0
2022-04-17 05:00:00,0.0,0.0,0.0,8.171766461472032,0.0,13.707936764671402,0.0,0.0,0.0,13.707936764671402,0.0,0.0,0.0,0.0,3.467696763358924,3.467696763358924,0.0
2022-04-17 06:00:00,0.0,0.0,0.0,8.171766461472032,0.0,19.064424357991378,0.0,0.0,0.0,19.064424357991378,0.0,0.0,0.0,0.0,4.865813028890139,4.865813028890139,0.0
2022-04-17 07:00:00,0.0,0.0,0.0,8.171766461472032,0.0,32.706898309561794,0.0,0.0,0.0,32.706898309561794,0.0,0.0,0.0,0.0,8.136822161452782,8.136822161452782,0.0
2022-04-17 08:00:00,0.0,0.0,0.15572488559972583,8.171766461472032,0.0,49.254913201783026,0.0,0.0,0.0,49.254913201783026,0.0,0.0,0.0,0.0,11.628592457808955,11.628592457808955,0.0
2022-04-17 09:00:00,0.0,0.0,2.7172812497596213,8.171766461472032,0.0,51.816469565942924,0.0,0.0,0.0,51.816469565942924,0.0,0.0,0.0,0.0,11.869080518774886,11.869080518774886,0.0
2022-04-17 10:00:00,0.0,0.0,8.68994857125835,8.171766461472032,0.0,57.789136887441636,0.0,0.0,0.0,57.789136887441636,0.0,0.0,0.0,0.0,12.741926792312007,12.741926792312007,0.0
2022-04-17 11:00:00,0.0,0.0,12.736622345360772,8.171766461472032,0.0,61.83581066154406,0.0,0.0,0.0,61.83581066154406,0.0,0.0,0.0,0.0,13.806081446402944,13.806081446402944,0.0
2022-04-17 12:00:00,0.0,0.0,15.315423111356829,8.171766461472032,0.0,64.41461142754014,0.0,0.0,0.0,64.41461142754014,0.0,0.0,0.0,0.0,14.51454439296762,14.51454439296762,0.0
2022-04-17 13:00:00,0.0,0.0,17.607955419994166,8.171766461472032,0.0,66.70714373617746,0.0,0.0,0.0,66.70714373617746,0.0,0.0,0.0,0.0,15.157197199734242,15.157197199734242,0.0
2022-04-17 14:00:00,0.0,0.0,19.770109288021146,8.171766461472032,0.0,68.86929760420445,0.0,0.0,0.0,68.86929760420445,0.0,0.0,0.0,0.0,15.889524343242051,15.889524343242051,0.0
2022-04-17 15:00:00,0.0,0.0,18.90542722257693,8.171766461472032,0.0,68.00461553876022,0.0,0.0,0.0,68.00461553876022,0.0,0.0,0.0,0.0,16.132734944260086,16.132734944260086,0.0
2022-04-17 16:00:00,0.0,0.0,16.38721552474467,8.171766461472032,0.0,65.48640384092796,0.0,0.0,0.0,65.48640384092796,0.0,0.0,0.0,0.0,15.86211673834957,15.86211673834957,0.0
2022-04-17 17:00:00,0.0,0.0,12.930211743013725,8.171766461472032,0.0,50.184601369765666,0.0,0.0,0.0,50.184601369765666,0.0,0.0,0.0,0.0,12.243537196181729,12.243537196181729,0.0
2022-04-17 18:00:00,0.0,0.0,8.675086845983413,8.171766461472032,0.0,53.58614926473535,0.0,0.0,0.0,53.58614926473535,0.0,0.0,0.0,0.0,12.737963541720239,12.737963541720239,0.0
2022-04-17 19:00:00,0.0,0.0,5.064538228904479,8.171766461472032,0.0,49.25644572646627,0.0,0.0,0.0,49.25644572646627,0.0,0.0,0.0,0.0,11.733870500958794,11.733870500958794,0.0
2022-04-17 20:00:00,0.0,0.0,0.0,0.0,0.0,22.37766708451935,0.0,0.0,0.0,22.37766708451935,0.0,0.0,0.0,0.0,5.510500519562889,5.510500519562889,0.0
2022-04-17 21:00:00,0.0,0.0,0.0,0.0,0.0,15.107011293199369,0.0,0.0,0.0,15.107011293199369,0.0,0.0,0.0,0.0,3.6427536331291637,3.6427536331291637,0.0
2022-04-17 22:00:00,0.0,0.0,0.0,0.0,0.0,15.107011293199369,0.0,0.0,0.0,15.107011293199369,0.0,0.0,0.0,0.0,3.473706176758263,3.473706176758263,0.0
2022-04-17 23:00:00,0.0,0.0,0.0,0.0,0.0,15.107011293199369,0.0,0.0,0.0,15.107011293199369,0.0,0.0,0.0,0.0,3.4418303829296124,3.4418303829296124,0.0
2022-04-18 00:00:00,0.0,0.0,0.0,0.0,0.0,15.107011293199369,0.0,0.0,0.0,15.107011293199369,0.0,0.0,0.0,0.0,3.4117674304561456,3.4117674304561456,0.0
2022-04-18 01:00:00,0.0,0.0,0.0,0.0,0.0,15.107011293199369,0.0,0.0,0.0,15.107011293199369,0.0,0.0,0.0,0.0,3.3814023377568145,3.3814023377568145,0.0
2022-04-18 02:00:00,0.0,0.0,0.0,0.0,0.0,15.107011293199369,0.0,0.0,0.0,15.107011293199369,0.0,0.0,0.0,0.0,3.391372965210327,3.391372965210327,0.0
2022-04-18 03:00:00,0.0,0.0,0.0,0.0,0.0,15.107011293199369,0.0,0.0,0.0,15.107011293199369,0.0,0.0,0.0,0.0,3.5377599046414283,3.5377599046414283,0.0
2022-04-18 04:00:00,0.0,0.0,0.0,0.0,0.0,15.107011293199369,0.0,0.0,0.0,15.107011293199369,0.0,0.0,0.0,0.0,3.756660498279887,3.756660498279887,0.0
2022-04-18 05:00:00,0.0,0.0,0.0,8.171766461472032,0.0,13.707936764671402,0.0,0.0,0.0,13.707936764671402,0.0,0.0,0.0,0.0,3.3803772061679673,3.3803772061679673,0.0
2022-04-18 06:00:00,0.0,0.0,0.0,8.171766461472032,0.0,19.064424357991378,0.0,0.0,0.0,19.064424357991378,0.0,0.0,0.0,0.0,4.786695667804476,4.786695667804476,0.0
2022-04-18 07:00:00,0.0,0.0,0.0,8.171766461472032,0.0,32.706898309561794,0.0,0.0,0.0,32.706898309561794,0.0,0.0,0.0,0.0,7.987351636178086,7.987351636178086,0.0
2022-04-18 08:00:00,0.0,0.0,1.1953253679926457,8.171766461472032,0.0,50.29451368417593,0.0,0.0,0.0,50.29451368417593,0.0,0.0,0.0,0.0,12.311091059612584,12.311091059612584,0.0
2022-04-18 09:00:00,0.0,0.0,5.265115000538103,8.171766461472032,0.0,54.364303316721404,0.0,0.0,0.0,54.364303316721404,0.0,0.0,0.0,0.0,13.373618615913465,13.373618615913465,0.0
2022-04-18 10:00:00,0.0,0.0,11.869185095549039,8.171766461472032,0.0,60.96837341173233,0.0,0.0,0.0,60.96837341173233,0.0,0.0,0.0,0.0,15.097598307947276,15.097598307947276,0.0
2022-04-18 11:00:00,0.0,0.0,15.642293388808431,8.171766461472032,0.0,64.74148170499173,0.0,0.0,0.0,64.74148170499173,0.0,0.0,0.0,0.0,16.0215744775343,16.0215744775343,0.0
2022-04-18 12:00:00,0.0,0.0,19.9918249310967,8.171766461472032,0.0,69.09101324728,0.0,0.0,0.0,69.09101324728,0.0,0.0,0.0,0.0,17.038534776911725,17.038534776911725,0.0
2022-04-18 13:00:00,0.0,0.0,22.98205244455515,8.171766461472032,0.0,72.08124076073844,0.0,0.0,0.0,72.08124076073844,0.0,0.0,0.0,0.0,17.924442139972825,17.924442139972825,0.0
2022-04-18 14:00:00,0.0,0.0,23.402038890792177,8.171766461472032,0.0,72.50122720697547,0.0,0.0,0.0,72.50122720697547,0.0,0.0,0.0,0.0,18.047005476360333,18.047005476360333,0.0
2022-04-18 15:00:00,0.0,0.0,21.023910400575602,8.171766461472032,0.0,70.12309871675889,0.0,0.0,0.0,70.12309871675889,0.0,0.0,0.0,0.0,17.338637388705802,17.338637388705802,0.0
2022-04-18 16:00:00,0.0,0.0,19.03785204264474,8.171766461472032,0.0,68.13704035882803,0.0,0.0,0.0,68.13704035882803,0.0,0.0,0.0,0.0,16.947726048451294,16.947726048451294,0.0
2022-04-18 17:00:00,0.0,0.0,16.80980324051968,8.171766461472032,0.0,54.064192867271615,0.0,0.0,0.0,54.064192867271615,0.0,0.0,0.0,0.0,13.159765185822582,13.159765185822582,0.0
2022-04-18 18:00:00,0.0,0.0,13.622488999802798,8.171766461472032,0.0,58.53355141855474,0.0,0.0,0.0,58.53355141855474,0.0,0.0,0.0,0.0,14.525100784514358,14.525100784514358,0.0
2022-04-18 19:00:00,0.0,0.0,11.341688413934369,8.171766461472032,0.0,55.53359591149618,0.0,0.0,0.0,55.53359591149618,0.0,0.0,0.0,0.0,13.866738899100595,13.866738899100595,0.0
2022-04-18 20:00:00,0.0,0.0,0.0,0.0,0.0,22.37766708451935,0.0,0.0,0.0,22.37766708451935,0.0,0.0,0.0,0.0,5.634249018540282,5.634249018540282,0.0
2022-04-18 21:00:00,0.0,0.0,0.0,0.0,0.0,15.107011293199369,0.0,0.0,0.0,15.107011293199369,0.0,0.0,0.0,0.0,3.5096608636360775,3.5096608636360775,0.0
2022-04-18 22:00:00,0.0,0.0,0.0,0.0,0.0,15.107011293199369,0.0,0.0,0.0,15.107011293199369,0.0,0.0,0.0,0.0,3.3883515629516863,3.3883515629516863,0.0
2022-04-18 23:00:00,0.0,0.0,0.0,0.0,0.0,15.107011293199369,0.0,0.0,0.0,15.107011293199369,0.0,0.0,0.0,0.0,3.1967946597539187,3.1967946597539187,0.0
2022-04-19 00:00:00,0.0,0.0,0.0,0.0,0.0,15.107011293199369,0.0,0.0,0.0,15.107011293199369,0.0,0.0,0.0,0.0,3.3029969491451094,3.3029969491451094,0.0
2022-04-19 01:00:00,0.0,0.0,0.0,0.0,0.0,15.107011293199369,0.0,0.0,0.0,15.107011293199369,0.0,0.0,0.0,0.0,3.2759553989302828,3.2759553989302828,0.0
2022-04-19 02:00:00,0.0,0.0,0.0,0.0,0.0,15.107011293199369,0.0,0.0,0.0,15.107011293199369,0.0,0.0,0.0,0.0,3.3455987209919327,3.3455987209919327,0.0
2022-04-19 03:00:00,0.0,0.0,0.0,0.0,0.0,15.107011293199369,0.0,0.0,0.0,15.107011293199369,0.0,0.0,0.0,0.0,3.3233914143909296,3.3233914143909296,0.0
2022-04-19 04:00:00,0.0,0.0,0.0,0.0,0.0,15.107011293199369,0.0,0.0,0.0,15.107011293199369,0.0,0.0,0.0,0.0,3.5336810115922646,3.5336810115922646,0.0
2022-04-19 05:00:00,0.0,0.0,0.0,8.171766461472032,7.345712758668032,13.707936764671402,0.0,0.0,0.0,13.707936764671402,0.0,0.0,0.0,0.0,4.597561796622659,4.597561796622659,0.0
2022-04-19 06:00:00,0.0,0.0,0.0,8.171766461472032,3.6779876932318545,19.064424357991378,0.0,0.0,0.0,19.064424357991378,0.0,0.0,0.0,0.0,5.2592278527222325,5.2592278527222325,0.0
2022-04-19 07:00:00,0.0,0.0,0.0,8.171766461472032,0.1921959256464859,32.706898309561794,0.0,0.0,0.0,32.706898309561794,0.0,0.0,0.0,0.0,7.996445211500676,7.996445211500676,0.0
2022-04-19 08:00:00,0.0,0.0,0.0,8.171766461472032,0.0,49.09918831618329,0.0,0.0,0.0,49.09918831618329,0.0,0.0,0.0,0.0,12.018990307918505,12.018990307918505,0.0
2022-04-19 09:00:00,0.0,0.0,0.0,8.171766461472032,0.0,49.09918831618329,0.0,0.0,0.0,49.09918831618329,0.0,0.0,0.0,0.0,11.944359541677908,11.944359541677908,0.0
2022-04-19 10:00:00,0.0,0.0,0.0,8.171766461472032,0.0,49.09918831618329,0.0,0.0,0.0,49.09918831618329,0.0,0.0,0.0,0.0,12.14615720565742,12.14615720565742,0.0
2022-04-19 11:00:00,0.0,0.0,0.0,8.171766461472032,0.0,49.09918831618329,0.0,0.0,0.0,49.09918831618329,0.0,0.0,0.0,0.0,11.775458333870239,11.775458333870239,0.0
2022-04-19 12:00:00,0.0,0.0,0.0,8.171766461472032,0.0,49.09918831618329,0.0,0.0,0.0,49.09918831618329,0.0,0.0,0.0,0.0,11.78675114718296,11.78675114718296,0.0
2022-04-19 13:00:00,0.0,0.0,0.0,8.171766461472032,0.0,49.09918831618329,0.0,0.0,0.0,49.09918831618329,0.0,0.0,0.0,0.0,11.825048514069582,11.825048514069582,0.0
2022-04-19 14:00:00,0.0,0.0,0.0,8.171766461472032,0.0,49.09918831618329,0.0,0.0,0.0,49.09918831618329,0.0,0.0,0.0,0.0,11.944359541677908,11.944359541677908,0.0
2022-04-19 15:00:00,0.0,0.0,0.0,8.171766461472032,0.0,49.09918831618329,0.0,0.0,0.0,49.09918831618329,0.0,0.0,0.0,0.0,12.19623837773993,12.19623837773993,0.0
2022-04-19 16:00:00,0.0,0.0,0.0,8.171766461472032,0.0,49.09918831618329,0.0,0.0,0.0,49.09918831618329,0.0,0.0,0.0,0.0,12.408837863149003,12.408837863149003,0.0
2022-04-19 17:00:00,0.0,0.0,0.0,8.171766461472032,2.957086539548686,37.25438962675194,0.0,0.0,0.0,37.25438962675194,0.0,0.0,0.0,0.0,9.939530580673582,9.939530580673582,0.0
2022-04-19 18:00:00,0.0,0.0,0.0,8.171766461472032,18.579172742490858,42.99689422075194,0.0,0.0,0.0,42.99689422075194,0.0,0.0,0.0,0.0,14.246190338004533,14.246190338004533,0.0
2022-04-19 19:00:00,0.0,0.0,0.0,8.171766461472032,32.163102847591006,44.191907497561786,0.0,0.0,0.0,44.191907497561786,0.0,0.0,0.0,0.0,16.826141208178882,16.826141208178882,0.0
2022-04-19 20:00:00,0.0,0.0,0.0,0.0,0.0,22.37766708451935,0.0,0.0,0.0,22.37766708451935,0.0,0.0,0.0,0.0,5.6613259957125495,5.6613259957125495,0.0
2022-04-19 21:00:00,0.0,0.0,0.0,0.0,0.0,15.107011293199369,0.0,0.0,0.0,15.107011293199369,0.0,0.0,0.0,0.0,3.5759806432132226,3.5759806432132226,0.0
2022-04-19 22:00:00,0.0,0.0,0.0,0.0,0.0,15.107011293199369,0.0,0.0,0.0,15.107011293199369,0.0,0.0,0.0,0.0,3.447117836882232,3.447117836882232,0.0
2022-04-19 23:00:00,0.0,0.0,0.0,0.0,0.0,15.107011293199369,0.0,0.0,0.0,15.107011293199369,0.0,0.0,0.0,0.0,3.276710749494943,3.276710749494943,0.0
2022-04-20 00:00:00,0.0,0.0,0.0,0.0,0.0,15.107011293199369,0.0,0.0,0.0,15.107011293199369,0.0,0.0,0.0,0.0,3.270819015090595,3.270819015090595,0.0
2022-04-20 01:00:00,0.0,0.0,0.0,0.0,0.0,15.107011293199369,0.0,0.0,0.0,15.107011293199369,0.0,0.0,0.0,0.0,3.273236136897507,3.273236136897507,0.0
2022-04-20 02:00:00,0.0,0.0,0.0,0.0,0.0,15.107011293199369,0.0,0.0,0.0,15.107011293199369,0.0,0.0,0.0,0.0,3.074730008504867,3.074730008504867,0.0
2022-04-20 03:00:00,0.0,0.0,0.0,0.0,0.0,15.107011293199369,0.0,0.0,0.0,15.107011293199369,0.0,0.0,0.0,0.0,3.2752000483656234,3.2752000483656234,0.0
2022-04-20 04:00:00,0.0,0.0,0.0,0.0,0.0,15.107011293199369,0.0,0.0,0.0,15.107011293199369,0.0,0.0,0.0,0.0,3.29770949519249,3.29770949519249,0.0
2022-04-20 05:00:00,0.0,0.0,0.0,8.171766461472032,135.65096631662854,11.793768566671403,0.0,0.0,0.0,11.793768566671403,0.0,0.0,0.0,0.0,27.020764623547795,27.020764623547795,0.0
2022-04-20 06:00:00,0.0,0.0,0.0,8.171766461472032,104.23671526898067,19.064424357991378,0.0,0.0,0.0,19.064424357991378,0.0,0.0,0.0,0.0,23.11378992691431,23.11378992691431,0.0
2022-04-20 07:00:00,0.0,0.0,0.0,8.171766461472032,84.41834213836542,32.706898309561794,0.0,0.0,0.0,32.706898309561794,0.0,0.0,0.0,0.0,22.765317177962686,22.765317177962686,0.0
2022-04-20 08:00:00,0.0,0.0,0.0,8.171766461472032,58.11771534983022,49.09918831618329,0.0,0.0,0.0,49.09918831618329,0.0,0.0,0.0,0.0,21.83941866530332,21.83941866530332,0.0
2022-04-20 09:00:00,0.0,0.0,0.0,8.171766461472032,46.9303788509124,49.09918831618329,0.0,0.0,0.0,49.09918831618329,0.0,0.0,0.0,0.0,19.503534412347655,19.503534412347655,0.0
2022-04-20 10:00:00,0.0,0.0,0.0,8.171766461472032,33.05481509129648,49.09918831618329,0.0,0.0,0.0,49.09918831618329,0.0,0.0,0.0,0.0,16.998359524972244,16.998359524972244,0.0
2022-04-20 11:00:00,0.0,0.0,0.0,8.171766461472032,28.048749596470916,49.09918831618329,0.0,0.0,0.0,49.09918831618329,0.0,0.0,0.0,0.0,16.486371922884654,16.486371922884654,0.0
2022-04-20 12:00:00,0.0,0.0,0.0,8.171766461472032,27.652384508394775,49.09918831618329,0.0,0.0,0.0,49.09918831618329,0.0,0.0,0.0,0.0,16.554447919453402,16.554447919453402,0.0
2022-04-20 13:00:00,0.0,0.0,0.0,8.171766461472032,26.87357225742157,49.09918831618329,0.0,0.0,0.0,49.09918831618329,0.0,0.0,0.0,0.0,16.683776995002944,16.683776995002944,0.0
2022-04-20 14:00:00,0.0,0.0,0.0,8.171766461472032,25.62434345987068,49.09918831618329,0.0,0.0,0.0,49.09918831618329,0.0,0.0,0.0,0.0,16.161802743365424,16.161802743365424,0.0
2022-04-20 15:00:00,0.0,0.0,0.0,8.171766461472032,29.161153516692107,49.09918831618329,0.0,0.0,0.0,49.09918831618329,0.0,0.0,0.0,0.0,16.926755740250826,16.926755740250826,0.0
2022-04-20 16:00:00,0.0,0.0,0.0,8.171766461472032,40.16917875087905,49.09918831618329,0.0,0.0,0.0,49.09918831618329,0.0,0.0,0.0,0.0,19.06439966922734,19.06439966922734,0.0
2022-04-20 17:00:00,0.0,0.0,0.0,8.171766461472032,50.456652719192604,37.25438962675194,0.0,0.0,0.0,37.25438962675194,0.0,0.0,0.0,0.0,18.12526394771932,18.12526394771932,0.0
2022-04-20 18:00:00,0.0,0.0,0.0,8.171766461472034,60.074291649943646,42.99689422075194,0.0,0.0,0.0,42.99689422075194,0.0,0.0,0.0,0.0,21.165323559287643,21.165323559287643,0.0
2022-04-20 19:00:00,0.0,0.0,0.0,8.171766461472032,64.34275309922118,44.191907497561786,0.0,0.0,0.0,44.191907497561786,0.0,0.0,0.0,0.0,22.126035036268668,22.126035036268668,0.0
2022-04-20 20:00:00,0.0,0.0,0.0,0.0,0.0,22.37766708451935,0.0,0.0,0.0,22.37766708451935,0.0,0.0,0.0,0.0,5.238388087815134,5.238388087815134,0.0
2022-04-20 21:00:00,0.0,0.0,0.0,0.0,0.0,15.107011293199369,0.0,0.0,0.0,15.107011293199369,0.0,0.0,0.0,0.0,3.3105504547917093,3.3105504547917093,0.0
2022-04-20 22:00:00,0.0,0.0,0.0,0.0,0.0,15.107011293199369,0.0,0.0,0.0,15.107011293199369,0.0,0.0,0.0,0.0,3.2579780554913755,3.2579780554913755,0.0
2022-04-20 23:00:00,0.0,0.0,0.0,0.0,0.0,14.657592477664597,0.0,0.0,0.0,14.657592477664597,0.0,0.0,0.0,0.0,3.025913391089079,3.025913391089079,0.0
2022-04-21 00:00:00,0.0,0.0,0.0,0.0,0.0,14.657592477664597,0.0,0.0,0.0,14.657592477664597,0.0,0.0,0.0,0.0,3.1075561811896715,3.1075561811896715,0.0
2022-04-21 01:00:00,0.0,0.0,0.0,0.0,0.0,14.657592477664597,0.0,0.0,0.0,14.657592477664597,0.0,0.0,0.0,0.0,3.039251800243754,3.039251800243754,0.0
2022-04-21 02:00:00,0.0,0.0,0.0,0.0,0.0,14.657592477664597,0.0,0.0,0.0,14.657592477664597,0.0,0.0,0.0,0.0,3.0473134761064697,3.0473134761064697,0.0
2022-04-21 03:00:00,0.0,0.0,0.0,0.0,0.0,14.657592477664597,0.0,0.0,0.0,14.657592477664597,0.0,0.0,0.0,0.0,3.1030123275215953,3.1030123275215953,0.0
2022-04-21 04:00:00,0.0,0.0,0.0,0.0,0.0,14.657592477664597,0.0,0.0,0.0,14.657592477664597,0.0,0.0,0.0,0.0,3.1827496306000906,3.1827496306000906,0.0
2022-04-21 05:00:00,0.0,0.0,0.0,8.171766461472032,157.02202469443165,11.344349751136637,0.0,0.0,0.0,11.344349751136637,0.0,0.0,0.0,0.0,30.793275747245364,30.793275747245364,0.0
2022-04-21 06:00:00,0.0,0.0,0.0,8.171766461472032,122.92969529362702,14.516933040801234,0.0,0.0,0.0,14.516933040801234,0.0,0.0,0.0,0.0,25.470695112184785,25.470695112184785,0.0
2022-04-21 07:00:00,0.0,0.0,0.0,8.171766461472032,108.64704325718101,23.611915675181518,0.0,0.0,0.0,23.611915675181518,0.0,0.0,0.0,0.0,25.0137003411719,25.0137003411719,0.0
2022-04-21 08:00:00,0.0,0.0,0.0,8.171766461472032,91.27590752949796,37.25438962675194,0.0,0.0,0.0,37.25438962675194,0.0,0.0,0.0,0.0,25.067597201598986,25.067597201598986,0.0
2022-04-21 09:00:00,0.0,0.0,0.0,8.171766461472032,75.83375409488538,49.09918831618329,0.0,0.0,0.0,49.09918831618329,0.0,0.0,0.0,0.0,24.818072268085174,24.818072268085174,0.0
2022-04-21 10:00:00,0.0,0.0,0.0,8.171766461472034,62.80125991801321,49.09918831618329,0.0,0.0,0.0,49.09918831618329,0.0,0.0,0.0,0.0,22.531467304321346,22.531467304321346,0.0
2022-04-21 11:00:00,0.0,0.0,0.0,8.171766461472032,57.46739349183026,49.09918831618329,0.0,0.0,0.0,49.09918831618329,0.0,0.0,0.0,0.0,21.552444753887777,21.552444753887777,0.0
2022-04-21 12:00:00,0.0,0.0,0.0,8.171766461472032,55.88885845769157,49.09918831618329,0.0,0.0,0.0,49.09918831618329,0.0,0.0,0.0,0.0,21.18868818222235,21.18868818222235,0.0
2022-04-21 13:00:00,0.0,0.0,0.0,8.171766461472032,55.892042877366436,49.09918831618329,0.0,0.0,0.0,49.09918831618329,0.0,0.0,0.0,0.0,21.190243522069856,21.190243522069856,0.0
2022-04-21 14:00:00,0.0,0.0,0.0,8.171766461472032,56.72630107248844,49.09918831618329,0.0,0.0,0.0,49.09918831618329,0.0,0.0,0.0,0.0,21.94879099881871,21.94879099881871,0.0
2022-04-21 15:00:00,0.0,0.0,0.0,8.171766461472032,54.537504545189535,49.09918831618329,0.0,0.0,0.0,49.09918831618329,0.0,0.0,0.0,0.0,21.319021173745302,21.319021173745302,0.0
2022-04-21 16:00:00,0.0,0.0,0.0,8.171766461472032,60.4094159094148,49.09918831618329,0.0,0.0,0.0,49.09918831618329,0.0,0.0,0.0,0.0,22.297702545220336,22.297702545220336,0.0
2022-04-21 17:00:00,0.0,0.0,0.0,8.171766461472032,77.9499393267121,32.706898309561794,0.0,0.0,0.0,32.706898309561794,0.0,0.0,0.0,0.0,21.84140134461409,21.84140134461409,0.0
2022-04-21 18:00:00,0.0,0.0,0.0,8.171766461472032,85.99138146398234,29.354420269181517,0.0,0.0,0.0,29.354420269181517,0.0,0.0,0.0,0.0,22.50641598079992,22.50641598079992,0.0
2022-04-21 19:00:00,0.0,0.0,0.0,8.171766461472032,90.13097210001922,35.096924863181506,0.0,0.0,0.0,35.096924863181506,0.0,0.0,0.0,0.0,24.64225561798095,24.64225561798095,0.0
2022-04-21 20:00:00,0.0,0.0,0.0,8.171766461472032,98.70703048886901,26.001942228801234,0.0,0.0,0.0,26.001942228801234,0.0,0.0,0.0,0.0,24.17417991182996,24.17417991182996,0.0
2022-04-21 21:00:00,0.0,0.0,0.0,0.0,0.0,14.657592477664597,0.0,0.0,0.0,14.657592477664597,0.0,0.0,0.0,0.0,3.5680977368378928,3.5680977368378928,0.0
2022-04-21 22:00:00,0.0,0.0,0.0,0.0,0.0,14.657592477664597,0.0,0.0,0.0,14.657592477664597,0.0,0.0,0.0,0.0,3.4395506508087745,3.4395506508087745,0.0
2022-04-21 23:00:00,0.0,0.0,0.0,0.0,0.0,14.657592477664597,0.0,0.0,0.0,14.657592477664597,0.0,0.0,0.0,0.0,3.374324364283167,3.374324364283167,0.0
2022-04-22 00:00:00,0.0,0.0,0.0,0.0,0.0,14.657592477664597,0.0,0.0,0.0,14.657592477664597,0.0,0.0,0.0,0.0,3.40085460666774,3.40085460666774,0.0
2022-04-22 01:00:00,0.0,0.0,0.0,0.0,0.0,14.657592477664597,0.0,0.0,0.0,14.657592477664597,0.0,0.0,0.0,0.0,3.3933792345041307,3.3933792345041307,0.0
2022-04-22 02:00:00,0.0,0.0,0.0,0.0,0.0,14.657592477664597,0.0,0.0,0.0,14.657592477664597,0.0,0.0,0.0,0.0,3.482790548617885,3.482790548617885,0.0
2022-04-22 03:00:00,0.0,0.0,0.0,0.0,0.0,14.657592477664597,0.0,0.0,0.0,14.657592477664597,0.0,0.0,0.0,0.0,3.583341633014664,3.583341633014664,0.0
2022-04-22 04:00:00,0.0,0.0,0.0,0.0,0.0,14.657592477664597,0.0,0.0,0.0,14.657592477664597,0.0,0.0,0.0,0.0,3.816250777484755,3.816250777484755,0.0
2022-04-22 05:00:00,0.0,0.0,0.0,0.0,0.0,3.1725832896646002,0.0,0.0,0.0,3.1725832896646002,0.0,0.0,0.0,0.0,0.8150049212819391,0.8150049212819391,0.0
2022-04-22 06:00:00,0.0,0.0,0.0,0.0,0.0,3.1725832896646002,0.0,0.0,0.0,3.1725832896646002,0.0,0.0,0.0,0.0,0.8263627694589385,0.8263627694589385,0.0
2022-04-22 07:00:00,0.0,0.0,0.0,8.171766461472032,169.39297273313082,14.516933040801234,0.0,0.0,0.0,14.516933040801234,0.0,0.0,0.0,0.0,34.288484751242386,34.288484751242386,0.0
2022-04-22 08:00:00,0.0,0.0,0.0,8.171766461472032,129.81664155442482,14.516933040801234,0.0,0.0,0.0,14.516933040801234,0.0,0.0,0.0,0.0,27.160717562700576,27.160717562700576,0.0
2022-04-22 09:00:00,0.0,0.0,0.0,8.171766461472032,110.87279860223722,28.15940699237166,0.0,0.0,0.0,28.15940699237166,0.0,0.0,0.0,0.0,27.30751142834771,27.30751142834771,0.0
2022-04-22 10:00:00,0.0,0.0,0.0,8.171766461472032,102.06350003246196,28.15940699237166,0.0,0.0,0.0,28.15940699237166,0.0,0.0,0.0,0.0,25.731530959305857,25.731530959305857,0.0
2022-04-22 11:00:00,0.0,0.0,0.0,8.171766461472032,87.62620453827155,37.25438962675194,0.0,0.0,0.0,37.25438962675194,0.0,0.0,0.0,0.0,25.449491593318548,25.449491593318548,0.0
2022-04-22 12:00:00,0.0,0.0,0.0,8.171766461472032,75.92388359796624,37.25438962675194,0.0,0.0,0.0,37.25438962675194,0.0,0.0,0.0,0.0,23.291445348110145,23.291445348110145,0.0
2022-04-22 13:00:00,0.0,0.0,0.0,8.171766461472034,65.11612863000785,37.25438962675194,0.0,0.0,0.0,37.25438962675194,0.0,0.0,0.0,0.0,21.35742599514606,21.35742599514606,0.0
2022-04-22 14:00:00,0.0,0.0,0.0,8.171766461472032,62.20781967176991,37.25438962675194,0.0,0.0,0.0,37.25438962675194,0.0,0.0,0.0,0.0,20.871038152464934,20.871038152464934,0.0
2022-04-22 15:00:00,0.0,0.0,0.0,8.171766461472032,61.671235135033335,37.25438962675194,0.0,0.0,0.0,37.25438962675194,0.0,0.0,0.0,0.0,20.708485614777945,20.708485614777945,0.0
2022-04-22 16:00:00,0.0,0.0,0.0,8.171766461472032,85.18685052063078,28.15940699237166,0.0,0.0,0.0,28.15940699237166,0.0,0.0,0.0,0.0,22.56729227062489,22.56729227062489,0.0
2022-04-22 17:00:00,0.0,0.0,0.0,8.171766461472032,94.85916927842631,19.064424357991378,0.0,0.0,0.0,19.064424357991378,0.0,0.0,0.0,0.0,22.023028591546634,22.023028591546634,0.0
2022-04-22 18:00:00,0.0,0.0,0.0,0.0,0.0,8.9150878836646,0.0,0.0,0.0,8.9150878836646,0.0,0.0,0.0,0.0,2.3140893619628202,2.3140893619628202,0.0
2022-04-22 19:00:00,0.0,0.0,0.0,0.0,0.0,14.657592477664597,0.0,0.0,0.0,14.657592477664597,0.0,0.0,0.0,0.0,3.880304456612149,3.880304456612149,0.0
2022-04-22 20:00:00,0.0,0.0,0.0,0.0,0.0,14.657592477664597,0.0,0.0,0.0,14.657592477664597,0.0,0.0,0.0,0.0,3.921932019248716,3.921932019248716,0.0
2022-04-22 21:00:00,0.0,0.0,0.0,0.0,0.0,14.657592477664597,0.0,0.0,0.0,14.657592477664597,0.0,0.0,0.0,0.0,3.6208650697574853,3.6208650697574853,0.0
2022-04-22 22:00:00,0.0,0.0,0.0,0.0,0.0,14.657592477664597,0.0,0.0,0.0,14.657592477664597,0.0,0.0,0.0,0.0,3.7105695357207926,3.7105695357207926,0.0
2022-04-22 23:00:00,0.0,0.0,0.0,0.0,0.0,15.107011293199369,0.0,0.0,0.0,15.107011293199369,0.0,0.0,0.0,0.0,3.8013772517077573,3.8013772517077573,0.0
2022-04-23 00:00:00,0.0,0.0,0.0,0.0,0.0,15.107011293199369,0.0,0.0,0.0,15.107011293199369,0.0,0.0,0.0,0.0,3.9198162202464406,3.9198162202464406,0.0
2022-04-23 01:00:00,0.0,0.0,0.0,0.0,0.0,15.107011293199369,0.0,0.0,0.0,15.107011293199369,0.0,0.0,0.0,0.0,3.8341594662140004,3.8341594662140004,0.0
2022-04-23 02:00:00,0.0,0.0,0.0,0.0,0.0,15.107011293199369,0.0,0.0,0.0,15.107011293199369,0.0,0.0,0.0,0.0,3.788838432334402,3.788838432334402,0.0
2022-04-23 03:00:00,0.0,0.0,0.0,0.0,0.0,15.107011293199369,0.0,0.0,0.0,15.107011293199369,0.0,0.0,0.0,0.0,3.8228292077441,3.8228292077441,0.0
2022-04-23 04:00:00,0.0,0.0,0.0,0.0,0.0,15.107011293199369,0.0,0.0,0.0,15.107011293199369,0.0,0.0,0.0,0.0,4.012422199473752,4.012422199473752,0.0
2022-04-23 05:00:00,0.0,0.0,0.0,8.171766461472032,190.6317132988192,11.793768566671403,0.0,0.0,0.0,11.793768566671403,0.0,0.0,0.0,0.0,37.581111614257566,37.581111614257566,0.0
2022-04-23 06:00:00,0.0,0.0,0.0,8.171766461472032,139.09028252215876,19.064424357991378,0.0,0.0,0.0,19.064424357991378,0.0,0.0,0.0,0.0,30.403225875868785,30.403225875868785,0.0
2022-04-23 07:00:00,0.0,0.0,0.0,8.171766461472032,106.32483872434653,32.706898309561794,0.0,0.0,0.0,32.706898309561794,0.0,0.0,0.0,0.0,28.32007863286111,28.32007863286111,0.0
2022-04-23 08:00:00,0.0,0.0,0.0,8.171766461472032,68.63897488866398,49.09918831618329,0.0,0.0,0.0,49.09918831618329,0.0,0.0,0.0,0.0,26.357636425908588,26.357636425908588,0.0
2022-04-23 09:00:00,0.0,0.0,0.0,8.171766461472032,50.05574484575131,49.09918831618329,0.0,0.0,0.0,49.09918831618329,0.0,0.0,0.0,0.0,22.831524139949764,22.831524139949764,0.0
2022-04-23 10:00:00,0.0,0.0,0.0,8.171766461472032,30.5132275798566,49.09918831618329,0.0,0.0,0.0,49.09918831618329,0.0,0.0,0.0,0.0,19.35854805849132,19.35854805849132,0.0
2022-04-23 11:00:00,0.0,0.0,0.0,8.171766461472032,15.190936331008857,49.09918831618329,0.0,0.0,0.0,49.09918831618329,0.0,0.0,0.0,0.0,16.408276339497935,16.408276339497935,0.0
2022-04-23 12:00:00,0.0,0.0,0.0,8.171766461472032,2.045592920884829,49.09918831618329,0.0,0.0,0.0,49.09918831618329,0.0,0.0,0.0,0.0,13.833271256348079,13.833271256348079,0.0
2022-04-23 13:00:00,0.0,0.0,0.0,8.171766461472032,0.0,49.09918831618329,0.0,0.0,0.0,49.09918831618329,0.0,0.0,0.0,0.0,13.544502088902322,13.544502088902322,0.0
2022-04-23 14:00:00,0.0,0.0,0.0,8.171766461472032,0.0,49.09918831618329,0.0,0.0,0.0,49.09918831618329,0.0,0.0,0.0,0.0,13.613731944428139,13.613731944428139,0.0
2022-04-23 15:00:00,0.0,0.0,0.0,8.171766461472032,0.0,49.09918831618329,0.0,0.0,0.0,49.09918831618329,0.0,0.0,0.0,0.0,13.953007335692966,13.953007335692966,0.0
2022-04-23 16:00:00,0.0,0.0,0.0,8.171766461472032,0.0,49.09918831618329,0.0,0.0,0.0,49.09918831618329,0.0,0.0,0.0,0.0,14.162660869803068,14.162660869803068,0.0
2022-04-23 17:00:00,0.0,0.0,0.0,8.171766461472032,0.0,37.25438962675194,0.0,0.0,0.0,37.25438962675194,0.0,0.0,0.0,0.0,10.680833505989781,10.680833505989781,0.0
2022-04-23 18:00:00,0.0,0.0,0.0,8.171766461472032,5.846292712137388,42.99689422075194,0.0,0.0,0.0,42.99689422075194,0.0,0.0,0.0,0.0,13.271054854574492,13.271054854574492,0.0
2022-04-23 19:00:00,0.0,0.0,0.0,8.171766461472032,22.34918694610637,44.191907497561786,0.0,0.0,0.0,44.191907497561786,0.0,0.0,0.0,0.0,16.561666440934545,16.561666440934545,0.0
2022-04-23 20:00:00,0.0,0.0,0.0,0.0,0.0,22.37766708451935,0.0,0.0,0.0,22.37766708451935,0.0,0.0,0.0,0.0,6.3581665487244825,6.3581665487244825,0.0
2022-04-23 21:00:00,0.0,0.0,0.0,0.0,0.0,15.107011293199369,0.0,0.0,0.0,15.107011293199369,0.0,0.0,0.0,0.0,4.300815045060928,4.300815045060928,0.0
2022-04-23 22:00:00,0.0,0.0,0.0,0.0,0.0,15.107011293199369,0.0,0.0,0.0,15.107011293199369,0.0,0.0,0.0,0.0,4.2097197669629365,4.2097197669629365,0.0
2022-04-23 23:00:00,0.0,0.0,0.0,0.0,0.0,15.107011293199369,0.0,0.0,0.0,15.107011293199369,0.0,0.0,0.0,0.0,4.249300136551118,4.249300136551118,0.0
2022-04-24 00:00:00,0.0,0.0,0.0,0.0,0.0,15.107011293199369,0.0,0.0,0.0,15.107011293199369,0.0,0.0,0.0,0.0,4.244314822824363,4.244314822824363,0.0
2022-04-24 01:00:00,0.0,0.0,0.0,0.0,0.0,15.107011293199369,0.0,0.0,0.0,15.107011293199369,0.0,0.0,0.0,0.0,4.2326824241285985,4.2326824241285985,0.0
2022-04-24 02:00:00,0.0,0.0,0.0,0.0,0.0,15.107011293199369,0.0,0.0,0.0,15.107011293199369,0.0,0.0,0.0,0.0,4.201864121090472,4.201864121090472,0.0
2022-04-24 03:00:00,0.0,0.0,0.0,0.0,0.0,15.107011293199369,0.0,0.0,0.0,15.107011293199369,0.0,0.0,0.0,0.0,4.2337399149191235,4.2337399149191235,0.0
2022-04-24 04:00:00,0.0,0.0,0.0,0.0,0.0,15.107011293199369,0.0,0.0,0.0,15.107011293199369,0.0,0.0,0.0,0.0,4.408981245920236,4.408981245920236,0.0
2022-04-24 05:00:00,0.0,0.0,0.0,8.171766461472032,103.97085900667538,11.793768566671403,0.0,0.0,0.0,11.793768566671403,0.0,0.0,0.0,0.0,22.184297798917267,22.184297798917267,0.0
2022-04-24 06:00:00,0.0,0.0,0.0,8.171766461472032,63.881188425673606,19.064424357991378,0.0,0.0,0.0,19.064424357991378,0.0,0.0,0.0,0.0,17.065977323385084,17.065977323385084,0.0
2022-04-24 07:00:00,0.0,0.0,0.0,8.171766461472032,34.69718089530749,32.706898309561794,0.0,0.0,0.0,32.706898309561794,0.0,0.0,0.0,0.0,15.772144714566814,15.772144714566814,0.0
2022-04-24 08:00:00,0.0,0.0,0.0,8.171766461472032,2.831840054187444,49.09918831618329,0.0,0.0,0.0,49.09918831618329,0.0,0.0,0.0,0.0,14.674989803685467,14.674989803685467,0.0
2022-04-24 09:00:00,0.0,0.0,0.0,8.171766461472032,0.0,49.09918831618329,0.0,0.0,0.0,49.09918831618329,0.0,0.0,0.0,0.0,13.910291041857887,13.910291041857887,0.0
2022-04-24 10:00:00,0.0,0.0,0.0,8.171766461472032,0.0,49.09918831618329,0.0,0.0,0.0,49.09918831618329,0.0,0.0,0.0,0.0,13.679524856771828,13.679524856771828,0.0
2022-04-24 11:00:00,0.0,0.0,0.6949927455112844,8.171766461472032,0.0,49.79418106169458,0.0,0.0,0.0,49.79418106169458,0.0,0.0,0.0,0.0,13.733733078625981,13.733733078625981,0.0
2022-04-24 12:00:00,0.0,0.0,1.643990150872768,8.171766461472032,0.0,50.743178467056076,0.0,0.0,0.0,50.743178467056076,0.0,0.0,0.0,0.0,14.23346156000923,14.23346156000923,0.0
2022-04-24 13:00:00,0.0,0.0,1.400085546892151,8.171766461472032,0.0,50.499273863075445,0.0,0.0,0.0,50.499273863075445,0.0,0.0,0.0,0.0,14.174641180626645,14.174641180626645,0.0
2022-04-24 14:00:00,0.0,0.0,0.9963092371943032,8.171766461472032,0.0,50.09549755337759,0.0,0.0,0.0,50.09549755337759,0.0,0.0,0.0,0.0,13.94909129373799,13.94909129373799,0.0
2022-04-24 15:00:00,0.0,0.0,0.03302635219163559,8.171766461472032,0.0,49.13221466837493,0.0,0.0,0.0,49.13221466837493,0.0,0.0,0.0,0.0,13.758985395731715,13.758985395731715,0.0
2022-04-24 16:00:00,0.0,0.0,0.0,8.171766461472032,0.0,49.09918831618329,0.0,0.0,0.0,49.09918831618329,0.0,0.0,0.0,0.0,14.092449030510927,14.092449030510927,0.0
2022-04-24 17:00:00,0.0,0.0,0.0,8.171766461472032,0.14627987879999432,37.25438962675194,0.0,0.0,0.0,37.25438962675194,0.0,0.0,0.0,0.0,10.8602868001105,10.8602868001105,0.0
2022-04-24 18:00:00,0.0,0.0,0.0,8.171766461472032,12.607989349283649,42.99689422075194,0.0,0.0,0.0,42.99689422075194,0.0,0.0,0.0,0.0,14.635550512454088,14.635550512454088,0.0
2022-04-24 19:00:00,0.0,0.0,0.0,8.171766461472032,24.90450466264821,44.191907497561786,0.0,0.0,0.0,44.191907497561786,0.0,0.0,0.0,0.0,17.137977170714322,17.137977170714322,0.0
2022-04-24 20:00:00,0.0,0.0,0.0,0.0,0.0,22.37766708451935,0.0,0.0,0.0,22.37766708451935,0.0,0.0,0.0,0.0,6.33310356158982,6.33310356158982,0.0
2022-04-24 21:00:00,0.0,0.0,0.0,0.0,0.0,15.107011293199369,0.0,0.0,0.0,15.107011293199369,0.0,0.0,0.0,0.0,4.244012682598499,4.244012682598499,0.0
2022-04-24 22:00:00,0.0,0.0,0.0,0.0,0.0,15.107011293199369,0.0,0.0,0.0,15.107011293199369,0.0,0.0,0.0,0.0,4.176484342117897,4.176484342117897,0.0
2022-04-24 23:00:00,0.0,0.0,0.0,0.0,0.0,15.107011293199369,0.0,0.0,0.0,15.107011293199369,0.0,0.0,0.0,0.0,4.164851943422134,4.164851943422134,0.0
2022-04-25 00:00:00,0.0,0.0,0.0,0.0,0.0,15.107011293199369,0.0,0.0,0.0,15.107011293199369,0.0,0.0,0.0,0.0,4.181469655844654,4.181469655844654,0.0
2022-04-25 01:00:00,0.0,0.0,0.0,0.0,0.0,15.107011293199369,0.0,0.0,0.0,15.107011293199369,0.0,0.0,0.0,0.0,4.205036593462045,4.205036593462045,0.0
2022-04-25 02:00:00,0.0,0.0,0.0,0.0,0.0,15.107011293199369,0.0,0.0,0.0,15.107011293199369,0.0,0.0,0.0,0.0,4.034780576187687,4.034780576187687,0.0
2022-04-25 03:00:00,0.0,0.0,0.0,0.0,0.0,15.107011293199369,0.0,0.0,0.0,15.107011293199369,0.0,0.0,0.0,0.0,4.139018954110763,4.139018954110763,0.0
2022-04-25 04:00:00,0.0,0.0,0.0,0.0,0.0,15.107011293199369,0.0,0.0,0.0,15.107011293199369,0.0,0.0,0.0,0.0,4.252170468696827,4.252170468696827,0.0
2022-04-25 05:00:00,0.0,0.0,0.0,8.171766461472032,154.41007891598443,11.793768566671403,0.0,0.0,0.0,11.793768566671403,0.0,0.0,0.0,0.0,31.178980156937588,31.178980156937588,0.0
2022-04-25 06:00:00,0.0,0.0,0.0,8.171766461472032,113.26472382950806,19.064424357991378,0.0,0.0,0.0,19.064424357991378,0.0,0.0,0.0,0.0,25.740931462648497,25.740931462648497,0.0
2022-04-25 07:00:00,0.0,0.0,0.0,8.171766461472032,85.50184407943607,32.706898309561794,0.0,0.0,0.0,32.706898309561794,0.0,0.0,0.0,0.0,24.56860034102905,24.56860034102905,0.0
2022-04-25 08:00:00,0.0,0.0,0.0,8.171766461472032,53.253656031070356,49.09918831618329,0.0,0.0,0.0,49.09918831618329,0.0,0.0,0.0,0.0,23.261484783873428,23.261484783873428,0.0
2022-04-25 09:00:00,0.0,0.0,0.0,8.171766461472032,39.62554048519812,49.09918831618329,0.0,0.0,0.0,49.09918831618329,0.0,0.0,0.0,0.0,20.716903437834144,20.716903437834144,0.0
2022-04-25 10:00:00,0.0,0.0,0.0,8.171766461472032,22.477313055808306,49.09918831618329,0.0,0.0,0.0,49.09918831618329,0.0,0.0,0.0,0.0,17.570929953721716,17.570929953721716,0.0
2022-04-25 11:00:00,0.0,0.0,0.0,8.171766461472032,12.555741420821617,49.09918831618329,0.0,0.0,0.0,49.09918831618329,0.0,0.0,0.0,0.0,15.823826222814219,15.823826222814219,0.0
2022-04-25 12:00:00,0.0,0.0,0.0,8.171766461472032,5.222503025484024,49.09918831618329,0.0,0.0,0.0,49.09918831618329,0.0,0.0,0.0,0.0,14.457320375905471,14.457320375905471,0.0
2022-04-25 13:00:00,0.0,0.0,0.0,8.171766461472032,1.3415104976284942,49.09918831618329,0.0,0.0,0.0,49.09918831618329,0.0,0.0,0.0,0.0,13.744307299472473,13.744307299472473,0.0
2022-04-25 14:00:00,0.0,0.0,0.0,8.171766461472032,0.0,49.09918831618329,0.0,0.0,0.0,49.09918831618329,0.0,0.0,0.0,0.0,13.668232043459104,13.668232043459104,0.0
2022-04-25 15:00:00,0.0,0.0,0.0,8.171766461472032,0.16968005549672574,49.09918831618329,0.0,0.0,0.0,49.09918831618329,0.0,0.0,0.0,0.0,14.040022366515979,14.040022366515979,0.0
2022-04-25 16:00:00,0.0,0.0,0.0,8.171766461472032,4.13659401426447,49.09918831618329,0.0,0.0,0.0,49.09918831618329,0.0,0.0,0.0,0.0,14.953609572118168,14.953609572118168,0.0
2022-04-25 17:00:00,0.0,0.0,0.0,8.171766461472032,12.2874207355503,37.25438962675194,0.0,0.0,0.0,37.25438962675194,0.0,0.0,0.0,0.0,13.035500466216746,13.035500466216746,0.0
2022-04-25 18:00:00,0.0,0.0,0.0,8.171766461472032,26.533524778367347,42.99689422075194,0.0,0.0,0.0,42.99689422075194,0.0,0.0,0.0,0.0,17.24819132408782,17.24819132408782,0.0
2022-04-25 19:00:00,0.0,0.0,0.0,8.171766461472032,39.01431248613612,44.191907497561786,0.0,0.0,0.0,44.191907497561786,0.0,0.0,0.0,0.0,19.83710286034607,19.83710286034607,0.0
2022-04-25 20:00:00,0.0,0.0,0.0,0.0,0.0,22.37766708451935,0.0,0.0,0.0,22.37766708451935,0.0,0.0,0.0,0.0,6.529355701921055,6.529355701921055,0.0
2022-04-25 21:00:00,0.0,0.0,0.0,0.0,0.0,15.107011293199369,0.0,0.0,0.0,15.107011293199369,0.0,0.0,0.0,0.0,4.3662284039604815,4.3662284039604815,0.0
2022-04-25 22:00:00,0.0,0.0,0.0,0.0,0.0,15.107011293199369,0.0,0.0,0.0,15.107011293199369,0.0,0.0,0.0,0.0,4.182527146635177,4.182527146635177,0.0
2022-04-25 23:00:00,0.0,0.0,0.0,0.0,0.0,15.107011293199369,0.0,0.0,0.0,15.107011293199369,0.0,0.0,0.0,0.0,4.240840210226927,4.240840210226927,0.0
2022-04-26 00:00:00,0.0,0.0,0.0,0.0,0.0,15.107011293199369,0.0,0.0,0.0,15.107011293199369,0.0,0.0,0.0,0.0,4.224977848369068,4.224977848369068,0.0
2022-04-26 01:00:00,0.0,0.0,0.0,0.0,0.0,15.107011293199369,0.0,0.0,0.0,15.107011293199369,0.0,0.0,0.0,0.0,4.146874599983227,4.146874599983227,0.0
2022-04-26 02:00:00,0.0,0.0,0.0,0.0,0.0,15.107011293199369,0.0,0.0,0.0,15.107011293199369,0.0,0.0,0.0,0.0,4.126933345076204,4.126933345076204,0.0
2022-04-26 03:00:00,0.0,0.0,0.0,0.0,0.0,15.107011293199369,0.0,0.0,0.0,15.107011293199369,0.0,0.0,0.0,0.0,4.1009492856519,4.1009492856519,0.0
2022-04-26 04:00:00,0.0,0.0,0.0,0.0,0.0,15.107011293199369,0.0,0.0,0.0,15.107011293199369,0.0,0.0,0.0,0.0,4.20926655662414,4.20926655662414,0.0
2022-04-26 05:00:00,0.0,0.0,0.0,8.171766461472032,171.14632395887276,11.793768566671403,0.0,0.0,0.0,11.793768566671403,0.0,0.0,0.0,0.0,34.12818990665299,34.12818990665299,0.0
2022-04-26 06:00:00,0.0,0.0,0.0,8.171766461472032,129.2381927747683,19.064424357991378,0.0,0.0,0.0,19.064424357991378,0.0,0.0,0.0,0.0,28.65470872133973,28.65470872133973,0.0
2022-04-26 07:00:00,0.0,0.0,0.0,8.171766461472032,102.91743268522313,32.706898309561794,0.0,0.0,0.0,32.706898309561794,0.0,0.0,0.0,0.0,27.944679984149353,27.944679984149353,0.0
2022-04-26 08:00:00,0.0,0.0,0.0,8.171766461472032,71.96220418458972,49.09918831618329,0.0,0.0,0.0,49.09918831618329,0.0,0.0,0.0,0.0,26.804268744945276,26.804268744945276,0.0
2022-04-26 09:00:00,0.0,0.0,0.0,8.171766461472032,55.77225604261992,49.09918831618329,0.0,0.0,0.0,49.09918831618329,0.0,0.0,0.0,0.0,23.74883819888354,23.74883819888354,0.0
2022-04-26 10:00:00,0.0,0.0,0.0,8.171766461472032,35.6888690849115,49.09918831618329,0.0,0.0,0.0,49.09918831618329,0.0,0.0,0.0,0.0,20.255073039204515,20.255073039204515,0.0
2022-04-26 11:00:00,0.0,0.0,0.0,8.171766461472032,23.92742928945238,49.09918831618329,0.0,0.0,0.0,49.09918831618329,0.0,0.0,0.0,0.0,18.118763241872106,18.118763241872106,0.0
2022-04-26 12:00:00,0.0,0.0,0.0,8.171766461472032,11.850254225859405,49.09918831618329,0.0,0.0,0.0,49.09918831618329,0.0,0.0,0.0,0.0,16.00416388006708,16.00416388006708,0.0
2022-04-26 13:00:00,0.0,0.0,0.0,8.171766461472032,3.12640152533069,49.09918831618329,0.0,0.0,0.0,49.09918831618329,0.0,0.0,0.0,0.0,14.459453158457888,14.459453158457888,0.0
2022-04-26 14:00:00,0.0,0.0,0.0,8.171766461472032,0.47864039872703945,49.09918831618329,0.0,0.0,0.0,49.09918831618329,0.0,0.0,0.0,0.0,13.68763654935252,13.68763654935252,0.0
2022-04-26 15:00:00,0.0,0.0,0.0,8.171766461472032,2.215512680403638,49.09918831618329,0.0,0.0,0.0,49.09918831618329,0.0,0.0,0.0,0.0,14.299375179780471,14.299375179780471,0.0
2022-04-26 16:00:00,0.0,0.0,0.0,8.171766461472032,9.01623261108665,49.09918831618329,0.0,0.0,0.0,49.09918831618329,0.0,0.0,0.0,0.0,15.392261794899186,15.392261794899186,0.0
2022-04-26 17:00:00,0.0,0.0,0.0,8.171766461472032,21.879831235595212,37.25438962675194,0.0,0.0,0.0,37.25438962675194,0.0,0.0,0.0,0.0,14.329349397760916,14.329349397760916,0.0
2022-04-26 18:00:00,0.0,0.0,0.0,8.171766461472032,39.59012458887152,42.99689422075194,0.0,0.0,0.0,42.99689422075194,0.0,0.0,0.0,0.0,19.254632404207136,19.254632404207136,0.0
2022-04-26 19:00:00,0.0,0.0,0.0,8.171766461472032,51.147434717782666,44.191907497561786,0.0,0.0,0.0,44.191907497561786,0.0,0.0,0.0,0.0,21.197055548768997,21.197055548768997,0.0
2022-04-26 20:00:00,0.0,0.0,0.0,0.0,0.0,22.37766708451935,0.0,0.0,0.0,22.37766708451935,0.0,0.0,0.0,0.0,5.867871862902664,5.867871862902664,0.0
2022-04-26 21:00:00,0.0,0.0,0.0,0.0,0.0,15.107011293199369,0.0,0.0,0.0,15.107011293199369,0.0,0.0,0.0,0.0,3.879480500093598,3.879480500093598,0.0
2022-04-26 22:00:00,0.0,0.0,0.0,0.0,0.0,15.107011293199369,0.0,0.0,0.0,15.107011293199369,0.0,0.0,0.0,0.0,3.8264548904544684,3.8264548904544684,0.0
2022-04-26 23:00:00,0.0,0.0,0.0,0.0,0.0,15.107011293199369,0.0,0.0,0.0,15.107011293199369,0.0,0.0,0.0,0.0,3.5631396836140032,3.5631396836140032,0.0
2022-04-27 00:00:00,0.0,0.0,0.0,0.0,0.0,15.107011293199369,0.0,0.0,0.0,15.107011293199369,0.0,0.0,0.0,0.0,3.5773402742296105,3.5773402742296105,0.0
2022-04-27 01:00:00,0.0,0.0,0.0,0.0,0.0,15.107011293199369,0.0,0.0,0.0,15.107011293199369,0.0,0.0,0.0,0.0,3.5262785760585964,3.5262785760585964,0.0
2022-04-27 02:00:00,0.0,0.0,0.0,0.0,0.0,15.107011293199369,0.0,0.0,0.0,15.107011293199369,0.0,0.0,0.0,0.0,3.471137984838419,3.471137984838419,0.0
2022-04-27 03:00:00,0.0,0.0,0.0,0.0,0.0,15.107011293199369,0.0,0.0,0.0,15.107011293199369,0.0,0.0,0.0,0.0,3.49848167527911,3.49848167527911,0.0
2022-04-27 04:00:00,0.0,0.0,0.0,0.0,0.0,13.192843095199365,0.0,0.0,0.0,13.192843095199365,0.0,0.0,0.0,0.0,3.0449081863720133,3.0449081863720133,0.0
2022-04-27 05:00:00,0.0,0.0,0.0,8.171766461472032,137.07670694488087,11.793768566671403,0.0,0.0,0.0,11.793768566671403,0.0,0.0,0.0,0.0,27.510750556335328,27.510750556335328,0.0
2022-04-27 06:00:00,0.0,0.0,0.0,8.171766461472032,104.25141168986215,19.064424357991378,0.0,0.0,0.0,19.064424357991378,0.0,0.0,0.0,0.0,23.573982208171834,23.573982208171834,0.0
2022-04-27 07:00:00,0.0,0.0,0.0,8.171766461472032,87.11104793991768,32.706898309561794,0.0,0.0,0.0,32.706898309561794,0.0,0.0,0.0,0.0,23.95759018306042,23.95759018306042,0.0
2022-04-27 08:00:00,0.0,0.0,0.0,8.171766461472032,62.829965071747445,49.09918831618329,0.0,0.0,0.0,49.09918831618329,0.0,0.0,0.0,0.0,23.65315122144846,23.65315122144846,0.0
2022-04-27 09:00:00,0.0,0.0,0.0,8.171766461472032,54.15463887842574,49.09918831618329,0.0,0.0,0.0,49.09918831618329,0.0,0.0,0.0,0.0,22.054821748395945,22.054821748395945,0.0
2022-04-27 10:00:00,0.0,0.0,0.0,8.171766461472032,45.56123920657125,49.09918831618329,0.0,0.0,0.0,49.09918831618329,0.0,0.0,0.0,0.0,20.407414234649643,20.407414234649643,0.0
2022-04-27 11:00:00,0.0,0.0,0.0,8.171766461472032,42.806547023479496,49.09918831618329,0.0,0.0,0.0,49.09918831618329,0.0,0.0,0.0,0.0,19.868223480603753,19.868223480603753,0.0
2022-04-27 12:00:00,0.0,0.0,0.0,8.171766461472032,43.005163748090624,49.09918831618329,0.0,0.0,0.0,49.09918831618329,0.0,0.0,0.0,0.0,20.00561982393484,20.00561982393484,0.0
2022-04-27 13:00:00,0.0,0.0,0.0,8.171766461472032,43.12780271816786,49.09918831618329,0.0,0.0,0.0,49.09918831618329,0.0,0.0,0.0,0.0,19.765020363792416,19.765020363792416,0.0
2022-04-27 14:00:00,0.0,0.0,0.0,8.171766461472032,39.718829871631655,49.09918831618329,0.0,0.0,0.0,49.09918831618329,0.0,0.0,0.0,0.0,19.091823373200956,19.091823373200956,0.0
2022-04-27 15:00:00,0.0,0.0,0.0,8.171766461472032,41.72800209724725,49.09918831618329,0.0,0.0,0.0,49.09918831618329,0.0,0.0,0.0,0.0,19.502183860886333,19.502183860886333,0.0
2022-04-27 16:00:00,0.0,0.0,0.0,8.171766461472032,46.160303056685194,49.09918831618329,0.0,0.0,0.0,49.09918831618329,0.0,0.0,0.0,0.0,20.734749300717894,20.734749300717894,0.0
2022-04-27 17:00:00,0.0,0.0,0.0,8.171766461472032,47.244901004879594,37.25438962675194,0.0,0.0,0.0,37.25438962675194,0.0,0.0,0.0,0.0,17.929216759090117,17.929216759090117,0.0
2022-04-27 18:00:00,0.0,0.0,0.0,8.171766461472034,51.92980081882465,42.99689422075194,0.0,0.0,0.0,42.99689422075194,0.0,0.0,0.0,0.0,20.140912684970424,20.140912684970424,0.0
2022-04-27 19:00:00,0.0,0.0,0.0,8.171766461472032,52.81113161627916,44.191907497561786,0.0,0.0,0.0,44.191907497561786,0.0,0.0,0.0,0.0,20.546920772184116,20.546920772184116,0.0
2022-04-27 20:00:00,0.0,0.0,0.0,0.0,0.0,22.37766708451935,0.0,0.0,0.0,22.37766708451935,0.0,0.0,0.0,0.0,5.653270035562124,5.653270035562124,0.0
2022-04-27 21:00:00,0.0,0.0,0.0,0.0,0.0,15.107011293199369,0.0,0.0,0.0,15.107011293199369,0.0,0.0,0.0,0.0,3.751675184553131,3.751675184553131,0.0
2022-04-27 22:00:00,0.0,0.0,0.0,0.0,0.0,15.107011293199369,0.0,0.0,0.0,15.107011293199369,0.0,0.0,0.0,0.0,3.639581160757592,3.639581160757592,0.0
2022-04-27 23:00:00,0.0,0.0,0.0,0.0,0.0,14.657592477664597,0.0,0.0,0.0,14.657592477664597,0.0,0.0,0.0,0.0,3.4109683454773285,3.4109683454773285,0.0
2022-04-28 00:00:00,0.0,0.0,0.0,0.0,0.0,14.657592477664597,0.0,0.0,0.0,14.657592477664597,0.0,0.0,0.0,0.0,3.374324364283167,3.374324364283167,0.0
2022-04-28 01:00:00,0.0,0.0,0.0,0.0,0.0,14.657592477664597,0.0,0.0,0.0,14.657592477664597,0.0,0.0,0.0,0.0,3.3992422714951966,3.3992422714951966,0.0
2022-04-28 02:00:00,0.0,0.0,0.0,0.0,0.0,14.657592477664597,0.0,0.0,0.0,14.657592477664597,0.0,0.0,0.0,0.0,3.3655298087965684,3.3655298087965684,0.0
2022-04-28 03:00:00,0.0,0.0,0.0,0.0,0.0,14.657592477664597,0.0,0.0,0.0,14.657592477664597,0.0,0.0,0.0,0.0,3.3603996514293852,3.3603996514293852,0.0
2022-04-28 04:00:00,0.0,0.0,0.0,0.0,0.0,12.743424279664602,0.0,0.0,0.0,12.743424279664602,0.0,0.0,0.0,0.0,3.0026056287745733,3.0026056287745733,0.0
2022-04-28 05:00:00,0.0,0.0,0.0,8.171766461472032,92.7778230144988,11.344349751136637,0.0,0.0,0.0,11.344349751136637,0.0,0.0,0.0,0.0,19.442303936481345,19.442303936481345,0.0
2022-04-28 06:00:00,0.0,0.0,0.0,8.171766461472032,80.15282960433653,14.516933040801234,0.0,0.0,0.0,14.516933040801234,0.0,0.0,0.0,0.0,17.99327968438675,17.99327968438675,0.0
2022-04-28 07:00:00,0.0,0.0,0.0,8.171766461472032,73.91892289653123,23.611915675181518,0.0,0.0,0.0,23.611915675181518,0.0,0.0,0.0,0.0,19.140803611981937,19.140803611981937,0.0
2022-04-28 08:00:00,0.0,0.0,0.0,8.171766461472032,62.0756235427527,37.25438962675194,0.0,0.0,0.0,37.25438962675194,0.0,0.0,0.0,0.0,20.409869650472793,20.409869650472793,0.0
2022-04-28 09:00:00,0.0,0.0,0.0,8.171766461472032,55.34895151736826,49.09918831618329,0.0,0.0,0.0,49.09918831618329,0.0,0.0,0.0,0.0,22.133853481985636,22.133853481985636,0.0
2022-04-28 10:00:00,0.0,0.0,0.0,8.171766461472032,49.08104968666674,49.09918831618329,0.0,0.0,0.0,49.09918831618329,0.0,0.0,0.0,0.0,21.183545215317437,21.183545215317437,0.0
2022-04-28 11:00:00,0.0,0.0,0.0,8.171766461472034,50.05546649683321,49.09918831618329,0.0,0.0,0.0,49.09918831618329,0.0,0.0,0.0,0.0,21.595156461310296,21.595156461310296,0.0
2022-04-28 12:00:00,0.0,0.0,0.0,8.171766461472032,50.400097108221345,49.09918831618329,0.0,0.0,0.0,49.09918831618329,0.0,0.0,0.0,0.0,21.761297624838072,21.761297624838072,0.0
2022-04-28 13:00:00,0.0,0.0,0.0,8.171766461472032,49.48454290834653,49.09918831618329,0.0,0.0,0.0,49.09918831618329,0.0,0.0,0.0,0.0,21.634749078891637,21.634749078891637,0.0
2022-04-28 14:00:00,0.0,0.0,0.0,8.171766461472032,48.74996352368123,49.09918831618329,0.0,0.0,0.0,49.09918831618329,0.0,0.0,0.0,0.0,21.554041904213598,21.554041904213598,0.0
2022-04-28 15:00:00,0.0,0.0,0.0,8.171766461472032,46.59606028123131,49.09918831618329,0.0,0.0,0.0,49.09918831618329,0.0,0.0,0.0,0.0,21.38177617015284,21.38177617015284,0.0
2022-04-28 16:00:00,0.0,0.0,0.0,8.171766461472032,50.521853341053756,49.09918831618329,0.0,0.0,0.0,49.09918831618329,0.0,0.0,0.0,0.0,21.818080308685232,21.818080308685232,0.0
2022-04-28 17:00:00,0.0,0.0,0.0,8.171766461472034,66.95155270832109,32.706898309561794,0.0,0.0,0.0,32.706898309561794,0.0,0.0,0.0,0.0,20.533591108610032,20.533591108610032,0.0
2022-04-28 18:00:00,0.0,0.0,0.0,8.171766461472032,73.26381031536312,27.44025207118152,0.0,0.0,0.0,27.44025207118152,0.0,0.0,0.0,0.0,20.360219643110604,20.360219643110604,0.0
2022-04-28 19:00:00,0.0,0.0,0.0,8.171766461472032,75.90963223144041,35.096924863181506,0.0,0.0,0.0,35.096924863181506,0.0,0.0,0.0,0.0,22.789602459850002,22.789602459850002,0.0
2022-04-28 20:00:00,0.0,0.0,0.0,8.171766461472032,84.17580925469647,26.001942228801234,0.0,0.0,0.0,26.001942228801234,0.0,0.0,0.0,0.0,21.970478334177752,21.970478334177752,0.0
2022-04-28 21:00:00,0.0,0.0,0.0,0.0,0.0,14.657592477664597,0.0,0.0,0.0,14.657592477664597,0.0,0.0,0.0,0.0,3.6443172177217487,3.6443172177217487,0.0
2022-04-28 22:00:00,0.0,0.0,0.0,0.0,0.0,14.657592477664597,0.0,0.0,0.0,14.657592477664597,0.0,0.0,0.0,0.0,3.611337634647003,3.611337634647003,0.0
2022-04-28 23:00:00,0.0,0.0,0.0,0.0,0.0,14.657592477664597,0.0,0.0,0.0,14.657592477664597,0.0,0.0,0.0,0.0,3.5845142404128776,3.5845142404128776,0.0
2022-04-29 00:00:00,0.0,0.0,0.0,0.0,0.0,14.657592477664597,0.0,0.0,0.0,14.657592477664597,0.0,0.0,0.0,0.0,3.5332126667410515,3.5332126667410515,0.0
2022-04-29 01:00:00,0.0,0.0,0.0,0.0,0.0,14.657592477664597,0.0,0.0,0.0,14.657592477664597,0.0,0.0,0.0,0.0,3.5289619649225283,3.5289619649225283,0.0
2022-04-29 02:00:00,0.0,0.0,0.0,0.0,0.0,14.657592477664597,0.0,0.0,0.0,14.657592477664597,0.0,0.0,0.0,0.0,3.6333240233635,3.6333240233635,0.0
2022-04-29 03:00:00,0.0,0.0,0.0,0.0,0.0,14.657592477664597,0.0,0.0,0.0,14.657592477664597,0.0,0.0,0.0,0.0,3.6655707268143627,3.6655707268143627,0.0
2022-04-29 04:00:00,0.0,0.0,0.0,0.0,0.0,12.743424279664602,0.0,0.0,0.0,12.743424279664602,0.0,0.0,0.0,0.0,3.35610821829247,3.35610821829247,0.0
2022-04-29 05:00:00,0.0,0.0,0.0,0.0,0.0,3.1725832896646002,0.0,0.0,0.0,3.1725832896646002,0.0,0.0,0.0,0.0,0.8283932227643238,0.8283932227643238,0.0
2022-04-29 06:00:00,0.0,0.0,0.0,0.0,0.0,3.1725832896646002,0.0,0.0,0.0,3.1725832896646002,0.0,0.0,0.0,0.0,0.8061216880708783,0.8061216880708783,0.0
2022-04-29 07:00:00,0.0,0.0,0.0,8.171766461472032,136.1316490943835,14.516933040801234,0.0,0.0,0.0,14.516933040801234,0.0,0.0,0.0,0.0,28.173472338586244,28.173472338586244,0.0
2022-04-29 08:00:00,0.0,0.0,0.0,8.171766461472032,97.21916174362723,14.516933040801234,0.0,0.0,0.0,14.516933040801234,0.0,0.0,0.0,0.0,21.133438422815743,21.133438422815743,0.0
2022-04-29 09:00:00,0.0,0.0,0.0,8.171766461472032,71.02772233525631,28.15940699237166,0.0,0.0,0.0,28.15940699237166,0.0,0.0,0.0,0.0,19.815187646982285,19.815187646982285,0.0
2022-04-29 10:00:00,0.0,0.0,0.0,8.171766461472032,57.53384748069499,28.159406992371657,0.0,0.0,0.0,28.159406992371657,0.0,0.0,0.0,0.0,17.31661934425837,17.31661934425837,0.0
2022-04-29 11:00:00,0.0,0.0,0.0,8.171766461472032,40.46074692683728,37.25438962675194,0.0,0.0,0.0,37.25438962675194,0.0,0.0,0.0,0.0,16.553493834857417,16.553493834857417,0.0
2022-04-29 12:00:00,0.0,0.0,0.0,8.171766461472032,33.73783726526255,37.25438962675194,0.0,0.0,0.0,37.25438962675194,0.0,0.0,0.0,0.0,15.368736695069206,15.368736695069206,0.0
2022-04-29 13:00:00,0.0,0.0,0.0,8.171766461472032,16.53932324081987,37.25438962675194,0.0,0.0,0.0,37.25438962675194,0.0,0.0,0.0,0.0,12.337332304636103,12.337332304636103,0.0
2022-04-29 14:00:00,0.0,0.0,0.0,8.171766461472032,4.141192499893158,37.25438962675194,0.0,0.0,0.0,37.25438962675194,0.0,0.0,0.0,0.0,10.223512689481598,10.223512689481598,0.0
2022-04-29 15:00:00,0.0,0.0,0.0,8.171766461472032,0.7376802329342134,37.25438962675194,0.0,0.0,0.0,37.25438962675194,0.0,0.0,0.0,0.0,9.89011681856756,9.89011681856756,0.0
2022-04-29 16:00:00,0.0,0.0,0.0,8.171766461472032,5.910997707802842,28.15940699237166,0.0,0.0,0.0,28.15940699237166,0.0,0.0,0.0,0.0,8.519480586358744,8.519480586358744,0.0
2022-04-29 17:00:00,0.0,0.0,0.0,8.171766461472032,13.193211302249725,19.064424357991378,0.0,0.0,0.0,19.064424357991378,0.0,0.0,0.0,0.0,7.476511183957079,7.476511183957079,0.0
2022-04-29 18:00:00,0.0,0.0,0.0,0.0,0.0,7.000919685664599,0.0,0.0,0.0,7.000919685664599,0.0,0.0,0.0,0.0,1.8756864021832593,1.8756864021832593,0.0
2022-04-29 19:00:00,0.0,0.0,0.0,0.0,0.0,14.657592477664597,0.0,0.0,0.0,14.657592477664597,0.0,0.0,0.0,0.0,3.929993695111432,3.929993695111432,0.0
2022-04-29 20:00:00,0.0,0.0,0.0,0.0,0.0,14.657592477664597,0.0,0.0,0.0,14.657592477664597,0.0,0.0,0.0,0.0,4.0487201941805155,4.0487201941805155,0.0
2022-04-29 21:00:00,0.0,0.0,0.0,0.0,0.0,14.657592477664597,0.0,0.0,0.0,14.657592477664597,0.0,0.0,0.0,0.0,3.978217174362949,3.978217174362949,0.0
2022-04-29 22:00:00,0.0,0.0,0.0,0.0,0.0,14.657592477664597,0.0,0.0,0.0,14.657592477664597,0.0,0.0,0.0,0.0,3.839409773599465,3.839409773599465,0.0
2022-04-29 23:00:00,0.0,0.0,0.0,0.0,0.0,15.107011293199369,0.0,0.0,0.0,15.107011293199369,0.0,0.0,0.0,0.0,3.9003281756782133,3.9003281756782133,0.0
2022-04-30 00:00:00,0.0,0.0,0.0,0.0,0.0,15.107011293199369,0.0,0.0,0.0,15.107011293199369,0.0,0.0,0.0,0.0,3.958036958818235,3.958036958818235,0.0
2022-04-30 01:00:00,0.0,0.0,0.0,0.0,0.0,15.107011293199369,0.0,0.0,0.0,15.107011293199369,0.0,0.0,0.0,0.0,4.0406723105920355,4.0406723105920355,0.0
2022-04-30 02:00:00,0.0,0.0,0.0,0.0,0.0,15.107011293199369,0.0,0.0,0.0,15.107011293199369,0.0,0.0,0.0,0.0,3.9935384353572534,3.9935384353572534,0.0
2022-04-30 03:00:00,0.0,0.0,0.0,0.0,0.0,15.107011293199369,0.0,0.0,0.0,15.107011293199369,0.0,0.0,0.0,0.0,4.026924930315224,4.026924930315224,0.0
2022-04-30 04:00:00,0.0,0.0,0.0,0.0,0.0,13.192843095199365,0.0,0.0,0.0,13.192843095199365,0.0,0.0,0.0,0.0,3.757321713512779,3.757321713512779,0.0
2022-04-30 05:00:00,0.0,0.0,0.0,8.171766461472032,95.64224019970224,11.793768566671403,0.0,0.0,0.0,11.793768566671403,0.0,0.0,0.0,0.0,20.645925035123494,20.645925035123494,0.0
2022-04-30 06:00:00,0.0,0.0,0.0,8.171766461472032,68.30034118240457,19.064424357991378,0.0,0.0,0.0,19.064424357991378,0.0,0.0,0.0,0.0,17.871179819455143,17.871179819455143,0.0
2022-04-30 07:00:00,0.0,0.0,0.0,8.171766461472032,49.88691803948535,32.706898309561794,0.0,0.0,0.0,32.706898309561794,0.0,0.0,0.0,0.0,18.689567670255855,18.689567670255855,0.0
2022-04-30 08:00:00,0.0,0.0,0.0,8.171766461472032,26.074846194278717,49.09918831618329,0.0,0.0,0.0,49.09918831618329,0.0,0.0,0.0,0.0,19.590007614770176,19.590007614770176,0.0
2022-04-30 09:00:00,0.0,0.0,0.0,8.171766461472032,19.745408694036538,49.09918831618329,0.0,0.0,0.0,49.09918831618329,0.0,0.0,0.0,0.0,18.29229038535242,18.29229038535242,0.0
2022-04-30 10:00:00,0.0,0.0,0.0,8.171766461472032,8.899719703638997,49.09918831618329,0.0,0.0,0.0,49.09918831618329,0.0,0.0,0.0,0.0,16.32724479417947,16.32724479417947,0.0
2022-04-30 11:00:00,0.0,0.0,0.0,8.171766461472032,3.850171015929883,49.09918831618329,0.0,0.0,0.0,49.09918831618329,0.0,0.0,0.0,0.0,15.346877638800315,15.346877638800315,0.0
2022-04-30 12:00:00,0.0,0.0,0.0,8.171766461472032,1.1098401128086182,49.09918831618329,0.0,0.0,0.0,49.09918831618329,0.0,0.0,0.0,0.0,14.60405604823238,14.60405604823238,0.0
2022-04-30 13:00:00,0.0,0.0,0.0,8.171766461472032,0.0028580676627022778,49.09918831618329,0.0,0.0,0.0,49.09918831618329,0.0,0.0,0.0,0.0,13.795913537464262,13.795913537464262,0.0
2022-04-30 14:00:00,0.0,0.0,0.0,8.171766461472032,0.0,49.09918831618329,0.0,0.0,0.0,49.09918831618329,0.0,0.0,0.0,0.0,13.480673144091284,13.480673144091284,0.0
2022-04-30 15:00:00,0.0,0.0,0.0,8.171766461472032,0.0,49.09918831618329,0.0,0.0,0.0,49.09918831618329,0.0,0.0,0.0,0.0,13.346141368104941,13.346141368104941,0.0
2022-04-30 16:00:00,0.0,0.0,0.0,8.171766461472032,0.0,49.09918831618329,0.0,0.0,0.0,49.09918831618329,0.0,0.0,0.0,0.0,13.460542476881649,13.460542476881649,0.0
2022-04-30 17:00:00,0.0,0.0,0.0,8.171766461472032,0.41941155375994965,37.25438962675194,0.0,0.0,0.0,37.25438962675194,0.0,0.0,0.0,0.0,10.306315703238113,10.306315703238113,0.0
2022-04-30 18:00:00,0.0,0.0,0.0,8.171766461472032,9.897071852569988,41.08272602275194,0.0,0.0,0.0,41.08272602275194,0.0,0.0,0.0,0.0,13.232138455391755,13.232138455391755,0.0
2022-04-30 19:00:00,0.0,0.0,0.0,8.171766461472032,20.562575755101157,44.191907497561786,0.0,0.0,0.0,44.191907497561786,0.0,0.0,0.0,0.0,16.087082356188297,16.087082356188297,0.0
2022-04-30 20:00:00,0.0,0.0,0.0,0.0,0.0,22.37766708451935,0.0,0.0,0.0,22.37766708451935,0.0,0.0,0.0,0.0,6.074865283434469,6.074865283434469,0.0
2022-04-30 21:00:00,0.0,0.0,0.0,0.0,0.0,15.107011293199369,0.0,0.0,0.0,15.107011293199369,0.0,0.0,0.0,0.0,4.015896812071189,4.015896812071189,0.0
2022-04-30 22:00:00,0.0,0.0,0.0,0.0,0.0,15.107011293199369,0.0,0.0,0.0,15.107011293199369,0.0,0.0,0.0,0.0,3.9386999843629393,3.9386999843629393,0.0
2022-04-30 23:00:00,0.0,0.0,0.0,0.0,0.0,15.107011293199369,0.0,0.0,0.0,15.107011293199369,0.0,0.0,0.0,0.0,3.872984485237522,3.872984485237522,0.0
2022-05-01 00:00:00,0.0,0.0,0.0,0.0,0.0,15.107011293199369,0.0,0.0,0.0,15.107011293199369,0.0,0.0,0.0,0.0,3.866941680720242,3.866941680720242,0.0
2022-05-01 01:00:00,0.0,0.0,0.0,0.0,0.0,15.107011293199369,0.0,0.0,0.0,15.107011293199369,0.0,0.0,0.0,0.0,3.7344531916788837,3.7344531916788837,0.0
2022-05-01 02:00:00,0.0,0.0,0.0,0.0,0.0,15.107011293199369,0.0,0.0,0.0,15.107011293199369,0.0,0.0,0.0,0.0,3.755451937376431,3.755451937376431,0.0
2022-05-01 03:00:00,0.0,0.0,0.0,0.0,0.0,15.107011293199369,0.0,0.0,0.0,15.107011293199369,0.0,0.0,0.0,0.0,3.900781386017009,3.900781386017009,0.0
2022-05-01 04:00:00,0.0,0.0,0.0,0.0,0.0,13.192843095199365,0.0,0.0,0.0,13.192843095199365,0.0,0.0,0.0,0.0,3.6145751512227218,3.6145751512227218,0.0
2022-05-01 05:00:00,0.0,0.0,0.0,8.171766461472032,119.29224417075665,11.793768566671403,0.0,0.0,0.0,11.793768566671403,0.0,0.0,0.0,0.0,24.827930299015065,24.827930299015065,0.0
2022-05-01 06:00:00,0.0,0.0,0.0,8.171766461472032,73.20356031284777,19.064424357991378,0.0,0.0,0.0,19.064424357991378,0.0,0.0,0.0,0.0,18.726172394830034,18.726172394830034,0.0
2022-05-01 07:00:00,0.0,0.0,0.0,8.171766461472032,42.99691547949837,32.706898309561794,0.0,0.0,0.0,32.706898309561794,0.0,0.0,0.0,0.0,17.289737261302662,17.289737261302662,0.0
2022-05-01 08:00:00,0.0,0.0,0.0,8.171766461472032,15.355638759677142,49.09918831618329,0.0,0.0,0.0,49.09918831618329,0.0,0.0,0.0,0.0,17.176873864144117,17.176873864144117,0.0
2022-05-01 09:00:00,0.0,0.0,0.0,8.171766461472032,4.489331342671326,49.09918831618329,0.0,0.0,0.0,49.09918831618329,0.0,0.0,0.0,0.0,15.335773806344006,15.335773806344006,0.0
2022-05-01 10:00:00,0.0,0.0,0.0,8.171766461472032,0.0,49.09918831618329,0.0,0.0,0.0,49.09918831618329,0.0,0.0,0.0,0.0,14.779346675054331,14.779346675054331,0.0
2022-05-01 11:00:00,0.0,0.0,0.0,8.171766461472032,0.0,49.09918831618329,0.0,0.0,0.0,49.09918831618329,0.0,0.0,0.0,0.0,14.81666205817463,14.81666205817463,0.0
2022-05-01 12:00:00,0.0,0.0,0.0,8.171766461472032,0.0,49.09918831618329,0.0,0.0,0.0,49.09918831618329,0.0,0.0,0.0,0.0,14.879018027336185,14.879018027336185,0.0
2022-05-01 13:00:00,0.0,0.0,0.0,8.171766461472032,0.0,49.09918831618329,0.0,0.0,0.0,49.09918831618329,0.0,0.0,0.0,0.0,15.027297576051057,15.027297576051057,0.0
2022-05-01 14:00:00,0.0,0.0,0.0,8.171766461472032,0.0,49.09918831618329,0.0,0.0,0.0,49.09918831618329,0.0,0.0,0.0,0.0,14.876563067920374,14.876563067920374,0.0
2022-05-01 15:00:00,0.0,0.0,0.0,8.171766461472032,0.0,49.09918831618329,0.0,0.0,0.0,49.09918831618329,0.0,0.0,0.0,0.0,14.847103554930664,14.847103554930664,0.0
2022-05-01 16:00:00,0.0,0.0,0.0,8.171766461472032,0.0,49.09918831618329,0.0,0.0,0.0,49.09918831618329,0.0,0.0,0.0,0.0,14.84121165233272,14.84121165233272,0.0
2022-05-01 17:00:00,0.0,0.0,0.0,8.171766461472032,0.0,37.25438962675194,0.0,0.0,0.0,37.25438962675194,0.0,0.0,0.0,0.0,11.137572322813758,11.137572322813758,0.0
2022-05-01 18:00:00,0.0,0.0,0.0,8.171766461472032,0.0,41.08272602275194,0.0,0.0,0.0,41.08272602275194,0.0,0.0,0.0,0.0,12.086127168633395,12.086127168633395,0.0
2022-05-01 19:00:00,0.0,0.0,0.0,8.171766461472032,4.360530252185674,44.191907497561786,0.0,0.0,0.0,44.191907497561786,0.0,0.0,0.0,0.0,13.643192683161747,13.643192683161747,0.0
2022-05-01 20:00:00,0.0,0.0,0.0,0.0,0.0,22.37766708451935,0.0,0.0,0.0,22.37766708451935,0.0,0.0,0.0,0.0,6.395313476084786,6.395313476084786,0.0
2022-05-01 21:00:00,0.0,0.0,0.0,0.0,0.0,15.107011293199369,0.0,0.0,0.0,15.107011293199369,0.0,0.0,0.0,0.0,4.294772240543649,4.294772240543649,0.0
2022-05-01 22:00:00,0.0,0.0,0.0,0.0,0.0,15.107011293199369,0.0,0.0,0.0,15.107011293199369,0.0,0.0,0.0,0.0,4.154579175742758,4.154579175742758,0.0
2022-05-01 23:00:00,0.0,0.0,0.0,0.0,0.0,15.107011293199369,0.0,0.0,0.0,15.107011293199369,0.0,0.0,0.0,0.0,4.161981611276427,4.161981611276427,0.0
2022-05-02 00:00:00,0.0,0.0,0.0,0.0,0.0,15.107011293199369,0.0,0.0,0.0,15.107011293199369,0.0,0.0,0.0,0.0,4.1731607996333935,4.1731607996333935,0.0
2022-05-02 01:00:00,0.0,0.0,0.0,0.0,0.0,15.107011293199369,0.0,0.0,0.0,15.107011293199369,0.0,0.0,0.0,0.0,4.135695411626259,4.135695411626259,0.0
2022-05-02 02:00:00,0.0,0.0,0.0,0.0,0.0,15.107011293199369,0.0,0.0,0.0,15.107011293199369,0.0,0.0,0.0,0.0,4.166513714664386,4.166513714664386,0.0
2022-05-02 03:00:00,0.0,0.0,0.0,0.0,0.0,15.107011293199369,0.0,0.0,0.0,15.107011293199369,0.0,0.0,0.0,0.0,4.172556519181666,4.172556519181666,0.0
2022-05-02 04:00:00,0.0,0.0,0.0,0.0,0.0,13.192843095199365,0.0,0.0,0.0,13.192843095199365,0.0,0.0,0.0,0.0,3.855212609279159,3.855212609279159,0.0
2022-05-02 05:00:00,0.0,0.0,0.0,8.171766461472032,112.91274887427294,11.793768566671403,0.0,0.0,0.0,11.793768566671403,0.0,0.0,0.0,0.0,23.849247734078133,23.849247734078133,0.0
2022-05-02 06:00:00,0.0,0.0,0.0,8.171766461472032,82.82267092490179,19.064424357991378,0.0,0.0,0.0,19.064424357991378,0.0,0.0,0.0,0.0,20.59764883025801,20.59764883025801,0.0
2022-05-02 07:00:00,0.0,0.0,0.0,8.171766461472032,55.16252450186004,32.706898309561794,0.0,0.0,0.0,32.706898309561794,0.0,0.0,0.0,0.0,19.752935735653395,19.752935735653395,0.0
2022-05-02 08:00:00,0.0,0.0,0.0,8.171766461472032,13.273825058780806,49.09918831618329,0.0,0.0,0.0,49.09918831618329,0.0,0.0,0.0,0.0,16.752943256869287,16.752943256869287,0.0
2022-05-02 09:00:00,0.0,0.0,0.0,8.171766461472032,0.03333642516857174,49.09918831618329,0.0,0.0,0.0,49.09918831618329,0.0,0.0,0.0,0.0,14.430852772568235,14.430852772568235,0.0
2022-05-02 10:00:00,0.0,0.0,0.0,8.171766461472032,0.0,49.09918831618329,0.0,0.0,0.0,49.09918831618329,0.0,0.0,0.0,0.0,14.574603059775846,14.574603059775846,0.0
2022-05-02 11:00:00,0.0,0.0,0.5572604065344459,8.171766461472032,0.0,49.65644872271775,0.0,0.0,0.0,49.65644872271775,0.0,0.0,0.0,0.0,14.861181973734967,14.861181973734967,0.0
2022-05-02 12:00:00,0.0,0.0,3.2796343260874865,8.171766461472032,0.0,52.37882264227079,0.0,0.0,0.0,52.37882264227079,0.0,0.0,0.0,0.0,15.654458723095473,15.654458723095473,0.0
2022-05-02 13:00:00,0.0,0.0,5.887903422219375,8.171766461472032,0.0,54.98709173840267,0.0,0.0,0.0,54.98709173840267,0.0,0.0,0.0,0.0,16.42794352776518,16.42794352776518,0.0
2022-05-02 14:00:00,0.0,0.0,7.435094922936052,8.171766461472032,0.0,56.534283239119354,0.0,0.0,0.0,56.534283239119354,0.0,0.0,0.0,0.0,16.86700340439126,16.86700340439126,0.0
2022-05-02 15:00:00,0.0,0.0,6.7697297381325905,8.171766461472032,0.0,55.868918054315884,0.0,0.0,0.0,55.868918054315884,0.0,0.0,0.0,0.0,16.366240854831293,16.366240854831293,0.0
2022-05-02 16:00:00,0.0,0.0,4.295927622512546,8.171766461472032,0.0,53.395115938695845,0.0,0.0,0.0,53.395115938695845,0.0,0.0,0.0,0.0,15.70350359757045,15.70350359757045,0.0
2022-05-02 17:00:00,0.0,0.0,1.0875323407428608,8.171766461472032,0.0,38.341921967494805,0.0,0.0,0.0,38.341921967494805,0.0,0.0,0.0,0.0,11.303582015237144,11.303582015237144,0.0
2022-05-02 18:00:00,0.0,0.0,0.005265881425456324,8.171766461472032,0.0,41.08799190417739,0.0,0.0,0.0,41.08799190417739,0.0,0.0,0.0,0.0,12.218747032464272,12.218747032464272,0.0
2022-05-02 19:00:00,0.0,0.0,0.0,8.171766461472032,0.0,44.191907497561786,0.0,0.0,0.0,44.191907497561786,0.0,0.0,0.0,0.0,13.248291948694048,13.248291948694048,0.0
2022-05-02 20:00:00,0.0,0.0,0.0,0.0,0.0,22.37766708451935,0.0,0.0,0.0,22.37766708451935,0.0,0.0,0.0,0.0,6.648181114139852,6.648181114139852,0.0
2022-05-02 21:00:00,0.0,0.0,0.0,0.0,0.0,15.107011293199369,0.0,0.0,0.0,15.107011293199369,0.0,0.0,0.0,0.0,4.266068919086569,4.266068919086569,0.0
2022-05-02 22:00:00,0.0,0.0,0.0,0.0,0.0,15.107011293199369,0.0,0.0,0.0,15.107011293199369,0.0,0.0,0.0,0.0,4.279514159137517,4.279514159137517,0.0
2022-05-02 23:00:00,0.0,0.0,0.0,0.0,0.0,15.107011293199369,0.0,0.0,0.0,15.107011293199369,0.0,0.0,0.0,0.0,4.236308106838967,4.236308106838967,0.0
2022-05-03 00:00:00,0.0,0.0,0.0,0.0,0.0,15.107011293199369,0.0,0.0,0.0,15.107011293199369,0.0,0.0,0.0,0.0,4.2221075162233594,4.2221075162233594,0.0
2022-05-03 01:00:00,0.0,0.0,0.0,0.0,0.0,15.107011293199369,0.0,0.0,0.0,15.107011293199369,0.0,0.0,0.0,0.0,4.180261094941197,4.180261094941197,0.0
2022-05-03 02:00:00,0.0,0.0,0.0,0.0,0.0,15.107011293199369,0.0,0.0,0.0,15.107011293199369,0.0,0.0,0.0,0.0,4.20397910267152,4.20397910267152,0.0
2022-05-03 03:00:00,0.0,0.0,0.0,0.0,0.0,15.107011293199369,0.0,0.0,0.0,15.107011293199369,0.0,0.0,0.0,0.0,4.251264048019235,4.251264048019235,0.0
2022-05-03 04:00:00,0.0,0.0,0.0,0.0,0.0,13.192843095199365,0.0,0.0,0.0,13.192843095199365,0.0,0.0,0.0,0.0,3.806399089826921,3.806399089826921,0.0
2022-05-03 05:00:00,0.0,0.0,0.0,8.171766461472032,103.41663358801482,11.793768566671403,0.0,0.0,0.0,11.793768566671403,0.0,0.0,0.0,0.0,22.106327754622185,22.106327754622185,0.0
2022-05-03 06:00:00,0.0,0.0,0.0,8.171766461472032,59.04610765357731,19.064424357991378,0.0,0.0,0.0,19.064424357991378,0.0,0.0,0.0,0.0,16.197706759008028,16.197706759008028,0.0
2022-05-03 07:00:00,0.0,0.0,0.0,8.171766461472032,22.802612725019333,32.706898309561794,0.0,0.0,0.0,32.706898309561794,0.0,0.0,0.0,0.0,13.725699863856828,13.725699863856828,0.0
2022-05-03 08:00:00,0.0,0.0,0.0,8.171766461472032,0.0,49.09918831618329,0.0,0.0,0.0,49.09918831618329,0.0,0.0,0.0,0.0,14.207341131170796,14.207341131170796,0.0
2022-05-03 09:00:00,0.0,0.0,0.0,8.171766461472032,0.0,49.09918831618329,0.0,0.0,0.0,49.09918831618329,0.0,0.0,0.0,0.0,14.200467244806532,14.200467244806532,0.0
2022-05-03 10:00:00,0.0,0.0,0.7742123348892236,8.171766461472032,0.0,49.873400651072515,0.0,0.0,0.0,49.873400651072515,0.0,0.0,0.0,0.0,14.445830498583152,14.445830498583152,0.0
2022-05-03 11:00:00,0.0,0.0,4.661530593122949,8.171766461472032,0.0,53.76071890930624,0.0,0.0,0.0,53.76071890930624,0.0,0.0,0.0,0.0,15.533084514465854,15.533084514465854,0.0
2022-05-03 12:00:00,0.0,0.0,6.393247775713702,8.171766461472032,0.0,55.492436091897,0.0,0.0,0.0,55.492436091897,0.0,0.0,0.0,0.0,16.285920144249932,16.285920144249932,0.0
2022-05-03 13:00:00,0.0,0.0,7.587035091953218,8.171766461472032,0.0,56.686223408136506,0.0,0.0,0.0,56.686223408136506,0.0,0.0,0.0,0.0,16.50192649634262,16.50192649634262,0.0
2022-05-03 14:00:00,0.0,0.0,8.949601650175406,8.171766461472032,0.0,58.048789966358704,0.0,0.0,0.0,58.048789966358704,0.0,0.0,0.0,0.0,16.815573477454787,16.815573477454787,0.0
2022-05-03 15:00:00,0.0,0.0,8.304935651379433,8.171766461472032,0.0,57.40412396756272,0.0,0.0,0.0,57.40412396756272,0.0,0.0,0.0,0.0,16.819408322495875,16.819408322495875,0.0
2022-05-03 16:00:00,0.0,0.0,6.273953824005302,8.171766461472032,0.0,55.373142140188605,0.0,0.0,0.0,55.373142140188605,0.0,0.0,0.0,0.0,16.139609739600772,16.139609739600772,0.0
2022-05-03 17:00:00,0.0,0.0,3.586775912980473,8.171766461472032,0.0,40.841165539732415,0.0,0.0,0.0,40.841165539732415,0.0,0.0,0.0,0.0,11.936239040642194,11.936239040642194,0.0
2022-05-03 18:00:00,0.0,0.0,0.4732985605140165,8.171766461472032,0.0,41.55602458326596,0.0,0.0,0.0,41.55602458326596,0.0,0.0,0.0,0.0,12.180070805355253,12.180070805355253,0.0
2022-05-03 19:00:00,0.0,0.0,0.0,8.171766461472032,0.0,44.191907497561786,0.0,0.0,0.0,44.191907497561786,0.0,0.0,0.0,0.0,12.636675948927792,12.636675948927792,0.0
2022-05-03 20:00:00,0.0,0.0,0.0,0.0,0.0,22.37766708451935,0.0,0.0,0.0,22.37766708451935,0.0,0.0,0.0,0.0,6.337579095006724,6.337579095006724,0.0
2022-05-03 21:00:00,0.0,0.0,0.0,0.0,0.0,15.107011293199369,0.0,0.0,0.0,15.107011293199369,0.0,0.0,0.0,0.0,4.179052534037742,4.179052534037742,0.0
2022-05-03 22:00:00,0.0,0.0,0.0,0.0,0.0,15.107011293199369,0.0,0.0,0.0,15.107011293199369,0.0,0.0,0.0,0.0,4.219237184077652,4.219237184077652,0.0
2022-05-03 23:00:00,0.0,0.0,0.0,0.0,0.0,15.107011293199369,0.0,0.0,0.0,15.107011293199369,0.0,0.0,0.0,0.0,4.226337479385456,4.226337479385456,0.0
2022-05-04 00:00:00,0.0,0.0,0.0,0.0,0.0,15.107011293199369,0.0,0.0,0.0,15.107011293199369,0.0,0.0,0.0,0.0,4.168930836471297,4.168930836471297,0.0
2022-05-04 01:00:00,0.0,0.0,0.0,0.0,0.0,15.107011293199369,0.0,0.0,0.0,15.107011293199369,0.0,0.0,0.0,0.0,4.088108326052682,4.088108326052682,0.0
2022-05-04 02:00:00,0.0,0.0,0.0,0.0,0.0,15.107011293199369,0.0,0.0,0.0,15.107011293199369,0.0,0.0,0.0,0.0,4.088108326052682,4.088108326052682,0.0
2022-05-04 03:00:00,0.0,0.0,0.0,0.0,0.0,15.107011293199369,0.0,0.0,0.0,15.107011293199369,0.0,0.0,0.0,0.0,4.087050835262157,4.087050835262157,0.0
2022-05-04 04:00:00,0.0,0.0,0.0,0.0,0.0,11.278674897199364,0.0,0.0,0.0,11.278674897199364,0.0,0.0,0.0,0.0,3.1651345364010575,3.1651345364010575,0.0
2022-05-04 05:00:00,0.0,0.0,0.0,8.171766461472032,80.59531658721633,11.793768566671403,0.0,0.0,0.0,11.793768566671403,0.0,0.0,0.0,0.0,17.822792403170254,17.822792403170254,0.0
2022-05-04 06:00:00,0.0,0.0,0.0,8.171766461472032,38.80724450599271,19.064424357991378,0.0,0.0,0.0,19.064424357991378,0.0,0.0,0.0,0.0,12.325299264240595,12.325299264240595,0.0
2022-05-04 07:00:00,0.0,0.0,0.0,8.171766461472032,3.8092290538613396,32.706898309561794,0.0,0.0,0.0,32.706898309561794,0.0,0.0,0.0,0.0,9.764634101378414,9.764634101378414,0.0
2022-05-04 08:00:00,0.0,0.0,0.0,8.171766461472032,0.0,49.09918831618329,0.0,0.0,0.0,49.09918831618329,0.0,0.0,0.0,0.0,13.714385280476316,13.714385280476316,0.0
2022-05-04 09:00:00,0.0,0.0,1.5480167436212262,8.171766461472032,0.0,50.64720505980452,0.0,0.0,0.0,50.64720505980452,0.0,0.0,0.0,0.0,14.064222373057117,14.064222373057117,0.0
2022-05-04 10:00:00,0.0,0.0,7.543473260069497,8.171766461472032,0.0,56.642661576252785,0.0,0.0,0.0,56.642661576252785,0.0,0.0,0.0,0.0,15.95623776603041,15.95623776603041,0.0
2022-05-04 11:00:00,0.0,0.0,11.11160757561123,8.171766461472032,0.0,60.210795891794504,0.0,0.0,0.0,60.210795891794504,0.0,0.0,0.0,0.0,17.260026750341815,17.260026750341815,0.0
2022-05-04 12:00:00,0.0,0.0,13.772956924512188,8.171766461472032,0.0,62.87214524069548,0.0,0.0,0.0,62.87214524069548,0.0,0.0,0.0,0.0,18.010354725649627,18.010354725649627,0.0
2022-05-04 13:00:00,0.0,0.0,14.862358974538287,8.171766461472032,0.0,63.96154729072158,0.0,0.0,0.0,63.96154729072158,0.0,0.0,0.0,0.0,18.104315960638747,18.104315960638747,0.0
2022-05-04 14:00:00,0.0,0.0,16.85279101700938,8.171766461472032,0.0,65.95197933319267,0.0,0.0,0.0,65.95197933319267,0.0,0.0,0.0,0.0,18.688812383646805,18.688812383646805,0.0
2022-05-04 15:00:00,0.0,0.0,17.527015664624926,8.171766461472032,0.0,66.62620398080821,0.0,0.0,0.0,66.62620398080821,0.0,0.0,0.0,0.0,19.11039408781522,19.11039408781522,0.0
2022-05-04 16:00:00,0.0,0.0,16.19054815199706,8.171766461472032,0.0,65.28973646818035,0.0,0.0,0.0,65.28973646818035,0.0,0.0,0.0,0.0,18.51355767291722,18.51355767291722,0.0
2022-05-04 17:00:00,0.0,0.0,12.434764413192589,8.171766461472032,0.0,49.689154039944526,0.0,0.0,0.0,49.689154039944526,0.0,0.0,0.0,0.0,14.032217100880333,14.032217100880333,0.0
2022-05-04 18:00:00,0.0,0.0,7.866562151047186,8.171766461472032,0.0,48.949288173799125,0.0,0.0,0.0,48.949288173799125,0.0,0.0,0.0,0.0,13.959358001404034,13.959358001404034,0.0
2022-05-04 19:00:00,0.0,0.0,3.9502395080574617,8.171766461472032,0.0,48.14214700561924,0.0,0.0,0.0,48.14214700561924,0.0,0.0,0.0,0.0,13.618450544949573,13.618450544949573,0.0
2022-05-04 20:00:00,0.0,0.0,0.0,0.0,0.0,22.37766708451935,0.0,0.0,0.0,22.37766708451935,0.0,0.0,0.0,0.0,6.314306321238825,6.314306321238825,0.0
2022-05-04 21:00:00,0.0,0.0,0.0,0.0,0.0,15.107011293199369,0.0,0.0,0.0,15.107011293199369,0.0,0.0,0.0,0.0,4.221050025432836,4.221050025432836,0.0
2022-05-04 22:00:00,0.0,0.0,0.0,0.0,0.0,15.107011293199369,0.0,0.0,0.0,15.107011293199369,0.0,0.0,0.0,0.0,4.152917404500506,4.152917404500506,0.0
2022-05-04 23:00:00,0.0,0.0,0.0,0.0,0.0,14.657592477664597,0.0,0.0,0.0,14.657592477664597,0.0,0.0,0.0,0.0,4.008118663017384,4.008118663017384,0.0
2022-05-05 00:00:00,0.0,0.0,0.0,0.0,0.0,14.657592477664597,0.0,0.0,0.0,14.657592477664597,0.0,0.0,0.0,0.0,3.93966770614669,3.93966770614669,0.0
2022-05-05 01:00:00,0.0,0.0,0.0,0.0,0.0,14.657592477664597,0.0,0.0,0.0,14.657592477664597,0.0,0.0,0.0,0.0,3.8569988845726617,3.8569988845726617,0.0
2022-05-05 02:00:00,0.0,0.0,0.0,0.0,0.0,14.657592477664597,0.0,0.0,0.0,14.657592477664597,0.0,0.0,0.0,0.0,3.83002891441376,3.83002891441376,0.0
2022-05-05 03:00:00,0.0,0.0,0.0,0.0,0.0,14.657592477664597,0.0,0.0,0.0,14.657592477664597,0.0,0.0,0.0,0.0,3.77667527779506,3.77667527779506,0.0
2022-05-05 04:00:00,0.0,0.0,0.0,0.0,0.0,10.829256081664601,0.0,0.0,0.0,10.829256081664601,0.0,0.0,0.0,0.0,2.805318787955215,2.805318787955215,0.0
2022-05-05 05:00:00,0.0,0.0,0.0,8.171766461472032,32.946058643639034,11.344349751136637,0.0,0.0,0.0,11.344349751136637,0.0,0.0,0.0,0.0,8.86083572102412,8.86083572102412,0.0
2022-05-05 06:00:00,0.0,0.0,0.0,8.171766461472032,8.232703532367852,14.516933040801234,0.0,0.0,0.0,14.516933040801234,0.0,0.0,0.0,0.0,5.250752328358288,5.250752328358288,0.0
2022-05-05 07:00:00,0.0,0.0,0.0,8.171766461472032,0.0,23.611915675181518,0.0,0.0,0.0,23.611915675181518,0.0,0.0,0.0,0.0,6.268019135133685,6.268019135133685,0.0
2022-05-05 08:00:00,0.0,0.0,0.0,8.171766461472032,0.0,37.25438962675194,0.0,0.0,0.0,37.25438962675194,0.0,0.0,0.0,0.0,10.025156248558947,10.025156248558947,0.0
2022-05-05 09:00:00,0.0,0.0,1.436836779220112,8.171766461472032,0.0,50.5360250954034,0.0,0.0,0.0,50.5360250954034,0.0,0.0,0.0,0.0,13.587621067401113,13.587621067401113,0.0
2022-05-05 10:00:00,0.0,0.0,8.192092727163427,8.171766461472032,0.0,57.291281043346736,0.0,0.0,0.0,57.291281043346736,0.0,0.0,0.0,0.0,15.368386139877762,15.368386139877762,0.0
2022-05-05 11:00:00,0.0,0.0,12.591350861014824,8.171766461472032,0.0,61.69053917719811,0.0,0.0,0.0,61.69053917719811,0.0,0.0,0.0,0.0,16.54416879654099,16.54416879654099,0.0
2022-05-05 12:00:00,0.0,0.0,15.947926939655787,8.171766461472032,0.0,65.04711525583907,0.0,0.0,0.0,65.04711525583907,0.0,0.0,0.0,0.0,17.478810340396517,17.478810340396517,0.0
2022-05-05 13:00:00,0.0,0.0,17.972051750788356,8.171766461472032,0.0,67.07124006697165,0.0,0.0,0.0,67.07124006697165,0.0,0.0,0.0,0.0,18.282278617455134,18.282278617455134,0.0
2022-05-05 14:00:00,0.0,0.0,16.208768171287485,8.171766461472032,0.0,65.30795648747078,0.0,0.0,0.0,65.30795648747078,0.0,0.0,0.0,0.0,17.584167284251507,17.584167284251507,0.0
2022-05-05 15:00:00,0.0,0.0,14.261767982676181,8.171766461472032,0.0,63.360956298859485,0.0,0.0,0.0,63.360956298859485,0.0,0.0,0.0,0.0,17.118863172825858,17.118863172825858,0.0
2022-05-05 16:00:00,0.0,0.0,13.00149847544716,8.171766461472032,0.0,62.10068679163046,0.0,0.0,0.0,62.10068679163046,0.0,0.0,0.0,0.0,16.675897424156528,16.675897424156528,0.0
2022-05-05 17:00:00,0.0,0.0,9.26976083122525,8.171766461472032,0.0,41.97665914078704,0.0,0.0,0.0,41.97665914078704,0.0,0.0,0.0,0.0,11.259819047924717,11.259819047924717,0.0
2022-05-05 18:00:00,0.0,0.0,1.566878110883608,8.171766461472032,0.0,29.007130182065126,0.0,0.0,0.0,29.007130182065126,0.0,0.0,0.0,0.0,7.920977038816523,7.920977038816523,0.0
2022-05-05 19:00:00,0.0,0.0,0.0,8.171766461472032,0.0,35.096924863181506,0.0,0.0,0.0,35.096924863181506,0.0,0.0,0.0,0.0,9.654111122115337,9.654111122115337,0.0
2022-05-05 20:00:00,0.0,0.0,0.0,8.171766461472032,3.06629617653249,26.001942228801234,0.0,0.0,0.0,26.001942228801234,0.0,0.0,0.0,0.0,7.571832239896306,7.571832239896306,0.0
2022-05-05 21:00:00,0.0,0.0,0.0,0.0,0.0,14.657592477664597,0.0,0.0,0.0,14.657592477664597,0.0,0.0,0.0,0.0,3.911671704514351,3.911671704514351,0.0
2022-05-05 22:00:00,0.0,0.0,0.0,0.0,0.0,14.657592477664597,0.0,0.0,0.0,14.657592477664597,0.0,0.0,0.0,0.0,3.813026107139668,3.813026107139668,0.0
2022-05-05 23:00:00,0.0,0.0,0.0,0.0,0.0,14.657592477664597,0.0,0.0,0.0,14.657592477664597,0.0,0.0,0.0,0.0,3.670554308256768,3.670554308256768,0.0
2022-05-06 00:00:00,0.0,0.0,0.0,0.0,0.0,14.657592477664597,0.0,0.0,0.0,14.657592477664597,0.0,0.0,0.0,0.0,3.6626392083188293,3.6626392083188293,0.0
2022-05-06 01:00:00,0.0,0.0,0.0,0.0,0.0,14.657592477664597,0.0,0.0,0.0,14.657592477664597,0.0,0.0,0.0,0.0,3.6254089234255615,3.6254089234255615,0.0
2022-05-06 02:00:00,0.0,0.0,0.0,0.0,0.0,14.657592477664597,0.0,0.0,0.0,14.657592477664597,0.0,0.0,0.0,0.0,3.824605605197023,3.824605605197023,0.0
2022-05-06 03:00:00,0.0,0.0,0.0,0.0,0.0,14.657592477664597,0.0,0.0,0.0,14.657592477664597,0.0,0.0,0.0,0.0,3.846885145763073,3.846885145763073,0.0
2022-05-06 04:00:00,0.0,0.0,0.0,0.0,0.0,10.829256081664601,0.0,0.0,0.0,10.829256081664601,0.0,0.0,0.0,0.0,2.905922576953879,2.905922576953879,0.0
2022-05-06 05:00:00,0.0,0.0,0.0,0.0,0.0,3.1725832896646002,0.0,0.0,0.0,3.1725832896646002,0.0,0.0,0.0,0.0,0.8521241457710149,0.8521241457710149,0.0
2022-05-06 06:00:00,0.0,0.0,0.0,0.0,0.0,3.1725832896646002,0.0,0.0,0.0,3.1725832896646002,0.0,0.0,0.0,0.0,0.8429236542309876,0.8429236542309876,0.0
2022-05-06 07:00:00,0.0,0.0,0.0,8.171766461472032,56.14274456990219,14.516933040801234,0.0,0.0,0.0,14.516933040801234,0.0,0.0,0.0,0.0,13.947527352056916,13.947527352056916,0.0
2022-05-06 08:00:00,0.0,0.0,0.0,8.171766461472032,22.680638675494176,14.516933040801234,0.0,0.0,0.0,14.516933040801234,0.0,0.0,0.0,0.0,7.911192951474668,7.911192951474668,0.0
2022-05-06 09:00:00,0.0,0.0,0.0,8.171766461472032,1.636321496262175,28.15940699237166,0.0,0.0,0.0,28.15940699237166,0.0,0.0,0.0,0.0,7.421203084658261,7.421203084658261,0.0
2022-05-06 10:00:00,0.0,0.0,0.0,8.171766461472032,0.0,28.15940699237166,0.0,0.0,0.0,28.15940699237166,0.0,0.0,0.0,0.0,7.023519292037339,7.023519292037339,0.0
2022-05-06 11:00:00,0.0,0.0,0.0,8.171766461472032,0.0,37.25438962675194,0.0,0.0,0.0,37.25438962675194,0.0,0.0,0.0,0.0,9.270009770824686,9.270009770824686,0.0
2022-05-06 12:00:00,0.0,0.0,0.004103166285435526,8.171766461472032,0.0,37.25849279303738,0.0,0.0,0.0,37.25849279303738,0.0,0.0,0.0,0.0,9.260598383709441,9.260598383709441,0.0
2022-05-06 13:00:00,0.0,0.0,0.6421072119339741,8.171766461472032,0.0,37.896496838685906,0.0,0.0,0.0,37.896496838685906,0.0,0.0,0.0,0.0,9.465029050430191,9.465029050430191,0.0
2022-05-06 14:00:00,0.0,0.0,0.9226384749206943,8.171766461472032,0.0,38.17702810167263,0.0,0.0,0.0,38.17702810167263,0.0,0.0,0.0,0.0,9.618320459935402,9.618320459935402,0.0
2022-05-06 15:00:00,0.0,0.0,0.6184334427446415,8.171766461472032,0.0,37.87282306949658,0.0,0.0,0.0,37.87282306949658,0.0,0.0,0.0,0.0,9.673476468410817,9.673476468410817,0.0
2022-05-06 16:00:00,0.0,0.0,0.0,8.171766461472032,0.0,28.15940699237166,0.0,0.0,0.0,28.15940699237166,0.0,0.0,0.0,0.0,7.352421165708241,7.352421165708241,0.0
2022-05-06 17:00:00,0.0,0.0,0.0,8.171766461472032,0.0,19.064424357991378,0.0,0.0,0.0,19.064424357991378,0.0,0.0,0.0,0.0,5.0802878029175425,5.0802878029175425,0.0
2022-05-06 18:00:00,0.0,0.0,0.0,0.0,0.0,7.000919685664599,0.0,0.0,0.0,7.000919685664599,0.0,0.0,0.0,0.0,1.8373213623058176,1.8373213623058176,0.0
2022-05-06 19:00:00,0.0,0.0,0.0,0.0,0.0,14.657592477664597,0.0,0.0,0.0,14.657592477664597,0.0,0.0,0.0,0.0,3.8115603478919016,3.8115603478919016,0.0
2022-05-06 20:00:00,0.0,0.0,0.0,0.0,0.0,14.657592477664597,0.0,0.0,0.0,14.657592477664597,0.0,0.0,0.0,0.0,3.7796067962905933,3.7796067962905933,0.0
2022-05-06 21:00:00,0.0,0.0,0.0,0.0,0.0,14.657592477664597,0.0,0.0,0.0,14.657592477664597,0.0,0.0,0.0,0.0,3.54376613332497,3.54376613332497,0.0
2022-05-06 22:00:00,0.0,0.0,0.0,0.0,0.0,14.657592477664597,0.0,0.0,0.0,14.657592477664597,0.0,0.0,0.0,0.0,3.4357396767645816,3.4357396767645816,0.0
2022-05-06 23:00:00,0.0,0.0,0.0,0.0,0.0,15.107011293199369,0.0,0.0,0.0,15.107011293199369,0.0,0.0,0.0,0.0,3.641091861886912,3.641091861886912,0.0
2022-05-07 00:00:00,0.0,0.0,0.0,0.0,0.0,15.107011293199369,0.0,0.0,0.0,15.107011293199369,0.0,0.0,0.0,0.0,3.640638651548116,3.640638651548116,0.0
2022-05-07 01:00:00,0.0,0.0,0.0,0.0,0.0,15.107011293199369,0.0,0.0,0.0,15.107011293199369,0.0,0.0,0.0,0.0,3.596677248684906,3.596677248684906,0.0
2022-05-07 02:00:00,0.0,0.0,0.0,0.0,0.0,15.107011293199369,0.0,0.0,0.0,15.107011293199369,0.0,0.0,0.0,0.0,3.6339915665791085,3.6339915665791085,0.0
2022-05-07 03:00:00,0.0,0.0,0.0,0.0,0.0,15.107011293199369,0.0,0.0,0.0,15.107011293199369,0.0,0.0,0.0,0.0,3.631423374659264,3.631423374659264,0.0
2022-05-07 04:00:00,0.0,0.0,0.0,0.0,0.0,11.278674897199364,0.0,0.0,0.0,11.278674897199364,0.0,0.0,0.0,0.0,2.786171059855159,2.786171059855159,0.0
2022-05-07 05:00:00,0.0,0.0,0.0,8.171766461472032,141.41072576230002,11.793768566671403,0.0,0.0,0.0,11.793768566671403,0.0,0.0,0.0,0.0,28.48120798849272,28.48120798849272,0.0
2022-05-07 06:00:00,0.0,0.0,0.0,8.171766461472032,99.96109589789101,19.064424357991378,0.0,0.0,0.0,19.064424357991378,0.0,0.0,0.0,0.0,22.904456964672377,22.904456964672377,0.0
2022-05-07 07:00:00,0.0,0.0,0.0,8.171766461472032,73.26393153584752,32.706898309561794,0.0,0.0,0.0,32.706898309561794,0.0,0.0,0.0,0.0,21.625983217845025,21.625983217845025,0.0
2022-05-07 08:00:00,0.0,0.0,0.0,8.171766461472032,42.657128355315955,49.09918831618329,0.0,0.0,0.0,49.09918831618329,0.0,0.0,0.0,0.0,20.124131912225465,20.124131912225465,0.0
2022-05-07 09:00:00,0.0,0.0,0.0,8.171766461472032,29.47847554322347,49.09918831618329,0.0,0.0,0.0,49.09918831618329,0.0,0.0,0.0,0.0,17.734616291890354,17.734616291890354,0.0
2022-05-07 10:00:00,0.0,0.0,0.0,8.171766461472032,20.91978463367575,49.09918831618329,0.0,0.0,0.0,49.09918831618329,0.0,0.0,0.0,0.0,16.358593722078222,16.358593722078222,0.0
2022-05-07 11:00:00,0.0,0.0,0.0,8.171766461472032,15.991471722993232,49.09918831618329,0.0,0.0,0.0,49.09918831618329,0.0,0.0,0.0,0.0,15.341136092578955,15.341136092578955,0.0
2022-05-07 12:00:00,0.0,0.0,0.0,8.171766461472032,5.194998886125457,49.09918831618329,0.0,0.0,0.0,49.09918831618329,0.0,0.0,0.0,0.0,13.658925361034537,13.658925361034537,0.0
2022-05-07 13:00:00,0.0,0.0,0.0,8.171766461472032,0.19024111317913592,49.09918831618329,0.0,0.0,0.0,49.09918831618329,0.0,0.0,0.0,0.0,12.677784974510143,12.677784974510143,0.0
2022-05-07 14:00:00,0.0,0.0,0.0,8.171766461472032,0.0,49.09918831618329,0.0,0.0,0.0,49.09918831618329,0.0,0.0,0.0,0.0,12.661207691094184,12.661207691094184,0.0
2022-05-07 15:00:00,0.0,0.0,0.0,8.171766461472032,0.2965527114594532,49.09918831618329,0.0,0.0,0.0,49.09918831618329,0.0,0.0,0.0,0.0,12.641935330891716,12.641935330891716,0.0
2022-05-07 16:00:00,0.0,0.0,0.0,8.171766461472032,4.711608565090421,49.09918831618329,0.0,0.0,0.0,49.09918831618329,0.0,0.0,0.0,0.0,13.610188100439162,13.610188100439162,0.0
2022-05-07 17:00:00,0.0,0.0,0.0,8.171766461472032,13.536269129569485,37.25438962675194,0.0,0.0,0.0,37.25438962675194,0.0,0.0,0.0,0.0,11.948629077970006,11.948629077970006,0.0
2022-05-07 18:00:00,0.0,0.0,0.0,8.171766461472032,31.228393101124944,39.168557824751936,0.0,0.0,0.0,39.168557824751936,0.0,0.0,0.0,0.0,15.593824875480399,15.593824875480399,0.0
2022-05-07 19:00:00,0.0,0.0,0.0,8.171766461472032,42.34805094635452,44.191907497561786,0.0,0.0,0.0,44.191907497561786,0.0,0.0,0.0,0.0,19.135008336709525,19.135008336709525,0.0
2022-05-07 20:00:00,0.0,0.0,0.0,0.0,0.0,22.37766708451935,0.0,0.0,0.0,22.37766708451935,0.0,0.0,0.0,0.0,5.808347268457842,5.808347268457842,0.0
2022-05-07 21:00:00,0.0,0.0,0.0,0.0,0.0,15.107011293199369,0.0,0.0,0.0,15.107011293199369,0.0,0.0,0.0,0.0,3.7051455897700767,3.7051455897700767,0.0
2022-05-07 22:00:00,0.0,0.0,0.0,0.0,0.0,15.107011293199369,0.0,0.0,0.0,15.107011293199369,0.0,0.0,0.0,0.0,3.6447175445972797,3.6447175445972797,0.0
2022-05-07 23:00:00,0.0,0.0,0.0,0.0,0.0,15.107011293199369,0.0,0.0,0.0,15.107011293199369,0.0,0.0,0.0,0.0,3.5753763627614945,3.5753763627614945,0.0
2022-05-08 00:00:00,0.0,0.0,0.0,0.0,0.0,15.107011293199369,0.0,0.0,0.0,15.107011293199369,0.0,0.0,0.0,0.0,3.5715996099381946,3.5715996099381946,0.0
2022-05-08 01:00:00,0.0,0.0,0.0,0.0,0.0,15.107011293199369,0.0,0.0,0.0,15.107011293199369,0.0,0.0,0.0,0.0,3.5631396836140032,3.5631396836140032,0.0
2022-05-08 02:00:00,0.0,0.0,0.0,0.0,0.0,15.107011293199369,0.0,0.0,0.0,15.107011293199369,0.0,0.0,0.0,0.0,3.5962240383461097,3.5962240383461097,0.0
2022-05-08 03:00:00,0.0,0.0,0.0,0.0,0.0,15.107011293199369,0.0,0.0,0.0,15.107011293199369,0.0,0.0,0.0,0.0,3.5912387246193536,3.5912387246193536,0.0
2022-05-08 04:00:00,0.0,0.0,0.0,0.0,0.0,11.278674897199364,0.0,0.0,0.0,11.278674897199364,0.0,0.0,0.0,0.0,2.718837370718879,2.718837370718879,0.0
2022-05-08 05:00:00,0.0,0.0,0.0,8.171766461472032,128.56485337810096,11.793768566671403,0.0,0.0,0.0,11.793768566671403,0.0,0.0,0.0,0.0,25.984202618711258,25.984202618711258,0.0
2022-05-08 06:00:00,0.0,0.0,0.0,8.171766461472032,97.02834405681666,19.064424357991378,0.0,0.0,0.0,19.064424357991378,0.0,0.0,0.0,0.0,22.120378562059795,22.120378562059795,0.0
2022-05-08 07:00:00,0.0,0.0,0.0,8.171766461472032,71.7698457029579,32.706898309561794,0.0,0.0,0.0,32.706898309561794,0.0,0.0,0.0,0.0,20.81501913991903,20.81501913991903,0.0
2022-05-08 08:00:00,0.0,0.0,0.0,8.171766461472032,39.10500206591147,49.09918831618329,0.0,0.0,0.0,49.09918831618329,0.0,0.0,0.0,0.0,18.722550700158862,18.722550700158862,0.0
2022-05-08 09:00:00,0.0,0.0,0.0,8.171766461472032,29.440625498584318,49.09918831618329,0.0,0.0,0.0,49.09918831618329,0.0,0.0,0.0,0.0,16.638290386942657,16.638290386942657,0.0
2022-05-08 10:00:00,0.0,0.0,0.0,8.171766461472032,19.827556164042978,49.09918831618329,0.0,0.0,0.0,49.09918831618329,0.0,0.0,0.0,0.0,14.684051965494493,14.684051965494493,0.0
2022-05-08 11:00:00,0.0,0.0,0.0,8.171766461472032,16.217267171773354,49.09918831618329,0.0,0.0,0.0,49.09918831618329,0.0,0.0,0.0,0.0,14.330086042904666,14.330086042904666,0.0
2022-05-08 12:00:00,0.0,0.0,0.0,8.171766461472032,10.31083557265378,49.09918831618329,0.0,0.0,0.0,49.09918831618329,0.0,0.0,0.0,0.0,13.032918451150607,13.032918451150607,0.0
2022-05-08 13:00:00,0.0,0.0,0.0,8.171766461472032,6.661166796753667,49.09918831618329,0.0,0.0,0.0,49.09918831618329,0.0,0.0,0.0,0.0,12.684136979289363,12.684136979289363,0.0
2022-05-08 14:00:00,0.0,0.0,0.0,8.171766461472032,1.352455085026566,49.09918831618329,0.0,0.0,0.0,49.09918831618329,0.0,0.0,0.0,0.0,11.76856257158996,11.76856257158996,0.0
2022-05-08 15:00:00,0.0,0.0,0.0,8.171766461472032,0.7159399433926332,49.09918831618329,0.0,0.0,0.0,49.09918831618329,0.0,0.0,0.0,0.0,11.91369246294031,11.91369246294031,0.0
2022-05-08 16:00:00,0.0,0.0,0.0,8.171766461472032,3.8018492480754924,49.09918831618329,0.0,0.0,0.0,49.09918831618329,0.0,0.0,0.0,0.0,12.943609870307059,12.943609870307059,0.0
2022-05-08 17:00:00,0.0,0.0,0.0,8.171766461472032,8.257577332945031,37.25438962675194,0.0,0.0,0.0,37.25438962675194,0.0,0.0,0.0,0.0,10.95647351761533,10.95647351761533,0.0
2022-05-08 18:00:00,0.0,0.0,0.0,8.171766461472032,19.622957019194104,39.168557824751936,0.0,0.0,0.0,39.168557824751936,0.0,0.0,0.0,0.0,13.476843312455209,13.476843312455209,0.0
2022-05-08 19:00:00,0.0,0.0,0.0,8.171766461472032,31.549251141665966,44.191907497561786,0.0,0.0,0.0,44.191907497561786,0.0,0.0,0.0,0.0,16.87028863056276,16.87028863056276,0.0
2022-05-08 20:00:00,0.0,0.0,0.0,0.0,0.0,22.37766708451935,0.0,0.0,0.0,22.37766708451935,0.0,0.0,0.0,0.0,5.797829764928117,5.797829764928117,0.0
2022-05-08 21:00:00,0.0,0.0,0.0,0.0,0.0,15.107011293199369,0.0,0.0,0.0,15.107011293199369,0.0,0.0,0.0,0.0,3.842015112086463,3.842015112086463,0.0
2022-05-08 22:00:00,0.0,0.0,0.0,0.0,0.0,15.107011293199369,0.0,0.0,0.0,15.107011293199369,0.0,0.0,0.0,0.0,3.574016731745107,3.574016731745107,0.0
2022-05-08 23:00:00,0.0,0.0,0.0,0.0,0.0,15.107011293199369,0.0,0.0,0.0,15.107011293199369,0.0,0.0,0.0,0.0,3.5886705326995103,3.5886705326995103,0.0
2022-05-09 00:00:00,0.0,0.0,0.0,0.0,0.0,15.107011293199369,0.0,0.0,0.0,15.107011293199369,0.0,0.0,0.0,0.0,3.5978858095883615,3.5978858095883615,0.0
2022-05-09 01:00:00,0.0,0.0,0.0,0.0,0.0,15.107011293199369,0.0,0.0,0.0,15.107011293199369,0.0,0.0,0.0,0.0,3.612841750768629,3.612841750768629,0.0
2022-05-09 02:00:00,0.0,0.0,0.0,0.0,0.0,15.107011293199369,0.0,0.0,0.0,15.107011293199369,0.0,0.0,0.0,0.0,3.62809983217476,3.62809983217476,0.0
2022-05-09 03:00:00,0.0,0.0,0.0,0.0,0.0,15.107011293199369,0.0,0.0,0.0,15.107011293199369,0.0,0.0,0.0,0.0,3.6537817513731996,3.6537817513731996,0.0
2022-05-09 04:00:00,0.0,0.0,0.0,0.0,0.0,11.278674897199364,0.0,0.0,0.0,11.278674897199364,0.0,0.0,0.0,0.0,2.87561095178995,2.87561095178995,0.0
2022-05-09 05:00:00,0.0,0.0,0.0,8.171766461472032,156.05227839274184,11.793768566671403,0.0,0.0,0.0,11.793768566671403,0.0,0.0,0.0,0.0,31.130162872956284,31.130162872956284,0.0
2022-05-09 06:00:00,0.0,0.0,0.0,8.171766461472032,103.58744843125159,19.064424357991378,0.0,0.0,0.0,19.064424357991378,0.0,0.0,0.0,0.0,23.539462681137866,23.539462681137866,0.0
2022-05-09 07:00:00,0.0,0.0,0.0,8.171766461472032,68.73531847397982,32.706898309561794,0.0,0.0,0.0,32.706898309561794,0.0,0.0,0.0,0.0,20.587870583196718,20.587870583196718,0.0
2022-05-09 08:00:00,0.0,0.0,0.0,8.171766461472032,35.605973557454554,49.09918831618329,0.0,0.0,0.0,49.09918831618329,0.0,0.0,0.0,0.0,18.355229825699254,18.355229825699254,0.0
2022-05-09 09:00:00,0.0,0.0,0.0,8.171766461472032,16.868294983644727,49.09918831618329,0.0,0.0,0.0,49.09918831618329,0.0,0.0,0.0,0.0,14.88379565416398,14.88379565416398,0.0
2022-05-09 10:00:00,0.0,0.0,0.0,8.171766461472032,1.0330762552152903,49.09918831618329,0.0,0.0,0.0,49.09918831618329,0.0,0.0,0.0,0.0,12.199104212885434,12.199104212885434,0.0
2022-05-09 11:00:00,0.0,0.0,0.0,8.171766461472032,0.0,49.09918831618329,0.0,0.0,0.0,49.09918831618329,0.0,0.0,0.0,0.0,12.186909531959854,12.186909531959854,0.0
2022-05-09 12:00:00,0.0,0.0,0.0,8.171766461472032,0.0,49.09918831618329,0.0,0.0,0.0,49.09918831618329,0.0,0.0,0.0,0.0,12.425531587176506,12.425531587176506,0.0
2022-05-09 13:00:00,0.0,0.0,0.0,8.171766461472032,0.0,49.09918831618329,0.0,0.0,0.0,49.09918831618329,0.0,0.0,0.0,0.0,12.500162353417103,12.500162353417103,0.0
2022-05-09 14:00:00,0.0,0.0,0.0,8.171766461472032,0.0,49.09918831618329,0.0,0.0,0.0,49.09918831618329,0.0,0.0,0.0,0.0,12.471684824193717,12.471684824193717,0.0
2022-05-09 15:00:00,0.0,0.0,0.004140692768826778,8.171766461472032,0.0,49.103329008952116,0.0,0.0,0.0,49.103329008952116,0.0,0.0,0.0,0.0,12.699593981585284,12.699593981585284,0.0
2022-05-09 16:00:00,0.0,0.0,0.0,8.171766461472032,0.0,49.09918831618329,0.0,0.0,0.0,49.09918831618329,0.0,0.0,0.0,0.0,12.913577519039364,12.913577519039364,0.0
2022-05-09 17:00:00,0.0,0.0,0.0,8.171766461472032,0.0,37.25438962675194,0.0,0.0,0.0,37.25438962675194,0.0,0.0,0.0,0.0,9.715944814656906,9.715944814656906,0.0
2022-05-09 18:00:00,0.0,0.0,0.0,8.171766461472032,0.0,39.168557824751936,0.0,0.0,0.0,39.168557824751936,0.0,0.0,0.0,0.0,10.051826994566088,10.051826994566088,0.0
2022-05-09 19:00:00,0.0,0.0,0.0,8.171766461472032,0.638861370288815,44.191907497561786,0.0,0.0,0.0,44.191907497561786,0.0,0.0,0.0,0.0,11.319443481215,11.319443481215,0.0
2022-05-09 20:00:00,0.0,0.0,0.0,0.0,0.0,22.37766708451935,0.0,0.0,0.0,22.37766708451935,0.0,0.0,0.0,0.0,5.618360874910273,5.618360874910273,0.0
2022-05-09 21:00:00,0.0,0.0,0.0,0.0,0.0,15.107011293199369,0.0,0.0,0.0,15.107011293199369,0.0,0.0,0.0,0.0,3.7009156266079812,3.7009156266079812,0.0
2022-05-09 22:00:00,0.0,0.0,0.0,0.0,0.0,15.107011293199369,0.0,0.0,0.0,15.107011293199369,0.0,0.0,0.0,0.0,3.543651639045776,3.543651639045776,0.0
2022-05-09 23:00:00,0.0,0.0,0.0,0.0,0.0,15.107011293199369,0.0,0.0,0.0,15.107011293199369,0.0,0.0,0.0,0.0,3.567973927227827,3.567973927227827,0.0
2022-05-10 00:00:00,0.0,0.0,0.0,0.0,0.0,15.107011293199369,0.0,0.0,0.0,15.107011293199369,0.0,0.0,0.0,0.0,3.5326235208017405,3.5326235208017405,0.0
2022-05-10 01:00:00,0.0,0.0,0.0,0.0,0.0,15.107011293199369,0.0,0.0,0.0,15.107011293199369,0.0,0.0,0.0,0.0,3.4794468410496786,3.4794468410496786,0.0
2022-05-10 02:00:00,0.0,0.0,0.0,0.0,0.0,15.107011293199369,0.0,0.0,0.0,15.107011293199369,0.0,0.0,0.0,0.0,3.481410752517794,3.481410752517794,0.0
2022-05-10 03:00:00,0.0,0.0,0.0,0.0,0.0,15.107011293199369,0.0,0.0,0.0,15.107011293199369,0.0,0.0,0.0,0.0,3.521595402557705,3.521595402557705,0.0
2022-05-10 04:00:00,0.0,0.0,0.0,0.0,0.0,11.278674897199364,0.0,0.0,0.0,11.278674897199364,0.0,0.0,0.0,0.0,2.7208675322003746,2.7208675322003746,0.0
2022-05-10 05:00:00,0.0,0.0,0.0,8.171766461472032,81.02389504257762,11.793768566671403,0.0,0.0,0.0,11.793768566671403,0.0,0.0,0.0,0.0,17.52644948103275,17.52644948103275,0.0
2022-05-10 06:00:00,0.0,0.0,0.0,8.171766461472032,57.06840818602476,19.064424357991378,0.0,0.0,0.0,19.064424357991378,0.0,0.0,0.0,0.0,15.04854109758585,15.04854109758585,0.0
2022-05-10 07:00:00,0.0,0.0,0.0,8.171766461472032,37.92895195565277,32.706898309561794,0.0,0.0,0.0,32.706898309561794,0.0,0.0,0.0,0.0,14.991457048733588,14.991457048733588,0.0
2022-05-10 08:00:00,0.0,0.0,0.0,8.171766461472032,11.548402752149693,49.09918831618329,0.0,0.0,0.0,49.09918831618329,0.0,0.0,0.0,0.0,14.386006249353697,14.386006249353697,0.0
2022-05-10 09:00:00,0.0,0.0,0.0,8.171766461472032,1.6741414693597607,49.09918831618329,0.0,0.0,0.0,49.09918831618329,0.0,0.0,0.0,0.0,12.662150523446057,12.662150523446057,0.0
2022-05-10 10:00:00,0.0,0.0,0.0,8.171766461472032,0.0,49.09918831618329,0.0,0.0,0.0,49.09918831618329,0.0,0.0,0.0,0.0,12.21538706118324,12.21538706118324,0.0
2022-05-10 11:00:00,0.0,0.0,0.0,8.171766461472032,0.0,49.09918831618329,0.0,0.0,0.0,49.09918831618329,0.0,0.0,0.0,0.0,12.23109880144442,12.23109880144442,0.0
2022-05-10 12:00:00,0.0,0.0,0.5439874417751593,8.171766461472032,0.0,49.64317575795846,0.0,0.0,0.0,49.64317575795846,0.0,0.0,0.0,0.0,12.371575830640829,12.371575830640829,0.0
2022-05-10 13:00:00,0.0,0.0,0.9691364127137262,8.171766461472032,0.0,50.06832472889703,0.0,0.0,0.0,50.06832472889703,0.0,0.0,0.0,0.0,12.483034721408607,12.483034721408607,0.0
2022-05-10 14:00:00,0.0,0.0,0.7332426849547754,8.171766461472032,0.0,49.83243100113806,0.0,0.0,0.0,49.83243100113806,0.0,0.0,0.0,0.0,12.476545749754935,12.476545749754935,0.0
2022-05-10 15:00:00,0.0,0.0,0.2869108933305282,8.171766461472032,0.0,49.38609920951382,0.0,0.0,0.0,49.38609920951382,0.0,0.0,0.0,0.0,12.377144183888355,12.377144183888355,0.0
2022-05-10 16:00:00,0.0,0.0,0.04624810209699819,8.171766461472032,0.0,49.14543641828029,0.0,0.0,0.0,49.14543641828029,0.0,0.0,0.0,0.0,12.321252364427052,12.321252364427052,0.0
2022-05-10 17:00:00,0.0,0.0,0.0,8.171766461472032,0.0,37.25438962675194,0.0,0.0,0.0,37.25438962675194,0.0,0.0,0.0,0.0,9.325518811368545,9.325518811368545,0.0
2022-05-10 18:00:00,0.0,0.0,0.0,8.171766461472032,0.0,39.168557824751936,0.0,0.0,0.0,39.168557824751936,0.0,0.0,0.0,0.0,9.922962439322657,9.922962439322657,0.0
2022-05-10 19:00:00,0.0,0.0,0.0,8.171766461472032,0.8767258132734884,44.191907497561786,0.0,0.0,0.0,44.191907497561786,0.0,0.0,0.0,0.0,11.426791257624293,11.426791257624293,0.0
2022-05-10 20:00:00,0.0,0.0,0.0,0.0,0.0,22.37766708451935,0.0,0.0,0.0,22.37766708451935,0.0,0.0,0.0,0.0,5.7092142032734206,5.7092142032734206,0.0
2022-05-10 21:00:00,0.0,0.0,0.0,0.0,0.0,15.107011293199369,0.0,0.0,0.0,15.107011293199369,0.0,0.0,0.0,0.0,3.6839957739595985,3.6839957739595985,0.0
2022-05-10 22:00:00,0.0,0.0,0.0,0.0,0.0,15.107011293199369,0.0,0.0,0.0,15.107011293199369,0.0,0.0,0.0,0.0,3.6293083930782166,3.6293083930782166,0.0
2022-05-10 23:00:00,0.0,0.0,0.0,0.0,0.0,15.107011293199369,0.0,0.0,0.0,15.107011293199369,0.0,0.0,0.0,0.0,3.3756616734653986,3.3756616734653986,0.0
2022-05-11 00:00:00,0.0,0.0,0.0,0.0,0.0,15.107011293199369,0.0,0.0,0.0,15.107011293199369,0.0,0.0,0.0,0.0,3.3844237400154547,3.3844237400154547,0.0
2022-05-11 01:00:00,0.0,0.0,0.0,0.0,0.0,15.107011293199369,0.0,0.0,0.0,15.107011293199369,0.0,0.0,0.0,0.0,3.232749346631733,3.232749346631733,0.0
2022-05-11 02:00:00,0.0,0.0,0.0,0.0,0.0,15.107011293199369,0.0,0.0,0.0,15.107011293199369,0.0,0.0,0.0,0.0,3.2637187197827915,3.2637187197827915,0.0
2022-05-11 03:00:00,0.0,0.0,0.0,0.0,0.0,15.107011293199369,0.0,0.0,0.0,15.107011293199369,0.0,0.0,0.0,0.0,3.2005714125772187,3.2005714125772187,0.0
2022-05-11 04:00:00,0.0,0.0,0.0,0.0,0.0,11.278674897199364,0.0,0.0,0.0,11.278674897199364,0.0,0.0,0.0,0.0,2.4169072437208516,2.4169072437208516,0.0
2022-05-11 05:00:00,0.0,0.0,0.0,8.171766461472032,87.06422685423097,11.793768566671403,0.0,0.0,0.0,11.793768566671403,0.0,0.0,0.0,0.0,18.23154181050154,18.23154181050154,0.0
2022-05-11 06:00:00,0.0,0.0,0.0,8.171766461472032,64.82892782538914,19.064424357991378,0.0,0.0,0.0,19.064424357991378,0.0,0.0,0.0,0.0,15.819940820735532,15.819940820735532,0.0
2022-05-11 07:00:00,0.0,0.0,0.0,8.171766461472032,44.28093758497097,32.706898309561794,0.0,0.0,0.0,32.706898309561794,0.0,0.0,0.0,0.0,14.965863077184075,14.965863077184075,0.0
2022-05-11 08:00:00,0.0,0.0,0.0,8.171766461472032,18.494083148742558,49.09918831618329,0.0,0.0,0.0,49.09918831618329,0.0,0.0,0.0,0.0,13.680467218560553,13.680467218560553,0.0
2022-05-11 09:00:00,0.0,0.0,0.0,8.171766461472032,5.491664282827973,49.09918831618329,0.0,0.0,0.0,49.09918831618329,0.0,0.0,0.0,0.0,11.122848896769192,11.122848896769192,0.0
2022-05-11 10:00:00,0.0,0.0,0.0,8.171766461472032,0.0,49.09918831618329,0.0,0.0,0.0,49.09918831618329,0.0,0.0,0.0,0.0,10.052076823972204,10.052076823972204,0.0
2022-05-11 11:00:00,0.0,0.0,0.0,8.171766461472032,0.0,49.09918831618329,0.0,0.0,0.0,49.09918831618329,0.0,0.0,0.0,0.0,9.978919033381091,9.978919033381091,0.0
2022-05-11 12:00:00,0.0,0.0,0.0,8.171766461472032,0.0,49.09918831618329,0.0,0.0,0.0,49.09918831618329,0.0,0.0,0.0,0.0,10.11786973631589,10.11786973631589,0.0
2022-05-11 13:00:00,0.0,0.0,0.046174303357976496,8.171766461472032,0.0,49.14536261954127,0.0,0.0,0.0,49.14536261954127,0.0,0.0,0.0,0.0,10.648817172402202,10.648817172402202,0.0
2022-05-11 14:00:00,0.0,0.0,0.21061476644855048,8.171766461472032,0.0,49.309803082631845,0.0,0.0,0.0,49.309803082631845,0.0,0.0,0.0,0.0,10.780109149924975,10.780109149924975,0.0
2022-05-11 15:00:00,0.0,0.0,0.019724907651130986,8.171766461472032,0.0,49.11891322383442,0.0,0.0,0.0,49.11891322383442,0.0,0.0,0.0,0.0,10.818931826681768,10.818931826681768,0.0
2022-05-11 16:00:00,0.0,0.0,0.0,8.171766461472032,0.0,49.09918831618329,0.0,0.0,0.0,49.09918831618329,0.0,0.0,0.0,0.0,10.80673134839194,10.80673134839194,0.0
2022-05-11 17:00:00,0.0,0.0,0.0,8.171766461472032,0.0,37.25438962675194,0.0,0.0,0.0,37.25438962675194,0.0,0.0,0.0,0.0,8.337904942363352,8.337904942363352,0.0
2022-05-11 18:00:00,0.0,0.0,0.0,8.171766461472032,0.0,39.168557824751936,0.0,0.0,0.0,39.168557824751936,0.0,0.0,0.0,0.0,8.740463678593395,8.740463678593395,0.0
2022-05-11 19:00:00,0.0,0.0,0.0,8.171766461472032,0.7568628985344208,44.191907497561786,0.0,0.0,0.0,44.191907497561786,0.0,0.0,0.0,0.0,10.010955208640304,10.010955208640304,0.0
2022-05-11 20:00:00,0.0,0.0,0.0,0.0,0.0,22.37766708451935,0.0,0.0,0.0,22.37766708451935,0.0,0.0,0.0,0.0,5.131646615821977,5.131646615821977,0.0
2022-05-11 21:00:00,0.0,0.0,0.0,0.0,0.0,15.107011293199369,0.0,0.0,0.0,15.107011293199369,0.0,0.0,0.0,0.0,3.4661526711116633,3.4661526711116633,0.0
2022-05-11 22:00:00,0.0,0.0,0.0,0.0,0.0,15.107011293199369,0.0,0.0,0.0,15.107011293199369,0.0,0.0,0.0,0.0,3.2622080186534714,3.2622080186534714,0.0
2022-05-11 23:00:00,0.0,0.0,0.0,0.0,0.0,14.657592477664597,0.0,0.0,0.0,14.657592477664597,0.0,0.0,0.0,0.0,2.9247760029931937,2.9247760029931937,0.0
2022-05-12 00:00:00,0.0,0.0,0.0,0.0,0.0,14.657592477664597,0.0,0.0,0.0,14.657592477664597,0.0,0.0,0.0,0.0,2.907626619794326,2.907626619794326,0.0
2022-05-12 01:00:00,0.0,0.0,0.0,0.0,0.0,14.657592477664597,0.0,0.0,0.0,14.657592477664597,0.0,0.0,0.0,0.0,2.8986854883829505,2.8986854883829505,0.0
2022-05-12 02:00:00,0.0,0.0,0.0,0.0,0.0,14.657592477664597,0.0,0.0,0.0,14.657592477664597,0.0,0.0,0.0,0.0,2.92844040111261,2.92844040111261,0.0
2022-05-12 03:00:00,0.0,0.0,0.0,0.0,0.0,14.657592477664597,0.0,0.0,0.0,14.657592477664597,0.0,0.0,0.0,0.0,2.943244569515051,2.943244569515051,0.0
2022-05-12 04:00:00,0.0,0.0,0.0,0.0,0.0,10.829256081664601,0.0,0.0,0.0,10.829256081664601,0.0,0.0,0.0,0.0,2.2453379559723383,2.2453379559723383,0.0
2022-05-12 05:00:00,0.0,0.0,0.0,8.171766461472032,76.84459652854582,11.344349751136637,0.0,0.0,0.0,11.344349751136637,0.0,0.0,0.0,0.0,16.263251943788664,16.263251943788664,0.0
2022-05-12 06:00:00,0.0,0.0,0.0,8.171766461472032,54.59747170378143,14.516933040801234,0.0,0.0,0.0,14.516933040801234,0.0,0.0,0.0,0.0,13.005876492625113,13.005876492625113,0.0
2022-05-12 07:00:00,0.0,0.0,0.0,8.171766461472032,40.00154539930258,23.611915675181518,0.0,0.0,0.0,23.611915675181518,0.0,0.0,0.0,0.0,12.55511609798615,12.55511609798615,0.0
2022-05-12 08:00:00,0.0,0.0,0.0,8.171766461472032,15.049334203470115,37.25438962675194,0.0,0.0,0.0,37.25438962675194,0.0,0.0,0.0,0.0,11.228600131453527,11.228600131453527,0.0
2022-05-12 09:00:00,0.0,0.0,0.0,8.171766461472032,1.1106599450198917,49.09918831618329,0.0,0.0,0.0,49.09918831618329,0.0,0.0,0.0,0.0,11.755959745139732,11.755959745139732,0.0
2022-05-12 10:00:00,0.0,0.0,0.0,8.171766461472032,0.0,49.09918831618329,0.0,0.0,0.0,49.09918831618329,0.0,0.0,0.0,0.0,11.452876666632914,11.452876666632914,0.0
2022-05-12 11:00:00,0.0,0.0,0.0,8.171766461472032,0.0,49.09918831618329,0.0,0.0,0.0,49.09918831618329,0.0,0.0,0.0,0.0,11.584462491320286,11.584462491320286,0.0
2022-05-12 12:00:00,0.0,0.0,0.0,8.171766461472032,0.0,49.09918831618329,0.0,0.0,0.0,49.09918831618329,0.0,0.0,0.0,0.0,11.645345484832353,11.645345484832353,0.0
2022-05-12 13:00:00,0.0,0.0,0.0,8.171766461472032,0.0,49.09918831618329,0.0,0.0,0.0,49.09918831618329,0.0,0.0,0.0,0.0,11.737160966983616,11.737160966983616,0.0
2022-05-12 14:00:00,0.0,0.0,0.0,8.171766461472032,0.0,49.09918831618329,0.0,0.0,0.0,49.09918831618329,0.0,0.0,0.0,0.0,11.89133241829643,11.89133241829643,0.0
2022-05-12 15:00:00,0.0,0.0,0.0,8.171766461472032,0.0,49.09918831618329,0.0,0.0,0.0,49.09918831618329,0.0,0.0,0.0,0.0,11.858435962124588,11.858435962124588,0.0
2022-05-12 16:00:00,0.0,0.0,0.0,8.171766461472032,0.0,49.09918831618329,0.0,0.0,0.0,49.09918831618329,0.0,0.0,0.0,0.0,11.963508225121219,11.963508225121219,0.0
2022-05-12 17:00:00,0.0,0.0,0.0,8.171766461472032,0.0,32.706898309561794,0.0,0.0,0.0,32.706898309561794,0.0,0.0,0.0,0.0,7.815640420052887,7.815640420052887,0.0
2022-05-12 18:00:00,0.0,0.0,0.0,8.171766461472032,0.3677781555380449,25.52608387318152,0.0,0.0,0.0,25.52608387318152,0.0,0.0,0.0,0.0,6.165421089865418,6.165421089865418,0.0
2022-05-12 19:00:00,0.0,0.0,0.0,8.171766461472032,6.532801812276732,35.096924863181506,0.0,0.0,0.0,35.096924863181506,0.0,0.0,0.0,0.0,9.507190726411265,9.507190726411265,0.0
2022-05-12 20:00:00,0.0,0.0,0.0,8.171766461472032,26.44055742861772,26.001942228801234,0.0,0.0,0.0,26.001942228801234,0.0,0.0,0.0,0.0,11.005259760148148,11.005259760148148,0.0
2022-05-12 21:00:00,0.0,0.0,0.0,0.0,0.0,14.657592477664597,0.0,0.0,0.0,14.657592477664597,0.0,0.0,0.0,0.0,3.3785750661016896,3.3785750661016896,0.0
2022-05-12 22:00:00,0.0,0.0,0.0,0.0,0.0,14.657592477664597,0.0,0.0,0.0,14.657592477664597,0.0,0.0,0.0,0.0,3.3508722163189035,3.3508722163189035,0.0
2022-05-12 23:00:00,0.0,0.0,0.0,0.0,0.0,14.657592477664597,0.0,0.0,0.0,14.657592477664597,0.0,0.0,0.0,0.0,3.2117716637058664,3.2117716637058664,0.0
2022-05-13 00:00:00,0.0,0.0,0.0,0.0,0.0,14.657592477664597,0.0,0.0,0.0,14.657592477664597,0.0,0.0,0.0,0.0,3.210892208157207,3.210892208157207,0.0
2022-05-13 01:00:00,0.0,0.0,0.0,0.0,0.0,14.657592477664597,0.0,0.0,0.0,14.657592477664597,0.0,0.0,0.0,0.0,3.2300936543029475,3.2300936543029475,0.0
2022-05-13 02:00:00,0.0,0.0,0.0,0.0,0.0,14.657592477664597,0.0,0.0,0.0,14.657592477664597,0.0,0.0,0.0,0.0,3.2684965465944287,3.2684965465944287,0.0
2022-05-13 03:00:00,0.0,0.0,0.0,0.0,0.0,14.657592477664597,0.0,0.0,0.0,14.657592477664597,0.0,0.0,0.0,0.0,3.37593669945571,3.37593669945571,0.0
2022-05-13 04:00:00,0.0,0.0,0.0,0.0,0.0,8.915087883664599,0.0,0.0,0.0,8.915087883664599,0.0,0.0,0.0,0.0,2.1848205876496833,2.1848205876496833,0.0
2022-05-13 05:00:00,0.0,0.0,0.0,0.0,0.0,3.1725832896646002,0.0,0.0,0.0,3.1725832896646002,0.0,0.0,0.0,0.0,0.7963184057058147,0.7963184057058147,0.0
2022-05-13 06:00:00,0.0,0.0,0.0,0.0,0.0,3.1725832896646002,0.0,0.0,0.0,3.1725832896646002,0.0,0.0,0.0,0.0,0.7785202134507963,0.7785202134507963,0.0
2022-05-13 07:00:00,0.0,0.0,0.0,8.171766461472032,94.3047621329981,14.516933040801234,0.0,0.0,0.0,14.516933040801234,0.0,0.0,0.0,0.0,20.57952053061059,20.57952053061059,0.0
2022-05-13 08:00:00,0.0,0.0,0.0,8.171766461472032,62.36795986904313,14.516933040801234,0.0,0.0,0.0,14.516933040801234,0.0,0.0,0.0,0.0,14.852077642320268,14.852077642320268,0.0
2022-05-13 09:00:00,0.0,0.0,0.0,8.171766461472032,43.4934917238139,28.15940699237166,0.0,0.0,0.0,28.15940699237166,0.0,0.0,0.0,0.0,14.704169254919519,14.704169254919519,0.0
2022-05-13 10:00:00,0.0,0.0,0.0,8.171766461472032,22.344930696956332,28.15940699237166,0.0,0.0,0.0,28.15940699237166,0.0,0.0,0.0,0.0,10.865949924525559,10.865949924525559,0.0
2022-05-13 11:00:00,0.0,0.0,0.0,8.171766461472032,0.5846016455501278,37.25438962675194,0.0,0.0,0.0,37.25438962675194,0.0,0.0,0.0,0.0,9.323856481513934,9.323856481513934,0.0
2022-05-13 12:00:00,0.0,0.0,0.0,8.171766461472032,0.0,37.25438962675194,0.0,0.0,0.0,37.25438962675194,0.0,0.0,0.0,0.0,9.187677569749564,9.187677569749564,0.0
2022-05-13 13:00:00,0.0,0.0,0.0,8.171766461472032,0.0,37.25438962675194,0.0,0.0,0.0,37.25438962675194,0.0,0.0,0.0,0.0,9.19401081598611,9.19401081598611,0.0
2022-05-13 14:00:00,0.0,0.0,0.0,8.171766461472032,0.0,37.25438962675194,0.0,0.0,0.0,37.25438962675194,0.0,0.0,0.0,0.0,9.325891355264812,9.325891355264812,0.0
2022-05-13 15:00:00,0.0,0.0,0.0,8.171766461472032,4.33587719074538,37.25438962675194,0.0,0.0,0.0,37.25438962675194,0.0,0.0,0.0,0.0,10.069313449387678,10.069313449387678,0.0
2022-05-13 16:00:00,0.0,0.0,0.0,8.171766461472032,35.036660352666324,28.15940699237166,0.0,0.0,0.0,28.15940699237166,0.0,0.0,0.0,0.0,13.270496990531514,13.270496990531514,0.0
2022-05-13 17:00:00,0.0,0.0,0.0,8.171766461472032,55.2073875497739,19.064424357991378,0.0,0.0,0.0,19.064424357991378,0.0,0.0,0.0,0.0,14.596407995792482,14.596407995792482,0.0
2022-05-13 18:00:00,0.0,0.0,0.0,0.0,0.0,5.0867514876646,0.0,0.0,0.0,5.0867514876646,0.0,0.0,0.0,0.0,1.247983609983633,1.247983609983633,0.0
2022-05-13 19:00:00,0.0,0.0,0.0,0.0,0.0,14.657592477664597,0.0,0.0,0.0,14.657592477664597,0.0,0.0,0.0,0.0,3.620718493832709,3.620718493832709,0.0
2022-05-13 20:00:00,0.0,0.0,0.0,0.0,0.0,14.657592477664597,0.0,0.0,0.0,14.657592477664597,0.0,0.0,0.0,0.0,3.619252734584942,3.619252734584942,0.0
2022-05-13 21:00:00,0.0,0.0,0.0,0.0,0.0,14.657592477664597,0.0,0.0,0.0,14.657592477664597,0.0,0.0,0.0,0.0,3.534092122289711,3.534092122289711,0.0
2022-05-13 22:00:00,0.0,0.0,0.0,0.0,0.0,14.657592477664597,0.0,0.0,0.0,14.657592477664597,0.0,0.0,0.0,0.0,3.370513390238974,3.370513390238974,0.0
2022-05-13 23:00:00,0.0,0.0,0.0,0.0,0.0,15.107011293199369,0.0,0.0,0.0,15.107011293199369,0.0,0.0,0.0,0.0,3.3735466918843513,3.3735466918843513,0.0
2022-05-14 00:00:00,0.0,0.0,0.0,0.0,0.0,15.107011293199369,0.0,0.0,0.0,15.107011293199369,0.0,0.0,0.0,0.0,3.4218891280225887,3.4218891280225887,0.0
2022-05-14 01:00:00,0.0,0.0,0.0,0.0,0.0,15.107011293199369,0.0,0.0,0.0,15.107011293199369,0.0,0.0,0.0,0.0,3.3502818944928245,3.3502818944928245,0.0
2022-05-14 02:00:00,0.0,0.0,0.0,0.0,0.0,15.107011293199369,0.0,0.0,0.0,15.107011293199369,0.0,0.0,0.0,0.0,3.3081333329847973,3.3081333329847973,0.0
2022-05-14 03:00:00,0.0,0.0,0.0,0.0,0.0,15.107011293199369,0.0,0.0,0.0,15.107011293199369,0.0,0.0,0.0,0.0,3.4542181321900354,3.4542181321900354,0.0
2022-05-14 04:00:00,0.0,0.0,0.0,0.0,0.0,9.364506699199367,0.0,0.0,0.0,9.364506699199367,0.0,0.0,0.0,0.0,2.278759060183174,2.278759060183174,0.0
2022-05-14 05:00:00,0.0,0.0,0.0,8.171766461472032,127.82915733983376,11.793768566671403,0.0,0.0,0.0,11.793768566671403,0.0,0.0,0.0,0.0,25.930404678697485,25.930404678697485,0.0
2022-05-14 06:00:00,0.0,0.0,0.0,8.171766461472032,88.14438418699821,19.064424357991378,0.0,0.0,0.0,19.064424357991378,0.0,0.0,0.0,0.0,20.751116154754012,20.751116154754012,0.0
2022-05-14 07:00:00,0.0,0.0,0.0,8.171766461472032,58.63303260518977,32.706898309561794,0.0,0.0,0.0,32.706898309561794,0.0,0.0,0.0,0.0,18.845156902064616,18.845156902064616,0.0
2022-05-14 08:00:00,0.0,0.0,0.0,8.171766461472032,25.05068569481061,49.09918831618329,0.0,0.0,0.0,49.09918831618329,0.0,0.0,0.0,0.0,16.757687866827975,16.757687866827975,0.0
2022-05-14 09:00:00,0.0,0.0,0.0,8.171766461472032,8.198453513628381,49.09918831618329,0.0,0.0,0.0,49.09918831618329,0.0,0.0,0.0,0.0,13.883499837738691,13.883499837738691,0.0
2022-05-14 10:00:00,0.0,0.0,0.0,8.171766461472032,0.0,49.09918831618329,0.0,0.0,0.0,49.09918831618329,0.0,0.0,0.0,0.0,12.662189674860509,12.662189674860509,0.0
2022-05-14 11:00:00,0.0,0.0,0.0,8.171766461472032,0.0,49.09918831618329,0.0,0.0,0.0,49.09918831618329,0.0,0.0,0.0,0.0,12.647459918365652,12.647459918365652,0.0
2022-05-14 12:00:00,0.0,0.0,0.0,8.171766461472032,0.0,49.09918831618329,0.0,0.0,0.0,49.09918831618329,0.0,0.0,0.0,0.0,12.769225905389787,12.769225905389787,0.0
2022-05-14 13:00:00,0.0,0.0,0.0,8.171766461472032,0.0,49.09918831618329,0.0,0.0,0.0,49.09918831618329,0.0,0.0,0.0,0.0,12.716198782008309,12.716198782008309,0.0
2022-05-14 14:00:00,0.0,0.0,0.0,8.171766461472032,0.0,49.09918831618329,0.0,0.0,0.0,49.09918831618329,0.0,0.0,0.0,0.0,12.681829350186982,12.681829350186982,0.0
2022-05-14 15:00:00,0.0,0.0,0.0,8.171766461472032,0.0,49.09918831618329,0.0,0.0,0.0,49.09918831618329,0.0,0.0,0.0,0.0,12.84483865539671,12.84483865539671,0.0
2022-05-14 16:00:00,0.0,0.0,0.0,8.171766461472032,0.0,49.09918831618329,0.0,0.0,0.0,49.09918831618329,0.0,0.0,0.0,0.0,13.17233024146565,13.17233024146565,0.0
2022-05-14 17:00:00,0.0,0.0,0.0,8.171766461472032,0.0,37.25438962675194,0.0,0.0,0.0,37.25438962675194,0.0,0.0,0.0,0.0,9.955117996060654,9.955117996060654,0.0
2022-05-14 18:00:00,0.0,0.0,0.0,8.171766461472032,2.943288631391549,39.168557824751936,0.0,0.0,0.0,39.168557824751936,0.0,0.0,0.0,0.0,11.035730916699789,11.035730916699789,0.0
2022-05-14 19:00:00,0.0,0.0,0.0,8.171766461472032,18.636385335986528,44.191907497561786,0.0,0.0,0.0,44.191907497561786,0.0,0.0,0.0,0.0,15.298793817659886,15.298793817659886,0.0
2022-05-14 20:00:00,0.0,0.0,0.0,0.0,0.0,22.37766708451935,0.0,0.0,0.0,22.37766708451935,0.0,0.0,0.0,0.0,5.891592190012253,5.891592190012253,0.0
2022-05-14 21:00:00,0.0,0.0,0.0,0.0,0.0,15.107011293199369,0.0,0.0,0.0,15.107011293199369,0.0,0.0,0.0,0.0,3.523559314025821,3.523559314025821,0.0
2022-05-14 22:00:00,0.0,0.0,0.0,0.0,0.0,15.107011293199369,0.0,0.0,0.0,15.107011293199369,0.0,0.0,0.0,0.0,3.3634249943179073,3.3634249943179073,0.0
2022-05-14 23:00:00,0.0,0.0,0.0,0.0,0.0,15.107011293199369,0.0,0.0,0.0,15.107011293199369,0.0,0.0,0.0,0.0,3.2783725207371948,3.2783725207371948,0.0
2022-05-15 00:00:00,0.0,0.0,0.0,0.0,0.0,15.107011293199369,0.0,0.0,0.0,15.107011293199369,0.0,0.0,0.0,0.0,3.231238645502413,3.231238645502413,0.0
2022-05-15 01:00:00,0.0,0.0,0.0,0.0,0.0,15.107011293199369,0.0,0.0,0.0,15.107011293199369,0.0,0.0,0.0,0.0,3.1909029253495707,3.1909029253495707,0.0
2022-05-15 02:00:00,0.0,0.0,0.0,0.0,0.0,15.107011293199369,0.0,0.0,0.0,15.107011293199369,0.0,0.0,0.0,0.0,3.2218722985006294,3.2218722985006294,0.0
2022-05-15 03:00:00,0.0,0.0,0.0,0.0,0.0,15.107011293199369,0.0,0.0,0.0,15.107011293199369,0.0,0.0,0.0,0.0,3.2848685355932705,3.2848685355932705,0.0
2022-05-15 04:00:00,0.0,0.0,0.0,0.0,0.0,9.364506699199367,0.0,0.0,0.0,9.364506699199367,0.0,0.0,0.0,0.0,2.1739702302191333,2.1739702302191333,0.0
2022-05-15 05:00:00,0.0,0.0,0.0,8.171766461472032,101.92095804402148,11.793768566671403,0.0,0.0,0.0,11.793768566671403,0.0,0.0,0.0,0.0,21.14697735470714,21.14697735470714,0.0
2022-05-15 06:00:00,0.0,0.0,0.0,8.171766461472032,74.70208426743574,19.064424357991378,0.0,0.0,0.0,19.064424357991378,0.0,0.0,0.0,0.0,17.92151129659988,17.92151129659988,0.0
2022-05-15 07:00:00,0.0,0.0,0.0,8.171766461472032,52.2460737367504,32.706898309561794,0.0,0.0,0.0,32.706898309561794,0.0,0.0,0.0,0.0,17.149304180073962,17.149304180073962,0.0
2022-05-15 08:00:00,0.0,0.0,0.0,8.171766461472032,21.823638972930887,49.09918831618329,0.0,0.0,0.0,49.09918831618329,0.0,0.0,0.0,0.0,15.805466904511658,15.805466904511658,0.0
2022-05-15 09:00:00,0.0,0.0,0.0,8.171766461472032,7.409966589731264,49.09918831618329,0.0,0.0,0.0,49.09918831618329,0.0,0.0,0.0,0.0,13.164616977850848,13.164616977850848,0.0
2022-05-15 10:00:00,0.0,0.0,0.0,8.171766461472032,0.0,49.09918831618329,0.0,0.0,0.0,49.09918831618329,0.0,0.0,0.0,0.0,11.628160768921688,11.628160768921688,0.0
2022-05-15 11:00:00,0.0,0.0,0.0,8.171766461472032,0.0,49.09918831618329,0.0,0.0,0.0,49.09918831618329,0.0,0.0,0.0,0.0,11.6743140059389,11.6743140059389,0.0
2022-05-15 12:00:00,0.0,0.0,0.0,8.171766461472032,0.0,49.09918831618329,0.0,0.0,0.0,49.09918831618329,0.0,0.0,0.0,0.0,11.910972093622904,11.910972093622904,0.0
2022-05-15 13:00:00,0.0,0.0,0.0,8.171766461472032,0.0,49.09918831618329,0.0,0.0,0.0,49.09918831618329,0.0,0.0,0.0,0.0,11.521124538392408,11.521124538392408,0.0
2022-05-15 14:00:00,0.0,0.0,0.0,8.171766461472032,0.0,49.09918831618329,0.0,0.0,0.0,49.09918831618329,0.0,0.0,0.0,0.0,11.50246684683226,11.50246684683226,0.0
2022-05-15 15:00:00,0.0,0.0,0.0,8.171766461472032,0.0,49.09918831618329,0.0,0.0,0.0,49.09918831618329,0.0,0.0,0.0,0.0,11.606557126062567,11.606557126062567,0.0
2022-05-15 16:00:00,0.0,0.0,0.0,8.171766461472032,0.0,49.09918831618329,0.0,0.0,0.0,49.09918831618329,0.0,0.0,0.0,0.0,11.723413194255084,11.723413194255084,0.0
2022-05-15 17:00:00,0.0,0.0,0.0,8.171766461472032,0.0,37.25438962675194,0.0,0.0,0.0,37.25438962675194,0.0,0.0,0.0,0.0,8.999915446030734,8.999915446030734,0.0
2022-05-15 18:00:00,0.0,0.0,0.0,8.171766461472032,1.488323601364224,39.168557824751936,0.0,0.0,0.0,39.168557824751936,0.0,0.0,0.0,0.0,9.7612566407493,9.7612566407493,0.0
2022-05-15 19:00:00,0.0,0.0,0.0,8.171766461472032,13.93599388302694,44.191907497561786,0.0,0.0,0.0,44.191907497561786,0.0,0.0,0.0,0.0,13.09888826339711,13.09888826339711,0.0
2022-05-15 20:00:00,0.0,0.0,0.0,0.0,0.0,22.37766708451935,0.0,0.0,0.0,22.37766708451935,0.0,0.0,0.0,0.0,5.449409488422152,5.449409488422152,0.0
2022-05-15 21:00:00,0.0,0.0,0.0,0.0,0.0,15.107011293199369,0.0,0.0,0.0,15.107011293199369,0.0,0.0,0.0,0.0,3.6268912712713046,3.6268912712713046,0.0
2022-05-15 22:00:00,0.0,0.0,0.0,0.0,0.0,15.107011293199369,0.0,0.0,0.0,15.107011293199369,0.0,0.0,0.0,0.0,3.350584034718688,3.350584034718688,0.0
2022-05-15 23:00:00,0.0,0.0,0.0,0.0,0.0,15.107011293199369,0.0,0.0,0.0,15.107011293199369,0.0,0.0,0.0,0.0,3.241662483294721,3.241662483294721,0.0
2022-05-16 00:00:00,0.0,0.0,0.0,0.0,0.0,15.107011293199369,0.0,0.0,0.0,15.107011293199369,0.0,0.0,0.0,0.0,3.0201936977364174,3.0201936977364174,0.0
2022-05-16 01:00:00,0.0,0.0,0.0,0.0,0.0,15.107011293199369,0.0,0.0,0.0,15.107011293199369,0.0,0.0,0.0,0.0,3.064457240825492,3.064457240825492,0.0
2022-05-16 02:00:00,0.0,0.0,0.0,0.0,0.0,15.107011293199369,0.0,0.0,0.0,15.107011293199369,0.0,0.0,0.0,0.0,3.1164253596740976,3.1164253596740976,0.0
2022-05-16 03:00:00,0.0,0.0,0.0,0.0,0.0,15.107011293199369,0.0,0.0,0.0,15.107011293199369,0.0,0.0,0.0,0.0,3.1454308213570408,3.1454308213570408,0.0
2022-05-16 04:00:00,0.0,0.0,0.0,0.0,0.0,9.364506699199367,0.0,0.0,0.0,9.364506699199367,0.0,0.0,0.0,0.0,2.104860170779042,2.104860170779042,0.0
2022-05-16 05:00:00,0.0,0.0,0.0,8.171766461472032,113.68591273537196,11.793768566671403,0.0,0.0,0.0,11.793768566671403,0.0,0.0,0.0,0.0,23.184828817315513,23.184828817315513,0.0
2022-05-16 06:00:00,0.0,0.0,0.0,8.171766461472032,70.5520074881984,19.064424357991378,0.0,0.0,0.0,19.064424357991378,0.0,0.0,0.0,0.0,17.203647467396507,17.203647467396507,0.0
2022-05-16 07:00:00,0.0,0.0,0.0,8.171766461472032,40.751937611655784,32.706898309561794,0.0,0.0,0.0,32.706898309561794,0.0,0.0,0.0,0.0,14.84690709488147,14.84690709488147,0.0
2022-05-16 08:00:00,0.0,0.0,0.0,8.171766461472032,10.156379263882071,49.09918831618329,0.0,0.0,0.0,49.09918831618329,0.0,0.0,0.0,0.0,12.869103777157614,12.869103777157614,0.0
2022-05-16 09:00:00,0.0,0.0,0.0,8.171766461472032,0.7652196267770264,49.09918831618329,0.0,0.0,0.0,49.09918831618329,0.0,0.0,0.0,0.0,10.918486889275222,10.918486889275222,0.0
2022-05-16 10:00:00,0.0,0.0,0.0,8.171766461472032,0.0,49.09918831618329,0.0,0.0,0.0,49.09918831618329,0.0,0.0,0.0,0.0,10.959429824055272,10.959429824055272,0.0
2022-05-16 11:00:00,0.0,0.0,0.0,8.171766461472032,0.0,49.09918831618329,0.0,0.0,0.0,49.09918831618329,0.0,0.0,0.0,0.0,11.074321924715141,11.074321924715141,0.0
2022-05-16 12:00:00,0.0,0.0,0.0,8.171766461472032,0.0,49.09918831618329,0.0,0.0,0.0,49.09918831618329,0.0,0.0,0.0,0.0,10.948628002625712,10.948628002625712,0.0
2022-05-16 13:00:00,0.0,0.0,0.0,8.171766461472032,0.0,49.09918831618329,0.0,0.0,0.0,49.09918831618329,0.0,0.0,0.0,0.0,11.186759065959201,11.186759065959201,0.0
2022-05-16 14:00:00,0.0,0.0,0.0,8.171766461472032,0.0,49.09918831618329,0.0,0.0,0.0,49.09918831618329,0.0,0.0,0.0,0.0,11.354187298117386,11.354187298117386,0.0
2022-05-16 15:00:00,0.0,0.0,0.0,8.171766461472032,0.0,49.09918831618329,0.0,0.0,0.0,49.09918831618329,0.0,0.0,0.0,0.0,11.154353601670518,11.154353601670518,0.0
2022-05-16 16:00:00,0.0,0.0,0.0,8.171766461472032,0.0,49.09918831618329,0.0,0.0,0.0,49.09918831618329,0.0,0.0,0.0,0.0,11.24813305135443,11.24813305135443,0.0
2022-05-16 17:00:00,0.0,0.0,0.0,8.171766461472032,0.06241134334347941,37.25438962675194,0.0,0.0,0.0,37.25438962675194,0.0,0.0,0.0,0.0,8.687784532285052,8.687784532285052,0.0
2022-05-16 18:00:00,0.0,0.0,0.0,8.171766461472032,8.170642719589678,39.168557824751936,0.0,0.0,0.0,39.168557824751936,0.0,0.0,0.0,0.0,10.792069310811831,10.792069310811831,0.0
2022-05-16 19:00:00,0.0,0.0,0.0,8.171766461472032,18.902538981336487,44.191907497561786,0.0,0.0,0.0,44.191907497561786,0.0,0.0,0.0,0.0,13.860541042580614,13.860541042580614,0.0
2022-05-16 20:00:00,0.0,0.0,0.0,0.0,0.0,22.37766708451935,0.0,0.0,0.0,22.37766708451935,0.0,0.0,0.0,0.0,5.331479182886735,5.331479182886735,0.0
2022-05-16 21:00:00,0.0,0.0,0.0,0.0,0.0,15.107011293199369,0.0,0.0,0.0,15.107011293199369,0.0,0.0,0.0,0.0,3.4478731874468918,3.4478731874468918,0.0
2022-05-16 22:00:00,0.0,0.0,0.0,0.0,0.0,15.107011293199369,0.0,0.0,0.0,15.107011293199369,0.0,0.0,0.0,0.0,3.1337984226612767,3.1337984226612767,0.0
2022-05-16 23:00:00,0.0,0.0,0.0,0.0,0.0,15.107011293199369,0.0,0.0,0.0,15.107011293199369,0.0,0.0,0.0,0.0,3.151775766100184,3.151775766100184,0.0
2022-05-17 00:00:00,0.0,0.0,0.0,0.0,0.0,15.107011293199369,0.0,0.0,0.0,15.107011293199369,0.0,0.0,0.0,0.0,3.0954266139765507,3.0954266139765507,0.0
2022-05-17 01:00:00,0.0,0.0,0.0,0.0,0.0,15.107011293199369,0.0,0.0,0.0,15.107011293199369,0.0,0.0,0.0,0.0,3.0603783477763282,3.0603783477763282,0.0
2022-05-17 02:00:00,0.0,0.0,0.0,0.0,0.0,15.107011293199369,0.0,0.0,0.0,15.107011293199369,0.0,0.0,0.0,0.0,3.0198915575105536,3.0198915575105536,0.0
2022-05-17 03:00:00,0.0,0.0,0.0,0.0,0.0,15.107011293199369,0.0,0.0,0.0,15.107011293199369,0.0,0.0,0.0,0.0,3.02185546897867,3.02185546897867,0.0
2022-05-17 04:00:00,0.0,0.0,0.0,0.0,0.0,9.364506699199367,0.0,0.0,0.0,9.364506699199367,0.0,0.0,0.0,0.0,1.9905195439818175,1.9905195439818175,0.0
2022-05-17 05:00:00,0.0,0.0,0.0,8.171766461472032,86.27129268151197,11.793768566671403,0.0,0.0,0.0,11.793768566671403,0.0,0.0,0.0,0.0,18.091604188792797,18.091604188792797,0.0
2022-05-17 06:00:00,0.0,0.0,0.0,8.171766461472032,63.39145633457566,19.064424357991378,0.0,0.0,0.0,19.064424357991378,0.0,0.0,0.0,0.0,15.703153445001725,15.703153445001725,0.0
2022-05-17 07:00:00,0.0,0.0,0.0,8.171766461472032,44.696075379767144,32.706898309561794,0.0,0.0,0.0,32.706898309561794,0.0,0.0,0.0,0.0,15.463836073178038,15.463836073178038,0.0
2022-05-17 08:00:00,0.0,0.0,0.0,8.171766461472032,21.677255658005613,49.09918831618329,0.0,0.0,0.0,49.09918831618329,0.0,0.0,0.0,0.0,15.034275841283197,15.034275841283197,0.0
2022-05-17 09:00:00,0.0,0.0,0.0,8.171766461472032,13.11007844088557,49.09918831618329,0.0,0.0,0.0,49.09918831618329,0.0,0.0,0.0,0.0,13.418594244944867,13.418594244944867,0.0
2022-05-17 10:00:00,0.0,0.0,0.0,8.171766461472032,3.4838847638520734,49.09918831618329,0.0,0.0,0.0,49.09918831618329,0.0,0.0,0.0,0.0,11.840056530230601,11.840056530230601,0.0
2022-05-17 11:00:00,0.0,0.0,0.0,8.171766461472032,1.2016284085102404,49.09918831618329,0.0,0.0,0.0,49.09918831618329,0.0,0.0,0.0,0.0,11.435518222813643,11.435518222813643,0.0
2022-05-17 12:00:00,0.0,0.0,0.0,8.171766461472032,0.013450021673766544,49.09918831618329,0.0,0.0,0.0,49.09918831618329,0.0,0.0,0.0,0.0,11.332059385931524,11.332059385931524,0.0
2022-05-17 13:00:00,0.0,0.0,0.0,8.171766461472032,0.0,49.09918831618329,0.0,0.0,0.0,49.09918831618329,0.0,0.0,0.0,0.0,11.21621857894891,11.21621857894891,0.0
2022-05-17 14:00:00,0.0,0.0,0.0,8.171766461472032,0.0,49.09918831618329,0.0,0.0,0.0,49.09918831618329,0.0,0.0,0.0,0.0,11.115074251017573,11.115074251017573,0.0
2022-05-17 15:00:00,0.0,0.0,0.0,8.171766461472032,0.0,49.09918831618329,0.0,0.0,0.0,49.09918831618329,0.0,0.0,0.0,0.0,11.05026332244021,11.05026332244021,0.0
2022-05-17 16:00:00,0.0,0.0,0.0,8.171766461472032,1.940339908736358,49.09918831618329,0.0,0.0,0.0,49.09918831618329,0.0,0.0,0.0,0.0,11.040707259942602,11.040707259942602,0.0
2022-05-17 17:00:00,0.0,0.0,0.0,8.171766461472032,7.437538335984561,37.25438962675194,0.0,0.0,0.0,37.25438962675194,0.0,0.0,0.0,0.0,9.417373704062182,9.417373704062182,0.0
2022-05-17 18:00:00,0.0,0.0,0.0,8.171766461472032,17.58686236805096,37.25438962675194,0.0,0.0,0.0,37.25438962675194,0.0,0.0,0.0,0.0,11.428427839892613,11.428427839892613,0.0
2022-05-17 19:00:00,0.0,0.0,0.0,8.171766461472032,22.223467859060136,44.191907497561786,0.0,0.0,0.0,44.191907497561786,0.0,0.0,0.0,0.0,13.740799084503976,13.740799084503976,0.0
2022-05-17 20:00:00,0.0,0.0,0.0,0.0,0.0,22.37766708451935,0.0,0.0,0.0,22.37766708451935,0.0,0.0,0.0,0.0,4.809408209804898,4.809408209804898,0.0
2022-05-17 21:00:00,0.0,0.0,0.0,0.0,0.0,15.107011293199369,0.0,0.0,0.0,15.107011293199369,0.0,0.0,0.0,0.0,3.083945285393719,3.083945285393719,0.0
2022-05-17 22:00:00,0.0,0.0,0.0,0.0,0.0,15.107011293199369,0.0,0.0,0.0,15.107011293199369,0.0,0.0,0.0,0.0,2.897222625809775,2.897222625809775,0.0
2022-05-17 23:00:00,0.0,0.0,0.0,0.0,0.0,15.107011293199369,0.0,0.0,0.0,15.107011293199369,0.0,0.0,0.0,0.0,2.9576506709825727,2.9576506709825727,0.0
2022-05-18 00:00:00,0.0,0.0,0.0,0.0,0.0,15.107011293199369,0.0,0.0,0.0,15.107011293199369,0.0,0.0,0.0,0.0,3.0966351748800065,3.0966351748800065,0.0
2022-05-18 01:00:00,0.0,0.0,0.0,0.0,0.0,15.107011293199369,0.0,0.0,0.0,15.107011293199369,0.0,0.0,0.0,0.0,3.109627204592158,3.109627204592158,0.0
2022-05-18 02:00:00,0.0,0.0,0.0,0.0,0.0,15.107011293199369,0.0,0.0,0.0,15.107011293199369,0.0,0.0,0.0,0.0,3.062644399470308,3.062644399470308,0.0
2022-05-18 03:00:00,0.0,0.0,0.0,0.0,0.0,15.107011293199369,0.0,0.0,0.0,15.107011293199369,0.0,0.0,0.0,0.0,3.068385063761724,3.068385063761724,0.0
2022-05-18 04:00:00,0.0,0.0,0.0,0.0,0.0,9.364506699199367,0.0,0.0,0.0,9.364506699199367,0.0,0.0,0.0,0.0,1.9459444920936286,1.9459444920936286,0.0
2022-05-18 05:00:00,0.0,0.0,0.0,8.171766461472032,72.69626866662398,11.793768566671403,0.0,0.0,0.0,11.793768566671403,0.0,0.0,0.0,0.0,15.450813371271801,15.450813371271801,0.0
2022-05-18 06:00:00,0.0,0.0,0.0,8.171766461472032,51.57921148578702,19.064424357991378,0.0,0.0,0.0,19.064424357991378,0.0,0.0,0.0,0.0,13.086588806581506,13.086588806581506,0.0
2022-05-18 07:00:00,0.0,0.0,0.0,8.171766461472032,34.48356071610002,32.706898309561794,0.0,0.0,0.0,32.706898309561794,0.0,0.0,0.0,0.0,12.654981974957934,12.654981974957934,0.0
2022-05-18 08:00:00,0.0,0.0,0.0,8.171766461472032,7.865886341172844,49.09918831618329,0.0,0.0,0.0,49.09918831618329,0.0,0.0,0.0,0.0,11.24100367518546,11.24100367518546,0.0
2022-05-18 09:00:00,0.0,0.0,0.0,8.171766461472032,2.8146337996542257,49.09918831618329,0.0,0.0,0.0,49.09918831618329,0.0,0.0,0.0,0.0,10.071297865205006,10.071297865205006,0.0
2022-05-18 10:00:00,0.0,0.0,0.0,8.171766461472032,0.006242999095434478,49.09918831618329,0.0,0.0,0.0,49.09918831618329,0.0,0.0,0.0,0.0,9.98004308795355,9.98004308795355,0.0
2022-05-18 11:00:00,0.0,0.0,0.0,8.171766461472032,0.0,49.09918831618329,0.0,0.0,0.0,49.09918831618329,0.0,0.0,0.0,0.0,10.331942197374449,10.331942197374449,0.0
2022-05-18 12:00:00,0.0,0.0,0.0,8.171766461472032,0.0,49.09918831618329,0.0,0.0,0.0,49.09918831618329,0.0,0.0,0.0,0.0,10.037838059360512,10.037838059360512,0.0
2022-05-18 13:00:00,0.0,0.0,0.0,8.171766461472032,0.0,49.09918831618329,0.0,0.0,0.0,49.09918831618329,0.0,0.0,0.0,0.0,10.043729961958453,10.043729961958453,0.0
2022-05-18 14:00:00,0.0,0.0,0.0,8.171766461472032,0.0,49.09918831618329,0.0,0.0,0.0,49.09918831618329,0.0,0.0,0.0,0.0,10.619663440907283,10.619663440907283,0.0
2022-05-18 15:00:00,0.0,0.0,0.0,8.171766461472032,0.0,49.09918831618329,0.0,0.0,0.0,49.09918831618329,0.0,0.0,0.0,0.0,10.868596325670332,10.868596325670332,0.0
2022-05-18 16:00:00,0.0,0.0,0.0,8.171766461472032,0.0,49.09918831618329,0.0,0.0,0.0,49.09918831618329,0.0,0.0,0.0,0.0,11.094943583807938,11.094943583807938,0.0
2022-05-18 17:00:00,0.0,0.0,0.0,8.171766461472032,0.0,37.25438962675194,0.0,0.0,0.0,37.25438962675194,0.0,0.0,0.0,0.0,8.703743048498055,8.703743048498055,0.0
2022-05-18 18:00:00,0.0,0.0,0.0,8.171766461472032,0.0,37.25438962675194,0.0,0.0,0.0,37.25438962675194,0.0,0.0,0.0,0.0,8.969366846536797,8.969366846536797,0.0
2022-05-18 19:00:00,0.0,0.0,0.0,8.171766461472032,2.6408284855884485,44.191907497561786,0.0,0.0,0.0,44.191907497561786,0.0,0.0,0.0,0.0,10.995365842233987,10.995365842233987,0.0
2022-05-18 20:00:00,0.0,0.0,0.0,0.0,0.0,22.37766708451935,0.0,0.0,0.0,22.37766708451935,0.0,0.0,0.0,0.0,5.088233941678009,5.088233941678009,0.0
2022-05-18 21:00:00,0.0,0.0,0.0,0.0,0.0,15.107011293199369,0.0,0.0,0.0,15.107011293199369,0.0,0.0,0.0,0.0,3.3880494227258224,3.3880494227258224,0.0
2022-05-18 22:00:00,0.0,0.0,0.0,0.0,0.0,15.107011293199369,0.0,0.0,0.0,15.107011293199369,0.0,0.0,0.0,0.0,3.1206553228361935,3.1206553228361935,0.0
2022-05-18 23:00:00,0.0,0.0,0.0,0.0,0.0,14.657592477664597,0.0,0.0,0.0,14.657592477664597,0.0,0.0,0.0,0.0,3.1565125400650706,3.1565125400650706,0.0
2022-05-19 00:00:00,0.0,0.0,0.0,0.0,0.0,14.657592477664597,0.0,0.0,0.0,14.657592477664597,0.0,0.0,0.0,0.0,3.2086935692855567,3.2086935692855567,0.0
2022-05-19 01:00:00,0.0,0.0,0.0,0.0,0.0,14.657592477664597,0.0,0.0,0.0,14.657592477664597,0.0,0.0,0.0,0.0,3.0631436759823476,3.0631436759823476,0.0
2022-05-19 02:00:00,0.0,0.0,0.0,0.0,0.0,14.657592477664597,0.0,0.0,0.0,14.657592477664597,0.0,0.0,0.0,0.0,3.180844143577994,3.180844143577994,0.0
2022-05-19 03:00:00,0.0,0.0,0.0,0.0,0.0,14.657592477664597,0.0,0.0,0.0,14.657592477664597,0.0,0.0,0.0,0.0,3.072964262942383,3.072964262942383,0.0
2022-05-19 04:00:00,0.0,0.0,0.0,0.0,0.0,8.915087883664599,0.0,0.0,0.0,8.915087883664599,0.0,0.0,0.0,0.0,1.8354382934888678,1.8354382934888678,0.0
2022-05-19 05:00:00,0.0,0.0,0.0,8.171766461472032,76.91404917969686,11.344349751136637,0.0,0.0,0.0,11.344349751136637,0.0,0.0,0.0,0.0,16.170821687191847,16.170821687191847,0.0
2022-05-19 06:00:00,0.0,0.0,0.0,8.171766461472032,58.14283982490116,14.516933040801234,0.0,0.0,0.0,14.516933040801234,0.0,0.0,0.0,0.0,13.480034978334755,13.480034978334755,0.0
2022-05-19 07:00:00,0.0,0.0,0.0,8.171766461472032,47.74299583680724,23.611915675181518,0.0,0.0,0.0,23.611915675181518,0.0,0.0,0.0,0.0,13.645790457847657,13.645790457847657,0.0
2022-05-19 08:00:00,0.0,0.0,0.0,8.171766461472032,24.599535145044168,37.25438962675194,0.0,0.0,0.0,37.25438962675194,0.0,0.0,0.0,0.0,12.501437634249738,12.501437634249738,0.0
2022-05-19 09:00:00,0.0,0.0,0.0,8.171766461472032,6.2790545190202876,49.09918831618329,0.0,0.0,0.0,49.09918831618329,0.0,0.0,0.0,0.0,11.891615469664135,11.891615469664135,0.0
2022-05-19 10:00:00,0.0,0.0,0.0,8.171766461472032,0.0,49.09918831618329,0.0,0.0,0.0,49.09918831618329,0.0,0.0,0.0,0.0,10.909348651972765,10.909348651972765,0.0
2022-05-19 11:00:00,0.0,0.0,0.0,8.171766461472032,0.0,49.09918831618329,0.0,0.0,0.0,49.09918831618329,0.0,0.0,0.0,0.0,11.282502483175758,11.282502483175758,0.0
2022-05-19 12:00:00,0.0,0.0,0.0,8.171766461472032,0.0,49.09918831618329,0.0,0.0,0.0,49.09918831618329,0.0,0.0,0.0,0.0,10.810168291574072,10.810168291574072,0.0
2022-05-19 13:00:00,0.0,0.0,0.1701564445349731,8.171766461472032,0.0,49.26934476071827,0.0,0.0,0.0,49.26934476071827,0.0,0.0,0.0,0.0,10.917594105527561,10.917594105527561,0.0
2022-05-19 14:00:00,0.0,0.0,0.39086991044121594,8.171766461472032,0.0,49.490058226624505,0.0,0.0,0.0,49.490058226624505,0.0,0.0,0.0,0.0,11.275814866354128,11.275814866354128,0.0
2022-05-19 15:00:00,0.0,0.0,0.617844306660107,8.171766461472032,0.0,49.717032622843405,0.0,0.0,0.0,49.717032622843405,0.0,0.0,0.0,0.0,11.716813078225504,11.716813078225504,0.0
2022-05-19 16:00:00,0.0,0.0,0.3568606565367761,8.171766461472032,0.0,49.45604897272007,0.0,0.0,0.0,49.45604897272007,0.0,0.0,0.0,0.0,11.859065983168545,11.859065983168545,0.0
2022-05-19 17:00:00,0.0,0.0,0.0,8.171766461472032,0.0,32.706898309561794,0.0,0.0,0.0,32.706898309561794,0.0,0.0,0.0,0.0,7.803211798695253,7.803211798695253,0.0
2022-05-19 18:00:00,0.0,0.0,0.0,8.171766461472032,0.0,23.611915675181518,0.0,0.0,0.0,23.611915675181518,0.0,0.0,0.0,0.0,5.622705479730975,5.622705479730975,0.0
2022-05-19 19:00:00,0.0,0.0,0.0,8.171766461472032,0.8012569816794197,35.096924863181506,0.0,0.0,0.0,35.096924863181506,0.0,0.0,0.0,0.0,8.47311789064628,8.47311789064628,0.0
2022-05-19 20:00:00,0.0,0.0,0.0,8.171766461472032,15.57779751046505,26.001942228801234,0.0,0.0,0.0,26.001942228801234,0.0,0.0,0.0,0.0,9.304234372284842,9.304234372284842,0.0
2022-05-19 21:00:00,0.0,0.0,0.0,0.0,0.0,14.657592477664597,0.0,0.0,0.0,14.657592477664597,0.0,0.0,0.0,0.0,3.608112964301917,3.608112964301917,0.0
2022-05-19 22:00:00,0.0,0.0,0.0,0.0,0.0,14.657592477664597,0.0,0.0,0.0,14.657592477664597,0.0,0.0,0.0,0.0,3.2677636669705454,3.2677636669705454,0.0
2022-05-19 23:00:00,0.0,0.0,0.0,0.0,0.0,14.657592477664597,0.0,0.0,0.0,14.657592477664597,0.0,0.0,0.0,0.0,3.243432063457622,3.243432063457622,0.0
2022-05-20 00:00:00,0.0,0.0,0.0,0.0,0.0,14.657592477664597,0.0,0.0,0.0,14.657592477664597,0.0,0.0,0.0,0.0,3.0939246201854433,3.0939246201854433,0.0
2022-05-20 01:00:00,0.0,0.0,0.0,0.0,0.0,14.657592477664597,0.0,0.0,0.0,14.657592477664597,0.0,0.0,0.0,0.0,3.1044780867693618,3.1044780867693618,0.0
2022-05-20 02:00:00,0.0,0.0,0.0,0.0,0.0,14.657592477664597,0.0,0.0,0.0,14.657592477664597,0.0,0.0,0.0,0.0,3.1541673252686446,3.1541673252686446,0.0
2022-05-20 03:00:00,0.0,0.0,0.0,0.0,0.0,14.657592477664597,0.0,0.0,0.0,14.657592477664597,0.0,0.0,0.0,0.0,3.2503211319221244,3.2503211319221244,0.0
2022-05-20 04:00:00,0.0,0.0,0.0,0.0,0.0,8.915087883664599,0.0,0.0,0.0,8.915087883664599,0.0,0.0,0.0,0.0,2.1024451756046223,2.1024451756046223,0.0
2022-05-20 05:00:00,0.0,0.0,0.0,0.0,0.0,3.1725832896646002,0.0,0.0,0.0,3.1725832896646002,0.0,0.0,0.0,0.0,0.7816293450746675,0.7816293450746675,0.0
2022-05-20 06:00:00,0.0,0.0,0.0,0.0,0.0,3.1725832896646002,0.0,0.0,0.0,3.1725832896646002,0.0,0.0,0.0,0.0,0.796286679872918,0.796286679872918,0.0
2022-05-20 07:00:00,0.0,0.0,0.0,8.171766461472032,68.63948822594124,14.516933040801234,0.0,0.0,0.0,14.516933040801234,0.0,0.0,0.0,0.0,16.048772658759436,16.048772658759436,0.0
2022-05-20 08:00:00,0.0,0.0,0.0,8.171766461472032,28.98746498940967,14.516933040801234,0.0,0.0,0.0,14.516933040801234,0.0,0.0,0.0,0.0,8.930023499404497,8.930023499404497,0.0
2022-05-20 09:00:00,0.0,0.0,0.0,8.171766461472032,2.215721873954697,28.15940699237166,0.0,0.0,0.0,28.15940699237166,0.0,0.0,0.0,0.0,7.575366512977236,7.575366512977236,0.0
2022-05-20 10:00:00,0.0,0.0,0.0,8.171766461472032,0.0,28.15940699237166,0.0,0.0,0.0,28.15940699237166,0.0,0.0,0.0,0.0,7.2237326757531015,7.2237326757531015,0.0
2022-05-20 11:00:00,0.0,0.0,0.0,8.171766461472032,0.0,37.25438962675194,0.0,0.0,0.0,37.25438962675194,0.0,0.0,0.0,0.0,9.55463330757307,9.55463330757307,0.0
2022-05-20 12:00:00,0.0,0.0,0.09942663283491279,8.171766461472032,0.0,37.35381625958686,0.0,0.0,0.0,37.35381625958686,0.0,0.0,0.0,0.0,9.741128204175059,9.741128204175059,0.0
2022-05-20 13:00:00,0.0,0.0,1.364482249974568,8.171766461472032,0.0,38.61887187672651,0.0,0.0,0.0,38.61887187672651,0.0,0.0,0.0,0.0,9.719597673934528,9.719597673934528,0.0
2022-05-20 14:00:00,0.0,0.0,2.8821221259993726,8.171766461472032,0.0,40.136511752751304,0.0,0.0,0.0,40.136511752751304,0.0,0.0,0.0,0.0,9.969106789148368,9.969106789148368,0.0
2022-05-20 15:00:00,0.0,0.0,2.3571399592056514,8.171766461472032,0.0,39.61152958595759,0.0,0.0,0.0,39.61152958595759,0.0,0.0,0.0,0.0,9.766222619417844,9.766222619417844,0.0
2022-05-20 16:00:00,0.0,0.0,0.23023245657494407,8.171766461472032,0.0,28.3896394489466,0.0,0.0,0.0,28.3896394489466,0.0,0.0,0.0,0.0,7.036372137421415,7.036372137421415,0.0
2022-05-20 17:00:00,0.0,0.0,0.0,8.171766461472032,0.0,19.064424357991378,0.0,0.0,0.0,19.064424357991378,0.0,0.0,0.0,0.0,4.696330296347596,4.696330296347596,0.0
2022-05-20 18:00:00,0.0,0.0,0.0,0.0,0.0,3.1725832896646002,0.0,0.0,0.0,3.1725832896646002,0.0,0.0,0.0,0.0,0.7974922615229905,0.7974922615229905,0.0
2022-05-20 19:00:00,0.0,0.0,0.0,0.0,0.0,14.657592477664597,0.0,0.0,0.0,14.657592477664597,0.0,0.0,0.0,0.0,3.7067585616766,3.7067585616766,0.0
2022-05-20 20:00:00,0.0,0.0,0.0,0.0,0.0,14.657592477664597,0.0,0.0,0.0,14.657592477664597,0.0,0.0,0.0,0.0,3.559889485050401,3.559889485050401,0.0
2022-05-20 21:00:00,0.0,0.0,0.0,0.0,0.0,14.657592477664597,0.0,0.0,0.0,14.657592477664597,0.0,0.0,0.0,0.0,3.3757901235309333,3.3757901235309333,0.0
2022-05-20 22:00:00,0.0,0.0,0.0,0.0,0.0,14.657592477664597,0.0,0.0,0.0,14.657592477664597,0.0,0.0,0.0,0.0,3.2787568613287936,3.2787568613287936,0.0
2022-05-20 23:00:00,0.0,0.0,0.0,0.0,0.0,15.107011293199369,0.0,0.0,0.0,15.107011293199369,0.0,0.0,0.0,0.0,3.2839621149156786,3.2839621149156786,0.0
2022-05-21 00:00:00,0.0,0.0,0.0,0.0,0.0,15.107011293199369,0.0,0.0,0.0,15.107011293199369,0.0,0.0,0.0,0.0,3.1732277221365277,3.1732277221365277,0.0
2022-05-21 01:00:00,0.0,0.0,0.0,0.0,0.0,15.107011293199369,0.0,0.0,0.0,15.107011293199369,0.0,0.0,0.0,0.0,3.086513477313563,3.086513477313563,0.0
2022-05-21 02:00:00,0.0,0.0,0.0,0.0,0.0,15.107011293199369,0.0,0.0,0.0,15.107011293199369,0.0,0.0,0.0,0.0,3.088024178442883,3.088024178442883,0.0
2022-05-21 03:00:00,0.0,0.0,0.0,0.0,0.0,15.107011293199369,0.0,0.0,0.0,15.107011293199369,0.0,0.0,0.0,0.0,3.0665722224065397,3.0665722224065397,0.0
2022-05-21 04:00:00,0.0,0.0,0.0,0.0,0.0,9.364506699199367,0.0,0.0,0.0,9.364506699199367,0.0,0.0,0.0,0.0,2.056820251412149,2.056820251412149,0.0
2022-05-21 05:00:00,0.0,0.0,0.0,8.171766461472032,93.73082817501079,11.793768566671403,0.0,0.0,0.0,11.793768566671403,0.0,0.0,0.0,0.0,19.46500662872625,19.46500662872625,0.0
2022-05-21 06:00:00,0.0,0.0,0.0,8.171766461472032,52.42381163375033,19.064424357991378,0.0,0.0,0.0,19.064424357991378,0.0,0.0,0.0,0.0,13.482493400523405,13.482493400523405,0.0
2022-05-21 07:00:00,0.0,0.0,0.0,8.171766461472032,20.68195268824525,32.706898309561794,0.0,0.0,0.0,32.706898309561794,0.0,0.0,0.0,0.0,10.665506243466488,10.665506243466488,0.0
2022-05-21 08:00:00,0.0,0.0,0.0,8.171766461472032,0.0,49.09918831618329,0.0,0.0,0.0,49.09918831618329,0.0,0.0,0.0,0.0,10.207721250934506,10.207721250934506,0.0
2022-05-21 09:00:00,0.0,0.0,0.0,8.171766461472032,0.0,49.09918831618329,0.0,0.0,0.0,49.09918831618329,0.0,0.0,0.0,0.0,9.847824200576882,9.847824200576882,0.0
2022-05-21 10:00:00,0.0,0.0,3.1118839504359372,8.171766461472032,0.0,52.21107226661924,0.0,0.0,0.0,52.21107226661924,0.0,0.0,0.0,0.0,10.121116358884139,10.121116358884139,0.0
2022-05-21 11:00:00,0.0,0.0,7.7440003877870485,8.171766461472032,0.0,56.84318870397035,0.0,0.0,0.0,56.84318870397035,0.0,0.0,0.0,0.0,11.225392905260064,11.225392905260064,0.0
2022-05-21 12:00:00,0.0,0.0,10.427692069918363,8.171766461472032,0.0,59.52688038610165,0.0,0.0,0.0,59.52688038610165,0.0,0.0,0.0,0.0,11.867874142577087,11.867874142577087,0.0
2022-05-21 13:00:00,0.0,0.0,11.607627278434002,8.171766461472032,0.0,60.70681559461728,0.0,0.0,0.0,60.70681559461728,0.0,0.0,0.0,0.0,12.028448441917467,12.028448441917467,0.0
2022-05-21 14:00:00,0.0,0.0,12.333757816182127,8.171766461472032,0.0,61.432946132365416,0.0,0.0,0.0,61.432946132365416,0.0,0.0,0.0,0.0,12.920577230559095,12.920577230559095,0.0
2022-05-21 15:00:00,0.0,0.0,11.810780590570891,8.171766461472032,0.0,60.90996890675417,0.0,0.0,0.0,60.90996890675417,0.0,0.0,0.0,0.0,13.361819879074664,13.361819879074664,0.0
2022-05-21 16:00:00,0.0,0.0,10.369700199512812,8.171766461472032,0.0,59.46888851569611,0.0,0.0,0.0,59.46888851569611,0.0,0.0,0.0,0.0,13.218744539268931,13.218744539268931,0.0
2022-05-21 17:00:00,0.0,0.0,7.93445110316836,8.171766461472032,0.0,45.188840729920294,0.0,0.0,0.0,45.188840729920294,0.0,0.0,0.0,0.0,10.109647448097768,10.109647448097768,0.0
2022-05-21 18:00:00,0.0,0.0,3.2146402740468885,8.171766461472032,0.0,40.46902990079882,0.0,0.0,0.0,40.46902990079882,0.0,0.0,0.0,0.0,8.988980921565435,8.988980921565435,0.0
2022-05-21 19:00:00,0.0,0.0,0.23033145408244904,8.171766461472032,0.0,44.42223895164424,0.0,0.0,0.0,44.42223895164424,0.0,0.0,0.0,0.0,10.000334432794151,10.000334432794151,0.0
2022-05-21 20:00:00,0.0,0.0,0.0,0.0,0.0,22.37766708451935,0.0,0.0,0.0,22.37766708451935,0.0,0.0,0.0,0.0,5.086219951640403,5.086219951640403,0.0
2022-05-21 21:00:00,0.0,0.0,0.0,0.0,0.0,15.107011293199369,0.0,0.0,0.0,15.107011293199369,0.0,0.0,0.0,0.0,3.0945201932989588,3.0945201932989588,0.0
2022-05-21 22:00:00,0.0,0.0,0.0,0.0,0.0,15.107011293199369,0.0,0.0,0.0,15.107011293199369,0.0,0.0,0.0,0.0,3.055846244388368,3.055846244388368,0.0
2022-05-21 23:00:00,0.0,0.0,0.0,0.0,0.0,15.107011293199369,0.0,0.0,0.0,15.107011293199369,0.0,0.0,0.0,0.0,2.7608063138321848,2.7608063138321848,0.0
2022-05-22 00:00:00,0.0,0.0,0.0,0.0,0.0,15.107011293199369,0.0,0.0,0.0,15.107011293199369,0.0,0.0,0.0,0.0,2.8278814439739897,2.8278814439739897,0.0
2022-05-22 01:00:00,0.0,0.0,0.0,0.0,0.0,15.107011293199369,0.0,0.0,0.0,15.107011293199369,0.0,0.0,0.0,0.0,2.9179192312814584,2.9179192312814584,0.0
2022-05-22 02:00:00,0.0,0.0,0.0,0.0,0.0,15.107011293199369,0.0,0.0,0.0,15.107011293199369,0.0,0.0,0.0,0.0,2.777272956141772,2.777272956141772,0.0
2022-05-22 03:00:00,0.0,0.0,0.0,0.0,0.0,15.107011293199369,0.0,0.0,0.0,15.107011293199369,0.0,0.0,0.0,0.0,2.7606552437192526,2.7606552437192526,0.0
2022-05-22 04:00:00,0.0,0.0,0.0,0.0,0.0,9.364506699199367,0.0,0.0,0.0,9.364506699199367,0.0,0.0,0.0,0.0,1.744420307926858,1.744420307926858,0.0
2022-05-22 05:00:00,0.0,0.0,0.0,8.171766461472032,71.993858345822,11.793768566671403,0.0,0.0,0.0,11.793768566671403,0.0,0.0,0.0,0.0,15.300284814256077,15.300284814256077,0.0
2022-05-22 06:00:00,0.0,0.0,0.0,8.171766461472032,26.87066101061226,19.064424357991378,0.0,0.0,0.0,19.064424357991378,0.0,0.0,0.0,0.0,8.667735207563423,8.667735207563423,0.0
2022-05-22 07:00:00,0.0,0.0,0.0,8.171766461472032,0.4346632842375011,32.706898309561794,0.0,0.0,0.0,32.706898309561794,0.0,0.0,0.0,0.0,6.6817840730284885,6.6817840730284885,0.0
2022-05-22 08:00:00,0.0,0.0,0.0,8.171766461472032,0.0,49.09918831618329,0.0,0.0,0.0,49.09918831618329,0.0,0.0,0.0,0.0,9.613130080425526,9.613130080425526,0.0
2022-05-22 09:00:00,0.0,0.0,0.9820219251633169,8.171766461472032,0.0,50.081210241346604,0.0,0.0,0.0,50.081210241346604,0.0,0.0,0.0,0.0,9.765335184960174,9.765335184960174,0.0
2022-05-22 10:00:00,0.0,0.0,5.700482781627625,8.171766461472032,0.0,54.79967109781094,0.0,0.0,0.0,54.79967109781094,0.0,0.0,0.0,0.0,10.81142711088712,10.81142711088712,0.0
2022-05-22 11:00:00,0.0,0.0,8.54154954398696,8.171766461472032,0.0,57.640737860170255,0.0,0.0,0.0,57.640737860170255,0.0,0.0,0.0,0.0,11.232450586811378,11.232450586811378,0.0
2022-05-22 12:00:00,0.0,0.0,11.408581977277047,8.171766461472032,0.0,60.507770293460325,0.0,0.0,0.0,60.507770293460325,0.0,0.0,0.0,0.0,12.486383477758473,12.486383477758473,0.0
2022-05-22 13:00:00,0.0,0.0,12.910518030665806,8.171766461472032,0.0,62.00970634684909,0.0,0.0,0.0,62.00970634684909,0.0,0.0,0.0,0.0,13.402777929807963,13.402777929807963,0.0
2022-05-22 14:00:00,0.0,0.0,13.889699363154842,8.171766461472032,0.0,62.988887679338134,0.0,0.0,0.0,62.988887679338134,0.0,0.0,0.0,0.0,13.176015524763951,13.176015524763951,0.0
2022-05-22 15:00:00,0.0,0.0,13.269835179689869,8.171766461472032,0.0,62.369023495873165,0.0,0.0,0.0,62.369023495873165,0.0,0.0,0.0,0.0,13.402479459028184,13.402479459028184,0.0
2022-05-22 16:00:00,0.0,0.0,11.72832833165473,8.171766461472032,0.0,60.827516647838024,0.0,0.0,0.0,60.827516647838024,0.0,0.0,0.0,0.0,13.461737709333034,13.461737709333034,0.0
2022-05-22 17:00:00,0.0,0.0,8.740669510144265,8.171766461472032,0.0,45.9950591368962,0.0,0.0,0.0,45.9950591368962,0.0,0.0,0.0,0.0,10.155249106835312,10.155249106835312,0.0
2022-05-22 18:00:00,0.0,0.0,4.641484457492434,8.171766461472032,0.0,41.89587408424437,0.0,0.0,0.0,41.89587408424437,0.0,0.0,0.0,0.0,9.513715087050212,9.513715087050212,0.0
2022-05-22 19:00:00,0.0,0.0,1.5445805409507305,8.171766461472032,0.0,45.73648803851252,0.0,0.0,0.0,45.73648803851252,0.0,0.0,0.0,0.0,10.378981230579647,10.378981230579647,0.0
2022-05-22 20:00:00,0.0,0.0,0.0,0.0,0.0,22.37766708451935,0.0,0.0,0.0,22.37766708451935,0.0,0.0,0.0,0.0,5.214891537376389,5.214891537376389,0.0
2022-05-22 21:00:00,0.0,0.0,0.0,0.0,0.0,15.107011293199369,0.0,0.0,0.0,15.107011293199369,0.0,0.0,0.0,0.0,3.208427058449682,3.208427058449682,0.0
2022-05-22 22:00:00,0.0,0.0,0.0,0.0,0.0,15.107011293199369,0.0,0.0,0.0,15.107011293199369,0.0,0.0,0.0,0.0,3.034847498690821,3.034847498690821,0.0
2022-05-22 23:00:00,0.0,0.0,0.0,0.0,0.0,15.107011293199369,0.0,0.0,0.0,15.107011293199369,0.0,0.0,0.0,0.0,3.1316834410802294,3.1316834410802294,0.0
2022-05-23 00:00:00,0.0,0.0,0.0,0.0,0.0,15.107011293199369,0.0,0.0,0.0,15.107011293199369,0.0,0.0,0.0,0.0,3.068385063761724,3.068385063761724,0.0
2022-05-23 01:00:00,0.0,0.0,0.0,0.0,0.0,15.107011293199369,0.0,0.0,0.0,15.107011293199369,0.0,0.0,0.0,0.0,3.1032822598490144,3.1032822598490144,0.0
2022-05-23 02:00:00,0.0,0.0,0.0,0.0,0.0,15.107011293199369,0.0,0.0,0.0,15.107011293199369,0.0,0.0,0.0,0.0,3.0138487529932743,3.0138487529932743,0.0
2022-05-23 03:00:00,0.0,0.0,0.0,0.0,0.0,15.107011293199369,0.0,0.0,0.0,15.107011293199369,0.0,0.0,0.0,0.0,3.1428626294371966,3.1428626294371966,0.0
2022-05-23 04:00:00,0.0,0.0,0.0,0.0,0.0,7.450338501199367,0.0,0.0,0.0,7.450338501199367,0.0,0.0,0.0,0.0,1.6173939852253705,1.6173939852253705,0.0
2022-05-23 05:00:00,0.0,0.0,0.0,8.171766461472032,46.78474566557086,11.793768566671403,0.0,0.0,0.0,11.793768566671403,0.0,0.0,0.0,0.0,11.099972732230286,11.099972732230286,0.0
2022-05-23 06:00:00,0.0,0.0,0.0,8.171766461472032,18.433096534986486,19.064424357991378,0.0,0.0,0.0,19.064424357991378,0.0,0.0,0.0,0.0,7.769285886693153,7.769285886693153,0.0
2022-05-23 07:00:00,0.0,0.0,0.0,8.171766461472032,0.06374310177325689,32.706898309561794,0.0,0.0,0.0,32.706898309561794,0.0,0.0,0.0,0.0,7.65442496884971,7.65442496884971,0.0
2022-05-23 08:00:00,0.0,0.0,0.0,8.171766461472032,0.0,49.09918831618329,0.0,0.0,0.0,49.09918831618329,0.0,0.0,0.0,0.0,11.364498127663783,11.364498127663783,0.0
2022-05-23 09:00:00,0.0,0.0,0.3145713357331722,8.171766461472032,0.0,49.41375965191647,0.0,0.0,0.0,49.41375965191647,0.0,0.0,0.0,0.0,11.309327171534123,11.309327171534123,0.0
2022-05-23 10:00:00,0.0,0.0,2.004154895049338,8.171766461472032,0.0,51.103343211232634,0.0,0.0,0.0,51.103343211232634,0.0,0.0,0.0,0.0,11.67098152258131,11.67098152258131,0.0
2022-05-23 11:00:00,0.0,0.0,1.4491702674648255,8.171766461472032,0.0,50.54835858364814,0.0,0.0,0.0,50.54835858364814,0.0,0.0,0.0,0.0,11.313228134606291,11.313228134606291,0.0
2022-05-23 12:00:00,0.0,0.0,0.7869182221393204,8.171766461472032,0.0,49.88610653832261,0.0,0.0,0.0,49.88610653832261,0.0,0.0,0.0,0.0,10.990906992523236,10.990906992523236,0.0
2022-05-23 13:00:00,0.0,0.0,0.9988759995241848,8.171766461472032,0.0,50.09806431570748,0.0,0.0,0.0,50.09806431570748,0.0,0.0,0.0,0.0,11.221966406718476,11.221966406718476,0.0
2022-05-23 14:00:00,0.0,0.0,2.1022494149687336,8.171766461472032,0.0,51.201437731152026,0.0,0.0,0.0,51.201437731152026,0.0,0.0,0.0,0.0,11.782986865070017,11.782986865070017,0.0
2022-05-23 15:00:00,0.0,0.0,2.6360370441387126,8.171766461472032,0.0,51.735225360322005,0.0,0.0,0.0,51.735225360322005,0.0,0.0,0.0,0.0,11.957562637531225,11.957562637531225,0.0
2022-05-23 16:00:00,0.0,0.0,3.4044137786732103,8.171766461472032,0.0,52.50360209485652,0.0,0.0,0.0,52.50360209485652,0.0,0.0,0.0,0.0,11.729304707990947,11.729304707990947,0.0
2022-05-23 17:00:00,0.0,0.0,1.3562972530685886,8.171766461472032,0.0,38.610686879820534,0.0,0.0,0.0,38.610686879820534,0.0,0.0,0.0,0.0,8.63373569319667,8.63373569319667,0.0
2022-05-23 18:00:00,0.0,0.0,0.0,8.171766461472032,0.0,37.25438962675194,0.0,0.0,0.0,37.25438962675194,0.0,0.0,0.0,0.0,8.265258882591185,8.265258882591185,0.0
2022-05-23 19:00:00,0.0,0.0,0.0,8.171766461472032,0.0,44.191907497561786,0.0,0.0,0.0,44.191907497561786,0.0,0.0,0.0,0.0,9.646651487642762,9.646651487642762,0.0
2022-05-23 20:00:00,0.0,0.0,0.0,0.0,0.0,22.37766708451935,0.0,0.0,0.0,22.37766708451935,0.0,0.0,0.0,0.0,5.07704510813575,5.07704510813575,0.0
2022-05-23 21:00:00,0.0,0.0,0.0,0.0,0.0,15.107011293199369,0.0,0.0,0.0,15.107011293199369,0.0,0.0,0.0,0.0,3.373244551658487,3.373244551658487,0.0
2022-05-23 22:00:00,0.0,0.0,0.0,0.0,0.0,15.107011293199369,0.0,0.0,0.0,15.107011293199369,0.0,0.0,0.0,0.0,3.164767795812336,3.164767795812336,0.0
2022-05-23 23:00:00,0.0,0.0,0.0,0.0,0.0,15.107011293199369,0.0,0.0,0.0,15.107011293199369,0.0,0.0,0.0,0.0,2.9964756900060947,2.9964756900060947,0.0
2022-05-24 00:00:00,0.0,0.0,0.0,0.0,0.0,15.107011293199369,0.0,0.0,0.0,15.107011293199369,0.0,0.0,0.0,0.0,2.9621827743705325,2.9621827743705325,0.0
2022-05-24 01:00:00,0.0,0.0,0.0,0.0,0.0,15.107011293199369,0.0,0.0,0.0,15.107011293199369,0.0,0.0,0.0,0.0,3.1010162081550345,3.1010162081550345,0.0
2022-05-24 02:00:00,0.0,0.0,0.0,0.0,0.0,15.107011293199369,0.0,0.0,0.0,15.107011293199369,0.0,0.0,0.0,0.0,3.0656658017289478,3.0656658017289478,0.0
2022-05-24 03:00:00,0.0,0.0,0.0,0.0,0.0,15.107011293199369,0.0,0.0,0.0,15.107011293199369,0.0,0.0,0.0,0.0,3.0360560595942774,3.0360560595942774,0.0
2022-05-24 04:00:00,0.0,0.0,0.0,0.0,0.0,7.450338501199367,0.0,0.0,0.0,7.450338501199367,0.0,0.0,0.0,0.0,1.4656305899559394,1.4656305899559394,0.0
2022-05-24 05:00:00,0.0,0.0,0.0,8.171766461472032,39.20025752931168,11.793768566671403,0.0,0.0,0.0,11.793768566671403,0.0,0.0,0.0,0.0,9.517141285441205,9.517141285441205,0.0
2022-05-24 06:00:00,0.0,0.0,0.0,8.171766461472032,22.73163733334785,19.064424357991378,0.0,0.0,0.0,19.064424357991378,0.0,0.0,0.0,0.0,8.10761784095233,8.10761784095233,0.0
2022-05-24 07:00:00,0.0,0.0,0.0,8.171766461472032,6.3669134300812305,32.706898309561794,0.0,0.0,0.0,32.706898309561794,0.0,0.0,0.0,0.0,7.939588178622529,7.939588178622529,0.0
2022-05-24 08:00:00,0.0,0.0,0.0,8.171766461472032,0.0,49.09918831618329,0.0,0.0,0.0,49.09918831618329,0.0,0.0,0.0,0.0,10.177770746061634,10.177770746061634,0.0
2022-05-24 09:00:00,0.0,0.0,0.0,8.171766461472032,0.0,49.09918831618329,0.0,0.0,0.0,49.09918831618329,0.0,0.0,0.0,0.0,10.335379140556581,10.335379140556581,0.0
2022-05-24 10:00:00,0.0,0.0,0.3839628422660129,8.171766461472032,0.0,49.483151158449296,0.0,0.0,0.0,49.483151158449296,0.0,0.0,0.0,0.0,10.635413678485508,10.635413678485508,0.0
2022-05-24 11:00:00,0.0,0.0,4.522044900310211,8.171766461472032,0.0,53.6212332164935,0.0,0.0,0.0,53.6212332164935,0.0,0.0,0.0,0.0,11.310326722354974,11.310326722354974,0.0
2022-05-24 12:00:00,0.0,0.0,9.199340847743589,8.171766461472032,0.0,58.29852916392687,0.0,0.0,0.0,58.29852916392687,0.0,0.0,0.0,0.0,12.335385785795287,12.335385785795287,0.0
2022-05-24 13:00:00,0.0,0.0,10.744951063589676,8.171766461472032,0.0,59.84413937977296,0.0,0.0,0.0,59.84413937977296,0.0,0.0,0.0,0.0,12.92334189906197,12.92334189906197,0.0
2022-05-24 14:00:00,0.0,0.0,11.359762841144489,8.171766461472032,0.0,60.45895115732778,0.0,0.0,0.0,60.45895115732778,0.0,0.0,0.0,0.0,13.375333764535624,13.375333764535624,0.0
2022-05-24 15:00:00,0.0,0.0,9.437960844183225,8.171766461472032,0.0,58.53714916036653,0.0,0.0,0.0,58.53714916036653,0.0,0.0,0.0,0.0,12.622365473449834,12.622365473449834,0.0
2022-05-24 16:00:00,0.0,0.0,7.252410405468022,8.171766461472032,0.0,56.35159872165131,0.0,0.0,0.0,56.35159872165131,0.0,0.0,0.0,0.0,12.102069341461833,12.102069341461833,0.0
2022-05-24 17:00:00,0.0,0.0,3.4386589757870083,8.171766461472032,0.0,40.693048602538944,0.0,0.0,0.0,40.693048602538944,0.0,0.0,0.0,0.0,9.00781323865802,9.00781323865802,0.0
2022-05-24 18:00:00,0.0,0.0,0.1771416113590746,8.171766461472032,0.0,37.43153123811101,0.0,0.0,0.0,37.43153123811101,0.0,0.0,0.0,0.0,8.252904007378715,8.252904007378715,0.0
2022-05-24 19:00:00,0.0,0.0,0.0,8.171766461472032,0.0,44.191907497561786,0.0,0.0,0.0,44.191907497561786,0.0,0.0,0.0,0.0,9.824302955782962,9.824302955782962,0.0
2022-05-24 20:00:00,0.0,0.0,0.0,0.0,0.0,22.37766708451935,0.0,0.0,0.0,22.37766708451935,0.0,0.0,0.0,0.0,4.894219568055227,4.894219568055227,0.0
2022-05-24 21:00:00,0.0,0.0,0.0,0.0,0.0,15.107011293199369,0.0,0.0,0.0,15.107011293199369,0.0,0.0,0.0,0.0,3.023064029882126,3.023064029882126,0.0
2022-05-24 22:00:00,0.0,0.0,0.0,0.0,0.0,15.107011293199369,0.0,0.0,0.0,15.107011293199369,0.0,0.0,0.0,0.0,2.9145956887969544,2.9145956887969544,0.0
2022-05-24 23:00:00,0.0,0.0,0.0,0.0,0.0,15.107011293199369,0.0,0.0,0.0,15.107011293199369,0.0,0.0,0.0,0.0,2.9855986418749914,2.9855986418749914,0.0
2022-05-25 00:00:00,0.0,0.0,0.0,0.0,0.0,15.107011293199369,0.0,0.0,0.0,15.107011293199369,0.0,0.0,0.0,0.0,2.9788004867930513,2.9788004867930513,0.0
2022-05-25 01:00:00,0.0,0.0,0.0,0.0,0.0,15.107011293199369,0.0,0.0,0.0,15.107011293199369,0.0,0.0,0.0,0.0,2.875770669773432,2.875770669773432,0.0
2022-05-25 02:00:00,0.0,0.0,0.0,0.0,0.0,15.107011293199369,0.0,0.0,0.0,15.107011293199369,0.0,0.0,0.0,0.0,2.9047761314563747,2.9047761314563747,0.0
2022-05-25 03:00:00,0.0,0.0,0.0,0.0,0.0,15.107011293199369,0.0,0.0,0.0,15.107011293199369,0.0,0.0,0.0,0.0,2.8827198949683033,2.8827198949683033,0.0
2022-05-25 04:00:00,0.0,0.0,0.0,0.0,0.0,7.450338501199367,0.0,0.0,0.0,7.450338501199367,0.0,0.0,0.0,0.0,1.4309865159253623,1.4309865159253623,0.0
2022-05-25 05:00:00,0.0,0.0,0.0,8.171766461472032,37.77367639947941,11.793768566671403,0.0,0.0,0.0,11.793768566671403,0.0,0.0,0.0,0.0,9.1717135603092,9.1717135603092,0.0
2022-05-25 06:00:00,0.0,0.0,0.0,8.171766461472032,12.702492612930127,19.064424357991378,0.0,0.0,0.0,19.064424357991378,0.0,0.0,0.0,0.0,5.985015447982484,5.985015447982484,0.0
2022-05-25 07:00:00,0.0,0.0,0.0,8.171766461472032,0.0,32.706898309561794,0.0,0.0,0.0,32.706898309561794,0.0,0.0,0.0,0.0,6.43606344935557,6.43606344935557,0.0
2022-05-25 08:00:00,0.0,0.0,0.0,8.171766461472032,0.0,49.09918831618329,0.0,0.0,0.0,49.09918831618329,0.0,0.0,0.0,0.0,9.730968132384366,9.730968132384366,0.0
2022-05-25 09:00:00,0.0,0.0,2.029118083498838,8.171766461472032,0.0,51.128306399682124,0.0,0.0,0.0,51.128306399682124,0.0,0.0,0.0,0.0,10.265541358928177,10.265541358928177,0.0
2022-05-25 10:00:00,0.0,0.0,9.155533845149147,8.171766461472032,0.0,58.25472216133244,0.0,0.0,0.0,58.25472216133244,0.0,0.0,0.0,0.0,11.79658123766982,11.79658123766982,0.0
2022-05-25 11:00:00,0.0,0.0,12.54363914225868,8.171766461472032,0.0,61.642827458441964,0.0,0.0,0.0,61.642827458441964,0.0,0.0,0.0,0.0,12.774243134212927,12.774243134212927,0.0
2022-05-25 12:00:00,0.0,0.0,13.871083909001324,8.171766461472032,0.0,62.97027222518462,0.0,0.0,0.0,62.97027222518462,0.0,0.0,0.0,0.0,13.026030512501691,13.026030512501691,0.0
2022-05-25 13:00:00,0.0,0.0,11.787835341478731,8.171766461472032,0.0,60.88702365766203,0.0,0.0,0.0,60.88702365766203,0.0,0.0,0.0,0.0,12.674851714815503,12.674851714815503,0.0
2022-05-25 14:00:00,0.0,0.0,10.64809071638886,8.171766461472032,0.0,59.747279032572166,0.0,0.0,0.0,59.747279032572166,0.0,0.0,0.0,0.0,12.559475525436996,12.559475525436996,0.0
2022-05-25 15:00:00,0.0,0.0,9.463955947862418,8.171766461472032,0.0,58.56314426404571,0.0,0.0,0.0,58.56314426404571,0.0,0.0,0.0,0.0,12.304702241318646,12.304702241318646,0.0
2022-05-25 16:00:00,0.0,0.0,6.306031123756725,8.171766461472032,0.0,55.40521943994001,0.0,0.0,0.0,55.40521943994001,0.0,0.0,0.0,0.0,11.69327156279934,11.69327156279934,0.0
2022-05-25 17:00:00,0.0,0.0,2.6679680675102952,8.171766461472032,0.0,39.92235769426223,0.0,0.0,0.0,39.92235769426223,0.0,0.0,0.0,0.0,8.565341843303962,8.565341843303962,0.0
2022-05-25 18:00:00,0.0,0.0,0.13473557920209642,8.171766461472032,0.0,37.38912520595403,0.0,0.0,0.0,37.38912520595403,0.0,0.0,0.0,0.0,7.950797475046125,7.950797475046125,0.0
2022-05-25 19:00:00,0.0,0.0,0.0,8.171766461472032,0.0,44.191907497561786,0.0,0.0,0.0,44.191907497561786,0.0,0.0,0.0,0.0,9.671398955841397,9.671398955841397,0.0
2022-05-25 20:00:00,0.0,0.0,0.0,0.0,0.0,22.37766708451935,0.0,0.0,0.0,22.37766708451935,0.0,0.0,0.0,0.0,4.801799802996162,4.801799802996162,0.0
2022-05-25 21:00:00,0.0,0.0,0.0,0.0,0.0,15.107011293199369,0.0,0.0,0.0,15.107011293199369,0.0,0.0,0.0,0.0,3.210239899804866,3.210239899804866,0.0
2022-05-25 22:00:00,0.0,0.0,0.0,0.0,0.0,15.107011293199369,0.0,0.0,0.0,15.107011293199369,0.0,0.0,0.0,0.0,3.0578101558564845,3.0578101558564845,0.0
2022-05-25 23:00:00,0.0,0.0,0.0,0.0,0.0,14.657592477664597,0.0,0.0,0.0,14.657592477664597,0.0,0.0,0.0,0.0,2.9243362752188635,2.9243362752188635,0.0
2022-05-26 00:00:00,0.0,0.0,0.0,0.0,0.0,14.657592477664597,0.0,0.0,0.0,14.657592477664597,0.0,0.0,0.0,0.0,3.002607819049593,3.002607819049593,0.0
2022-05-26 01:00:00,0.0,0.0,0.0,0.0,0.0,14.657592477664597,0.0,0.0,0.0,14.657592477664597,0.0,0.0,0.0,0.0,2.9281472492630565,2.9281472492630565,0.0
2022-05-26 02:00:00,0.0,0.0,0.0,0.0,0.0,14.657592477664597,0.0,0.0,0.0,14.657592477664597,0.0,0.0,0.0,0.0,2.980474854408319,2.980474854408319,0.0
2022-05-26 03:00:00,0.0,0.0,0.0,0.0,0.0,14.657592477664597,0.0,0.0,0.0,14.657592477664597,0.0,0.0,0.0,0.0,2.97387893779337,2.97387893779337,0.0
2022-05-26 04:00:00,0.0,0.0,0.0,0.0,0.0,7.000919685664599,0.0,0.0,0.0,7.000919685664599,0.0,0.0,0.0,0.0,1.3861820977615908,1.3861820977615908,0.0
2022-05-26 05:00:00,0.0,0.0,0.0,8.171766461472032,77.97223964896101,11.344349751136637,0.0,0.0,0.0,11.344349751136637,0.0,0.0,0.0,0.0,16.248019265382553,16.248019265382553,0.0
2022-05-26 06:00:00,0.0,0.0,0.0,8.171766461472032,44.697295563563586,14.516933040801234,0.0,0.0,0.0,14.516933040801234,0.0,0.0,0.0,0.0,10.954637248172787,10.954637248172787,0.0
2022-05-26 07:00:00,0.0,0.0,0.0,8.171766461472032,20.77354526695018,23.611915675181518,0.0,0.0,0.0,23.611915675181518,0.0,0.0,0.0,0.0,8.523115067135631,8.523115067135631,0.0
2022-05-26 08:00:00,0.0,0.0,0.0,8.171766461472032,0.06683725607350914,37.25438962675194,0.0,0.0,0.0,37.25438962675194,0.0,0.0,0.0,0.0,7.86041633830224,7.86041633830224,0.0
2022-05-26 09:00:00,0.0,0.0,0.0,8.171766461472032,0.0,49.09918831618329,0.0,0.0,0.0,49.09918831618329,0.0,0.0,0.0,0.0,10.399699077250782,10.399699077250782,0.0
2022-05-26 10:00:00,0.0,0.0,0.0,8.171766461472032,0.0,49.09918831618329,0.0,0.0,0.0,49.09918831618329,0.0,0.0,0.0,0.0,10.80378539709297,10.80378539709297,0.0
2022-05-26 11:00:00,0.0,0.0,0.6955000326627844,8.171766461472032,0.0,49.79468834884607,0.0,0.0,0.0,49.79468834884607,0.0,0.0,0.0,0.0,11.239657054101535,11.239657054101535,0.0
2022-05-26 12:00:00,0.0,0.0,2.726409485366729,8.171766461472032,0.0,51.825597801550025,0.0,0.0,0.0,51.825597801550025,0.0,0.0,0.0,0.0,12.061371376354737,12.061371376354737,0.0
2022-05-26 13:00:00,0.0,0.0,4.781412822951455,8.171766461472032,0.0,53.880601139134754,0.0,0.0,0.0,53.880601139134754,0.0,0.0,0.0,0.0,12.76323679783824,12.76323679783824,0.0
2022-05-26 14:00:00,0.0,0.0,5.59888847038939,8.171766461472032,0.0,54.69807678657267,0.0,0.0,0.0,54.69807678657267,0.0,0.0,0.0,0.0,12.789504314236423,12.789504314236423,0.0
2022-05-26 15:00:00,0.0,0.0,4.917835261812256,8.171766461472032,0.0,54.01702357799556,0.0,0.0,0.0,54.01702357799556,0.0,0.0,0.0,0.0,12.244578904660035,12.244578904660035,0.0
2022-05-26 16:00:00,0.0,0.0,3.0661648243628137,8.171766461472032,0.0,52.16535314054612,0.0,0.0,0.0,52.16535314054612,0.0,0.0,0.0,0.0,12.049674921934747,12.049674921934747,0.0
2022-05-26 17:00:00,0.0,0.0,0.18565859564807397,8.171766461472032,0.0,32.892556905209865,0.0,0.0,0.0,32.892556905209865,0.0,0.0,0.0,0.0,7.702450050492994,7.702450050492994,0.0
2022-05-26 18:00:00,0.0,0.0,0.0,8.171766461472032,0.0,23.611915675181518,0.0,0.0,0.0,23.611915675181518,0.0,0.0,0.0,0.0,5.651748136011449,5.651748136011449,0.0
2022-05-26 19:00:00,0.0,0.0,0.0,8.171766461472032,0.0,35.096924863181506,0.0,0.0,0.0,35.096924863181506,0.0,0.0,0.0,0.0,8.467835061739802,8.467835061739802,0.0
2022-05-26 20:00:00,0.0,0.0,0.0,8.171766461472032,8.320952038477474,26.001942228801234,0.0,0.0,0.0,26.001942228801234,0.0,0.0,0.0,0.0,7.889728279628479,7.889728279628479,0.0
2022-05-26 21:00:00,0.0,0.0,0.0,0.0,0.0,14.657592477664597,0.0,0.0,0.0,14.657592477664597,0.0,0.0,0.0,0.0,3.4707713227862,3.4707713227862,0.0
2022-05-26 22:00:00,0.0,0.0,0.0,0.0,0.0,14.657592477664597,0.0,0.0,0.0,14.657592477664597,0.0,0.0,0.0,0.0,3.1865606046442836,3.1865606046442836,0.0
2022-05-26 23:00:00,0.0,0.0,0.0,0.0,0.0,14.657592477664597,0.0,0.0,0.0,14.657592477664597,0.0,0.0,0.0,0.0,2.933570558479792,2.933570558479792,0.0
2022-05-27 00:00:00,0.0,0.0,0.0,0.0,0.0,14.657592477664597,0.0,0.0,0.0,14.657592477664597,0.0,0.0,0.0,0.0,2.762223302415893,2.762223302415893,0.0
2022-05-27 01:00:00,0.0,0.0,0.0,0.0,0.0,14.657592477664597,0.0,0.0,0.0,14.657592477664597,0.0,0.0,0.0,0.0,2.7082833620980877,2.7082833620980877,0.0
2022-05-27 02:00:00,0.0,0.0,0.0,0.0,0.0,14.657592477664597,0.0,0.0,0.0,14.657592477664597,0.0,0.0,0.0,0.0,2.7808384448625274,2.7808384448625274,0.0
2022-05-27 03:00:00,0.0,0.0,0.0,0.0,0.0,14.657592477664597,0.0,0.0,0.0,14.657592477664597,0.0,0.0,0.0,0.0,2.8013590743312577,2.8013590743312577,0.0
2022-05-27 04:00:00,0.0,0.0,0.0,0.0,0.0,7.000919685664599,0.0,0.0,0.0,7.000919685664599,0.0,0.0,0.0,0.0,1.342216322135617,1.342216322135617,0.0
2022-05-27 05:00:00,0.0,0.0,0.0,0.0,0.0,3.1725832896646002,0.0,0.0,0.0,3.1725832896646002,0.0,0.0,0.0,0.0,0.6370547245646517,0.6370547245646517,0.0
2022-05-27 06:00:00,0.0,0.0,0.0,0.0,0.0,3.1725832896646002,0.0,0.0,0.0,3.1725832896646002,0.0,0.0,0.0,0.0,0.6491739927311705,0.6491739927311705,0.0
2022-05-27 07:00:00,0.0,0.0,0.0,8.171766461472032,45.40841633591859,14.516933040801234,0.0,0.0,0.0,14.516933040801234,0.0,0.0,0.0,0.0,11.175438039852482,11.175438039852482,0.0
2022-05-27 08:00:00,0.0,0.0,0.0,8.171766461472032,9.550579236389593,14.516933040801234,0.0,0.0,0.0,14.516933040801234,0.0,0.0,0.0,0.0,4.731849352525419,4.731849352525419,0.0
2022-05-27 09:00:00,0.0,0.0,0.0,8.171766461472032,0.0,28.15940699237166,0.0,0.0,0.0,28.15940699237166,0.0,0.0,0.0,0.0,5.769862492736953,5.769862492736953,0.0
2022-05-27 10:00:00,0.0,0.0,0.0,8.171766461472032,0.0,28.15940699237166,0.0,0.0,0.0,28.15940699237166,0.0,0.0,0.0,0.0,5.850679990805061,5.850679990805061,0.0
2022-05-27 11:00:00,0.0,0.0,1.3087226997702228,8.171766461472032,0.0,38.56311232652216,0.0,0.0,0.0,38.56311232652216,0.0,0.0,0.0,0.0,8.102109899802304,8.102109899802304,0.0
2022-05-27 12:00:00,0.0,0.0,5.774754148473471,8.171766461472032,0.0,43.02914377522541,0.0,0.0,0.0,43.02914377522541,0.0,0.0,0.0,0.0,9.18758277888613,9.18758277888613,0.0
2022-05-27 13:00:00,0.0,0.0,8.337163627021557,8.171766461472032,0.0,45.5915532537735,0.0,0.0,0.0,45.5915532537735,0.0,0.0,0.0,0.0,10.023758898374641,10.023758898374641,0.0
2022-05-27 14:00:00,0.0,0.0,10.169237244886645,8.171766461472032,0.0,47.42362687163859,0.0,0.0,0.0,47.42362687163859,0.0,0.0,0.0,0.0,10.458332434002457,10.458332434002457,0.0
2022-05-27 15:00:00,0.0,0.0,11.487721754802632,8.171766461472032,0.0,48.74211138155458,0.0,0.0,0.0,48.74211138155458,0.0,0.0,0.0,0.0,10.909459369419546,10.909459369419546,0.0
2022-05-27 16:00:00,0.0,0.0,10.82587096010679,8.171766461472032,0.0,38.985277952478455,0.0,0.0,0.0,38.985277952478455,0.0,0.0,0.0,0.0,8.801706203331062,8.801706203331062,0.0
2022-05-27 17:00:00,0.0,0.0,7.850117011198309,8.171766461472032,0.0,26.91454136918969,0.0,0.0,0.0,26.91454136918969,0.0,0.0,0.0,0.0,6.244711888479392,6.244711888479392,0.0
2022-05-27 18:00:00,0.0,0.0,0.0,0.0,0.0,3.1725832896646002,0.0,0.0,0.0,3.1725832896646002,0.0,0.0,0.0,0.0,0.7341992248941818,0.7341992248941818,0.0
2022-05-27 19:00:00,0.0,0.0,0.0,0.0,0.0,12.743424279664596,0.0,0.0,0.0,12.743424279664596,0.0,0.0,0.0,0.0,2.9632284477504087,2.9632284477504087,0.0
2022-05-27 20:00:00,0.0,0.0,0.0,0.0,0.0,14.657592477664597,0.0,0.0,0.0,14.657592477664597,0.0,0.0,0.0,0.0,3.483963156016098,3.483963156016098,0.0
2022-05-27 21:00:00,0.0,0.0,0.0,0.0,0.0,14.657592477664597,0.0,0.0,0.0,14.657592477664597,0.0,0.0,0.0,0.0,3.1653070955516696,3.1653070955516696,0.0
2022-05-27 22:00:00,0.0,0.0,0.0,0.0,0.0,14.657592477664597,0.0,0.0,0.0,14.657592477664597,0.0,0.0,0.0,0.0,2.884907351453946,2.884907351453946,0.0
2022-05-27 23:00:00,0.0,0.0,0.0,0.0,0.0,14.657592477664597,0.0,0.0,0.0,14.657592477664597,0.0,0.0,0.0,0.0,2.908359499418209,2.908359499418209,0.0
2022-05-28 00:00:00,0.0,0.0,0.0,0.0,0.0,14.657592477664597,0.0,0.0,0.0,14.657592477664597,0.0,0.0,0.0,0.0,2.8056097761497805,2.8056097761497805,0.0
2022-05-28 01:00:00,0.0,0.0,0.0,0.0,0.0,14.657592477664597,0.0,0.0,0.0,14.657592477664597,0.0,0.0,0.0,0.0,2.8528072239278606,2.8528072239278606,0.0
2022-05-28 02:00:00,0.0,0.0,0.0,0.0,0.0,14.657592477664597,0.0,0.0,0.0,14.657592477664597,0.0,0.0,0.0,0.0,2.9347431658780057,2.9347431658780057,0.0
2022-05-28 03:00:00,0.0,0.0,0.0,0.0,0.0,14.657592477664597,0.0,0.0,0.0,14.657592477664597,0.0,0.0,0.0,0.0,2.9472021194840203,2.9472021194840203,0.0
2022-05-28 04:00:00,0.0,0.0,0.0,0.0,0.0,7.000919685664599,0.0,0.0,0.0,7.000919685664599,0.0,0.0,0.0,0.0,1.4220268065521935,1.4220268065521935,0.0
2022-05-28 05:00:00,0.0,0.0,0.0,0.0,0.0,3.1725832896646002,0.0,0.0,0.0,3.1725832896646002,0.0,0.0,0.0,0.0,0.6618643258898289,0.6618643258898289,0.0
2022-05-28 06:00:00,0.0,0.0,0.0,0.0,0.0,3.1725832896646002,0.0,0.0,0.0,3.1725832896646002,0.0,0.0,0.0,0.0,0.6894340746770143,0.6894340746770143,0.0
2022-05-28 07:00:00,0.0,0.0,0.0,8.171766461472032,0.6236013550562205,14.516933040801234,0.0,0.0,0.0,14.516933040801234,0.0,0.0,0.0,0.0,3.3353291559398324,3.3353291559398324,0.0
2022-05-28 08:00:00,0.0,0.0,0.0,8.171766461472032,0.0,14.516933040801234,0.0,0.0,0.0,14.516933040801234,0.0,0.0,0.0,0.0,3.234953358812147,3.234953358812147,0.0
2022-05-28 09:00:00,0.0,0.0,0.12013356876216073,8.171766461472032,0.0,28.279540561133825,0.0,0.0,0.0,28.279540561133825,0.0,0.0,0.0,0.0,6.273816073487539,6.273816073487539,0.0
2022-05-28 10:00:00,0.0,0.0,3.7279760608445036,8.171766461472032,0.0,31.88738305321617,0.0,0.0,0.0,31.88738305321617,0.0,0.0,0.0,0.0,7.222811135383994,7.222811135383994,0.0
2022-05-28 11:00:00,0.0,0.0,9.185564076244505,8.171766461472034,0.0,46.43995370299645,0.0,0.0,0.0,46.43995370299645,0.0,0.0,0.0,0.0,10.473602758636789,10.473602758636789,0.0
2022-05-28 12:00:00,0.0,0.0,5.162806312900813,8.171766461472032,0.0,42.41719593965275,0.0,0.0,0.0,42.41719593965275,0.0,0.0,0.0,0.0,9.744502423216426,9.744502423216426,0.0
2022-05-28 13:00:00,0.0,0.0,5.484732534975013,8.171766461472032,0.0,42.739122161726954,0.0,0.0,0.0,42.739122161726954,0.0,0.0,0.0,0.0,9.836408965521459,9.836408965521459,0.0
2022-05-28 14:00:00,0.0,0.0,6.911315454350431,8.171766461472032,0.0,44.16570508110237,0.0,0.0,0.0,44.16570508110237,0.0,0.0,0.0,0.0,10.141329200722724,10.141329200722724,0.0
2022-05-28 15:00:00,0.0,0.0,1.5026544063550644,8.171766461472032,0.0,38.75704403310701,0.0,0.0,0.0,38.75704403310701,0.0,0.0,0.0,0.0,8.936599213153814,8.936599213153814,0.0
2022-05-28 16:00:00,0.0,0.0,0.0,8.171766461472032,0.0,28.15940699237166,0.0,0.0,0.0,28.15940699237166,0.0,0.0,0.0,0.0,6.365433950625614,6.365433950625614,0.0
2022-05-28 17:00:00,0.0,0.0,0.0,8.171766461472032,0.0,19.064424357991378,0.0,0.0,0.0,19.064424357991378,0.0,0.0,0.0,0.0,4.396065612709232,4.396065612709232,0.0
2022-05-28 18:00:00,0.0,0.0,0.0,0.0,0.0,3.1725832896646002,0.0,0.0,0.0,3.1725832896646002,0.0,0.0,0.0,0.0,0.7377842440115028,0.7377842440115028,0.0
2022-05-28 19:00:00,0.0,0.0,0.0,0.0,0.0,12.743424279664596,0.0,0.0,0.0,12.743424279664596,0.0,0.0,0.0,0.0,2.967433777762698,2.967433777762698,0.0
2022-05-28 20:00:00,0.0,0.0,0.0,0.0,0.0,14.657592477664597,0.0,0.0,0.0,14.657592477664597,0.0,0.0,0.0,0.0,3.4707713227862,3.4707713227862,0.0
2022-05-28 21:00:00,0.0,0.0,0.0,0.0,0.0,14.657592477664597,0.0,0.0,0.0,14.657592477664597,0.0,0.0,0.0,0.0,3.2126511192545264,3.2126511192545264,0.0
2022-05-28 22:00:00,0.0,0.0,0.0,0.0,0.0,14.657592477664597,0.0,0.0,0.0,14.657592477664597,0.0,0.0,0.0,0.0,3.076188933287469,3.076188933287469,0.0
2022-05-28 23:00:00,0.0,0.0,0.0,0.0,0.0,15.107011293199369,0.0,0.0,0.0,15.107011293199369,0.0,0.0,0.0,0.0,3.1472436627122247,3.1472436627122247,0.0
2022-05-29 00:00:00,0.0,0.0,0.0,0.0,0.0,15.107011293199369,0.0,0.0,0.0,15.107011293199369,0.0,0.0,0.0,0.0,3.0961819645412105,3.0961819645412105,0.0
2022-05-29 01:00:00,0.0,0.0,0.0,0.0,0.0,15.107011293199369,0.0,0.0,0.0,15.107011293199369,0.0,0.0,0.0,0.0,3.0981458760093266,3.0981458760093266,0.0
2022-05-29 02:00:00,0.0,0.0,0.0,0.0,0.0,15.107011293199369,0.0,0.0,0.0,15.107011293199369,0.0,0.0,0.0,0.0,3.1461861719217006,3.1461861719217006,0.0
2022-05-29 03:00:00,0.0,0.0,0.0,0.0,0.0,15.107011293199369,0.0,0.0,0.0,15.107011293199369,0.0,0.0,0.0,0.0,3.1764001945080995,3.1764001945080995,0.0
2022-05-29 04:00:00,0.0,0.0,0.0,0.0,0.0,7.450338501199367,0.0,0.0,0.0,7.450338501199367,0.0,0.0,0.0,0.0,1.5823028908847214,1.5823028908847214,0.0
2022-05-29 05:00:00,0.0,0.0,0.0,8.171766461472032,15.832780287940514,11.793768566671403,0.0,0.0,0.0,11.793768566671403,0.0,0.0,0.0,0.0,5.471627836021964,5.471627836021964,0.0
2022-05-29 06:00:00,0.0,0.0,0.0,8.171766461472032,2.1548783363241104,19.064424357991378,0.0,0.0,0.0,19.064424357991378,0.0,0.0,0.0,0.0,4.640115945631047,4.640115945631047,0.0
2022-05-29 07:00:00,0.0,0.0,0.0,8.171766461472032,0.0,32.706898309561794,0.0,0.0,0.0,32.706898309561794,0.0,0.0,0.0,0.0,7.520951266283734,7.520951266283734,0.0
2022-05-29 08:00:00,0.0,0.0,0.0,8.171766461472032,0.0,49.09918831618329,0.0,0.0,0.0,49.09918831618329,0.0,0.0,0.0,0.0,11.284466450708406,11.284466450708406,0.0
2022-05-29 09:00:00,0.0,0.0,0.7267867674002566,8.171766461472032,0.0,49.82597508358355,0.0,0.0,0.0,49.82597508358355,0.0,0.0,0.0,0.0,11.505814166301112,11.505814166301112,0.0
2022-05-29 10:00:00,0.0,0.0,7.224146990992999,8.171766461472032,0.0,56.32333530717631,0.0,0.0,0.0,56.32333530717631,0.0,0.0,0.0,0.0,12.903676118874092,12.903676118874092,0.0
2022-05-29 11:00:00,0.0,0.0,12.398672446092428,8.171766461472032,0.0,61.497860762275714,0.0,0.0,0.0,61.497860762275714,0.0,0.0,0.0,0.0,14.087314964814498,14.087314964814498,0.0
2022-05-29 12:00:00,0.0,0.0,14.665949065948615,8.171766461472032,0.0,63.765137382131904,0.0,0.0,0.0,63.765137382131904,0.0,0.0,0.0,0.0,14.673633414376193,14.673633414376193,0.0
2022-05-29 13:00:00,0.0,0.0,7.92742048697808,8.171766461472032,0.0,57.02660880316137,0.0,0.0,0.0,57.02660880316137,0.0,0.0,0.0,0.0,13.065366342892302,13.065366342892302,0.0
2022-05-29 14:00:00,0.0,0.0,2.476450411777875,8.171766461472032,0.0,51.57563872796118,0.0,0.0,0.0,51.57563872796118,0.0,0.0,0.0,0.0,12.183197380318989,12.183197380318989,0.0
2022-05-29 15:00:00,0.0,0.0,2.7039076260964845,8.171766461472032,0.0,51.803095942279775,0.0,0.0,0.0,51.803095942279775,0.0,0.0,0.0,0.0,12.482473998251734,12.482473998251734,0.0
2022-05-29 16:00:00,0.0,0.0,1.9852573481500595,8.171766461472032,0.0,51.08444566433336,0.0,0.0,0.0,51.08444566433336,0.0,0.0,0.0,0.0,12.201519846926024,12.201519846926024,0.0
2022-05-29 17:00:00,0.0,0.0,1.9633783931690243,8.171766461472032,0.0,39.21776801992096,0.0,0.0,0.0,39.21776801992096,0.0,0.0,0.0,0.0,9.33265225570059,9.33265225570059,0.0
2022-05-29 18:00:00,0.0,0.0,0.7999299953760343,8.171766461472032,0.0,38.05431962212797,0.0,0.0,0.0,38.05431962212797,0.0,0.0,0.0,0.0,9.315316900300704,9.315316900300704,0.0
2022-05-29 19:00:00,0.0,0.0,0.04804100482388001,8.171766461472032,0.0,42.32578030438567,0.0,0.0,0.0,42.32578030438567,0.0,0.0,0.0,0.0,10.313522886769656,10.313522886769656,0.0
2022-05-29 20:00:00,0.0,0.0,0.0,0.0,0.0,22.37766708451935,0.0,0.0,0.0,22.37766708451935,0.0,0.0,0.0,0.0,5.424122724616645,5.424122724616645,0.0
2022-05-29 21:00:00,0.0,0.0,0.0,0.0,0.0,15.107011293199369,0.0,0.0,0.0,15.107011293199369,0.0,0.0,0.0,0.0,3.442736803607204,3.442736803607204,0.0
2022-05-29 22:00:00,0.0,0.0,0.0,0.0,0.0,15.107011293199369,0.0,0.0,0.0,15.107011293199369,0.0,0.0,0.0,0.0,3.227461892679113,3.227461892679113,0.0
2022-05-29 23:00:00,0.0,0.0,0.0,0.0,0.0,15.107011293199369,0.0,0.0,0.0,15.107011293199369,0.0,0.0,0.0,0.0,3.087419897991155,3.087419897991155,0.0
2022-05-30 00:00:00,0.0,0.0,0.0,0.0,0.0,15.107011293199369,0.0,0.0,0.0,15.107011293199369,0.0,0.0,0.0,0.0,3.2238362099687454,3.2238362099687454,0.0
2022-05-30 01:00:00,0.0,0.0,0.0,0.0,0.0,15.107011293199369,0.0,0.0,0.0,15.107011293199369,0.0,0.0,0.0,0.0,3.293026321691598,3.293026321691598,0.0
2022-05-30 02:00:00,0.0,0.0,0.0,0.0,0.0,15.107011293199369,0.0,0.0,0.0,15.107011293199369,0.0,0.0,0.0,0.0,3.328376728117685,3.328376728117685,0.0
2022-05-30 03:00:00,0.0,0.0,0.0,0.0,0.0,15.107011293199369,0.0,0.0,0.0,15.107011293199369,0.0,0.0,0.0,0.0,3.3537565070902597,3.3537565070902597,0.0
2022-05-30 04:00:00,0.0,0.0,0.0,0.0,0.0,7.450338501199367,0.0,0.0,0.0,7.450338501199367,0.0,0.0,0.0,0.0,1.7371954283246562,1.7371954283246562,0.0
2022-05-30 05:00:00,0.0,0.0,0.0,8.171766461472032,0.2196644138467613,11.793768566671403,0.0,0.0,0.0,11.793768566671403,0.0,0.0,0.0,0.0,2.7629677060954076,2.7629677060954076,0.0
2022-05-30 06:00:00,0.0,0.0,0.0,8.171766461472032,0.0,19.064424357991378,0.0,0.0,0.0,19.064424357991378,0.0,0.0,0.0,0.0,4.360033850672628,4.360033850672628,0.0
2022-05-30 07:00:00,0.0,0.0,0.0,8.171766461472032,0.0,32.706898309561794,0.0,0.0,0.0,32.706898309561794,0.0,0.0,0.0,0.0,7.343025739479718,7.343025739479718,0.0
2022-05-30 08:00:00,0.0,0.0,0.05223928440854947,8.171766461472032,0.0,49.15142760059184,0.0,0.0,0.0,49.15142760059184,0.0,0.0,0.0,0.0,11.31465863365624,11.31465863365624,0.0
2022-05-30 09:00:00,0.0,0.0,1.0145970669860314,8.171766461472032,0.0,50.11378538316934,0.0,0.0,0.0,50.11378538316934,0.0,0.0,0.0,0.0,11.412412345309153,11.412412345309153,0.0
2022-05-30 10:00:00,0.0,0.0,2.297657958201693,8.171766461472032,0.0,51.39684627438499,0.0,0.0,0.0,51.39684627438499,0.0,0.0,0.0,0.0,11.957990254198412,11.957990254198412,0.0
2022-05-30 11:00:00,0.0,0.0,4.75863324273216,8.171766461472032,0.0,53.85782155891546,0.0,0.0,0.0,53.85782155891546,0.0,0.0,0.0,0.0,12.472394316613643,12.472394316613643,0.0
2022-05-30 12:00:00,0.0,0.0,9.75868181782675,8.171766461472032,0.0,58.857870134010035,0.0,0.0,0.0,58.857870134010035,0.0,0.0,0.0,0.0,13.614413940697862,13.614413940697862,0.0
2022-05-30 13:00:00,0.0,0.0,15.190636344343444,8.171766461472032,0.0,64.28982466052673,0.0,0.0,0.0,64.28982466052673,0.0,0.0,0.0,0.0,14.953813216038519,14.953813216038519,0.0
2022-05-30 14:00:00,0.0,0.0,17.728641618997887,8.171766461472032,0.0,66.82782993518117,0.0,0.0,0.0,66.82782993518117,0.0,0.0,0.0,0.0,15.189297465967329,15.189297465967329,0.0
2022-05-30 15:00:00,0.0,0.0,19.35182039528458,8.171766461472032,0.0,68.45100871146786,0.0,0.0,0.0,68.45100871146786,0.0,0.0,0.0,0.0,15.526742306022255,15.526742306022255,0.0
2022-05-30 16:00:00,0.0,0.0,18.764692796053815,8.171766461472032,0.0,67.86388111223712,0.0,0.0,0.0,67.86388111223712,0.0,0.0,0.0,0.0,15.144503709006836,15.144503709006836,0.0
2022-05-30 17:00:00,0.0,0.0,14.537835860948393,8.171766461472032,0.0,51.79222548770034,0.0,0.0,0.0,51.79222548770034,0.0,0.0,0.0,0.0,11.935000441385668,11.935000441385668,0.0
2022-05-30 18:00:00,0.0,0.0,8.08236131541355,8.171766461472032,0.0,45.33675094216549,0.0,0.0,0.0,45.33675094216549,0.0,0.0,0.0,0.0,10.596105430202918,10.596105430202918,0.0
2022-05-30 19:00:00,0.0,0.0,3.9875910813227473,8.171766461472032,0.0,46.265330380884535,0.0,0.0,0.0,46.265330380884535,0.0,0.0,0.0,0.0,10.684515398161475,10.684515398161475,0.0
2022-05-30 20:00:00,0.0,0.0,0.0,0.0,0.0,22.37766708451935,0.0,0.0,0.0,22.37766708451935,0.0,0.0,0.0,0.0,5.024681367157974,5.024681367157974,0.0
2022-05-30 21:00:00,0.0,0.0,0.0,0.0,0.0,15.107011293199369,0.0,0.0,0.0,15.107011293199369,0.0,0.0,0.0,0.0,3.1721702313460036,3.1721702313460036,0.0
2022-05-30 22:00:00,0.0,0.0,0.0,0.0,0.0,15.107011293199369,0.0,0.0,0.0,15.107011293199369,0.0,0.0,0.0,0.0,3.1448265409053127,3.1448265409053127,0.0
2022-05-30 23:00:00,0.0,0.0,0.0,0.0,0.0,15.107011293199369,0.0,0.0,0.0,15.107011293199369,0.0,0.0,0.0,0.0,2.894654433889931,2.894654433889931,0.0
2022-05-31 00:00:00,0.0,0.0,0.0,0.0,0.0,15.107011293199369,0.0,0.0,0.0,15.107011293199369,0.0,0.0,0.0,0.0,2.7274198188742136,2.7274198188742136,0.0
2022-05-31 01:00:00,0.0,0.0,0.0,0.0,0.0,15.107011293199369,0.0,0.0,0.0,15.107011293199369,0.0,0.0,0.0,0.0,2.741922549715685,2.741922549715685,0.0
2022-05-31 02:00:00,0.0,0.0,0.0,0.0,0.0,15.107011293199369,0.0,0.0,0.0,15.107011293199369,0.0,0.0,0.0,0.0,2.8002356133074353,2.8002356133074353,0.0
2022-05-31 03:00:00,0.0,0.0,0.0,0.0,0.0,15.107011293199369,0.0,0.0,0.0,15.107011293199369,0.0,0.0,0.0,0.0,2.844499156396509,2.844499156396509,0.0
2022-05-31 04:00:00,0.0,0.0,0.0,0.0,0.0,7.450338501199367,0.0,0.0,0.0,7.450338501199367,0.0,0.0,0.0,0.0,1.505191887397308,1.505191887397308,0.0
2022-05-31 05:00:00,0.0,0.0,0.0,8.171766461472032,14.14301612863257,11.793768566671403,0.0,0.0,0.0,11.793768566671403,0.0,0.0,0.0,0.0,4.987530128738536,4.987530128738536,0.0
2022-05-31 06:00:00,0.0,0.0,0.0,8.171766461472032,1.5904287202073357,19.064424357991378,0.0,0.0,0.0,19.064424357991378,0.0,0.0,0.0,0.0,4.391881135188678,4.391881135188678,0.0
2022-05-31 07:00:00,0.0,0.0,0.0,8.171766461472032,0.0,32.706898309561794,0.0,0.0,0.0,32.706898309561794,0.0,0.0,0.0,0.0,6.951524166714263,6.951524166714263,0.0
2022-05-31 08:00:00,0.0,0.0,0.0,8.171766461472032,0.0,49.09918831618329,0.0,0.0,0.0,49.09918831618329,0.0,0.0,0.0,0.0,10.290207887305694,10.290207887305694,0.0
2022-05-31 09:00:00,0.0,0.0,0.5561139768196897,8.171766461472032,0.0,49.65530229300298,0.0,0.0,0.0,49.65530229300298,0.0,0.0,0.0,0.0,10.247861287229956,10.247861287229956,0.0
2022-05-31 10:00:00,0.0,0.0,4.348649678387503,8.171766461472032,0.0,53.4478379945708,0.0,0.0,0.0,53.4478379945708,0.0,0.0,0.0,0.0,11.359803487366076,11.359803487366076,0.0
2022-05-31 11:00:00,0.0,0.0,6.7439910569212875,8.171766461472032,0.0,55.84317937310457,0.0,0.0,0.0,55.84317937310457,0.0,0.0,0.0,0.0,12.091165197864603,12.091165197864603,0.0
2022-05-31 12:00:00,0.0,0.0,8.808925252970873,8.171766461472032,0.0,57.90811356915415,0.0,0.0,0.0,57.90811356915415,0.0,0.0,0.0,0.0,12.519155072515437,12.519155072515437,0.0
2022-05-31 13:00:00,0.0,0.0,10.494279907068691,8.171766461472032,0.0,59.59346822325199,0.0,0.0,0.0,59.59346822325199,0.0,0.0,0.0,0.0,12.675530691085697,12.675530691085697,0.0
2022-05-31 14:00:00,0.0,0.0,11.766959544761177,8.171766461472032,0.0,60.86614786094447,0.0,0.0,0.0,60.86614786094447,0.0,0.0,0.0,0.0,13.06857060722339,13.06857060722339,0.0
2022-05-31 15:00:00,0.0,0.0,11.543759897425764,8.171766461472032,0.0,60.64294821360906,0.0,0.0,0.0,60.64294821360906,0.0,0.0,0.0,0.0,13.147391172710446,13.147391172710446,0.0
2022-05-31 16:00:00,0.0,0.0,10.241443367049007,8.171766461472032,0.0,59.340631683232296,0.0,0.0,0.0,59.340631683232296,0.0,0.0,0.0,0.0,12.885818170013893,12.885818170013893,0.0
2022-05-31 17:00:00,0.0,0.0,7.690086600003253,8.171766461472032,0.0,44.944476226755185,0.0,0.0,0.0,44.944476226755185,0.0,0.0,0.0,0.0,9.928684243252487,9.928684243252487,0.0
2022-05-31 18:00:00,0.0,0.0,3.7572657488984067,8.171766461472032,0.0,41.011655375650356,0.0,0.0,0.0,41.011655375650356,0.0,0.0,0.0,0.0,9.376904885088697,9.376904885088697,0.0
2022-05-31 19:00:00,0.0,0.0,0.948097298457301,8.171766461472032,0.0,43.22583659801909,0.0,0.0,0.0,43.22583659801909,0.0,0.0,0.0,0.0,9.8260971754617,9.8260971754617,0.0
2022-05-31 20:00:00,0.0,0.0,0.0,0.0,0.0,22.37766708451935,0.0,0.0,0.0,22.37766708451935,0.0,0.0,0.0,0.0,5.110835385433374,5.110835385433374,0.0
2022-05-31 21:00:00,0.0,0.0,0.0,0.0,0.0,15.107011293199369,0.0,0.0,0.0,15.107011293199369,0.0,0.0,0.0,0.0,3.3613100127368596,3.3613100127368596,0.0
2022-05-31 22:00:00,0.0,0.0,0.0,0.0,0.0,15.107011293199369,0.0,0.0,0.0,15.107011293199369,0.0,0.0,0.0,0.0,3.1202021124973975,3.1202021124973975,0.0
2022-05-31 23:00:00,0.0,0.0,0.0,0.0,0.0,15.107011293199369,0.0,0.0,0.0,15.107011293199369,0.0,0.0,0.0,0.0,3.1440711903406524,3.1440711903406524,0.0
2022-06-01 00:00:00,0.0,0.0,0.0,0.0,0.0,15.107011293199369,0.0,0.0,0.0,15.107011293199369,0.0,0.0,0.0,0.0,3.1342516330000727,3.1342516330000727,0.0
2022-06-01 01:00:00,0.0,0.0,0.0,0.0,0.0,15.107011293199369,0.0,0.0,0.0,15.107011293199369,0.0,0.0,0.0,0.0,3.0711043257944994,3.0711043257944994,0.0
2022-06-01 02:00:00,0.0,0.0,0.0,0.0,0.0,15.107011293199369,0.0,0.0,0.0,15.107011293199369,0.0,0.0,0.0,0.0,3.1967946597539187,3.1967946597539187,0.0
2022-06-01 03:00:00,0.0,0.0,0.0,0.0,0.0,15.107011293199369,0.0,0.0,0.0,15.107011293199369,0.0,0.0,0.0,0.0,3.228217243243773,3.228217243243773,0.0
2022-06-01 04:00:00,0.0,0.0,0.0,0.0,0.0,7.450338501199367,0.0,0.0,0.0,7.450338501199367,0.0,0.0,0.0,0.0,1.5960860171119402,1.5960860171119402,0.0
2022-06-01 05:00:00,0.0,0.0,0.0,8.171766461472032,1.2605499541397598,11.793768566671403,0.0,0.0,0.0,11.793768566671403,0.0,0.0,0.0,0.0,2.822063376667084,2.822063376667084,0.0
2022-06-01 06:00:00,0.0,0.0,0.0,8.171766461472032,1.6504713152909254,19.064424357991378,0.0,0.0,0.0,19.064424357991378,0.0,0.0,0.0,0.0,4.486003363742498,4.486003363742498,0.0
2022-06-01 07:00:00,0.0,0.0,0.0,8.171766461472032,0.0,32.706898309561794,0.0,0.0,0.0,32.706898309561794,0.0,0.0,0.0,0.0,7.144494866740678,7.144494866740678,0.0
2022-06-01 08:00:00,0.0,0.0,0.0,8.171766461472032,0.0,49.09918831618329,0.0,0.0,0.0,49.09918831618329,0.0,0.0,0.0,0.0,10.484149681154618,10.484149681154618,0.0
2022-06-01 09:00:00,0.0,0.0,0.15050427953067244,8.171766461472032,0.0,49.24969259571397,0.0,0.0,0.0,49.24969259571397,0.0,0.0,0.0,0.0,10.28973827402252,10.28973827402252,0.0
2022-06-01 10:00:00,0.0,0.0,2.9095641156376373,8.171766461472032,0.0,52.00875243182092,0.0,0.0,0.0,52.00875243182092,0.0,0.0,0.0,0.0,10.866708733104662,10.866708733104662,0.0
2022-06-01 11:00:00,0.0,0.0,5.677094811148052,8.171766461472032,0.0,54.776283127331354,0.0,0.0,0.0,54.776283127331354,0.0,0.0,0.0,0.0,11.632291484920087,11.632291484920087,0.0
2022-06-01 12:00:00,0.0,0.0,7.995645970669519,8.171766461472032,0.0,57.09483428685281,0.0,0.0,0.0,57.09483428685281,0.0,0.0,0.0,0.0,12.50947819224945,12.50947819224945,0.0
2022-06-01 13:00:00,0.0,0.0,9.62442271020961,8.171766461472032,0.0,58.7236110263929,0.0,0.0,0.0,58.7236110263929,0.0,0.0,0.0,0.0,13.070701342254532,13.070701342254532,0.0
2022-06-01 14:00:00,0.0,0.0,11.123216956347301,8.171766461472032,0.0,60.222405272530594,0.0,0.0,0.0,60.222405272530594,0.0,0.0,0.0,0.0,13.531372240684899,13.531372240684899,0.0
2022-06-01 15:00:00,0.0,0.0,11.933724559644048,8.171766461472032,0.0,61.03291287582735,0.0,0.0,0.0,61.03291287582735,0.0,0.0,0.0,0.0,13.875832742319348,13.875832742319348,0.0
2022-06-01 16:00:00,0.0,0.0,10.746849531156464,8.171766461472032,0.0,59.84603784733977,0.0,0.0,0.0,59.84603784733977,0.0,0.0,0.0,0.0,13.664047361304617,13.664047361304617,0.0
2022-06-01 17:00:00,0.0,0.0,8.511980236782255,8.171766461472032,0.0,45.766369863534194,0.0,0.0,0.0,45.766369863534194,0.0,0.0,0.0,0.0,10.287364617925217,10.287364617925217,0.0
2022-06-01 18:00:00,0.0,0.0,5.10163601289208,8.171766461472032,0.0,42.35602563964402,0.0,0.0,0.0,42.35602563964402,0.0,0.0,0.0,0.0,9.637266513788203,9.637266513788203,0.0
2022-06-01 19:00:00,0.0,0.0,1.1414584856777303,8.171766461472032,0.0,43.41919778523951,0.0,0.0,0.0,43.41919778523951,0.0,0.0,0.0,0.0,9.830974762533929,9.830974762533929,0.0
2022-06-01 20:00:00,0.0,0.0,0.0,0.0,0.0,22.37766708451935,0.0,0.0,0.0,22.37766708451935,0.0,0.0,0.0,0.0,5.178192163357777,5.178192163357777,0.0
2022-06-01 21:00:00,0.0,0.0,0.0,0.0,0.0,15.107011293199369,0.0,0.0,0.0,15.107011293199369,0.0,0.0,0.0,0.0,3.382459828547339,3.382459828547339,0.0
2022-06-01 22:00:00,0.0,0.0,0.0,0.0,0.0,15.107011293199369,0.0,0.0,0.0,15.107011293199369,0.0,0.0,0.0,0.0,3.174889493378779,3.174889493378779,0.0
2022-06-01 23:00:00,0.0,0.0,0.0,0.0,0.0,14.657592477664597,0.0,0.0,0.0,14.657592477664597,0.0,0.0,0.0,0.0,3.1446398901581625,3.1446398901581625,0.0
2022-06-02 00:00:00,0.0,0.0,0.0,0.0,0.0,14.657592477664597,0.0,0.0,0.0,14.657592477664597,0.0,0.0,0.0,0.0,3.1121000348577468,3.1121000348577468,0.0
2022-06-02 01:00:00,0.0,0.0,0.0,0.0,0.0,14.657592477664597,0.0,0.0,0.0,14.657592477664597,0.0,0.0,0.0,0.0,3.0842506091501845,3.0842506091501845,0.0
2022-06-02 02:00:00,0.0,0.0,0.0,0.0,0.0,14.657592477664597,0.0,0.0,0.0,14.657592477664597,0.0,0.0,0.0,0.0,3.077508116610459,3.077508116610459,0.0
2022-06-02 03:00:00,0.0,0.0,0.0,0.0,0.0,14.657592477664597,0.0,0.0,0.0,14.657592477664597,0.0,0.0,0.0,0.0,3.0627039482080174,3.0627039482080174,0.0
2022-06-02 04:00:00,0.0,0.0,0.0,0.0,0.0,7.000919685664599,0.0,0.0,0.0,7.000919685664599,0.0,0.0,0.0,0.0,1.4415593724751978,1.4415593724751978,0.0
2022-06-02 05:00:00,0.0,0.0,0.0,8.171766461472032,27.875940388454385,11.344349751136637,0.0,0.0,0.0,11.344349751136637,0.0,0.0,0.0,0.0,7.395602440178431,7.395602440178431,0.0
2022-06-02 06:00:00,0.0,0.0,0.0,8.171766461472032,6.397668814444453,14.516933040801234,0.0,0.0,0.0,14.516933040801234,0.0,0.0,0.0,0.0,4.252574647602174,4.252574647602174,0.0
2022-06-02 07:00:00,0.0,0.0,0.0,8.171766461472032,0.0,23.611915675181518,0.0,0.0,0.0,23.611915675181518,0.0,0.0,0.0,0.0,5.229803202895955,5.229803202895955,0.0
2022-06-02 08:00:00,0.0,0.0,0.0,8.171766461472032,0.0,37.25438962675194,0.0,0.0,0.0,37.25438962675194,0.0,0.0,0.0,0.0,8.337532398467083,8.337532398467083,0.0
2022-06-02 09:00:00,0.0,0.0,2.2051533618901473,8.171766461472032,0.0,51.304341678073435,0.0,0.0,0.0,51.304341678073435,0.0,0.0,0.0,0.0,10.913972605176562,10.913972605176562,0.0
2022-06-02 10:00:00,0.0,0.0,7.611099978655743,8.171766461472032,0.0,56.71028829483903,0.0,0.0,0.0,56.71028829483903,0.0,0.0,0.0,0.0,12.16832655942361,12.16832655942361,0.0
2022-06-02 11:00:00,0.0,0.0,10.134191780378066,8.171766461472032,0.0,59.233380096561355,0.0,0.0,0.0,59.233380096561355,0.0,0.0,0.0,0.0,12.96737157073921,12.96737157073921,0.0
2022-06-02 12:00:00,0.0,0.0,12.187546386772881,8.171766461472032,0.0,61.286734702956174,0.0,0.0,0.0,61.286734702956174,0.0,0.0,0.0,0.0,13.63568560406072,13.63568560406072,0.0
2022-06-02 13:00:00,0.0,0.0,13.883471464240438,8.171766461472032,0.0,62.98265978042373,0.0,0.0,0.0,62.98265978042373,0.0,0.0,0.0,0.0,14.139607120705127,14.139607120705127,0.0
2022-06-02 14:00:00,0.0,0.0,14.599438834741548,8.171766461472032,0.0,63.698627150924864,0.0,0.0,0.0,63.698627150924864,0.0,0.0,0.0,0.0,14.365314395076576,14.365314395076576,0.0
2022-06-02 15:00:00,0.0,0.0,14.474371847467058,8.171766461472032,0.0,63.573560163650356,0.0,0.0,0.0,63.573560163650356,0.0,0.0,0.0,0.0,14.253827924292048,14.253827924292048,0.0
2022-06-02 16:00:00,0.0,0.0,12.637202809966524,8.171766461472032,0.0,61.736391126149826,0.0,0.0,0.0,61.736391126149826,0.0,0.0,0.0,0.0,13.582006047752962,13.582006047752962,0.0
2022-06-02 17:00:00,0.0,0.0,8.315945310022787,8.171766461472032,0.0,41.022843619584584,0.0,0.0,0.0,41.022843619584584,0.0,0.0,0.0,0.0,9.182143087371617,9.182143087371617,0.0
2022-06-02 18:00:00,0.0,0.0,4.520787204731803,8.171766461472032,0.0,28.13270287991333,0.0,0.0,0.0,28.13270287991333,0.0,0.0,0.0,0.0,6.527349722197491,6.527349722197491,0.0
2022-06-02 19:00:00,0.0,0.0,0.9466790041734665,8.171766461472032,0.0,34.129435669354976,0.0,0.0,0.0,34.129435669354976,0.0,0.0,0.0,0.0,8.01939349922834,8.01939349922834,0.0
2022-06-02 20:00:00,0.0,0.0,0.0,8.171766461472032,0.0,26.001942228801234,0.0,0.0,0.0,26.001942228801234,0.0,0.0,0.0,0.0,6.143738909821155,6.143738909821155,0.0
2022-06-02 21:00:00,0.0,0.0,0.0,0.0,0.0,14.657592477664597,0.0,0.0,0.0,14.657592477664597,0.0,0.0,0.0,0.0,3.356442101460416,3.356442101460416,0.0
2022-06-02 22:00:00,0.0,0.0,0.0,0.0,0.0,14.657592477664597,0.0,0.0,0.0,14.657592477664597,0.0,0.0,0.0,0.0,3.228921046904734,3.228921046904734,0.0
2022-06-02 23:00:00,0.0,0.0,0.0,0.0,0.0,14.657592477664597,0.0,0.0,0.0,14.657592477664597,0.0,0.0,0.0,0.0,3.0433559261375005,3.0433559261375005,0.0
2022-06-03 00:00:00,0.0,0.0,0.0,0.0,0.0,14.657592477664597,0.0,0.0,0.0,14.657592477664597,0.0,0.0,0.0,0.0,2.960247376789142,2.960247376789142,0.0
2022-06-03 01:00:00,0.0,0.0,0.0,0.0,0.0,14.657592477664597,0.0,0.0,0.0,14.657592477664597,0.0,0.0,0.0,0.0,2.915981447506595,2.915981447506595,0.0
2022-06-03 02:00:00,0.0,0.0,0.0,0.0,0.0,14.657592477664597,0.0,0.0,0.0,14.657592477664597,0.0,0.0,0.0,0.0,2.9401664750947414,2.9401664750947414,0.0
2022-06-03 03:00:00,0.0,0.0,0.0,0.0,0.0,14.657592477664597,0.0,0.0,0.0,14.657592477664597,0.0,0.0,0.0,0.0,2.9577555860679388,2.9577555860679388,0.0
2022-06-03 04:00:00,0.0,0.0,0.0,0.0,0.0,7.000919685664599,0.0,0.0,0.0,7.000919685664599,0.0,0.0,0.0,0.0,1.4575214693585128,1.4575214693585128,0.0
2022-06-03 05:00:00,0.0,0.0,0.0,0.0,0.0,3.1725832896646002,0.0,0.0,0.0,3.1725832896646002,0.0,0.0,0.0,0.0,0.6625305683806585,0.6625305683806585,0.0
2022-06-03 06:00:00,0.0,0.0,0.0,0.0,0.0,3.1725832896646002,0.0,0.0,0.0,3.1725832896646002,0.0,0.0,0.0,0.0,0.6653224416755633,0.6653224416755633,0.0
2022-06-03 07:00:00,0.0,0.0,0.0,8.171766461472032,0.0,14.516933040801234,0.0,0.0,0.0,14.516933040801234,0.0,0.0,0.0,0.0,3.0890581817520943,3.0890581817520943,0.0
2022-06-03 08:00:00,0.0,0.0,0.0,8.171766461472032,0.0,14.516933040801234,0.0,0.0,0.0,14.516933040801234,0.0,0.0,0.0,0.0,3.160481492312837,3.160481492312837,0.0
2022-06-03 09:00:00,0.0,0.0,0.10370069484331017,8.171766461472032,0.0,28.263107687214973,0.0,0.0,0.0,28.263107687214973,0.0,0.0,0.0,0.0,6.119810707512658,6.119810707512658,0.0
2022-06-03 10:00:00,0.0,0.0,3.1419521076384584,8.171766461472032,0.0,31.301359100010124,0.0,0.0,0.0,31.301359100010124,0.0,0.0,0.0,0.0,6.858753805994219,6.858753805994219,0.0
2022-06-03 11:00:00,0.0,0.0,8.690348533420112,8.171766461472032,0.0,45.94473816017205,0.0,0.0,0.0,45.94473816017205,0.0,0.0,0.0,0.0,10.205704687519017,10.205704687519017,0.0
2022-06-03 12:00:00,0.0,0.0,12.166938621790967,8.171766461472032,0.0,49.421328248542906,0.0,0.0,0.0,49.421328248542906,0.0,0.0,0.0,0.0,10.816351900476102,10.816351900476102,0.0
2022-06-03 13:00:00,0.0,0.0,13.35556927778465,8.171766461472032,0.0,50.60995890453659,0.0,0.0,0.0,50.60995890453659,0.0,0.0,0.0,0.0,10.923147430366134,10.923147430366134,0.0
2022-06-03 14:00:00,0.0,0.0,11.422783180824231,8.171766461472032,0.0,48.67717280757617,0.0,0.0,0.0,48.67717280757617,0.0,0.0,0.0,0.0,10.440766795497014,10.440766795497014,0.0
2022-06-03 15:00:00,0.0,0.0,8.959958921213602,8.171766461472032,0.0,46.21434854796554,0.0,0.0,0.0,46.21434854796554,0.0,0.0,0.0,0.0,9.820086922957199,9.820086922957199,0.0
2022-06-03 16:00:00,0.0,0.0,5.92796331738666,8.171766461472032,0.0,34.08737030975832,0.0,0.0,0.0,34.08737030975832,0.0,0.0,0.0,0.0,7.073811086681047,7.073811086681047,0.0
2022-06-03 17:00:00,0.0,0.0,4.505526145297443,8.171766461472032,0.0,23.569950503288823,0.0,0.0,0.0,23.569950503288823,0.0,0.0,0.0,0.0,4.948746807670521,4.948746807670521,0.0
2022-06-03 18:00:00,0.0,0.0,0.0,0.0,0.0,3.1725832896646002,0.0,0.0,0.0,3.1725832896646002,0.0,0.0,0.0,0.0,0.6795990664790541,0.6795990664790541,0.0
2022-06-03 19:00:00,0.0,0.0,0.0,0.0,0.0,12.743424279664596,0.0,0.0,0.0,12.743424279664596,0.0,0.0,0.0,0.0,2.873259872335977,2.873259872335977,0.0
2022-06-03 20:00:00,0.0,0.0,0.0,0.0,0.0,14.657592477664597,0.0,0.0,0.0,14.657592477664597,0.0,0.0,0.0,0.0,3.401147758517293,3.401147758517293,0.0
2022-06-03 21:00:00,0.0,0.0,0.0,0.0,0.0,14.657592477664597,0.0,0.0,0.0,14.657592477664597,0.0,0.0,0.0,0.0,3.1902250027637,3.1902250027637,0.0
2022-06-03 22:00:00,0.0,0.0,0.0,0.0,0.0,14.657592477664597,0.0,0.0,0.0,14.657592477664597,0.0,0.0,0.0,0.0,3.098175322003966,3.098175322003966,0.0
2022-06-03 23:00:00,0.0,0.0,0.0,0.0,0.0,15.107011293199369,0.0,0.0,0.0,15.107011293199369,0.0,0.0,0.0,0.0,3.245892446456817,3.245892446456817,0.0
2022-06-04 00:00:00,0.0,0.0,0.0,0.0,0.0,15.107011293199369,0.0,0.0,0.0,15.107011293199369,0.0,0.0,0.0,0.0,3.253143811877552,3.253143811877552,0.0
2022-06-04 01:00:00,0.0,0.0,0.0,0.0,0.0,15.107011293199369,0.0,0.0,0.0,15.107011293199369,0.0,0.0,0.0,0.0,3.260093037072424,3.260093037072424,0.0
2022-06-04 02:00:00,0.0,0.0,0.0,0.0,0.0,15.107011293199369,0.0,0.0,0.0,15.107011293199369,0.0,0.0,0.0,0.0,3.2529927417646203,3.2529927417646203,0.0
2022-06-04 03:00:00,0.0,0.0,0.0,0.0,0.0,15.107011293199369,0.0,0.0,0.0,15.107011293199369,0.0,0.0,0.0,0.0,3.3765680941429905,3.3765680941429905,0.0
2022-06-04 04:00:00,0.0,0.0,0.0,0.0,0.0,7.450338501199367,0.0,0.0,0.0,7.450338501199367,0.0,0.0,0.0,0.0,1.7836110371871283,1.7836110371871283,0.0
2022-06-04 05:00:00,0.0,0.0,0.0,8.171766461472032,0.0,11.793768566671403,0.0,0.0,0.0,11.793768566671403,0.0,0.0,0.0,0.0,2.92910036121851,2.92910036121851,0.0
2022-06-04 06:00:00,0.0,0.0,0.0,8.171766461472032,0.0,19.064424357991378,0.0,0.0,0.0,19.064424357991378,0.0,0.0,0.0,0.0,4.741512982076036,4.741512982076036,0.0
2022-06-04 07:00:00,0.0,0.0,0.0,8.171766461472032,0.0,32.706898309561794,0.0,0.0,0.0,32.706898309561794,0.0,0.0,0.0,0.0,8.092013710768683,8.092013710768683,0.0
2022-06-04 08:00:00,0.0,0.0,5.2025504816869,8.171766461472032,0.0,54.30173879787021,0.0,0.0,0.0,54.30173879787021,0.0,0.0,0.0,0.0,13.448911648068515,13.448911648068515,0.0
2022-06-04 09:00:00,0.0,0.0,11.708993532234999,8.171766461472032,0.0,60.80818184841829,0.0,0.0,0.0,60.80818184841829,0.0,0.0,0.0,0.0,15.31758100761657,15.31758100761657,0.0
2022-06-04 10:00:00,0.0,0.0,16.27312790484961,8.171766461472032,0.0,65.3723162210329,0.0,0.0,0.0,65.3723162210329,0.0,0.0,0.0,0.0,16.47316996453808,16.47316996453808,0.0
2022-06-04 11:00:00,0.0,0.0,18.745040349631456,8.171766461472032,0.0,67.84422866581474,0.0,0.0,0.0,67.84422866581474,0.0,0.0,0.0,0.0,17.63814256853852,17.63814256853852,0.0
2022-06-04 12:00:00,0.0,0.0,18.587034841826778,8.171766461472032,0.0,67.68622315801008,0.0,0.0,0.0,67.68622315801008,0.0,0.0,0.0,0.0,17.64985955068271,17.64985955068271,0.0
2022-06-04 13:00:00,0.0,0.0,19.077045556988917,8.171766461472032,0.0,68.17623387317221,0.0,0.0,0.0,68.17623387317221,0.0,0.0,0.0,0.0,17.698550313475504,17.698550313475504,0.0
2022-06-04 14:00:00,0.0,0.0,20.367040741227655,8.171766461472032,0.0,69.46622905741094,0.0,0.0,0.0,69.46622905741094,0.0,0.0,0.0,0.0,17.9820280538014,17.9820280538014,0.0
2022-06-04 15:00:00,0.0,0.0,19.639981976822465,8.171766461472032,0.0,68.73917029300576,0.0,0.0,0.0,68.73917029300576,0.0,0.0,0.0,0.0,17.646032405917506,17.646032405917506,0.0
2022-06-04 16:00:00,0.0,0.0,17.334868705729505,8.171766461472032,0.0,66.43405702191279,0.0,0.0,0.0,66.43405702191279,0.0,0.0,0.0,0.0,16.511520532226204,16.511520532226204,0.0
2022-06-04 17:00:00,0.0,0.0,14.058764773231097,8.171766461472032,0.0,51.313154399983034,0.0,0.0,0.0,51.313154399983034,0.0,0.0,0.0,0.0,12.91962601482773,12.91962601482773,0.0
2022-06-04 18:00:00,0.0,0.0,11.066586655125713,8.171766461472032,0.0,48.32097628187765,0.0,0.0,0.0,48.32097628187765,0.0,0.0,0.0,0.0,12.146927017738403,12.146927017738403,0.0
2022-06-04 19:00:00,0.0,0.0,8.517017171626792,8.171766461472032,0.0,50.794756471188585,0.0,0.0,0.0,50.794756471188585,0.0,0.0,0.0,0.0,12.56459096071321,12.56459096071321,0.0
2022-06-04 20:00:00,0.0,0.0,0.0,0.0,0.0,22.37766708451935,0.0,0.0,0.0,22.37766708451935,0.0,0.0,0.0,0.0,5.495955035957952,5.495955035957952,0.0
2022-06-04 21:00:00,0.0,0.0,0.0,0.0,0.0,15.107011293199369,0.0,0.0,0.0,15.107011293199369,0.0,0.0,0.0,0.0,3.580814886827046,3.580814886827046,0.0
2022-06-04 22:00:00,0.0,0.0,0.0,0.0,0.0,15.107011293199369,0.0,0.0,0.0,15.107011293199369,0.0,0.0,0.0,0.0,3.3909197548715304,3.3909197548715304,0.0
2022-06-04 23:00:00,0.0,0.0,0.0,0.0,0.0,15.107011293199369,0.0,0.0,0.0,15.107011293199369,0.0,0.0,0.0,0.0,3.3928836663396464,3.3928836663396464,0.0
2022-06-05 00:00:00,0.0,0.0,0.0,0.0,0.0,15.107011293199369,0.0,0.0,0.0,15.107011293199369,0.0,0.0,0.0,0.0,3.4998413062954974,3.4998413062954974,0.0
2022-06-05 01:00:00,0.0,0.0,0.0,0.0,0.0,15.107011293199369,0.0,0.0,0.0,15.107011293199369,0.0,0.0,0.0,0.0,3.4244573199424333,3.4244573199424333,0.0
2022-06-05 02:00:00,0.0,0.0,0.0,0.0,0.0,15.107011293199369,0.0,0.0,0.0,15.107011293199369,0.0,0.0,0.0,0.0,3.4567863241098795,3.4567863241098795,0.0
2022-06-05 03:00:00,0.0,0.0,0.0,0.0,0.0,15.107011293199369,0.0,0.0,0.0,15.107011293199369,0.0,0.0,0.0,0.0,3.49092816963251,3.49092816963251,0.0
2022-06-05 04:00:00,0.0,0.0,0.0,0.0,0.0,7.450338501199367,0.0,0.0,0.0,7.450338501199367,0.0,0.0,0.0,0.0,1.7436027194356878,1.7436027194356878,0.0
2022-06-05 05:00:00,0.0,0.0,0.0,8.171766461472032,0.0,11.793768566671403,0.0,0.0,0.0,11.793768566671403,0.0,0.0,0.0,0.0,2.8516153017354786,2.8516153017354786,0.0
2022-06-05 06:00:00,0.0,0.0,0.0,8.171766461472032,0.0,19.064424357991378,0.0,0.0,0.0,19.064424357991378,0.0,0.0,0.0,0.0,4.757908387023908,4.757908387023908,0.0
2022-06-05 07:00:00,0.0,0.0,0.0,8.171766461472032,0.0,32.706898309561794,0.0,0.0,0.0,32.706898309561794,0.0,0.0,0.0,0.0,8.262416650961502,8.262416650961502,0.0
2022-06-05 08:00:00,0.0,0.0,0.0,8.171766461472032,0.0,49.09918831618329,0.0,0.0,0.0,49.09918831618329,0.0,0.0,0.0,0.0,12.636658096936092,12.636658096936092,0.0
2022-06-05 09:00:00,0.0,0.0,0.0,8.171766461472032,0.0,49.09918831618329,0.0,0.0,0.0,49.09918831618329,0.0,0.0,0.0,0.0,12.382815293341425,12.382815293341425,0.0
2022-06-05 10:00:00,0.0,0.0,0.8741632781100502,8.171766461472032,0.0,49.97335159429335,0.0,0.0,0.0,49.97335159429335,0.0,0.0,0.0,0.0,12.537814181492259,12.537814181492259,0.0
2022-06-05 11:00:00,0.0,0.0,4.707904539196318,8.171766461472032,0.0,53.80709285537961,0.0,0.0,0.0,53.80709285537961,0.0,0.0,0.0,0.0,13.246768190065906,13.246768190065906,0.0
2022-06-05 12:00:00,0.0,0.0,5.986033658080432,8.171766461472032,0.0,55.08522197426372,0.0,0.0,0.0,55.08522197426372,0.0,0.0,0.0,0.0,13.89304383412905,13.89304383412905,0.0
2022-06-05 13:00:00,0.0,0.0,6.606767405285637,8.171766461472032,0.0,55.70595572146892,0.0,0.0,0.0,55.70595572146892,0.0,0.0,0.0,0.0,14.737567645671819,14.737567645671819,0.0
2022-06-05 14:00:00,0.0,0.0,7.86419266827058,8.171766461472032,0.0,56.96338098445388,0.0,0.0,0.0,56.96338098445388,0.0,0.0,0.0,0.0,15.111245707555922,15.111245707555922,0.0
2022-06-05 15:00:00,0.0,0.0,7.52363721627768,8.171766461472032,0.0,56.62282553246096,0.0,0.0,0.0,56.62282553246096,0.0,0.0,0.0,0.0,15.036757548400333,15.036757548400333,0.0
2022-06-05 16:00:00,0.0,0.0,5.148230574304153,8.171766461472032,0.0,54.247418890487445,0.0,0.0,0.0,54.247418890487445,0.0,0.0,0.0,0.0,14.488400637271386,14.488400637271386,0.0
2022-06-05 17:00:00,0.0,0.0,1.961210977304581,8.171766461472032,0.0,39.215600604056526,0.0,0.0,0.0,39.215600604056526,0.0,0.0,0.0,0.0,10.478408481403903,10.478408481403903,0.0
2022-06-05 18:00:00,0.0,0.0,0.14677601971632195,8.171766461472032,0.0,37.40116564646826,0.0,0.0,0.0,37.40116564646826,0.0,0.0,0.0,0.0,10.1166412957132,10.1166412957132,0.0
2022-06-05 19:00:00,0.0,0.0,0.0,8.171766461472032,0.0,42.27773929956179,0.0,0.0,0.0,42.27773929956179,0.0,0.0,0.0,0.0,11.80225370286567,11.80225370286567,0.0
2022-06-05 20:00:00,0.0,0.0,0.0,0.0,0.0,22.37766708451935,0.0,0.0,0.0,22.37766708451935,0.0,0.0,0.0,0.0,6.283648917333033,6.283648917333033,0.0
2022-06-05 21:00:00,0.0,0.0,0.0,0.0,0.0,15.107011293199369,0.0,0.0,0.0,15.107011293199369,0.0,0.0,0.0,0.0,4.0252631590729715,4.0252631590729715,0.0
2022-06-05 22:00:00,0.0,0.0,0.0,0.0,0.0,15.107011293199369,0.0,0.0,0.0,15.107011293199369,0.0,0.0,0.0,0.0,3.936433932668959,3.936433932668959,0.0
2022-06-05 23:00:00,0.0,0.0,0.0,0.0,0.0,15.107011293199369,0.0,0.0,0.0,15.107011293199369,0.0,0.0,0.0,0.0,3.7753931922834543,3.7753931922834543,0.0
2022-06-06 00:00:00,0.0,0.0,0.0,0.0,0.0,15.107011293199369,0.0,0.0,0.0,15.107011293199369,0.0,0.0,0.0,0.0,3.8402022707312793,3.8402022707312793,0.0
2022-06-06 01:00:00,0.0,0.0,0.0,0.0,0.0,15.107011293199369,0.0,0.0,0.0,15.107011293199369,0.0,0.0,0.0,0.0,3.792313044931837,3.792313044931837,0.0
2022-06-06 02:00:00,0.0,0.0,0.0,0.0,0.0,15.107011293199369,0.0,0.0,0.0,15.107011293199369,0.0,0.0,0.0,0.0,3.8160310526621606,3.8160310526621606,0.0
2022-06-06 03:00:00,0.0,0.0,0.0,0.0,0.0,15.107011293199369,0.0,0.0,0.0,15.107011293199369,0.0,0.0,0.0,0.0,3.8456407947968314,3.8456407947968314,0.0
2022-06-06 04:00:00,0.0,0.0,0.0,0.0,0.0,7.450338501199367,0.0,0.0,0.0,7.450338501199367,0.0,0.0,0.0,0.0,1.9428247709577589,1.9428247709577589,0.0
2022-06-06 05:00:00,0.0,0.0,0.0,8.171766461472032,42.92806567416465,11.793768566671403,0.0,0.0,0.0,11.793768566671403,0.0,0.0,0.0,0.0,10.825080250581394,10.825080250581394,0.0
2022-06-06 06:00:00,0.0,0.0,0.0,8.171766461472032,19.62355501315848,19.064424357991378,0.0,0.0,0.0,19.064424357991378,0.0,0.0,0.0,0.0,8.522007772545544,8.522007772545544,0.0
2022-06-06 07:00:00,0.0,0.0,0.0,8.171766461472032,0.2637662592883587,32.706898309561794,0.0,0.0,0.0,32.706898309561794,0.0,0.0,0.0,0.0,8.441716675363718,8.441716675363718,0.0
2022-06-06 08:00:00,0.0,0.0,0.09672691314447526,8.171766461472032,0.0,49.195915229327774,0.0,0.0,0.0,49.195915229327774,0.0,0.0,0.0,0.0,12.986245743085654,12.986245743085654,0.0
2022-06-06 09:00:00,0.0,0.0,4.544827969819892,8.171766461472032,0.0,53.644016286003186,0.0,0.0,0.0,53.644016286003186,0.0,0.0,0.0,0.0,13.96782896054951,13.96782896054951,0.0
2022-06-06 10:00:00,0.0,0.0,12.505210413213486,8.171766461472032,0.0,61.604398729396785,0.0,0.0,0.0,61.604398729396785,0.0,0.0,0.0,0.0,16.14035246710196,16.14035246710196,0.0
2022-06-06 11:00:00,0.0,0.0,17.570859533332726,8.171766461472032,0.0,66.67004784951602,0.0,0.0,0.0,66.67004784951602,0.0,0.0,0.0,0.0,17.615560042799125,17.615560042799125,0.0
2022-06-06 12:00:00,0.0,0.0,22.0616264190566,8.171766461472032,0.0,71.1608147352399,0.0,0.0,0.0,71.1608147352399,0.0,0.0,0.0,0.0,19.18068600373656,19.18068600373656,0.0
2022-06-06 13:00:00,0.0,0.0,25.419315809510064,8.171766461472032,0.0,74.51850412569335,0.0,0.0,0.0,74.51850412569335,0.0,0.0,0.0,0.0,19.829373947847003,19.829373947847003,0.0
2022-06-06 14:00:00,0.0,0.0,27.773924342927884,8.171766461472032,0.0,76.87311265911119,0.0,0.0,0.0,76.87311265911119,0.0,0.0,0.0,0.0,20.58277591447702,20.58277591447702,0.0
2022-06-06 15:00:00,0.0,0.0,28.26121351097214,8.171766461472032,0.0,77.36040182715544,0.0,0.0,0.0,77.36040182715544,0.0,0.0,0.0,0.0,20.826193775888516,20.826193775888516,0.0
2022-06-06 16:00:00,0.0,0.0,25.5492937053927,8.171766461472032,0.0,74.648482021576,0.0,0.0,0.0,74.648482021576,0.0,0.0,0.0,0.0,19.790059068740014,19.790059068740014,0.0
2022-06-06 17:00:00,0.0,0.0,21.500900654661137,8.171766461472032,0.0,58.755290281413075,0.0,0.0,0.0,58.755290281413075,0.0,0.0,0.0,0.0,15.680611870303522,15.680611870303522,0.0
2022-06-06 18:00:00,0.0,0.0,16.443732042651696,8.171766461472032,0.0,53.69812166940364,0.0,0.0,0.0,53.69812166940364,0.0,0.0,0.0,0.0,14.441035860552722,14.441035860552722,0.0
2022-06-06 19:00:00,0.0,0.0,12.672028253789295,8.171766461472032,0.0,54.949767553351094,0.0,0.0,0.0,54.949767553351094,0.0,0.0,0.0,0.0,14.883144541825146,14.883144541825146,0.0
2022-06-06 20:00:00,0.0,0.0,0.0,0.0,0.0,22.37766708451935,0.0,0.0,0.0,22.37766708451935,0.0,0.0,0.0,0.0,5.8936061800498605,5.8936061800498605,0.0
2022-06-06 21:00:00,0.0,0.0,0.0,0.0,0.0,15.107011293199369,0.0,0.0,0.0,15.107011293199369,0.0,0.0,0.0,0.0,3.7586244097480033,3.7586244097480033,0.0
2022-06-06 22:00:00,0.0,0.0,0.0,0.0,0.0,15.107011293199369,0.0,0.0,0.0,15.107011293199369,0.0,0.0,0.0,0.0,3.5357959931733123,3.5357959931733123,0.0
2022-06-06 23:00:00,0.0,0.0,0.0,0.0,0.0,15.107011293199369,0.0,0.0,0.0,15.107011293199369,0.0,0.0,0.0,0.0,3.44772211733396,3.44772211733396,0.0
2022-06-07 00:00:00,0.0,0.0,0.0,0.0,0.0,15.107011293199369,0.0,0.0,0.0,15.107011293199369,0.0,0.0,0.0,0.0,3.5339831518181284,3.5339831518181284,0.0
2022-06-07 01:00:00,0.0,0.0,0.0,0.0,0.0,15.107011293199369,0.0,0.0,0.0,15.107011293199369,0.0,0.0,0.0,0.0,3.512984406120581,3.512984406120581,0.0
2022-06-07 02:00:00,0.0,0.0,0.0,0.0,0.0,15.107011293199369,0.0,0.0,0.0,15.107011293199369,0.0,0.0,0.0,0.0,3.4871514168092106,3.4871514168092106,0.0
2022-06-07 03:00:00,0.0,0.0,0.0,0.0,0.0,15.107011293199369,0.0,0.0,0.0,15.107011293199369,0.0,0.0,0.0,0.0,3.470835844612555,3.470835844612555,0.0
2022-06-07 04:00:00,0.0,0.0,0.0,0.0,0.0,7.450338501199367,0.0,0.0,0.0,7.450338501199367,0.0,0.0,0.0,0.0,1.753213656102235,1.753213656102235,0.0
2022-06-07 05:00:00,0.0,0.0,0.0,8.171766461472032,0.0,11.793768566671403,0.0,0.0,0.0,11.793768566671403,0.0,0.0,0.0,0.0,2.8227205687471337,2.8227205687471337,0.0
2022-06-07 06:00:00,0.0,0.0,2.031866416846315,8.171766461472032,0.0,21.096290774837694,0.0,0.0,0.0,21.096290774837694,0.0,0.0,0.0,0.0,5.143064727997681,5.143064727997681,0.0
2022-06-07 07:00:00,0.0,0.0,6.8634688954576255,8.171766461472032,0.0,39.570367205019416,0.0,0.0,0.0,39.570367205019416,0.0,0.0,0.0,0.0,9.650421153960135,9.650421153960135,0.0
2022-06-07 08:00:00,0.0,0.0,10.460200253417264,8.171766461472032,0.0,59.55938856960056,0.0,0.0,0.0,59.55938856960056,0.0,0.0,0.0,0.0,14.368702492416134,14.368702492416134,0.0
2022-06-07 09:00:00,0.0,0.0,10.302281318269603,8.171766461472032,0.0,59.40146963445291,0.0,0.0,0.0,59.40146963445291,0.0,0.0,0.0,0.0,14.098938817737398,14.098938817737398,0.0
2022-06-07 10:00:00,0.0,0.0,8.036557631855283,8.171766461472032,0.0,57.13574594803856,0.0,0.0,0.0,57.13574594803856,0.0,0.0,0.0,0.0,13.83999174099338,13.83999174099338,0.0
2022-06-07 11:00:00,0.0,0.0,5.635234985738598,8.171766461472032,0.0,54.73442330192189,0.0,0.0,0.0,54.73442330192189,0.0,0.0,0.0,0.0,13.690721300509724,13.690721300509724,0.0
2022-06-07 12:00:00,0.0,0.0,8.921363546072106,8.171766461472032,0.0,58.02055186225541,0.0,0.0,0.0,58.02055186225541,0.0,0.0,0.0,0.0,14.621179069288363,14.621179069288363,0.0
2022-06-07 13:00:00,0.0,0.0,12.451472424195014,8.171766461472032,0.0,61.55066074037831,0.0,0.0,0.0,61.55066074037831,0.0,0.0,0.0,0.0,15.563700074812061,15.563700074812061,0.0
2022-06-07 14:00:00,0.0,0.0,14.941360840035138,8.171766461472032,0.0,64.04054915621843,0.0,0.0,0.0,64.04054915621843,0.0,0.0,0.0,0.0,16.305364220664774,16.305364220664774,0.0
2022-06-07 15:00:00,0.0,0.0,16.976411857191124,8.171766461472032,0.0,66.07560017337441,0.0,0.0,0.0,66.07560017337441,0.0,0.0,0.0,0.0,16.898173988338772,16.898173988338772,0.0
2022-06-07 16:00:00,0.0,0.0,17.373239263738697,8.171766461472032,0.0,66.47242757992198,0.0,0.0,0.0,66.47242757992198,0.0,0.0,0.0,0.0,17.187775599340426,17.187775599340426,0.0
2022-06-07 17:00:00,0.0,0.0,17.24649200564987,8.171766461472032,0.0,54.500881632401814,0.0,0.0,0.0,54.500881632401814,0.0,0.0,0.0,0.0,14.235085273567028,14.235085273567028,0.0
2022-06-07 18:00:00,0.0,0.0,14.379562191370743,8.171766461472032,0.0,51.63395181812268,0.0,0.0,0.0,51.63395181812268,0.0,0.0,0.0,0.0,13.675768478547976,13.675768478547976,0.0
2022-06-07 19:00:00,0.0,0.0,10.870601612715989,8.171766461472032,0.0,53.14834091227778,0.0,0.0,0.0,53.14834091227778,0.0,0.0,0.0,0.0,13.809533419237136,13.809533419237136,0.0
2022-06-07 20:00:00,0.0,0.0,0.0,0.0,0.0,22.37766708451935,0.0,0.0,0.0,22.37766708451935,0.0,0.0,0.0,0.0,5.736514957116536,5.736514957116536,0.0
2022-06-07 21:00:00,0.0,0.0,0.0,0.0,0.0,15.107011293199369,0.0,0.0,0.0,15.107011293199369,0.0,0.0,0.0,0.0,3.5876130419089862,3.5876130419089862,0.0
2022-06-07 22:00:00,0.0,0.0,0.0,0.0,0.0,15.107011293199369,0.0,0.0,0.0,15.107011293199369,0.0,0.0,0.0,0.0,3.3823087584344065,3.3823087584344065,0.0
2022-06-07 23:00:00,0.0,0.0,0.0,0.0,0.0,15.107011293199369,0.0,0.0,0.0,15.107011293199369,0.0,0.0,0.0,0.0,3.2511799004094364,3.2511799004094364,0.0
2022-06-08 00:00:00,0.0,0.0,0.0,0.0,0.0,15.107011293199369,0.0,0.0,0.0,15.107011293199369,0.0,0.0,0.0,0.0,3.2724807863328476,3.2724807863328476,0.0
2022-06-08 01:00:00,0.0,0.0,0.0,0.0,0.0,15.107011293199369,0.0,0.0,0.0,15.107011293199369,0.0,0.0,0.0,0.0,3.3075290525330696,3.3075290525330696,0.0
2022-06-08 02:00:00,0.0,0.0,0.0,0.0,0.0,15.107011293199369,0.0,0.0,0.0,15.107011293199369,0.0,0.0,0.0,0.0,3.3002776871123345,3.3002776871123345,0.0
2022-06-08 03:00:00,0.0,0.0,0.0,0.0,0.0,15.107011293199369,0.0,0.0,0.0,15.107011293199369,0.0,0.0,0.0,0.0,3.300579827338198,3.300579827338198,0.0
2022-06-08 04:00:00,0.0,0.0,0.0,0.0,0.0,7.450338501199367,0.0,0.0,0.0,7.450338501199367,0.0,0.0,0.0,0.0,1.6368393687135008,1.6368393687135008,0.0
2022-06-08 05:00:00,0.0,0.0,0.0,8.171766461472032,0.0,11.793768566671403,0.0,0.0,0.0,11.793768566671403,0.0,0.0,0.0,0.0,2.5712774229056996,2.5712774229056996,0.0
2022-06-08 06:00:00,0.0,0.0,0.521613406654074,8.171766461472032,0.0,19.58603776464545,0.0,0.0,0.0,19.58603776464545,0.0,0.0,0.0,0.0,4.296980825185565,4.296980825185565,0.0
2022-06-08 07:00:00,0.0,0.0,9.595815874086833,8.171766461472032,0.0,42.302714183648625,0.0,0.0,0.0,42.302714183648625,0.0,0.0,0.0,0.0,9.14965405078136,9.14965405078136,0.0
2022-06-08 08:00:00,0.0,0.0,19.632136666403895,8.171766461472032,0.0,68.73132498258718,0.0,0.0,0.0,68.73132498258718,0.0,0.0,0.0,0.0,15.024667641193558,15.024667641193558,0.0
2022-06-08 09:00:00,0.0,0.0,23.917786135616424,8.171766461472032,0.0,73.01697445179973,0.0,0.0,0.0,73.01697445179973,0.0,0.0,0.0,0.0,16.01700351574679,16.01700351574679,0.0
2022-06-08 10:00:00,0.0,0.0,29.49530549501754,8.171766461472032,0.0,78.59449381120085,0.0,0.0,0.0,78.59449381120085,0.0,0.0,0.0,0.0,17.17604067749983,17.17604067749983,0.0
2022-06-08 11:00:00,0.0,0.0,33.21806467597349,8.171766461472032,0.0,82.31725299215678,0.0,0.0,0.0,82.31725299215678,0.0,0.0,0.0,0.0,18.078515102137473,18.078515102137473,0.0
2022-06-08 12:00:00,0.0,0.0,37.67512594665757,8.171766461472032,0.0,86.77431426284087,0.0,0.0,0.0,86.77431426284087,0.0,0.0,0.0,0.0,19.193610571797773,19.193610571797773,0.0
2022-06-08 13:00:00,0.0,0.0,34.297387803830375,8.171766461472032,0.0,83.39657612001368,0.0,0.0,0.0,83.39657612001368,0.0,0.0,0.0,0.0,18.8893244911831,18.8893244911831,0.0
2022-06-08 14:00:00,0.0,0.0,24.932155540978357,8.171766461472032,0.0,74.03134385716166,0.0,0.0,0.0,74.03134385716166,0.0,0.0,0.0,0.0,16.977608086762885,16.977608086762885,0.0
2022-06-08 15:00:00,0.0,0.0,19.416563375928785,8.171766461472032,0.0,68.51575169211208,0.0,0.0,0.0,68.51575169211208,0.0,0.0,0.0,0.0,15.549649846524835,15.549649846524835,0.0
2022-06-08 16:00:00,0.0,0.0,17.640749096643884,8.171766461472032,0.0,66.73993741282717,0.0,0.0,0.0,66.73993741282717,0.0,0.0,0.0,0.0,15.113258827134713,15.113258827134713,0.0
2022-06-08 17:00:00,0.0,0.0,14.638605499272867,8.171766461472032,0.0,51.89299512602479,0.0,0.0,0.0,51.89299512602479,0.0,0.0,0.0,0.0,12.170983076857855,12.170983076857855,0.0
2022-06-08 18:00:00,0.0,0.0,6.9670501148652395,8.171766461472032,0.0,44.221439741617175,0.0,0.0,0.0,44.221439741617175,0.0,0.0,0.0,0.0,10.57290402782325,10.57290402782325,0.0
2022-06-08 19:00:00,0.0,0.0,1.0701853828769936,8.171766461472032,0.0,43.34792468243879,0.0,0.0,0.0,43.34792468243879,0.0,0.0,0.0,0.0,10.679628204012444,10.679628204012444,0.0
2022-06-08 20:00:00,0.0,0.0,0.0,0.0,0.0,22.37766708451935,0.0,0.0,0.0,22.37766708451935,0.0,0.0,0.0,0.0,5.4299409180586204,5.4299409180586204,0.0
2022-06-08 21:00:00,0.0,0.0,0.0,0.0,0.0,15.107011293199369,0.0,0.0,0.0,15.107011293199369,0.0,0.0,0.0,0.0,3.67206123503797,3.67206123503797,0.0
2022-06-08 22:00:00,0.0,0.0,0.0,0.0,0.0,15.107011293199369,0.0,0.0,0.0,15.107011293199369,0.0,0.0,0.0,0.0,3.4776339996944947,3.4776339996944947,0.0
2022-06-08 23:00:00,0.0,0.0,0.0,0.0,0.0,14.657592477664597,0.0,0.0,0.0,14.657592477664597,0.0,0.0,0.0,0.0,3.2179278525464854,3.2179278525464854,0.0
2022-06-09 00:00:00,0.0,0.0,0.0,0.0,0.0,14.657592477664597,0.0,0.0,0.0,14.657592477664597,0.0,0.0,0.0,0.0,3.2813952279747736,3.2813952279747736,0.0
2022-06-09 01:00:00,0.0,0.0,0.0,0.0,0.0,14.657592477664597,0.0,0.0,0.0,14.657592477664597,0.0,0.0,0.0,0.0,3.3326968016465996,3.3326968016465996,0.0
2022-06-09 02:00:00,0.0,0.0,0.0,0.0,0.0,14.657592477664597,0.0,0.0,0.0,14.657592477664597,0.0,0.0,0.0,0.0,3.3026487370673867,3.3026487370673867,0.0
2022-06-09 03:00:00,0.0,0.0,0.0,0.0,0.0,14.657592477664597,0.0,0.0,0.0,14.657592477664597,0.0,0.0,0.0,0.0,3.2966391241515445,3.2966391241515445,0.0
2022-06-09 04:00:00,0.0,0.0,0.0,0.0,0.0,7.000919685664599,0.0,0.0,0.0,7.000919685664599,0.0,0.0,0.0,0.0,1.577797269558231,1.577797269558231,0.0
2022-06-09 05:00:00,0.0,0.0,0.0,8.171766461472032,0.0,11.344349751136637,0.0,0.0,0.0,11.344349751136637,0.0,0.0,0.0,0.0,2.507441625493731,2.507441625493731,0.0
2022-06-09 06:00:00,0.0,0.0,0.0,8.171766461472032,0.0,14.516933040801234,0.0,0.0,0.0,14.516933040801234,0.0,0.0,0.0,0.0,3.1594653069999805,3.1594653069999805,0.0
2022-06-09 07:00:00,0.0,0.0,0.0,8.171766461472032,0.0,23.611915675181518,0.0,0.0,0.0,23.611915675181518,0.0,0.0,0.0,0.0,5.081284253299063,5.081284253299063,0.0
2022-06-09 08:00:00,0.0,0.0,0.006877576078322818,8.171766461472032,0.0,37.26126720283026,0.0,0.0,0.0,37.26126720283026,0.0,0.0,0.0,0.0,7.966086315293081,7.966086315293081,0.0
2022-06-09 09:00:00,0.0,0.0,4.008721737452427,8.171766461472032,0.0,53.10791005363573,0.0,0.0,0.0,53.10791005363573,0.0,0.0,0.0,0.0,11.51910569063359,11.51910569063359,0.0
2022-06-09 10:00:00,0.0,0.0,13.08390004838161,8.171766461472032,0.0,62.1830883645649,0.0,0.0,0.0,62.1830883645649,0.0,0.0,0.0,0.0,13.777906888936645,13.777906888936645,0.0
2022-06-09 11:00:00,0.0,0.0,18.518912388723916,8.171766461472032,0.0,67.61810070490722,0.0,0.0,0.0,67.61810070490722,0.0,0.0,0.0,0.0,15.254643519027068,15.254643519027068,0.0
2022-06-09 12:00:00,0.0,0.0,18.68148904042067,8.171766461472032,0.0,67.78067735660396,0.0,0.0,0.0,67.78067735660396,0.0,0.0,0.0,0.0,15.794253437635854,15.794253437635854,0.0
2022-06-09 13:00:00,0.0,0.0,17.505702079641033,8.171766461472032,0.0,66.60489039582433,0.0,0.0,0.0,66.60489039582433,0.0,0.0,0.0,0.0,15.941214467336595,15.941214467336595,0.0
2022-06-09 14:00:00,0.0,0.0,17.053356177037465,8.171766461472032,0.0,66.15254449322076,0.0,0.0,0.0,66.15254449322076,0.0,0.0,0.0,0.0,16.180912383041797,16.180912383041797,0.0
2022-06-09 15:00:00,0.0,0.0,16.870347442615493,8.171766461472032,0.0,65.96953575879878,0.0,0.0,0.0,65.96953575879878,0.0,0.0,0.0,0.0,15.91053263430709,15.91053263430709,0.0
2022-06-09 16:00:00,0.0,0.0,14.666626558640715,8.171766461472032,0.0,63.76581487482401,0.0,0.0,0.0,63.76581487482401,0.0,0.0,0.0,0.0,15.241942729529182,15.241942729529182,0.0
2022-06-09 17:00:00,0.0,0.0,7.294929302394145,8.171766461472032,0.0,40.00182761195594,0.0,0.0,0.0,40.00182761195594,0.0,0.0,0.0,0.0,9.744445206272466,9.744445206272466,0.0
2022-06-09 18:00:00,0.0,0.0,3.108510919941321,8.171766461472032,0.0,26.72042659512284,0.0,0.0,0.0,26.72042659512284,0.0,0.0,0.0,0.0,6.519516884944022,6.519516884944022,0.0
2022-06-09 19:00:00,0.0,0.0,1.1248755572772497,8.171766461472032,0.0,34.30763222245876,0.0,0.0,0.0,34.30763222245876,0.0,0.0,0.0,0.0,8.4221806342914,8.4221806342914,0.0
2022-06-09 20:00:00,0.0,0.0,0.017506472370846914,8.171766461472032,0.0,26.019448701172074,0.0,0.0,0.0,26.019448701172074,0.0,0.0,0.0,0.0,6.456205806221827,6.456205806221827,0.0
2022-06-09 21:00:00,0.0,0.0,0.0,0.0,0.0,14.657592477664597,0.0,0.0,0.0,14.657592477664597,0.0,0.0,0.0,0.0,3.6021033513860745,3.6021033513860745,0.0
2022-06-09 22:00:00,0.0,0.0,0.0,0.0,0.0,14.657592477664597,0.0,0.0,0.0,14.657592477664597,0.0,0.0,0.0,0.0,3.46901241168888,3.46901241168888,0.0
2022-06-09 23:00:00,0.0,0.0,0.0,0.0,0.0,14.657592477664597,0.0,0.0,0.0,14.657592477664597,0.0,0.0,0.0,0.0,3.379747673499903,3.379747673499903,0.0
2022-06-10 00:00:00,0.0,0.0,0.0,0.0,0.0,14.657592477664597,0.0,0.0,0.0,14.657592477664597,0.0,0.0,0.0,0.0,3.406864219583582,3.406864219583582,0.0
2022-06-10 01:00:00,0.0,0.0,0.0,0.0,0.0,14.657592477664597,0.0,0.0,0.0,14.657592477664597,0.0,0.0,0.0,0.0,3.404812156636709,3.404812156636709,0.0
2022-06-10 02:00:00,0.0,0.0,0.0,0.0,0.0,14.657592477664597,0.0,0.0,0.0,14.657592477664597,0.0,0.0,0.0,0.0,3.4075970992074653,3.4075970992074653,0.0
2022-06-10 03:00:00,0.0,0.0,0.0,0.0,0.0,14.657592477664597,0.0,0.0,0.0,14.657592477664597,0.0,0.0,0.0,0.0,3.431488974946059,3.431488974946059,0.0
2022-06-10 04:00:00,0.0,0.0,0.0,0.0,0.0,7.000919685664599,0.0,0.0,0.0,7.000919685664599,0.0,0.0,0.0,0.0,1.7088544860738721,1.7088544860738721,0.0
2022-06-10 05:00:00,0.0,0.0,0.0,0.0,0.0,3.1725832896646002,0.0,0.0,0.0,3.1725832896646002,0.0,0.0,0.0,0.0,0.7867689300039242,0.7867689300039242,0.0
2022-06-10 06:00:00,0.0,0.0,0.0,0.0,0.0,3.1725832896646002,0.0,0.0,0.0,3.1725832896646002,0.0,0.0,0.0,0.0,0.7902904974554519,0.7902904974554519,0.0
2022-06-10 07:00:00,0.0,0.0,0.0,8.171766461472032,0.0,14.516933040801234,0.0,0.0,0.0,14.516933040801234,0.0,0.0,0.0,0.0,3.6145711578290998,3.6145711578290998,0.0
2022-06-10 08:00:00,0.0,0.0,0.0,8.171766461472032,0.0,14.516933040801234,0.0,0.0,0.0,14.516933040801234,0.0,0.0,0.0,0.0,3.6736550753051604,3.6736550753051604,0.0
2022-06-10 09:00:00,0.0,0.0,0.0,8.171766461472032,0.0,28.15940699237166,0.0,0.0,0.0,28.15940699237166,0.0,0.0,0.0,0.0,7.08800433404987,7.08800433404987,0.0
2022-06-10 10:00:00,0.0,0.0,0.0,8.171766461472032,0.0,28.15940699237166,0.0,0.0,0.0,28.15940699237166,0.0,0.0,0.0,0.0,6.997331043534435,6.997331043534435,0.0
2022-06-10 11:00:00,0.0,0.0,0.0,8.171766461472032,0.0,37.25438962675194,0.0,0.0,0.0,37.25438962675194,0.0,0.0,0.0,0.0,9.200716606118926,9.200716606118926,0.0
2022-06-10 12:00:00,0.0,0.0,0.0,8.171766461472032,0.0,37.25438962675194,0.0,0.0,0.0,37.25438962675194,0.0,0.0,0.0,0.0,9.237970995745679,9.237970995745679,0.0
2022-06-10 13:00:00,0.0,0.0,0.0,8.171766461472032,0.0,37.25438962675194,0.0,0.0,0.0,37.25438962675194,0.0,0.0,0.0,0.0,9.46447768467633,9.46447768467633,0.0
2022-06-10 14:00:00,0.0,0.0,0.0,8.171766461472032,0.0,37.25438962675194,0.0,0.0,0.0,37.25438962675194,0.0,0.0,0.0,0.0,9.240206259123283,9.240206259123283,0.0
2022-06-10 15:00:00,0.0,0.0,0.0,8.171766461472032,0.0,37.25438962675194,0.0,0.0,0.0,37.25438962675194,0.0,0.0,0.0,0.0,9.206677308459206,9.206677308459206,0.0
2022-06-10 16:00:00,0.0,0.0,0.0,8.171766461472032,0.0,28.15940699237166,0.0,0.0,0.0,28.15940699237166,0.0,0.0,0.0,0.0,6.938759476990301,6.938759476990301,0.0
2022-06-10 17:00:00,0.0,0.0,0.0,8.171766461472032,0.0,19.064424357991378,0.0,0.0,0.0,19.064424357991378,0.0,0.0,0.0,0.0,4.766678022228584,4.766678022228584,0.0
2022-06-10 18:00:00,0.0,0.0,0.0,0.0,0.0,3.1725832896646002,0.0,0.0,0.0,3.1725832896646002,0.0,0.0,0.0,0.0,0.7985074881756833,0.7985074881756833,0.0
2022-06-10 19:00:00,0.0,0.0,0.0,0.0,0.0,10.829256081664601,0.0,0.0,0.0,10.829256081664601,0.0,0.0,0.0,0.0,2.723557904538647,2.723557904538647,0.0
2022-06-10 20:00:00,0.0,0.0,0.0,0.0,0.0,14.657592477664597,0.0,0.0,0.0,14.657592477664597,0.0,0.0,0.0,0.0,3.640506243677556,3.640506243677556,0.0
2022-06-10 21:00:00,0.0,0.0,0.0,0.0,0.0,14.657592477664597,0.0,0.0,0.0,14.657592477664597,0.0,0.0,0.0,0.0,3.4882138578346207,3.4882138578346207,0.0
2022-06-10 22:00:00,0.0,0.0,0.0,0.0,0.0,14.657592477664597,0.0,0.0,0.0,14.657592477664597,0.0,0.0,0.0,0.0,3.4490780859192562,3.4490780859192562,0.0
2022-06-10 23:00:00,0.0,0.0,0.0,0.0,0.0,15.107011293199369,0.0,0.0,0.0,15.107011293199369,0.0,0.0,0.0,0.0,3.5040712694575933,3.5040712694575933,0.0
2022-06-11 00:00:00,0.0,0.0,0.0,0.0,0.0,15.107011293199369,0.0,0.0,0.0,15.107011293199369,0.0,0.0,0.0,0.0,3.4632823389659553,3.4632823389659553,0.0
2022-06-11 01:00:00,0.0,0.0,0.0,0.0,0.0,15.107011293199369,0.0,0.0,0.0,15.107011293199369,0.0,0.0,0.0,0.0,3.4685697929185753,3.4685697929185753,0.0
2022-06-11 02:00:00,0.0,0.0,0.0,0.0,0.0,15.107011293199369,0.0,0.0,0.0,15.107011293199369,0.0,0.0,0.0,0.0,3.493345291439422,3.493345291439422,0.0
2022-06-11 03:00:00,0.0,0.0,0.0,0.0,0.0,15.107011293199369,0.0,0.0,0.0,15.107011293199369,0.0,0.0,0.0,0.0,3.4888131880514623,3.4888131880514623,0.0
2022-06-11 04:00:00,0.0,0.0,0.0,0.0,0.0,7.450338501199367,0.0,0.0,0.0,7.450338501199367,0.0,0.0,0.0,0.0,1.7559702813476787,1.7559702813476787,0.0
2022-06-11 05:00:00,0.0,0.0,0.0,8.171766461472032,33.50651124534796,11.793768566671403,0.0,0.0,0.0,11.793768566671403,0.0,0.0,0.0,0.0,8.889547847524865,8.889547847524865,0.0
2022-06-11 06:00:00,0.0,0.0,0.0,8.171766461472032,8.22258012167586,19.064424357991378,0.0,0.0,0.0,19.064424357991378,0.0,0.0,0.0,0.0,6.187866618484568,6.187866618484568,0.0
2022-06-11 07:00:00,0.0,0.0,0.0,8.171766461472032,0.0,32.706898309561794,0.0,0.0,0.0,32.706898309561794,0.0,0.0,0.0,0.0,8.191442681629752,8.191442681629752,0.0
2022-06-11 08:00:00,0.0,0.0,0.0,8.171766461472032,0.0,49.09918831618329,0.0,0.0,0.0,49.09918831618329,0.0,0.0,0.0,0.0,12.327824202427301,12.327824202427301,0.0
2022-06-11 09:00:00,0.0,0.0,0.8492336348570523,8.171766461472032,0.0,49.948421951040345,0.0,0.0,0.0,49.948421951040345,0.0,0.0,0.0,0.0,12.458135403028482,12.458135403028482,0.0
2022-06-11 10:00:00,0.0,0.0,5.473860097461008,8.171766461472032,0.0,54.5730484136443,0.0,0.0,0.0,54.5730484136443,0.0,0.0,0.0,0.0,14.104950092990505,14.104950092990505,0.0
2022-06-11 11:00:00,0.0,0.0,8.376753391732837,8.171766461472032,0.0,57.475941707916135,0.0,0.0,0.0,57.475941707916135,0.0,0.0,0.0,0.0,14.306911409934482,14.306911409934482,0.0
2022-06-11 12:00:00,0.0,0.0,10.51032856007668,8.171766461472032,0.0,59.609516876259974,0.0,0.0,0.0,59.609516876259974,0.0,0.0,0.0,0.0,14.728319429786316,14.728319429786316,0.0
2022-06-11 13:00:00,0.0,0.0,12.48305789993472,8.171766461472032,0.0,61.58224621611801,0.0,0.0,0.0,61.58224621611801,0.0,0.0,0.0,0.0,15.07594969616785,15.07594969616785,0.0
2022-06-11 14:00:00,0.0,0.0,14.560735568241464,8.171766461472032,0.0,63.65992388442475,0.0,0.0,0.0,63.65992388442475,0.0,0.0,0.0,0.0,15.413340770896921,15.413340770896921,0.0
2022-06-11 15:00:00,0.0,0.0,14.236505395902741,8.171766461472032,0.0,63.335693712086034,0.0,0.0,0.0,63.335693712086034,0.0,0.0,0.0,0.0,15.415274492584619,15.415274492584619,0.0
2022-06-11 16:00:00,0.0,0.0,12.631188280488429,8.171766461472032,0.0,61.73037659667173,0.0,0.0,0.0,61.73037659667173,0.0,0.0,0.0,0.0,15.323331382591823,15.323331382591823,0.0
2022-06-11 17:00:00,0.0,0.0,10.611001174438778,8.171766461472032,0.0,47.86539080119071,0.0,0.0,0.0,47.86539080119071,0.0,0.0,0.0,0.0,11.698780165719022,11.698780165719022,0.0
2022-06-11 18:00:00,0.0,0.0,7.7067056393517035,8.171766461472032,0.0,44.96109526610364,0.0,0.0,0.0,44.96109526610364,0.0,0.0,0.0,0.0,10.952073195870186,10.952073195870186,0.0
2022-06-11 19:00:00,0.0,0.0,3.3858502241880886,8.171766461472032,0.0,43.74942132574988,0.0,0.0,0.0,43.74942132574988,0.0,0.0,0.0,0.0,10.934730366157924,10.934730366157924,0.0
2022-06-11 20:00:00,0.0,0.0,0.0,0.0,0.0,22.37766708451935,0.0,0.0,0.0,22.37766708451935,0.0,0.0,0.0,0.0,5.4006261741779,5.4006261741779,0.0
2022-06-11 21:00:00,0.0,0.0,0.0,0.0,0.0,15.107011293199369,0.0,0.0,0.0,15.107011293199369,0.0,0.0,0.0,0.0,3.4581459551262674,3.4581459551262674,0.0
2022-06-11 22:00:00,0.0,0.0,0.0,0.0,0.0,15.107011293199369,0.0,0.0,0.0,15.107011293199369,0.0,0.0,0.0,0.0,3.3673528172541394,3.3673528172541394,0.0
2022-06-11 23:00:00,0.0,0.0,0.0,0.0,0.0,15.107011293199369,0.0,0.0,0.0,15.107011293199369,0.0,0.0,0.0,0.0,3.3483179830247076,3.3483179830247076,0.0
2022-06-12 00:00:00,0.0,0.0,0.0,0.0,0.0,15.107011293199369,0.0,0.0,0.0,15.107011293199369,0.0,0.0,0.0,0.0,3.3687124482705277,3.3687124482705277,0.0
2022-06-12 01:00:00,0.0,0.0,0.0,0.0,0.0,15.107011293199369,0.0,0.0,0.0,15.107011293199369,0.0,0.0,0.0,0.0,3.339706986587584,3.339706986587584,0.0
2022-06-12 02:00:00,0.0,0.0,0.0,0.0,0.0,15.107011293199369,0.0,0.0,0.0,15.107011293199369,0.0,0.0,0.0,0.0,3.367050677028275,3.367050677028275,0.0
2022-06-12 03:00:00,0.0,0.0,0.0,0.0,0.0,15.107011293199369,0.0,0.0,0.0,15.107011293199369,0.0,0.0,0.0,0.0,3.4143356223759893,3.4143356223759893,0.0
2022-06-12 04:00:00,0.0,0.0,0.0,0.0,0.0,7.450338501199367,0.0,0.0,0.0,7.450338501199367,0.0,0.0,0.0,0.0,1.753362662872259,1.753362662872259,0.0
2022-06-12 05:00:00,0.0,0.0,0.0,8.171766461472032,26.1038360225052,11.793768566671403,0.0,0.0,0.0,11.793768566671403,0.0,0.0,0.0,0.0,7.525557559070114,7.525557559070114,0.0
2022-06-12 06:00:00,0.0,0.0,0.0,8.171766461472032,8.068611473205705,19.064424357991378,0.0,0.0,0.0,19.064424357991378,0.0,0.0,0.0,0.0,6.135360747901254,6.135360747901254,0.0
2022-06-12 07:00:00,0.0,0.0,0.0,8.171766461472032,0.0,32.706898309561794,0.0,0.0,0.0,32.706898309561794,0.0,0.0,0.0,0.0,7.940253702612317,7.940253702612317,0.0
2022-06-12 08:00:00,0.0,0.0,0.0,8.171766461472032,0.0,49.09918831618329,0.0,0.0,0.0,49.09918831618329,0.0,0.0,0.0,0.0,11.830940416667525,11.830940416667525,0.0
2022-06-12 09:00:00,0.0,0.0,0.6582262796679763,8.171766461472032,0.0,49.75741459585127,0.0,0.0,0.0,49.75741459585127,0.0,0.0,0.0,0.0,11.942774651296222,11.942774651296222,0.0
2022-06-12 10:00:00,0.0,0.0,2.8122945527804935,8.171766461472032,0.0,51.91148286896378,0.0,0.0,0.0,51.91148286896378,0.0,0.0,0.0,0.0,12.312365506860829,12.312365506860829,0.0
2022-06-12 11:00:00,0.0,0.0,2.358116879223879,8.171766461472032,0.0,51.45730519540718,0.0,0.0,0.0,51.45730519540718,0.0,0.0,0.0,0.0,12.491260836185093,12.491260836185093,0.0
2022-06-12 12:00:00,0.0,0.0,3.0756399628626103,8.171766461472032,0.0,52.1748282790459,0.0,0.0,0.0,52.1748282790459,0.0,0.0,0.0,0.0,12.724397120693713,12.724397120693713,0.0
2022-06-12 13:00:00,0.0,0.0,6.340073054025656,8.171766461472032,0.0,55.43926137020894,0.0,0.0,0.0,55.43926137020894,0.0,0.0,0.0,0.0,13.496133787963663,13.496133787963663,0.0
2022-06-12 14:00:00,0.0,0.0,9.125559705813052,8.171766461472032,0.0,58.22474802199635,0.0,0.0,0.0,58.22474802199635,0.0,0.0,0.0,0.0,14.098540486046195,14.098540486046195,0.0
2022-06-12 15:00:00,0.0,0.0,8.842131916335763,8.171766461472032,0.0,57.94132023251906,0.0,0.0,0.0,57.94132023251906,0.0,0.0,0.0,0.0,14.432603456718173,14.432603456718173,0.0
2022-06-12 16:00:00,0.0,0.0,6.651333097161523,8.171766461472032,0.0,55.75052141334482,0.0,0.0,0.0,55.75052141334482,0.0,0.0,0.0,0.0,14.2409131898248,14.2409131898248,0.0
2022-06-12 17:00:00,0.0,0.0,3.9206864446597014,8.171766461472032,0.0,41.17507607141164,0.0,0.0,0.0,41.17507607141164,0.0,0.0,0.0,0.0,10.69110850194203,10.69110850194203,0.0
2022-06-12 18:00:00,0.0,0.0,1.210013319585881,8.171766461472032,0.0,38.46440294633782,0.0,0.0,0.0,38.46440294633782,0.0,0.0,0.0,0.0,9.93689385715691,9.93689385715691,0.0
2022-06-12 19:00:00,0.0,0.0,0.12589959032160705,8.171766461472032,0.0,40.4894706918834,0.0,0.0,0.0,40.4894706918834,0.0,0.0,0.0,0.0,10.439805123195214,10.439805123195214,0.0
2022-06-12 20:00:00,0.0,0.0,0.0,0.0,0.0,22.37766708451935,0.0,0.0,0.0,22.37766708451935,0.0,0.0,0.0,0.0,5.735172297091464,5.735172297091464,0.0
2022-06-12 21:00:00,0.0,0.0,0.0,0.0,0.0,15.107011293199369,0.0,0.0,0.0,15.107011293199369,0.0,0.0,0.0,0.0,3.7320360698719717,3.7320360698719717,0.0
2022-06-12 22:00:00,0.0,0.0,0.0,0.0,0.0,15.107011293199369,0.0,0.0,0.0,15.107011293199369,0.0,0.0,0.0,0.0,3.5950154774426535,3.5950154774426535,0.0
2022-06-12 23:00:00,0.0,0.0,0.0,0.0,0.0,15.107011293199369,0.0,0.0,0.0,15.107011293199369,0.0,0.0,0.0,0.0,3.5289978380913727,3.5289978380913727,0.0
2022-06-13 00:00:00,0.0,0.0,0.0,0.0,0.0,15.107011293199369,0.0,0.0,0.0,15.107011293199369,0.0,0.0,0.0,0.0,3.6572563639706352,3.6572563639706352,0.0
2022-06-13 01:00:00,0.0,0.0,0.0,0.0,0.0,15.107011293199369,0.0,0.0,0.0,15.107011293199369,0.0,0.0,0.0,0.0,3.636861898724816,3.636861898724816,0.0
2022-06-13 02:00:00,0.0,0.0,0.0,0.0,0.0,15.107011293199369,0.0,0.0,0.0,15.107011293199369,0.0,0.0,0.0,0.0,3.6235677287868007,3.6235677287868007,0.0
2022-06-13 03:00:00,0.0,0.0,0.0,0.0,0.0,15.107011293199369,0.0,0.0,0.0,15.107011293199369,0.0,0.0,0.0,0.0,3.639732230870524,3.639732230870524,0.0
2022-06-13 04:00:00,0.0,0.0,0.0,0.0,0.0,7.450338501199367,0.0,0.0,0.0,7.450338501199367,0.0,0.0,0.0,0.0,1.787857730132812,1.787857730132812,0.0
2022-06-13 05:00:00,0.0,0.0,0.0,8.171766461472032,6.446164534324526,11.793768566671403,0.0,0.0,0.0,11.793768566671403,0.0,0.0,0.0,0.0,4.041734317016854,4.041734317016854,0.0
2022-06-13 06:00:00,0.0,0.0,0.0,8.171766461472032,0.523985582927481,19.064424357991378,0.0,0.0,0.0,19.064424357991378,0.0,0.0,0.0,0.0,4.7759945107888235,4.7759945107888235,0.0
2022-06-13 07:00:00,0.0,0.0,0.0,8.171766461472032,0.0,32.706898309561794,0.0,0.0,0.0,32.706898309561794,0.0,0.0,0.0,0.0,8.153502679590659,8.153502679590659,0.0
2022-06-13 08:00:00,0.0,0.0,0.052177342881044385,8.171766461472032,0.0,49.15136565906434,0.0,0.0,0.0,49.15136565906434,0.0,0.0,0.0,0.0,12.25196091783497,12.25196091783497,0.0
2022-06-13 09:00:00,0.0,0.0,2.054597347630371,8.171766461472032,0.0,51.15378566381367,0.0,0.0,0.0,51.15378566381367,0.0,0.0,0.0,0.0,12.581785121871611,12.581785121871611,0.0
2022-06-13 10:00:00,0.0,0.0,6.009623752328012,8.171766461472032,0.0,55.1088120685113,0.0,0.0,0.0,55.1088120685113,0.0,0.0,0.0,0.0,13.335781432459049,13.335781432459049,0.0
2022-06-13 11:00:00,0.0,0.0,7.982897949293068,8.171766461472032,0.0,57.082086265476356,0.0,0.0,0.0,57.082086265476356,0.0,0.0,0.0,0.0,13.743083089276087,13.743083089276087,0.0
2022-06-13 12:00:00,0.0,0.0,9.04210556047622,8.171766461472032,0.0,58.14129387665951,0.0,0.0,0.0,58.14129387665951,0.0,0.0,0.0,0.0,13.980074112642779,13.980074112642779,0.0
2022-06-13 13:00:00,0.0,0.0,7.659419713892237,8.171766461472032,0.0,56.758608030075536,0.0,0.0,0.0,56.758608030075536,0.0,0.0,0.0,0.0,13.775881754979634,13.775881754979634,0.0
2022-06-13 14:00:00,0.0,0.0,9.546922418339468,8.171766461472032,0.0,58.646110734522765,0.0,0.0,0.0,58.646110734522765,0.0,0.0,0.0,0.0,14.418146324082421,14.418146324082421,0.0
2022-06-13 15:00:00,0.0,0.0,11.208293327962116,8.171766461472032,0.0,60.307481644145405,0.0,0.0,0.0,60.307481644145405,0.0,0.0,0.0,0.0,14.617327400907962,14.617327400907962,0.0
2022-06-13 16:00:00,0.0,0.0,10.637922178153245,8.171766461472032,0.0,59.73711049433653,0.0,0.0,0.0,59.73711049433653,0.0,0.0,0.0,0.0,14.487444037086496,14.487444037086496,0.0
2022-06-13 17:00:00,0.0,0.0,8.956993227408185,8.171766461472032,0.0,46.21138285416013,0.0,0.0,0.0,46.21138285416013,0.0,0.0,0.0,0.0,10.99784700546157,10.99784700546157,0.0
2022-06-13 18:00:00,0.0,0.0,6.300444291695139,8.171766461472032,0.0,43.55483391844707,0.0,0.0,0.0,43.55483391844707,0.0,0.0,0.0,0.0,10.379552471105121,10.379552471105121,0.0
2022-06-13 19:00:00,0.0,0.0,3.766566875095503,8.171766461472032,0.0,44.130137976657295,0.0,0.0,0.0,44.130137976657295,0.0,0.0,0.0,0.0,10.744805994556518,10.744805994556518,0.0
2022-06-13 20:00:00,0.0,0.0,0.0,0.0,0.0,22.37766708451935,0.0,0.0,0.0,22.37766708451935,0.0,0.0,0.0,0.0,5.4066681442907205,5.4066681442907205,0.0
2022-06-13 21:00:00,0.0,0.0,0.0,0.0,0.0,15.107011293199369,0.0,0.0,0.0,15.107011293199369,0.0,0.0,0.0,0.0,3.5924472855228102,3.5924472855228102,0.0
2022-06-13 22:00:00,0.0,0.0,0.0,0.0,0.0,15.107011293199369,0.0,0.0,0.0,15.107011293199369,0.0,0.0,0.0,0.0,3.645775035387804,3.645775035387804,0.0
2022-06-13 23:00:00,0.0,0.0,0.0,0.0,0.0,15.107011293199369,0.0,0.0,0.0,15.107011293199369,0.0,0.0,0.0,0.0,3.4138824120371933,3.4138824120371933,0.0
2022-06-14 00:00:00,0.0,0.0,0.0,0.0,0.0,15.107011293199369,0.0,0.0,0.0,15.107011293199369,0.0,0.0,0.0,0.0,3.4614694976107714,3.4614694976107714,0.0
2022-06-14 01:00:00,0.0,0.0,0.0,0.0,0.0,15.107011293199369,0.0,0.0,0.0,15.107011293199369,0.0,0.0,0.0,0.0,3.5033159188929335,3.5033159188929335,0.0
2022-06-14 02:00:00,0.0,0.0,0.0,0.0,0.0,15.107011293199369,0.0,0.0,0.0,15.107011293199369,0.0,0.0,0.0,0.0,3.484734295002298,3.484734295002298,0.0
2022-06-14 03:00:00,0.0,0.0,0.0,0.0,0.0,15.107011293199369,0.0,0.0,0.0,15.107011293199369,0.0,0.0,0.0,0.0,3.4771807893556983,3.4771807893556983,0.0
2022-06-14 04:00:00,0.0,0.0,0.0,0.0,0.0,7.450338501199367,0.0,0.0,0.0,7.450338501199367,0.0,0.0,0.0,0.0,1.7273609815030733,1.7273609815030733,0.0
2022-06-14 05:00:00,0.0,0.0,0.0,8.171766461472032,0.0,11.793768566671403,0.0,0.0,0.0,11.793768566671403,0.0,0.0,0.0,0.0,2.857630123704481,2.857630123704481,0.0
2022-06-14 06:00:00,0.0,0.0,0.0,8.171766461472032,0.0,19.064424357991378,0.0,0.0,0.0,19.064424357991378,0.0,0.0,0.0,0.0,4.679934891399723,4.679934891399723,0.0
2022-06-14 07:00:00,0.0,0.0,0.0,8.171766461472032,0.0,32.706898309561794,0.0,0.0,0.0,32.706898309561794,0.0,0.0,0.0,0.0,7.895118182945121,7.895118182945121,0.0
2022-06-14 08:00:00,0.0,0.0,3.5765635304858217,8.171766461472032,0.0,52.67575184666912,0.0,0.0,0.0,52.67575184666912,0.0,0.0,0.0,0.0,12.725408131118327,12.725408131118327,0.0
2022-06-14 09:00:00,0.0,0.0,9.465497369741724,8.171766461472032,0.0,58.56468568592502,0.0,0.0,0.0,58.56468568592502,0.0,0.0,0.0,0.0,14.239417677675808,14.239417677675808,0.0
2022-06-14 10:00:00,0.0,0.0,14.686546985744569,8.171766461472032,0.0,63.78573530192787,0.0,0.0,0.0,63.78573530192787,0.0,0.0,0.0,0.0,15.625591576913271,15.625591576913271,0.0
2022-06-14 11:00:00,0.0,0.0,17.691896736983058,8.171766461472032,0.0,66.79108505316636,0.0,0.0,0.0,66.79108505316636,0.0,0.0,0.0,0.0,16.303703861477906,16.303703861477906,0.0
2022-06-14 12:00:00,0.0,0.0,20.493761891731346,8.171766461472032,0.0,69.59295020791464,0.0,0.0,0.0,69.59295020791464,0.0,0.0,0.0,0.0,16.90203981699623,16.90203981699623,0.0
2022-06-14 13:00:00,0.0,0.0,24.47008268512177,8.171766461472032,0.0,73.56927100130505,0.0,0.0,0.0,73.56927100130505,0.0,0.0,0.0,0.0,17.61027639958239,17.61027639958239,0.0
2022-06-14 14:00:00,0.0,0.0,26.377778643445975,8.171766461472032,0.0,75.47696695962928,0.0,0.0,0.0,75.47696695962928,0.0,0.0,0.0,0.0,18.133341312050934,18.133341312050934,0.0
2022-06-14 15:00:00,0.0,0.0,24.94686212761366,8.171766461472032,0.0,74.04605044379696,0.0,0.0,0.0,74.04605044379696,0.0,0.0,0.0,0.0,17.794006382148847,17.794006382148847,0.0
2022-06-14 16:00:00,0.0,0.0,23.699028437386247,8.171766461472032,0.0,72.79821675356955,0.0,0.0,0.0,72.79821675356955,0.0,0.0,0.0,0.0,17.545098219777795,17.545098219777795,0.0
2022-06-14 17:00:00,0.0,0.0,21.855713776305844,8.171766461472032,0.0,59.110103403057785,0.0,0.0,0.0,59.110103403057785,0.0,0.0,0.0,0.0,14.410452108631457,14.410452108631457,0.0
2022-06-14 18:00:00,0.0,0.0,18.525687557511667,8.171766461472032,0.0,55.780077184263625,0.0,0.0,0.0,55.780077184263625,0.0,0.0,0.0,0.0,13.755924834411253,13.755924834411253,0.0
2022-06-14 19:00:00,0.0,0.0,14.621894582146705,8.171766461472032,0.0,54.9854656837085,0.0,0.0,0.0,54.9854656837085,0.0,0.0,0.0,0.0,13.602854355492646,13.602854355492646,0.0
2022-06-14 20:00:00,0.0,0.0,0.0,0.0,0.0,22.37766708451935,0.0,0.0,0.0,22.37766708451935,0.0,0.0,0.0,0.0,5.625521728377319,5.625521728377319,0.0
2022-06-14 21:00:00,0.0,0.0,0.0,0.0,0.0,15.107011293199369,0.0,0.0,0.0,15.107011293199369,0.0,0.0,0.0,0.0,3.6913982094932654,3.6913982094932654,0.0
2022-06-14 22:00:00,0.0,0.0,0.0,0.0,0.0,15.107011293199369,0.0,0.0,0.0,15.107011293199369,0.0,0.0,0.0,0.0,3.286530306835523,3.286530306835523,0.0
2022-06-14 23:00:00,0.0,0.0,0.0,0.0,0.0,15.107011293199369,0.0,0.0,0.0,15.107011293199369,0.0,0.0,0.0,0.0,3.1751916336046433,3.1751916336046433,0.0
2022-06-15 00:00:00,0.0,0.0,0.0,0.0,0.0,15.107011293199369,0.0,0.0,0.0,15.107011293199369,0.0,0.0,0.0,0.0,3.1202021124973975,3.1202021124973975,0.0
2022-06-15 01:00:00,0.0,0.0,0.0,0.0,0.0,15.107011293199369,0.0,0.0,0.0,15.107011293199369,0.0,0.0,0.0,0.0,3.1073611528981777,3.1073611528981777,0.0
2022-06-15 02:00:00,0.0,0.0,0.0,0.0,0.0,15.107011293199369,0.0,0.0,0.0,15.107011293199369,0.0,0.0,0.0,0.0,3.052522701903864,3.052522701903864,0.0
2022-06-15 03:00:00,0.0,0.0,0.0,0.0,0.0,15.107011293199369,0.0,0.0,0.0,15.107011293199369,0.0,0.0,0.0,0.0,3.0786578314410993,3.0786578314410993,0.0
2022-06-15 04:00:00,0.0,0.0,0.0,0.0,0.0,7.450338501199367,0.0,0.0,0.0,7.450338501199367,0.0,0.0,0.0,0.0,1.5124187157434716,1.5124187157434716,0.0
2022-06-15 05:00:00,0.0,0.0,0.0,8.171766461472032,0.0,11.793768566671403,0.0,0.0,0.0,11.793768566671403,0.0,0.0,0.0,0.0,2.4312853900193097,2.4312853900193097,0.0
2022-06-15 06:00:00,0.0,0.0,0.5176617452506709,8.171766461472032,0.0,19.58208610324205,0.0,0.0,0.0,19.58208610324205,0.0,0.0,0.0,0.0,4.201140752589549,4.201140752589549,0.0
2022-06-15 07:00:00,0.0,0.0,5.380345108354454,8.171766461472032,0.0,38.08724341791625,0.0,0.0,0.0,38.08724341791625,0.0,0.0,0.0,0.0,8.245888199978868,8.245888199978868,0.0
2022-06-15 08:00:00,0.0,0.0,11.801311287218176,8.171766461472032,0.0,60.90049960340147,0.0,0.0,0.0,60.90049960340147,0.0,0.0,0.0,0.0,13.134410749465594,13.134410749465594,0.0
2022-06-15 09:00:00,0.0,0.0,16.050869036335424,8.171766461472032,0.0,65.15005735251871,0.0,0.0,0.0,65.15005735251871,0.0,0.0,0.0,0.0,14.100426912805625,14.100426912805625,0.0
2022-06-15 10:00:00,0.0,0.0,21.183549045007148,8.171766461472032,0.0,70.28273736119046,0.0,0.0,0.0,70.28273736119046,0.0,0.0,0.0,0.0,15.154363829819886,15.154363829819886,0.0
2022-06-15 11:00:00,0.0,0.0,23.848673421470565,8.171766461472032,0.0,72.94786173765387,0.0,0.0,0.0,72.94786173765387,0.0,0.0,0.0,0.0,15.680872359126075,15.680872359126075,0.0
2022-06-15 12:00:00,0.0,0.0,26.757125393340132,8.171766461472032,0.0,75.85631370952342,0.0,0.0,0.0,75.85631370952342,0.0,0.0,0.0,0.0,16.52757363103096,16.52757363103096,0.0
2022-06-15 13:00:00,0.0,0.0,28.910106337271014,8.171766461472032,0.0,78.00929465345429,0.0,0.0,0.0,78.00929465345429,0.0,0.0,0.0,0.0,17.45848014344307,17.45848014344307,0.0
2022-06-15 14:00:00,0.0,0.0,30.054472204497536,8.171766461472032,0.0,79.15366052068083,0.0,0.0,0.0,79.15366052068083,0.0,0.0,0.0,0.0,18.152308967207734,18.152308967207734,0.0
2022-06-15 15:00:00,0.0,0.0,29.389714542186688,8.171766461472032,0.0,78.48890285836998,0.0,0.0,0.0,78.48890285836998,0.0,0.0,0.0,0.0,18.371112603030078,18.371112603030078,0.0
2022-06-15 16:00:00,0.0,0.0,27.190168524275173,8.171766461472032,0.0,76.28935684045847,0.0,0.0,0.0,76.28935684045847,0.0,0.0,0.0,0.0,18.193485819312535,18.193485819312535,0.0
2022-06-15 17:00:00,0.0,0.0,24.321931012441283,8.171766461472032,0.0,61.57632063919323,0.0,0.0,0.0,61.57632063919323,0.0,0.0,0.0,0.0,14.858366170237327,14.858366170237327,0.0
2022-06-15 18:00:00,0.0,0.0,20.237362180741535,8.171766461472032,0.0,57.49175180749346,0.0,0.0,0.0,57.49175180749346,0.0,0.0,0.0,0.0,13.96934585418476,13.96934585418476,0.0
2022-06-15 19:00:00,0.0,0.0,16.766358055979392,8.171766461472032,0.0,57.129929157541184,0.0,0.0,0.0,57.129929157541184,0.0,0.0,0.0,0.0,13.803162183753527,13.803162183753527,0.0
2022-06-15 20:00:00,0.0,0.0,0.0,0.0,0.0,22.37766708451935,0.0,0.0,0.0,22.37766708451935,0.0,0.0,0.0,0.0,5.546528563568966,5.546528563568966,0.0
2022-06-15 21:00:00,0.0,0.0,0.0,0.0,0.0,15.107011293199369,0.0,0.0,0.0,15.107011293199369,0.0,0.0,0.0,0.0,3.5981879498142257,3.5981879498142257,0.0
2022-06-15 22:00:00,0.0,0.0,0.0,0.0,0.0,15.107011293199369,0.0,0.0,0.0,15.107011293199369,0.0,0.0,0.0,0.0,3.3155357685184654,3.3155357685184654,0.0
2022-06-15 23:00:00,0.0,0.0,0.0,0.0,0.0,14.657592477664597,0.0,0.0,0.0,14.657592477664597,0.0,0.0,0.0,0.0,3.213237422953633,3.213237422953633,0.0
2022-06-16 00:00:00,0.0,0.0,0.0,0.0,0.0,14.657592477664597,0.0,0.0,0.0,14.657592477664597,0.0,0.0,0.0,0.0,3.099494505326956,3.099494505326956,0.0
2022-06-16 01:00:00,0.0,0.0,0.0,0.0,0.0,14.657592477664597,0.0,0.0,0.0,14.657592477664597,0.0,0.0,0.0,0.0,3.1164973126010467,3.1164973126010467,0.0
2022-06-16 02:00:00,0.0,0.0,0.0,0.0,0.0,14.657592477664597,0.0,0.0,0.0,14.657592477664597,0.0,0.0,0.0,0.0,3.150649503074005,3.150649503074005,0.0
2022-06-16 03:00:00,0.0,0.0,0.0,0.0,0.0,14.657592477664597,0.0,0.0,0.0,14.657592477664597,0.0,0.0,0.0,0.0,3.106383573791458,3.106383573791458,0.0
2022-06-16 04:00:00,0.0,0.0,0.0,0.0,0.0,7.000919685664599,0.0,0.0,0.0,7.000919685664599,0.0,0.0,0.0,0.0,1.5129687532689768,1.5129687532689768,0.0
2022-06-16 05:00:00,0.0,0.0,0.0,8.171766461472032,0.0,11.344349751136637,0.0,0.0,0.0,11.344349751136637,0.0,0.0,0.0,0.0,2.5748270630154826,2.5748270630154826,0.0
2022-06-16 06:00:00,0.0,0.0,0.0105810675228351,8.171766461472032,0.0,14.527514108324072,0.0,0.0,0.0,14.527514108324072,0.0,0.0,0.0,0.0,3.2941138240624834,3.2941138240624834,0.0
2022-06-16 07:00:00,0.0,0.0,2.5559278854850196,8.171766461472032,0.0,26.167843560666537,0.0,0.0,0.0,26.167843560666537,0.0,0.0,0.0,0.0,6.08323859254815,6.08323859254815,0.0
2022-06-16 08:00:00,0.0,0.0,9.575914359414059,8.171766461472032,0.0,46.830303986165994,0.0,0.0,0.0,46.830303986165994,0.0,0.0,0.0,0.0,11.429403990863673,11.429403990863673,0.0
2022-06-16 09:00:00,0.0,0.0,15.244068299536911,8.171766461472032,0.0,64.34325661572021,0.0,0.0,0.0,64.34325661572021,0.0,0.0,0.0,0.0,15.80141695968857,15.80141695968857,0.0
2022-06-16 10:00:00,0.0,0.0,20.706364883401815,8.171766461472032,0.0,69.8055531995851,0.0,0.0,0.0,69.8055531995851,0.0,0.0,0.0,0.0,17.336907192648958,17.336907192648958,0.0
2022-06-16 11:00:00,0.0,0.0,24.35054347264805,8.171766461472032,0.0,73.44973178883133,0.0,0.0,0.0,73.44973178883133,0.0,0.0,0.0,0.0,18.152366714291773,18.152366714291773,0.0
2022-06-16 12:00:00,0.0,0.0,26.99185007379773,8.171766461472032,0.0,76.09103838998104,0.0,0.0,0.0,76.09103838998104,0.0,0.0,0.0,0.0,19.133852513544632,19.133852513544632,0.0
2022-06-16 13:00:00,0.0,0.0,28.850395290873212,8.171766461472032,0.0,77.94958360705651,0.0,0.0,0.0,77.94958360705651,0.0,0.0,0.0,0.0,20.054868870423494,20.054868870423494,0.0
2022-06-16 14:00:00,0.0,0.0,29.25392975173175,8.171766461472032,0.0,78.35311806791505,0.0,0.0,0.0,78.35311806791505,0.0,0.0,0.0,0.0,20.36397538585112,20.36397538585112,0.0
2022-06-16 15:00:00,0.0,0.0,28.813484823128892,8.171766461472032,0.0,77.91267313931218,0.0,0.0,0.0,77.91267313931218,0.0,0.0,0.0,0.0,20.01342834929512,20.01342834929512,0.0
2022-06-16 16:00:00,0.0,0.0,26.909364065846614,8.171766461472032,0.0,76.0085523820299,0.0,0.0,0.0,76.0085523820299,0.0,0.0,0.0,0.0,18.968694332459382,18.968694332459382,0.0
2022-06-16 17:00:00,0.0,0.0,21.25378998263702,8.171766461472032,0.0,53.9606882921988,0.0,0.0,0.0,53.9606882921988,0.0,0.0,0.0,0.0,13.574890353668454,13.574890353668454,0.0
2022-06-16 18:00:00,0.0,0.0,17.697950633889416,8.171766461472032,0.0,41.309866309070934,0.0,0.0,0.0,41.309866309070934,0.0,0.0,0.0,0.0,10.325814182615371,10.325814182615371,0.0
2022-06-16 19:00:00,0.0,0.0,14.879701477007295,8.171766461472032,0.0,46.14828994418881,0.0,0.0,0.0,46.14828994418881,0.0,0.0,0.0,0.0,11.630753514633906,11.630753514633906,0.0
2022-06-16 20:00:00,0.0,0.0,11.243038232456792,8.171766461472032,0.0,37.244980461258024,0.0,0.0,0.0,37.244980461258024,0.0,0.0,0.0,0.0,9.450913792044222,9.450913792044222,0.0
2022-06-16 21:00:00,0.0,0.0,0.0,0.0,0.0,14.657592477664597,0.0,0.0,0.0,14.657592477664597,0.0,0.0,0.0,0.0,3.5875923348331864,3.5875923348331864,0.0
2022-06-16 22:00:00,0.0,0.0,0.0,0.0,0.0,14.657592477664597,0.0,0.0,0.0,14.657592477664597,0.0,0.0,0.0,0.0,3.3971902085483237,3.3971902085483237,0.0
2022-06-16 23:00:00,0.0,0.0,0.0,0.0,0.0,14.657592477664597,0.0,0.0,0.0,14.657592477664597,0.0,0.0,0.0,0.0,3.239914241262982,3.239914241262982,0.0
2022-06-17 00:00:00,0.0,0.0,0.0,0.0,0.0,14.657592477664597,0.0,0.0,0.0,14.657592477664597,0.0,0.0,0.0,0.0,3.3104172610805493,3.3104172610805493,0.0
2022-06-17 01:00:00,0.0,0.0,0.0,0.0,0.0,14.657592477664597,0.0,0.0,0.0,14.657592477664597,0.0,0.0,0.0,0.0,3.275678766908484,3.275678766908484,0.0
2022-06-17 02:00:00,0.0,0.0,0.0,0.0,0.0,14.657592477664597,0.0,0.0,0.0,14.657592477664597,0.0,0.0,0.0,0.0,3.2564773207627433,3.2564773207627433,0.0
2022-06-17 03:00:00,0.0,0.0,0.0,0.0,0.0,14.657592477664597,0.0,0.0,0.0,14.657592477664597,0.0,0.0,0.0,0.0,3.301329553744397,3.301329553744397,0.0
2022-06-17 04:00:00,0.0,0.0,0.0,0.0,0.0,7.000919685664599,0.0,0.0,0.0,7.000919685664599,0.0,0.0,0.0,0.0,1.633104535074981,1.633104535074981,0.0
2022-06-17 05:00:00,0.0,0.0,0.0,0.0,0.0,3.1725832896646002,0.0,0.0,0.0,3.1725832896646002,0.0,0.0,0.0,0.0,0.7832156367194999,0.7832156367194999,0.0
2022-06-17 06:00:00,0.0,0.0,0.0,0.0,0.0,3.1725832896646002,0.0,0.0,0.0,3.1725832896646002,0.0,0.0,0.0,0.0,0.8217942495218213,0.8217942495218213,0.0
2022-06-17 07:00:00,0.0,0.0,0.0,8.171766461472032,0.0,14.516933040801234,0.0,0.0,0.0,14.516933040801234,0.0,0.0,0.0,0.0,3.7214157850093965,3.7214157850093965,0.0
2022-06-17 08:00:00,0.0,0.0,0.34040523148026725,8.171766461472032,0.0,14.857338272281504,0.0,0.0,0.0,14.857338272281504,0.0,0.0,0.0,0.0,3.770049586591431,3.770049586591431,0.0
2022-06-17 09:00:00,0.0,0.0,0.6795860103939019,8.171766461472032,0.0,28.838993002765566,0.0,0.0,0.0,28.838993002765566,0.0,0.0,0.0,0.0,7.391433906608816,7.391433906608816,0.0
2022-06-17 10:00:00,0.0,0.0,0.47815092175777846,8.171766461472032,0.0,28.637557914129435,0.0,0.0,0.0,28.637557914129435,0.0,0.0,0.0,0.0,7.5442782568982585,7.5442782568982585,0.0
2022-06-17 11:00:00,0.0,0.0,3.471498384186676,8.171766461472032,0.0,40.72588801093861,0.0,0.0,0.0,40.72588801093861,0.0,0.0,0.0,0.0,10.890916971885202,10.890916971885202,0.0
2022-06-17 12:00:00,0.0,0.0,4.649159992369865,8.171766461472032,0.0,41.903549619121804,0.0,0.0,0.0,41.903549619121804,0.0,0.0,0.0,0.0,11.338262455941978,11.338262455941978,0.0
2022-06-17 13:00:00,0.0,0.0,6.220804598213257,8.171766461472032,0.0,43.47519422496519,0.0,0.0,0.0,43.47519422496519,0.0,0.0,0.0,0.0,11.73178116160686,11.73178116160686,0.0
2022-06-17 14:00:00,0.0,0.0,6.660973349735077,8.171766461472032,0.0,43.91536297648702,0.0,0.0,0.0,43.91536297648702,0.0,0.0,0.0,0.0,11.959470799386708,11.959470799386708,0.0
2022-06-17 15:00:00,0.0,0.0,5.432411283461571,8.171766461472032,0.0,42.6868009102135,0.0,0.0,0.0,42.6868009102135,0.0,0.0,0.0,0.0,11.555317006394795,11.555317006394795,0.0
2022-06-17 16:00:00,0.0,0.0,0.8698905599847064,8.171766461472032,0.0,29.029297552356372,0.0,0.0,0.0,29.029297552356372,0.0,0.0,0.0,0.0,7.884357215219991,7.884357215219991,0.0
2022-06-17 17:00:00,0.0,0.0,0.0,8.171766461472032,0.0,19.064424357991378,0.0,0.0,0.0,19.064424357991378,0.0,0.0,0.0,0.0,5.214882638884961,5.214882638884961,0.0
2022-06-17 18:00:00,0.0,0.0,0.0,0.0,0.0,3.1725832896646002,0.0,0.0,0.0,3.1725832896646002,0.0,0.0,0.0,0.0,0.8623081381308383,0.8623081381308383,0.0
2022-06-17 19:00:00,0.0,0.0,0.0,0.0,0.0,10.829256081664601,0.0,0.0,0.0,10.829256081664601,0.0,0.0,0.0,0.0,2.963534219308335,2.963534219308335,0.0
2022-06-17 20:00:00,0.0,0.0,0.0,0.0,0.0,14.657592477664597,0.0,0.0,0.0,14.657592477664597,0.0,0.0,0.0,0.0,3.9914090075928463,3.9914090075928463,0.0
2022-06-17 21:00:00,0.0,0.0,0.0,0.0,0.0,14.657592477664597,0.0,0.0,0.0,14.657592477664597,0.0,0.0,0.0,0.0,3.6896091784777325,3.6896091784777325,0.0
2022-06-17 22:00:00,0.0,0.0,0.0,0.0,0.0,14.657592477664597,0.0,0.0,0.0,14.657592477664597,0.0,0.0,0.0,0.0,3.5931622199746993,3.5931622199746993,0.0
2022-06-17 23:00:00,0.0,0.0,0.0,0.0,0.0,15.107011293199369,0.0,0.0,0.0,15.107011293199369,0.0,0.0,0.0,0.0,3.5759806432132226,3.5759806432132226,0.0
2022-06-18 00:00:00,0.0,0.0,0.0,0.0,0.0,15.107011293199369,0.0,0.0,0.0,15.107011293199369,0.0,0.0,0.0,0.0,3.6258337804807805,3.6258337804807805,0.0
2022-06-18 01:00:00,0.0,0.0,0.0,0.0,0.0,15.107011293199369,0.0,0.0,0.0,15.107011293199369,0.0,0.0,0.0,0.0,3.6870171762182378,3.6870171762182378,0.0
2022-06-18 02:00:00,0.0,0.0,0.0,0.0,0.0,15.107011293199369,0.0,0.0,0.0,15.107011293199369,0.0,0.0,0.0,0.0,3.6740251465060867,3.6740251465060867,0.0
2022-06-18 03:00:00,0.0,0.0,0.0,0.0,0.0,15.107011293199369,0.0,0.0,0.0,15.107011293199369,0.0,0.0,0.0,0.0,3.6710037442474466,3.6710037442474466,0.0
2022-06-18 04:00:00,0.0,0.0,0.0,0.0,0.0,7.450338501199367,0.0,0.0,0.0,7.450338501199367,0.0,0.0,0.0,0.0,1.8631061489949257,1.8631061489949257,0.0
2022-06-18 05:00:00,0.0,0.0,0.0,8.171766461472034,27.222757054117526,11.793768566671403,0.0,0.0,0.0,11.793768566671403,0.0,0.0,0.0,0.0,7.9265703183230425,7.9265703183230425,0.0
2022-06-18 06:00:00,0.0,0.0,0.0,8.171766461472032,17.063080031785113,19.064424357991378,0.0,0.0,0.0,19.064424357991378,0.0,0.0,0.0,0.0,8.010663111510636,8.010663111510636,0.0
2022-06-18 07:00:00,0.0,0.0,0.0,8.171766461472032,1.8719574093635336,32.706898309561794,0.0,0.0,0.0,32.706898309561794,0.0,0.0,0.0,0.0,8.996198034219814,8.996198034219814,0.0
2022-06-18 08:00:00,0.0,0.0,0.0,8.171766461472032,0.0,49.09918831618329,0.0,0.0,0.0,49.09918831618329,0.0,0.0,0.0,0.0,13.032888546647692,13.032888546647692,0.0
2022-06-18 09:00:00,0.0,0.0,0.0,8.171766461472032,0.0,49.09918831618329,0.0,0.0,0.0,49.09918831618329,0.0,0.0,0.0,0.0,13.041235408661443,13.041235408661443,0.0
2022-06-18 10:00:00,0.0,0.0,0.0,8.171766461472032,0.0,49.09918831618329,0.0,0.0,0.0,49.09918831618329,0.0,0.0,0.0,0.0,13.06725797846902,13.06725797846902,0.0
2022-06-18 11:00:00,0.0,0.0,0.0,8.171766461472032,0.0,49.09918831618329,0.0,0.0,0.0,49.09918831618329,0.0,0.0,0.0,0.0,12.862023371307373,12.862023371307373,0.0
2022-06-18 12:00:00,0.0,0.0,0.0,8.171766461472032,0.0,49.09918831618329,0.0,0.0,0.0,49.09918831618329,0.0,0.0,0.0,0.0,12.81243319110803,12.81243319110803,0.0
2022-06-18 13:00:00,0.0,0.0,0.009010352551764262,8.171766461472032,0.0,49.10819866873506,0.0,0.0,0.0,49.10819866873506,0.0,0.0,0.0,0.0,13.034298090655659,13.034298090655659,0.0
2022-06-18 14:00:00,0.0,0.0,0.7886555640977289,8.171766461472032,0.0,49.887843880281025,0.0,0.0,0.0,49.887843880281025,0.0,0.0,0.0,0.0,13.295110394094895,13.295110394094895,0.0
2022-06-18 15:00:00,0.0,0.0,1.573369231947425,8.171766461472032,0.0,50.67255754813072,0.0,0.0,0.0,50.67255754813072,0.0,0.0,0.0,0.0,13.742904332628532,13.742904332628532,0.0
2022-06-18 16:00:00,0.0,0.0,1.1269856618755774,8.171766461472032,0.0,50.22617397805888,0.0,0.0,0.0,50.22617397805888,0.0,0.0,0.0,0.0,13.652478610715965,13.652478610715965,0.0
2022-06-18 17:00:00,0.0,0.0,0.28662503569897735,8.171766461472032,0.0,37.54101466245091,0.0,0.0,0.0,37.54101466245091,0.0,0.0,0.0,0.0,10.254328155048468,10.254328155048468,0.0
2022-06-18 18:00:00,0.0,0.0,0.0,8.171766461472032,0.0,37.25438962675194,0.0,0.0,0.0,37.25438962675194,0.0,0.0,0.0,0.0,10.017705370633594,10.017705370633594,0.0
2022-06-18 19:00:00,0.0,0.0,0.0,8.171766461472032,0.0,40.36357110156179,0.0,0.0,0.0,40.36357110156179,0.0,0.0,0.0,0.0,10.845691554989653,10.845691554989653,0.0
2022-06-18 20:00:00,0.0,0.0,0.0,0.0,0.0,22.37766708451935,0.0,0.0,0.0,22.37766708451935,0.0,0.0,0.0,0.0,5.96252939467018,5.96252939467018,0.0
2022-06-18 21:00:00,0.0,0.0,0.0,0.0,0.0,15.107011293199369,0.0,0.0,0.0,15.107011293199369,0.0,0.0,0.0,0.0,3.7725228601377463,3.7725228601377463,0.0
2022-06-18 22:00:00,0.0,0.0,0.0,0.0,0.0,15.107011293199369,0.0,0.0,0.0,15.107011293199369,0.0,0.0,0.0,0.0,3.563895034178663,3.563895034178663,0.0
2022-06-18 23:00:00,0.0,0.0,0.0,0.0,0.0,15.107011293199369,0.0,0.0,0.0,15.107011293199369,0.0,0.0,0.0,0.0,3.423701969377773,3.423701969377773,0.0
2022-06-19 00:00:00,0.0,0.0,0.0,0.0,0.0,15.107011293199369,0.0,0.0,0.0,15.107011293199369,0.0,0.0,0.0,0.0,3.5353427828345163,3.5353427828345163,0.0
2022-06-19 01:00:00,0.0,0.0,0.0,0.0,0.0,15.107011293199369,0.0,0.0,0.0,15.107011293199369,0.0,0.0,0.0,0.0,3.562837543388139,3.562837543388139,0.0
2022-06-19 02:00:00,0.0,0.0,0.0,0.0,0.0,15.107011293199369,0.0,0.0,0.0,15.107011293199369,0.0,0.0,0.0,0.0,3.5608736319200234,3.5608736319200234,0.0
2022-06-19 03:00:00,0.0,0.0,0.0,0.0,0.0,15.107011293199369,0.0,0.0,0.0,15.107011293199369,0.0,0.0,0.0,0.0,3.6306680240946045,3.6306680240946045,0.0
2022-06-19 04:00:00,0.0,0.0,0.0,0.0,0.0,7.450338501199367,0.0,0.0,0.0,7.450338501199367,0.0,0.0,0.0,0.0,1.8489505058426468,1.8489505058426468,0.0
2022-06-19 05:00:00,0.0,0.0,0.0,8.171766461472032,2.1788069927790907,11.793768566671403,0.0,0.0,0.0,11.793768566671403,0.0,0.0,0.0,0.0,3.5000710563321893,3.5000710563321893,0.0
2022-06-19 06:00:00,0.0,0.0,0.0,8.171766461472032,0.0,19.064424357991378,0.0,0.0,0.0,19.064424357991378,0.0,0.0,0.0,0.0,5.080669091404703,5.080669091404703,0.0
2022-06-19 07:00:00,0.0,0.0,0.0,8.171766461472032,0.0,32.706898309561794,0.0,0.0,0.0,32.706898309561794,0.0,0.0,0.0,0.0,8.799136852221409,8.799136852221409,0.0
2022-06-19 08:00:00,0.0,0.0,0.2427891929833078,8.171766461472032,0.0,49.341977509166604,0.0,0.0,0.0,49.341977509166604,0.0,0.0,0.0,0.0,13.207367119878626,13.207367119878626,0.0
2022-06-19 09:00:00,0.0,0.0,4.097917588864092,8.171766461472032,0.0,53.197105905047394,0.0,0.0,0.0,53.197105905047394,0.0,0.0,0.0,0.0,13.95040905253963,13.95040905253963,0.0
2022-06-19 10:00:00,0.0,0.0,7.807784983262953,8.171766461472032,0.0,56.90697329944625,0.0,0.0,0.0,56.90697329944625,0.0,0.0,0.0,0.0,14.8498746824905,14.8498746824905,0.0
2022-06-19 11:00:00,0.0,0.0,10.292111965671333,8.171766461472032,0.0,59.391300281854626,0.0,0.0,0.0,59.391300281854626,0.0,0.0,0.0,0.0,15.219614610228065,15.219614610228065,0.0
2022-06-19 12:00:00,0.0,0.0,16.757719007086497,8.171766461472032,0.0,65.8569073232698,0.0,0.0,0.0,65.8569073232698,0.0,0.0,0.0,0.0,16.970666448133393,16.970666448133393,0.0
2022-06-19 13:00:00,0.0,0.0,21.694464417527655,8.171766461472032,0.0,70.79365273371096,0.0,0.0,0.0,70.79365273371096,0.0,0.0,0.0,0.0,18.198924308255076,18.198924308255076,0.0
2022-06-19 14:00:00,0.0,0.0,24.754665047036646,8.171766461472032,0.0,73.85385336321995,0.0,0.0,0.0,73.85385336321995,0.0,0.0,0.0,0.0,19.000380854755598,19.000380854755598,0.0
2022-06-19 15:00:00,0.0,0.0,26.03088345928048,8.171766461472032,0.0,75.13007177546378,0.0,0.0,0.0,75.13007177546378,0.0,0.0,0.0,0.0,19.436900869030232,19.436900869030232,0.0
2022-06-19 16:00:00,0.0,0.0,25.36801981565205,8.171766461472032,0.0,74.46720813183536,0.0,0.0,0.0,74.46720813183536,0.0,0.0,0.0,0.0,19.75689498945724,19.75689498945724,0.0
2022-06-19 17:00:00,0.0,0.0,22.611048301119492,8.171766461472032,0.0,59.86543792787144,0.0,0.0,0.0,59.86543792787144,0.0,0.0,0.0,0.0,15.978085382948885,15.978085382948885,0.0
2022-06-19 18:00:00,0.0,0.0,18.03475209291207,8.171766461472032,0.0,55.289141719664016,0.0,0.0,0.0,55.289141719664016,0.0,0.0,0.0,0.0,14.973958251936603,14.973958251936603,0.0
2022-06-19 19:00:00,0.0,0.0,14.990904879883566,8.171766461472032,0.0,55.354475981445354,0.0,0.0,0.0,55.354475981445354,0.0,0.0,0.0,0.0,15.010473251888538,15.010473251888538,0.0
2022-06-19 20:00:00,0.0,0.0,0.0,0.0,0.0,22.37766708451935,0.0,0.0,0.0,22.37766708451935,0.0,0.0,0.0,0.0,6.071061080030099,6.071061080030099,0.0
2022-06-19 21:00:00,0.0,0.0,0.0,0.0,0.0,15.107011293199369,0.0,0.0,0.0,15.107011293199369,0.0,0.0,0.0,0.0,3.915586257084344,3.915586257084344,0.0
2022-06-19 22:00:00,0.0,0.0,0.0,0.0,0.0,15.107011293199369,0.0,0.0,0.0,15.107011293199369,0.0,0.0,0.0,0.0,3.590634444167626,3.590634444167626,0.0
2022-06-19 23:00:00,0.0,0.0,0.0,0.0,0.0,15.107011293199369,0.0,0.0,0.0,15.107011293199369,0.0,0.0,0.0,0.0,3.6302148137558086,3.6302148137558086,0.0
2022-06-20 00:00:00,0.0,0.0,0.0,0.0,0.0,15.107011293199369,0.0,0.0,0.0,15.107011293199369,0.0,0.0,0.0,0.0,3.7685950372015147,3.7685950372015147,0.0
2022-06-20 01:00:00,0.0,0.0,0.0,0.0,0.0,15.107011293199369,0.0,0.0,0.0,15.107011293199369,0.0,0.0,0.0,0.0,3.7838531186076465,3.7838531186076465,0.0
2022-06-20 02:00:00,0.0,0.0,0.0,0.0,0.0,15.107011293199369,0.0,0.0,0.0,15.107011293199369,0.0,0.0,0.0,0.0,3.778263524429162,3.778263524429162,0.0
2022-06-20 03:00:00,0.0,0.0,0.0,0.0,0.0,15.107011293199369,0.0,0.0,0.0,15.107011293199369,0.0,0.0,0.0,0.0,3.811347879161269,3.811347879161269,0.0
2022-06-20 04:00:00,0.0,0.0,0.0,0.0,0.0,7.450338501199367,0.0,0.0,0.0,7.450338501199367,0.0,0.0,0.0,0.0,1.918536667443849,1.918536667443849,0.0
2022-06-20 05:00:00,0.0,0.0,0.7809945286897828,8.171766461472032,0.0,12.574763095361186,0.0,0.0,0.0,12.574763095361186,0.0,0.0,0.0,0.0,3.2905640067941158,3.2905640067941158,0.0
2022-06-20 06:00:00,0.0,0.0,3.9411312897062416,8.171766461472032,0.0,23.005555647697623,0.0,0.0,0.0,23.005555647697623,0.0,0.0,0.0,0.0,6.256130802834892,6.256130802834892,0.0
2022-06-20 07:00:00,0.0,0.0,7.956195171865659,8.171766461472032,0.0,40.66309348142745,0.0,0.0,0.0,40.66309348142745,0.0,0.0,0.0,0.0,11.103464306038582,11.103464306038582,0.0
2022-06-20 08:00:00,0.0,0.0,15.231186876381283,8.171766461472032,0.0,64.33037519256457,0.0,0.0,0.0,64.33037519256457,0.0,0.0,0.0,0.0,17.67734379916482,17.67734379916482,0.0
2022-06-20 09:00:00,0.0,0.0,19.41956169550604,8.171766461472032,0.0,68.51875001168933,0.0,0.0,0.0,68.51875001168933,0.0,0.0,0.0,0.0,18.55693306566582,18.55693306566582,0.0
2022-06-20 10:00:00,0.0,0.0,24.524751447490747,8.171766461472032,0.0,73.62393976367404,0.0,0.0,0.0,73.62393976367404,0.0,0.0,0.0,0.0,19.870365102817985,19.870365102817985,0.0
2022-06-20 11:00:00,0.0,0.0,27.77427565272387,8.171766461472032,0.0,76.87346396890716,0.0,0.0,0.0,76.87346396890716,0.0,0.0,0.0,0.0,20.720473478179237,20.720473478179237,0.0
2022-06-20 12:00:00,0.0,0.0,30.859603243254746,8.171766461472032,0.0,79.95879155943804,0.0,0.0,0.0,79.95879155943804,0.0,0.0,0.0,0.0,21.425757786267017,21.425757786267017,0.0
2022-06-20 13:00:00,0.0,0.0,34.12748905118505,8.171766461472032,0.0,83.22667736736834,0.0,0.0,0.0,83.22667736736834,0.0,0.0,0.0,0.0,22.54777143236743,22.54777143236743,0.0
2022-06-20 14:00:00,0.0,0.0,36.24512106842088,8.171766461472032,0.0,85.34430938460417,0.0,0.0,0.0,85.34430938460417,0.0,0.0,0.0,0.0,22.90129198026468,22.90129198026468,0.0
2022-06-20 15:00:00,0.0,0.0,33.428963566617746,8.171766461472032,0.0,82.52815188280104,0.0,0.0,0.0,82.52815188280104,0.0,0.0,0.0,0.0,21.910399043364848,21.910399043364848,0.0
2022-06-20 16:00:00,0.0,0.0,29.476739544526186,8.171766461472032,0.0,78.57592786070948,0.0,0.0,0.0,78.57592786070948,0.0,0.0,0.0,0.0,21.073278092963676,21.073278092963676,0.0
2022-06-20 17:00:00,0.0,0.0,25.066993181617228,8.171766461472032,0.0,62.32138280836916,0.0,0.0,0.0,62.32138280836916,0.0,0.0,0.0,0.0,16.89532687934888,16.89532687934888,0.0
2022-06-20 18:00:00,0.0,0.0,19.503530170432494,8.171766461472032,0.0,56.75791979718443,0.0,0.0,0.0,56.75791979718443,0.0,0.0,0.0,0.0,15.79743181715034,15.79743181715034,0.0
2022-06-20 19:00:00,0.0,0.0,14.052094968082498,8.171766461472032,0.0,54.41566606964428,0.0,0.0,0.0,54.41566606964428,0.0,0.0,0.0,0.0,14.973558832384018,14.973558832384018,0.0
2022-06-20 20:00:00,0.0,0.0,0.0,0.0,0.0,22.37766708451935,0.0,0.0,0.0,22.37766708451935,0.0,0.0,0.0,0.0,6.166837495151842,6.166837495151842,0.0
2022-06-20 21:00:00,0.0,0.0,0.0,0.0,0.0,15.107011293199369,0.0,0.0,0.0,15.107011293199369,0.0,0.0,0.0,0.0,3.765120424604078,3.765120424604078,0.0
2022-06-20 22:00:00,0.0,0.0,0.0,0.0,0.0,15.107011293199369,0.0,0.0,0.0,15.107011293199369,0.0,0.0,0.0,0.0,3.712396955190813,3.712396955190813,0.0
2022-06-20 23:00:00,0.0,0.0,0.0,0.0,0.0,15.107011293199369,0.0,0.0,0.0,15.107011293199369,0.0,0.0,0.0,0.0,3.805154004531057,3.805154004531057,0.0
2022-06-21 00:00:00,0.0,0.0,0.0,0.0,0.0,15.107011293199369,0.0,0.0,0.0,15.107011293199369,0.0,0.0,0.0,0.0,3.767084336072195,3.767084336072195,0.0
2022-06-21 01:00:00,0.0,0.0,0.0,0.0,0.0,15.107011293199369,0.0,0.0,0.0,15.107011293199369,0.0,0.0,0.0,0.0,3.6966856634458853,3.6966856634458853,0.0
2022-06-21 02:00:00,0.0,0.0,0.0,0.0,0.0,15.107011293199369,0.0,0.0,0.0,15.107011293199369,0.0,0.0,0.0,0.0,3.666924851198283,3.666924851198283,0.0
2022-06-21 03:00:00,0.0,0.0,0.0,0.0,0.0,15.107011293199369,0.0,0.0,0.0,15.107011293199369,0.0,0.0,0.0,0.0,3.6418472124515717,3.6418472124515717,0.0
2022-06-21 04:00:00,0.0,0.0,0.0,0.0,0.0,7.450338501199367,0.0,0.0,0.0,7.450338501199367,0.0,0.0,0.0,0.0,1.8566988578838943,1.8566988578838943,0.0
2022-06-21 05:00:00,0.0,0.0,0.0,8.171766461472032,0.0,11.793768566671403,0.0,0.0,0.0,11.793768566671403,0.0,0.0,0.0,0.0,3.000806474103872,3.000806474103872,0.0
2022-06-21 06:00:00,0.0,0.0,0.0,8.171766461472032,0.0,19.064424357991378,0.0,0.0,0.0,19.064424357991378,0.0,0.0,0.0,0.0,4.815864237072202,4.815864237072202,0.0
2022-06-21 07:00:00,0.0,0.0,3.108365673952403,8.171766461472032,0.0,35.81526398351419,0.0,0.0,0.0,35.81526398351419,0.0,0.0,0.0,0.0,9.002882907535962,9.002882907535962,0.0
2022-06-21 08:00:00,0.0,0.0,11.707167293367222,8.171766461472032,0.0,60.80635560955053,0.0,0.0,0.0,60.80635560955053,0.0,0.0,0.0,0.0,15.128621275656172,15.128621275656172,0.0
2022-06-21 09:00:00,0.0,0.0,15.869617516754815,8.171766461472032,0.0,64.9688058329381,0.0,0.0,0.0,64.9688058329381,0.0,0.0,0.0,0.0,16.193474853859822,16.193474853859822,0.0
2022-06-21 10:00:00,0.0,0.0,20.25234135628939,8.171766461472032,0.0,69.35152967247268,0.0,0.0,0.0,69.35152967247268,0.0,0.0,0.0,0.0,17.079894727736573,17.079894727736573,0.0
2022-06-21 11:00:00,0.0,0.0,22.627607129312697,8.171766461472032,0.0,71.726795445496,0.0,0.0,0.0,71.726795445496,0.0,0.0,0.0,0.0,17.253880644414064,17.253880644414064,0.0
2022-06-21 12:00:00,0.0,0.0,23.58330096527024,8.171766461472032,0.0,72.68248928145353,0.0,0.0,0.0,72.68248928145353,0.0,0.0,0.0,0.0,17.49104104558179,17.49104104558179,0.0
2022-06-21 13:00:00,0.0,0.0,24.52826445230212,8.171766461472032,0.0,73.62745276848541,0.0,0.0,0.0,73.62745276848541,0.0,0.0,0.0,0.0,18.093210243327608,18.093210243327608,0.0
2022-06-21 14:00:00,0.0,0.0,25.519979091331912,8.171766461472032,0.0,74.61916740751519,0.0,0.0,0.0,74.61916740751519,0.0,0.0,0.0,0.0,18.668969493686227,18.668969493686227,0.0
2022-06-21 15:00:00,0.0,0.0,24.25859046602705,8.171766461472032,0.0,73.35777878221035,0.0,0.0,0.0,73.35777878221035,0.0,0.0,0.0,0.0,18.240411694196602,18.240411694196602,0.0
2022-06-21 16:00:00,0.0,0.0,21.869395761013834,8.171766461472032,0.0,70.96858407719712,0.0,0.0,0.0,70.96858407719712,0.0,0.0,0.0,0.0,17.583176390966358,17.583176390966358,0.0
2022-06-21 17:00:00,0.0,0.0,19.550875049374568,8.171766461472032,0.0,56.80526467612652,0.0,0.0,0.0,56.80526467612652,0.0,0.0,0.0,0.0,14.356394541597457,14.356394541597457,0.0
2022-06-21 18:00:00,0.0,0.0,16.404375941967075,8.171766461472032,0.0,53.658765568719026,0.0,0.0,0.0,53.658765568719026,0.0,0.0,0.0,0.0,13.768302657277614,13.768302657277614,0.0
2022-06-21 19:00:00,0.0,0.0,12.97168833563329,8.171766461472032,0.0,53.33525943719508,0.0,0.0,0.0,53.33525943719508,0.0,0.0,0.0,0.0,13.572756821577402,13.572756821577402,0.0
2022-06-21 20:00:00,0.0,0.0,0.0,0.0,0.0,22.37766708451935,0.0,0.0,0.0,22.37766708451935,0.0,0.0,0.0,0.0,5.433745121462988,5.433745121462988,0.0
2022-06-21 21:00:00,0.0,0.0,0.0,0.0,0.0,15.107011293199369,0.0,0.0,0.0,15.107011293199369,0.0,0.0,0.0,0.0,3.4800511215014067,3.4800511215014067,0.0
2022-06-21 22:00:00,0.0,0.0,0.0,0.0,0.0,15.107011293199369,0.0,0.0,0.0,15.107011293199369,0.0,0.0,0.0,0.0,3.3761148838041946,3.3761148838041946,0.0
2022-06-21 23:00:00,0.0,0.0,0.0,0.0,0.0,15.107011293199369,0.0,0.0,0.0,15.107011293199369,0.0,0.0,0.0,0.0,3.4833746639859107,3.4833746639859107,0.0
2022-06-22 00:00:00,0.0,0.0,0.0,0.0,0.0,15.107011293199369,0.0,0.0,0.0,15.107011293199369,0.0,0.0,0.0,0.0,3.3826108986602708,3.3826108986602708,0.0
2022-06-22 01:00:00,0.0,0.0,0.0,0.0,0.0,15.107011293199369,0.0,0.0,0.0,15.107011293199369,0.0,0.0,0.0,0.0,3.4202273567803374,3.4202273567803374,0.0
2022-06-22 02:00:00,0.0,0.0,0.0,0.0,0.0,15.107011293199369,0.0,0.0,0.0,15.107011293199369,0.0,0.0,0.0,0.0,3.4143356223759893,3.4143356223759893,0.0
2022-06-22 03:00:00,0.0,0.0,0.0,0.0,0.0,15.107011293199369,0.0,0.0,0.0,15.107011293199369,0.0,0.0,0.0,0.0,3.44092396225202,3.44092396225202,0.0
2022-06-22 04:00:00,0.0,0.0,0.0,0.0,0.0,7.450338501199367,0.0,0.0,0.0,7.450338501199367,0.0,0.0,0.0,0.0,1.6981556545783716,1.6981556545783716,0.0
2022-06-22 05:00:00,0.0,0.0,0.0,8.171766461472032,0.0,11.793768566671403,0.0,0.0,0.0,11.793768566671403,0.0,0.0,0.0,0.0,2.6561925565857334,2.6561925565857334,0.0
2022-06-22 06:00:00,0.0,0.0,0.0,8.171766461472032,0.0,19.064424357991378,0.0,0.0,0.0,19.064424357991378,0.0,0.0,0.0,0.0,4.22238870680793,4.22238870680793,0.0
2022-06-22 07:00:00,0.0,0.0,0.0,8.171766461472032,0.0,32.706898309561794,0.0,0.0,0.0,32.706898309561794,0.0,0.0,0.0,0.0,7.251446424212946,7.251446424212946,0.0
2022-06-22 08:00:00,0.0,0.0,2.6824617249106364,8.171766461472032,0.0,51.78165004109392,0.0,0.0,0.0,51.78165004109392,0.0,0.0,0.0,0.0,11.658638506752297,11.658638506752297,0.0
2022-06-22 09:00:00,0.0,0.0,6.276442057476329,8.171766461472032,0.0,55.37563037365963,0.0,0.0,0.0,55.37563037365963,0.0,0.0,0.0,0.0,11.740741151823316,11.740741151823316,0.0
2022-06-22 10:00:00,0.0,0.0,10.408267165287086,8.171766461472032,0.0,59.50745548147039,0.0,0.0,0.0,59.50745548147039,0.0,0.0,0.0,0.0,12.536435646281367,12.536435646281367,0.0
2022-06-22 11:00:00,0.0,0.0,12.29343597271702,8.171766461472032,0.0,61.392624288900315,0.0,0.0,0.0,61.392624288900315,0.0,0.0,0.0,0.0,12.95077409374352,12.95077409374352,0.0
2022-06-22 12:00:00,0.0,0.0,12.876333617093904,8.171766461472032,0.0,61.97552193327721,0.0,0.0,0.0,61.97552193327721,0.0,0.0,0.0,0.0,13.667461851945623,13.667461851945623,0.0
2022-06-22 13:00:00,0.0,0.0,13.34905328564386,8.171766461472032,0.0,62.448241601827156,0.0,0.0,0.0,62.448241601827156,0.0,0.0,0.0,0.0,14.261304934609269,14.261304934609269,0.0
2022-06-22 14:00:00,0.0,0.0,14.418488737321065,8.171766461472032,0.0,63.51767705350436,0.0,0.0,0.0,63.51767705350436,0.0,0.0,0.0,0.0,14.58619935856674,14.58619935856674,0.0
2022-06-22 15:00:00,0.0,0.0,13.559079519867081,8.171766461472032,0.0,62.65826783605038,0.0,0.0,0.0,62.65826783605038,0.0,0.0,0.0,0.0,14.497243429226975,14.497243429226975,0.0
2022-06-22 16:00:00,0.0,0.0,10.386842536115548,8.171766461472032,0.0,59.486030852298846,0.0,0.0,0.0,59.486030852298846,0.0,0.0,0.0,0.0,13.906644292650423,13.906644292650423,0.0
2022-06-22 17:00:00,0.0,0.0,7.505944862422113,8.171766461472032,0.0,44.760334489174056,0.0,0.0,0.0,44.760334489174056,0.0,0.0,0.0,0.0,10.824839292861853,10.824839292861853,0.0
2022-06-22 18:00:00,0.0,0.0,3.362400107375552,8.171766461472032,0.0,40.61678973412749,0.0,0.0,0.0,40.61678973412749,0.0,0.0,0.0,0.0,9.953956660142623,9.953956660142623,0.0
2022-06-22 19:00:00,0.0,0.0,0.2824217855140581,8.171766461472032,0.0,40.64599288707585,0.0,0.0,0.0,40.64599288707585,0.0,0.0,0.0,0.0,9.867627693195404,9.867627693195404,0.0
2022-06-22 20:00:00,0.0,0.0,0.0,0.0,0.0,22.37766708451935,0.0,0.0,0.0,22.37766708451935,0.0,0.0,0.0,0.0,5.555927183744464,5.555927183744464,0.0
2022-06-22 21:00:00,0.0,0.0,0.0,0.0,0.0,15.107011293199369,0.0,0.0,0.0,15.107011293199369,0.0,0.0,0.0,0.0,3.663299168487915,3.663299168487915,0.0
2022-06-22 22:00:00,0.0,0.0,0.0,0.0,0.0,15.107011293199369,0.0,0.0,0.0,15.107011293199369,0.0,0.0,0.0,0.0,3.4229466188131132,3.4229466188131132,0.0
2022-06-22 23:00:00,0.0,0.0,0.0,0.0,0.0,14.657592477664597,0.0,0.0,0.0,14.657592477664597,0.0,0.0,0.0,0.0,3.156805691914624,3.156805691914624,0.0
2022-06-23 00:00:00,0.0,0.0,0.0,0.0,0.0,14.657592477664597,0.0,0.0,0.0,14.657592477664597,0.0,0.0,0.0,0.0,3.051857329774546,3.051857329774546,0.0
2022-06-23 01:00:00,0.0,0.0,0.0,0.0,0.0,14.657592477664597,0.0,0.0,0.0,14.657592477664597,0.0,0.0,0.0,0.0,3.0887944628182606,3.0887944628182606,0.0
2022-06-23 02:00:00,0.0,0.0,0.0,0.0,0.0,14.657592477664597,0.0,0.0,0.0,14.657592477664597,0.0,0.0,0.0,0.0,3.025327087389973,3.025327087389973,0.0
2022-06-23 03:00:00,0.0,0.0,0.0,0.0,0.0,14.657592477664597,0.0,0.0,0.0,14.657592477664597,0.0,0.0,0.0,0.0,3.0923122850128997,3.0923122850128997,0.0
2022-06-23 04:00:00,0.0,0.0,0.0,0.0,0.0,7.000919685664599,0.0,0.0,0.0,7.000919685664599,0.0,0.0,0.0,0.0,1.4778241364469402,1.4778241364469402,0.0
2022-06-23 05:00:00,0.0,0.0,0.0,8.171766461472032,48.594438708499936,11.344349751136637,0.0,0.0,0.0,11.344349751136637,0.0,0.0,0.0,0.0,11.19676538501039,11.19676538501039,0.0
2022-06-23 06:00:00,0.0,0.0,0.0,8.171766461472032,40.33203699738974,14.516933040801234,0.0,0.0,0.0,14.516933040801234,0.0,0.0,0.0,0.0,10.388166663186894,10.388166663186894,0.0
2022-06-23 07:00:00,0.0,0.0,0.0,8.171766461472032,29.06094107170037,23.611915675181518,0.0,0.0,0.0,23.611915675181518,0.0,0.0,0.0,0.0,10.291523527123335,10.291523527123335,0.0
2022-06-23 08:00:00,0.0,0.0,0.0,8.171766461472032,7.706231540318907,37.25438962675194,0.0,0.0,0.0,37.25438962675194,0.0,0.0,0.0,0.0,9.08165926972091,9.08165926972091,0.0
2022-06-23 09:00:00,0.0,0.0,0.0,8.171766461472032,0.076220860219902,49.09918831618329,0.0,0.0,0.0,49.09918831618329,0.0,0.0,0.0,0.0,10.230282702278286,10.230282702278286,0.0
2022-06-23 10:00:00,0.0,0.0,0.0,8.171766461472032,0.0,49.09918831618329,0.0,0.0,0.0,49.09918831618329,0.0,0.0,0.0,0.0,10.113450809367434,10.113450809367434,0.0
2022-06-23 11:00:00,0.0,0.0,0.0,8.171766461472032,0.0,49.09918831618329,0.0,0.0,0.0,49.09918831618329,0.0,0.0,0.0,0.0,10.140455362941333,10.140455362941333,0.0
2022-06-23 12:00:00,0.0,0.0,0.0,8.171766461472032,0.0,49.09918831618329,0.0,0.0,0.0,49.09918831618329,0.0,0.0,0.0,0.0,10.855830536708124,10.855830536708124,0.0
2022-06-23 13:00:00,0.0,0.0,0.0,8.171766461472032,0.0,49.09918831618329,0.0,0.0,0.0,49.09918831618329,0.0,0.0,0.0,0.0,11.00705603672197,11.00705603672197,0.0
2022-06-23 14:00:00,0.0,0.0,0.0,8.171766461472032,0.0,49.09918831618329,0.0,0.0,0.0,49.09918831618329,0.0,0.0,0.0,0.0,11.369408046495403,11.369408046495403,0.0
2022-06-23 15:00:00,0.0,0.0,0.0,8.171766461472032,0.0,49.09918831618329,0.0,0.0,0.0,49.09918831618329,0.0,0.0,0.0,0.0,11.92373788258511,11.92373788258511,0.0
2022-06-23 16:00:00,0.0,0.0,0.0,8.171766461472032,0.0,49.09918831618329,0.0,0.0,0.0,49.09918831618329,0.0,0.0,0.0,0.0,11.79215205789774,11.79215205789774,0.0
2022-06-23 17:00:00,0.0,0.0,0.0,8.171766461472032,0.0,32.706898309561794,0.0,0.0,0.0,32.706898309561794,0.0,0.0,0.0,0.0,8.023983362284795,8.023983362284795,0.0
2022-06-23 18:00:00,0.0,0.0,0.0,8.171766461472032,0.0,23.611915675181518,0.0,0.0,0.0,23.611915675181518,0.0,0.0,0.0,0.0,5.902506680481875,5.902506680481875,0.0
2022-06-23 19:00:00,0.0,0.0,0.0,8.171766461472032,0.0,31.26858846718152,0.0,0.0,0.0,31.26858846718152,0.0,0.0,0.0,0.0,7.985684808633488,7.985684808633488,0.0
2022-06-23 20:00:00,0.0,0.0,0.0,8.171766461472032,4.5041929977576265,26.001942228801234,0.0,0.0,0.0,26.001942228801234,0.0,0.0,0.0,0.0,7.48047999619195,7.48047999619195,0.0
2022-06-23 21:00:00,0.0,0.0,0.0,0.0,0.0,14.657592477664597,0.0,0.0,0.0,14.657592477664597,0.0,0.0,0.0,0.0,3.586419727434974,3.586419727434974,0.0
2022-06-23 22:00:00,0.0,0.0,0.0,0.0,0.0,14.657592477664597,0.0,0.0,0.0,14.657592477664597,0.0,0.0,0.0,0.0,3.3911805956324814,3.3911805956324814,0.0
2022-06-23 23:00:00,0.0,0.0,0.0,0.0,0.0,14.657592477664597,0.0,0.0,0.0,14.657592477664597,0.0,0.0,0.0,0.0,3.334895440518249,3.334895440518249,0.0
2022-06-24 00:00:00,0.0,0.0,0.0,0.0,0.0,14.657592477664597,0.0,0.0,0.0,14.657592477664597,0.0,0.0,0.0,0.0,3.5396620074312235,3.5396620074312235,0.0
2022-06-24 01:00:00,0.0,0.0,0.0,0.0,0.0,14.657592477664597,0.0,0.0,0.0,14.657592477664597,0.0,0.0,0.0,0.0,3.6226239808548053,3.6226239808548053,0.0
2022-06-24 02:00:00,0.0,0.0,0.0,0.0,0.0,14.657592477664597,0.0,0.0,0.0,14.657592477664597,0.0,0.0,0.0,0.0,3.624236316027348,3.624236316027348,0.0
2022-06-24 03:00:00,0.0,0.0,0.0,0.0,0.0,14.657592477664597,0.0,0.0,0.0,14.657592477664597,0.0,0.0,0.0,0.0,3.603129382859511,3.603129382859511,0.0
2022-06-24 04:00:00,0.0,0.0,0.0,0.0,0.0,7.000919685664599,0.0,0.0,0.0,7.000919685664599,0.0,0.0,0.0,0.0,1.7638817148031958,1.7638817148031958,0.0
2022-06-24 05:00:00,0.0,0.0,0.0,0.0,0.0,3.1725832896646002,0.0,0.0,0.0,3.1725832896646002,0.0,0.0,0.0,0.0,0.8131648229739337,0.8131648229739337,0.0
2022-06-24 06:00:00,0.0,0.0,0.0,0.0,0.0,3.1725832896646002,0.0,0.0,0.0,3.1725832896646002,0.0,0.0,0.0,0.0,0.8391800059491833,0.8391800059491833,0.0
2022-06-24 07:00:00,0.0,0.0,0.0,8.171766461472032,25.779508362349535,14.516933040801234,0.0,0.0,0.0,14.516933040801234,0.0,0.0,0.0,0.0,8.486711210863715,8.486711210863715,0.0
2022-06-24 08:00:00,0.0,0.0,0.0,8.171766461472032,5.926856350496283,14.516933040801234,0.0,0.0,0.0,14.516933040801234,0.0,0.0,0.0,0.0,4.94808981944042,4.94808981944042,0.0
2022-06-24 09:00:00,0.0,0.0,0.0,8.171766461472032,0.0,28.15940699237166,0.0,0.0,0.0,28.15940699237166,0.0,0.0,0.0,0.0,7.599097570961416,7.599097570961416,0.0
2022-06-24 10:00:00,0.0,0.0,0.0,8.171766461472032,0.0,28.15940699237166,0.0,0.0,0.0,28.15940699237166,0.0,0.0,0.0,0.0,7.592902501423095,7.592902501423095,0.0
2022-06-24 11:00:00,0.0,0.0,0.0,8.171766461472032,0.0,37.25438962675194,0.0,0.0,0.0,37.25438962675194,0.0,0.0,0.0,0.0,9.997960544131418,9.997960544131418,0.0
2022-06-24 12:00:00,0.0,0.0,0.23118901422175328,8.171766461472032,0.0,37.48557864097369,0.0,0.0,0.0,37.48557864097369,0.0,0.0,0.0,0.0,10.0172711802274,10.0172711802274,0.0
2022-06-24 13:00:00,0.0,0.0,0.9321754165956374,8.171766461472032,0.0,38.18656504334757,0.0,0.0,0.0,38.18656504334757,0.0,0.0,0.0,0.0,10.06063242632035,10.06063242632035,0.0
2022-06-24 14:00:00,0.0,0.0,1.7074564734770268,8.171766461472032,0.0,38.96184610022896,0.0,0.0,0.0,38.96184610022896,0.0,0.0,0.0,0.0,10.417228791818218,10.417228791818218,0.0
2022-06-24 15:00:00,0.0,0.0,2.1649576193427507,8.171766461472032,0.0,39.41934724609469,0.0,0.0,0.0,39.41934724609469,0.0,0.0,0.0,0.0,10.365711551833058,10.365711551833058,0.0
2022-06-24 16:00:00,0.0,0.0,0.5515544967343107,8.171766461472032,0.0,28.71096148910597,0.0,0.0,0.0,28.71096148910597,0.0,0.0,0.0,0.0,7.483225002520579,7.483225002520579,0.0
2022-06-24 17:00:00,0.0,0.0,0.06107321812860465,8.171766461472032,0.0,19.125497576119983,0.0,0.0,0.0,19.125497576119983,0.0,0.0,0.0,0.0,5.124485820545589,5.124485820545589,0.0
2022-06-24 18:00:00,0.0,0.0,0.0,0.0,0.0,3.1725832896646002,0.0,0.0,0.0,3.1725832896646002,0.0,0.0,0.0,0.0,0.8695733538641702,0.8695733538641702,0.0
2022-06-24 19:00:00,0.0,0.0,0.0,0.0,0.0,10.829256081664601,0.0,0.0,0.0,10.829256081664601,0.0,0.0,0.0,0.0,3.026560489703623,3.026560489703623,0.0
2022-06-24 20:00:00,0.0,0.0,0.0,0.0,0.0,14.657592477664597,0.0,0.0,0.0,14.657592477664597,0.0,0.0,0.0,0.0,4.040072214618693,4.040072214618693,0.0
2022-06-24 21:00:00,0.0,0.0,0.0,0.0,0.0,14.657592477664597,0.0,0.0,0.0,14.657592477664597,0.0,0.0,0.0,0.0,3.931752606208752,3.931752606208752,0.0
2022-06-24 22:00:00,0.0,0.0,0.0,0.0,0.0,14.657592477664597,0.0,0.0,0.0,14.657592477664597,0.0,0.0,0.0,0.0,3.671580339730205,3.671580339730205,0.0
2022-06-24 23:00:00,0.0,0.0,0.0,0.0,0.0,15.107011293199369,0.0,0.0,0.0,15.107011293199369,0.0,0.0,0.0,0.0,3.79473016673875,3.79473016673875,0.0
2022-06-25 00:00:00,0.0,0.0,0.0,0.0,0.0,15.107011293199369,0.0,0.0,0.0,15.107011293199369,0.0,0.0,0.0,0.0,3.813916071081113,3.813916071081113,0.0
2022-06-25 01:00:00,0.0,0.0,0.0,0.0,0.0,15.107011293199369,0.0,0.0,0.0,15.107011293199369,0.0,0.0,0.0,0.0,3.8030390229500095,3.8030390229500095,0.0
2022-06-25 02:00:00,0.0,0.0,0.0,0.0,0.0,15.107011293199369,0.0,0.0,0.0,15.107011293199369,0.0,0.0,0.0,0.0,3.800168690804301,3.800168690804301,0.0
2022-06-25 03:00:00,0.0,0.0,0.0,0.0,0.0,15.107011293199369,0.0,0.0,0.0,15.107011293199369,0.0,0.0,0.0,0.0,3.8072689861121054,3.8072689861121054,0.0
2022-06-25 04:00:00,0.0,0.0,0.0,0.0,0.0,7.450338501199367,0.0,0.0,0.0,7.450338501199367,0.0,0.0,0.0,0.0,1.9487850417587183,1.9487850417587183,0.0
2022-06-25 05:00:00,0.0,0.0,0.0,8.171766461472032,71.52398424296383,11.793768566671403,0.0,0.0,0.0,11.793768566671403,0.0,0.0,0.0,0.0,16.153052513133147,16.153052513133147,0.0
2022-06-25 06:00:00,0.0,0.0,0.0,8.171766461472032,29.23256697459024,19.064424357991378,0.0,0.0,0.0,19.064424357991378,0.0,0.0,0.0,0.0,10.87704618590143,10.87704618590143,0.0
2022-06-25 07:00:00,0.0,0.0,0.0,8.171766461472032,1.0968224039712338,32.706898309561794,0.0,0.0,0.0,32.706898309561794,0.0,0.0,0.0,0.0,9.845691260384308,9.845691260384308,0.0
2022-06-25 08:00:00,0.0,0.0,0.0,8.171766461472032,0.0,49.09918831618329,0.0,0.0,0.0,49.09918831618329,0.0,0.0,0.0,0.0,14.622720264325705,14.622720264325705,0.0
2022-06-25 09:00:00,0.0,0.0,1.8111459343547596,8.171766461472032,0.0,50.910334250538064,0.0,0.0,0.0,50.910334250538064,0.0,0.0,0.0,0.0,15.04960390780156,15.04960390780156,0.0
2022-06-25 10:00:00,0.0,0.0,8.185181056018475,8.171766461472032,0.0,57.28436937220177,0.0,0.0,0.0,57.28436937220177,0.0,0.0,0.0,0.0,17.058139511654243,17.058139511654243,0.0
2022-06-25 11:00:00,0.0,0.0,11.759935045504722,8.171766461472032,0.0,60.859123361688,0.0,0.0,0.0,60.859123361688,0.0,0.0,0.0,0.0,18.13906171795111,18.13906171795111,0.0
2022-06-25 12:00:00,0.0,0.0,13.202512091768114,8.171766461472032,0.0,62.30170040795141,0.0,0.0,0.0,62.30170040795141,0.0,0.0,0.0,0.0,18.48678356205142,18.48678356205142,0.0
2022-06-25 13:00:00,0.0,0.0,13.465832107130682,8.171766461472032,0.0,62.56502042331398,0.0,0.0,0.0,62.56502042331398,0.0,0.0,0.0,0.0,18.550528555512596,18.550528555512596,0.0
2022-06-25 14:00:00,0.0,0.0,14.738197863896954,8.171766461472032,0.0,63.83738618008025,0.0,0.0,0.0,63.83738618008025,0.0,0.0,0.0,0.0,18.880545336620532,18.880545336620532,0.0
2022-06-25 15:00:00,0.0,0.0,14.24579738090352,8.171766461472032,0.0,63.34498569708682,0.0,0.0,0.0,63.34498569708682,0.0,0.0,0.0,0.0,18.787489307898976,18.787489307898976,0.0
2022-06-25 16:00:00,0.0,0.0,12.444439120319199,8.171766461472032,0.0,61.54362743650249,0.0,0.0,0.0,61.54362743650249,0.0,0.0,0.0,0.0,18.1190593535807,18.1190593535807,0.0
2022-06-25 17:00:00,0.0,0.0,10.041302256471587,8.171766461472032,0.0,47.295691883223526,0.0,0.0,0.0,47.295691883223526,0.0,0.0,0.0,0.0,13.780072787096007,13.780072787096007,0.0
2022-06-25 18:00:00,0.0,0.0,6.602475926961611,8.171766461472032,0.0,43.856865553713554,0.0,0.0,0.0,43.856865553713554,0.0,0.0,0.0,0.0,12.858394411693277,12.858394411693277,0.0
2022-06-25 19:00:00,0.0,0.0,2.7627619933715297,8.171766461472032,0.0,43.12633309493332,0.0,0.0,0.0,43.12633309493332,0.0,0.0,0.0,0.0,12.52043702412104,12.52043702412104,0.0
2022-06-25 20:00:00,0.0,0.0,0.0,0.0,0.0,22.37766708451935,0.0,0.0,0.0,22.37766708451935,0.0,0.0,0.0,0.0,6.211816605991725,6.211816605991725,0.0
2022-06-25 21:00:00,0.0,0.0,0.0,0.0,0.0,15.107011293199369,0.0,0.0,0.0,15.107011293199369,0.0,0.0,0.0,0.0,4.174520430649781,4.174520430649781,0.0
2022-06-25 22:00:00,0.0,0.0,0.0,0.0,0.0,15.107011293199369,0.0,0.0,0.0,15.107011293199369,0.0,0.0,0.0,0.0,4.002451572020241,4.002451572020241,0.0
2022-06-25 23:00:00,0.0,0.0,0.0,0.0,0.0,15.107011293199369,0.0,0.0,0.0,15.107011293199369,0.0,0.0,0.0,0.0,3.9036517181627164,3.9036517181627164,0.0
2022-06-26 00:00:00,0.0,0.0,0.0,0.0,0.0,15.107011293199369,0.0,0.0,0.0,15.107011293199369,0.0,0.0,0.0,0.0,3.9767696528218024,3.9767696528218024,0.0
2022-06-26 01:00:00,0.0,0.0,0.0,0.0,0.0,15.107011293199369,0.0,0.0,0.0,15.107011293199369,0.0,0.0,0.0,0.0,3.984927438920129,3.984927438920129,0.0
2022-06-26 02:00:00,0.0,0.0,0.0,0.0,0.0,15.107011293199369,0.0,0.0,0.0,15.107011293199369,0.0,0.0,0.0,0.0,3.9831145975649456,3.9831145975649456,0.0
2022-06-26 03:00:00,0.0,0.0,0.0,0.0,0.0,15.107011293199369,0.0,0.0,0.0,15.107011293199369,0.0,0.0,0.0,0.0,4.018616074103964,4.018616074103964,0.0
2022-06-26 04:00:00,0.0,0.0,0.0,0.0,0.0,7.450338501199367,0.0,0.0,0.0,7.450338501199367,0.0,0.0,0.0,0.0,2.0136774901041647,2.0136774901041647,0.0
2022-06-26 05:00:00,0.0,0.0,0.0,8.171766461472032,30.254077989358958,11.793768566671403,0.0,0.0,0.0,11.793768566671403,0.0,0.0,0.0,0.0,8.681582362404368,8.681582362404368,0.0
2022-06-26 06:00:00,0.0,0.0,0.0,8.171766461472032,3.589076621180841,19.064424357991378,0.0,0.0,0.0,19.064424357991378,0.0,0.0,0.0,0.0,6.028101728198459,6.028101728198459,0.0
2022-06-26 07:00:00,0.0,0.0,0.0,8.171766461472032,0.0,32.706898309561794,0.0,0.0,0.0,32.706898309561794,0.0,0.0,0.0,0.0,9.136017904809895,9.136017904809895,0.0
2022-06-26 08:00:00,0.0,0.0,0.6835858445189849,8.171766461472032,0.0,49.782774160702274,0.0,0.0,0.0,49.782774160702274,0.0,0.0,0.0,0.0,13.984479089482878,13.984479089482878,0.0
2022-06-26 09:00:00,0.0,0.0,6.152063541283173,8.171766461472032,0.0,55.25125185746647,0.0,0.0,0.0,55.25125185746647,0.0,0.0,0.0,0.0,15.686382914853308,15.686382914853308,0.0
2022-06-26 10:00:00,0.0,0.0,11.693436233504503,8.171766461472032,0.0,60.79262454968779,0.0,0.0,0.0,60.79262454968779,0.0,0.0,0.0,0.0,17.178779845250773,17.178779845250773,0.0
2022-06-26 11:00:00,0.0,0.0,14.979269280799173,8.171766461472032,0.0,64.07845759698247,0.0,0.0,0.0,64.07845759698247,0.0,0.0,0.0,0.0,18.421915774556492,18.421915774556492,0.0
2022-06-26 12:00:00,0.0,0.0,17.764496255681987,8.171766461472032,0.0,66.86368457186529,0.0,0.0,0.0,66.86368457186529,0.0,0.0,0.0,0.0,19.410527631212496,19.410527631212496,0.0
2022-06-26 13:00:00,0.0,0.0,20.09036004596852,8.171766461472032,0.0,69.18954836215181,0.0,0.0,0.0,69.18954836215181,0.0,0.0,0.0,0.0,20.388776111358897,20.388776111358897,0.0
2022-06-26 14:00:00,0.0,0.0,22.6281408348114,8.171766461472032,0.0,71.7273291509947,0.0,0.0,0.0,71.7273291509947,0.0,0.0,0.0,0.0,21.054840198982987,21.054840198982987,0.0
2022-06-26 15:00:00,0.0,0.0,23.182352406175045,8.171766461472032,0.0,72.28154072235834,0.0,0.0,0.0,72.28154072235834,0.0,0.0,0.0,0.0,20.829371589962008,20.829371589962008,0.0
2022-06-26 16:00:00,0.0,0.0,22.472866944961666,8.171766461472032,0.0,71.57205526114495,0.0,0.0,0.0,71.57205526114495,0.0,0.0,0.0,0.0,20.75303314352159,20.75303314352159,0.0
2022-06-26 17:00:00,0.0,0.0,20.095990869941026,8.171766461472032,0.0,57.35038049669297,0.0,0.0,0.0,57.35038049669297,0.0,0.0,0.0,0.0,16.909186185644955,16.909186185644955,0.0
2022-06-26 18:00:00,0.0,0.0,14.682859026675365,8.171766461472032,0.0,51.937248653427304,0.0,0.0,0.0,51.937248653427304,0.0,0.0,0.0,0.0,15.583771458460864,15.583771458460864,0.0
2022-06-26 19:00:00,0.0,0.0,9.672508420700636,8.171766461472032,0.0,50.036079522262426,0.0,0.0,0.0,50.036079522262426,0.0,0.0,0.0,0.0,15.031839010078079,15.031839010078079,0.0
2022-06-26 20:00:00,0.0,0.0,0.0,0.0,0.0,22.37766708451935,0.0,0.0,0.0,22.37766708451935,0.0,0.0,0.0,0.0,6.677272081349728,6.677272081349728,0.0
2022-06-26 21:00:00,0.0,0.0,0.0,0.0,0.0,15.107011293199369,0.0,0.0,0.0,15.107011293199369,0.0,0.0,0.0,0.0,4.207906925607753,4.207906925607753,0.0
2022-06-26 22:00:00,0.0,0.0,0.0,0.0,0.0,15.107011293199369,0.0,0.0,0.0,15.107011293199369,0.0,0.0,0.0,0.0,4.038406258898055,4.038406258898055,0.0
2022-06-26 23:00:00,0.0,0.0,0.0,0.0,0.0,15.107011293199369,0.0,0.0,0.0,15.107011293199369,0.0,0.0,0.0,0.0,4.025414229185904,4.025414229185904,0.0
2022-06-27 00:00:00,0.0,0.0,0.0,0.0,0.0,15.107011293199369,0.0,0.0,0.0,15.107011293199369,0.0,0.0,0.0,0.0,4.049887587480886,4.049887587480886,0.0
2022-06-27 01:00:00,0.0,0.0,0.0,0.0,0.0,15.107011293199369,0.0,0.0,0.0,15.107011293199369,0.0,0.0,0.0,0.0,4.038104118672192,4.038104118672192,0.0
2022-06-27 02:00:00,0.0,0.0,0.0,0.0,0.0,15.107011293199369,0.0,0.0,0.0,15.107011293199369,0.0,0.0,0.0,0.0,3.9507855933974985,3.9507855933974985,0.0
2022-06-27 03:00:00,0.0,0.0,0.0,0.0,0.0,15.107011293199369,0.0,0.0,0.0,15.107011293199369,0.0,0.0,0.0,0.0,3.963475482883787,3.963475482883787,0.0
2022-06-27 04:00:00,0.0,0.0,0.0,0.0,0.0,7.450338501199367,0.0,0.0,0.0,7.450338501199367,0.0,0.0,0.0,0.0,2.0025019823523653,2.0025019823523653,0.0
2022-06-27 05:00:00,0.0,0.0,0.0,8.171766461472032,0.0,11.793768566671403,0.0,0.0,0.0,11.793768566671403,0.0,0.0,0.0,0.0,3.2497729285463053,3.2497729285463053,0.0
2022-06-27 06:00:00,0.0,0.0,0.0,8.171766461472032,0.0,19.064424357991378,0.0,0.0,0.0,19.064424357991378,0.0,0.0,0.0,0.0,5.436411249924822,5.436411249924822,0.0
2022-06-27 07:00:00,0.0,0.0,0.2335323890619416,8.171766461472032,0.0,32.94043069862374,0.0,0.0,0.0,32.94043069862374,0.0,0.0,0.0,0.0,9.421292584113376,9.421292584113376,0.0
2022-06-27 08:00:00,0.0,0.0,6.429664128145429,8.171766461472032,0.0,55.52885244432872,0.0,0.0,0.0,55.52885244432872,0.0,0.0,0.0,0.0,15.764641208944923,15.764641208944923,0.0
2022-06-27 09:00:00,0.0,0.0,11.980681064161706,8.171766461472032,0.0,61.079869380344995,0.0,0.0,0.0,61.079869380344995,0.0,0.0,0.0,0.0,17.47922622057333,17.47922622057333,0.0
2022-06-27 10:00:00,0.0,0.0,17.485837299921403,8.171766461472032,0.0,66.58502561610469,0.0,0.0,0.0,66.58502561610469,0.0,0.0,0.0,0.0,19.685862823401347,19.685862823401347,0.0
2022-06-27 11:00:00,0.0,0.0,20.484028904982594,8.171766461472032,0.0,69.5832172211659,0.0,0.0,0.0,69.5832172211659,0.0,0.0,0.0,0.0,21.379443491203222,21.379443491203222,0.0
2022-06-27 12:00:00,0.0,0.0,24.53224620517489,8.171766461472032,0.0,73.63143452135819,0.0,0.0,0.0,73.63143452135819,0.0,0.0,0.0,0.0,23.03559429000691,23.03559429000691,0.0
2022-06-27 13:00:00,0.0,0.0,26.760299037399378,8.171766461472032,0.0,75.85948735358267,0.0,0.0,0.0,75.85948735358267,0.0,0.0,0.0,0.0,23.75539846477441,23.75539846477441,0.0
2022-06-27 14:00:00,0.0,0.0,27.99690824824659,8.171766461472032,0.0,77.09609656442987,0.0,0.0,0.0,77.09609656442987,0.0,0.0,0.0,0.0,23.12497416450074,23.12497416450074,0.0
2022-06-27 15:00:00,0.0,0.0,27.006363926635082,8.171766461472032,0.0,76.10555224281839,0.0,0.0,0.0,76.10555224281839,0.0,0.0,0.0,0.0,22.44809368954171,22.44809368954171,0.0
2022-06-27 16:00:00,0.0,0.0,24.482405594382485,8.171766461472032,0.0,73.58159391056577,0.0,0.0,0.0,73.58159391056577,0.0,0.0,0.0,0.0,21.783830877223,21.783830877223,0.0
2022-06-27 17:00:00,0.0,0.0,22.568699595563974,8.171766461472032,0.0,59.82308922231592,0.0,0.0,0.0,59.82308922231592,0.0,0.0,0.0,0.0,17.623283854002047,17.623283854002047,0.0
2022-06-27 18:00:00,0.0,0.0,19.43391185223455,8.171766461472032,0.0,56.68830147898648,0.0,0.0,0.0,56.68830147898648,0.0,0.0,0.0,0.0,16.84436190146604,16.84436190146604,0.0
2022-06-27 19:00:00,0.0,0.0,14.58891950883161,8.171766461472032,0.0,54.9524906103934,0.0,0.0,0.0,54.9524906103934,0.0,0.0,0.0,0.0,16.70225999612297,16.70225999612297,0.0
2022-06-27 20:00:00,0.0,0.0,0.0,0.0,0.0,22.37766708451935,0.0,0.0,0.0,22.37766708451935,0.0,0.0,0.0,0.0,6.573663482748403,6.573663482748403,0.0
2022-06-27 21:00:00,0.0,0.0,0.0,0.0,0.0,15.107011293199369,0.0,0.0,0.0,15.107011293199369,0.0,0.0,0.0,0.0,4.278758808572857,4.278758808572857,0.0
2022-06-27 22:00:00,0.0,0.0,0.0,0.0,0.0,15.107011293199369,0.0,0.0,0.0,15.107011293199369,0.0,0.0,0.0,0.0,3.9569794680277104,3.9569794680277104,0.0
2022-06-27 23:00:00,0.0,0.0,0.0,0.0,0.0,15.107011293199369,0.0,0.0,0.0,15.107011293199369,0.0,0.0,0.0,0.0,3.9065220503084244,3.9065220503084244,0.0
2022-06-28 00:00:00,0.0,0.0,0.0,0.0,0.0,15.107011293199369,0.0,0.0,0.0,15.107011293199369,0.0,0.0,0.0,0.0,3.847000425813219,3.847000425813219,0.0
2022-06-28 01:00:00,0.0,0.0,0.0,0.0,0.0,15.107011293199369,0.0,0.0,0.0,15.107011293199369,0.0,0.0,0.0,0.0,3.78944271278613,3.78944271278613,0.0
2022-06-28 02:00:00,0.0,0.0,0.0,0.0,0.0,15.107011293199369,0.0,0.0,0.0,15.107011293199369,0.0,0.0,0.0,0.0,3.778716734767958,3.778716734767958,0.0
2022-06-28 03:00:00,0.0,0.0,0.0,0.0,0.0,15.107011293199369,0.0,0.0,0.0,15.107011293199369,0.0,0.0,0.0,0.0,3.7617968821195746,3.7617968821195746,0.0
2022-06-28 04:00:00,0.0,0.0,0.0,0.0,0.0,7.450338501199367,0.0,0.0,0.0,7.450338501199367,0.0,0.0,0.0,0.0,1.8733131127415688,1.8733131127415688,0.0
2022-06-28 05:00:00,0.0,0.0,0.0,8.171766461472032,0.0,11.793768566671403,0.0,0.0,0.0,11.793768566671403,0.0,0.0,0.0,0.0,3.0196765038105466,3.0196765038105466,0.0
2022-06-28 06:00:00,0.0,0.0,0.0,8.171766461472032,0.0,19.064424357991378,0.0,0.0,0.0,19.064424357991378,0.0,0.0,0.0,0.0,5.091726457532337,5.091726457532337,0.0
2022-06-28 07:00:00,0.0,0.0,2.902059667698153,8.171766461472032,0.0,35.60895797725994,0.0,0.0,0.0,35.60895797725994,0.0,0.0,0.0,0.0,9.614418653860184,9.614418653860184,0.0
2022-06-28 08:00:00,0.0,0.0,13.046835315897637,8.171766461472032,0.0,62.14602363208093,0.0,0.0,0.0,62.14602363208093,0.0,0.0,0.0,0.0,17.034225077553383,17.034225077553383,0.0
2022-06-28 09:00:00,0.0,0.0,17.699756138446354,8.171766461472032,0.0,66.79894445462965,0.0,0.0,0.0,66.79894445462965,0.0,0.0,0.0,0.0,18.246799667226636,18.246799667226636,0.0
2022-06-28 10:00:00,0.0,0.0,21.712622586221247,8.171766461472032,0.0,70.81181090240455,0.0,0.0,0.0,70.81181090240455,0.0,0.0,0.0,0.0,19.577341360187788,19.577341360187788,0.0
2022-06-28 11:00:00,0.0,0.0,23.198530207520776,8.171766461472032,0.0,72.29771852370409,0.0,0.0,0.0,72.29771852370409,0.0,0.0,0.0,0.0,20.43278120916925,20.43278120916925,0.0
2022-06-28 12:00:00,0.0,0.0,26.15280107713399,8.171766461472032,0.0,75.25198939331726,0.0,0.0,0.0,75.25198939331726,0.0,0.0,0.0,0.0,21.255676924036393,21.255676924036393,0.0
2022-06-28 13:00:00,0.0,0.0,29.008186881164484,8.171766461472032,0.0,78.10737519734778,0.0,0.0,0.0,78.10737519734778,0.0,0.0,0.0,0.0,21.83023029390673,21.83023029390673,0.0
2022-06-28 14:00:00,0.0,0.0,28.099742954628756,8.171766461472032,0.0,77.19893127081205,0.0,0.0,0.0,77.19893127081205,0.0,0.0,0.0,0.0,21.242057928476648,21.242057928476648,0.0
2022-06-28 15:00:00,0.0,0.0,26.207591413738367,8.171766461472032,0.0,75.30677972992167,0.0,0.0,0.0,75.30677972992167,0.0,0.0,0.0,0.0,20.954864527648006,20.954864527648006,0.0
2022-06-28 16:00:00,0.0,0.0,25.607558150416608,8.171766461472032,0.0,74.7067464665999,0.0,0.0,0.0,74.7067464665999,0.0,0.0,0.0,0.0,21.391529783246213,21.391529783246213,0.0
2022-06-28 17:00:00,0.0,0.0,22.126556932686984,8.171766461472032,0.0,59.380946559438925,0.0,0.0,0.0,59.380946559438925,0.0,0.0,0.0,0.0,17.230569263152397,17.230569263152397,0.0
2022-06-28 18:00:00,0.0,0.0,15.408944809673145,8.171766461472032,0.0,52.66333443642509,0.0,0.0,0.0,52.66333443642509,0.0,0.0,0.0,0.0,15.567281659407257,15.567281659407257,0.0
2022-06-28 19:00:00,0.0,0.0,11.211082759250758,8.171766461472032,0.0,51.574653860812546,0.0,0.0,0.0,51.574653860812546,0.0,0.0,0.0,0.0,14.994299116954034,14.994299116954034,0.0
2022-06-28 20:00:00,0.0,0.0,0.0,0.0,0.0,22.37766708451935,0.0,0.0,0.0,22.37766708451935,0.0,0.0,0.0,0.0,6.515257771657808,6.515257771657808,0.0
2022-06-28 21:00:00,0.0,0.0,0.0,0.0,0.0,15.107011293199369,0.0,0.0,0.0,15.107011293199369,0.0,0.0,0.0,0.0,4.147478880434955,4.147478880434955,0.0
2022-06-28 22:00:00,0.0,0.0,0.0,0.0,0.0,15.107011293199369,0.0,0.0,0.0,15.107011293199369,0.0,0.0,0.0,0.0,3.9474620509129954,3.9474620509129954,0.0
2022-06-28 23:00:00,0.0,0.0,0.0,0.0,0.0,15.107011293199369,0.0,0.0,0.0,15.107011293199369,0.0,0.0,0.0,0.0,3.989308472195157,3.989308472195157,0.0
2022-06-29 00:00:00,0.0,0.0,0.0,0.0,0.0,15.107011293199369,0.0,0.0,0.0,15.107011293199369,0.0,0.0,0.0,0.0,3.919363009907644,3.919363009907644,0.0
2022-06-29 01:00:00,0.0,0.0,0.0,0.0,0.0,15.107011293199369,0.0,0.0,0.0,15.107011293199369,0.0,0.0,0.0,0.0,3.8498707579589273,3.8498707579589273,0.0
2022-06-29 02:00:00,0.0,0.0,0.0,0.0,0.0,15.107011293199369,0.0,0.0,0.0,15.107011293199369,0.0,0.0,0.0,0.0,3.891112898789361,3.891112898789361,0.0
2022-06-29 03:00:00,0.0,0.0,0.0,0.0,0.0,15.107011293199369,0.0,0.0,0.0,15.107011293199369,0.0,0.0,0.0,0.0,3.9358296522172314,3.9358296522172314,0.0
2022-06-29 04:00:00,0.0,0.0,0.0,0.0,0.0,7.450338501199367,0.0,0.0,0.0,7.450338501199367,0.0,0.0,0.0,0.0,1.956086373489894,1.956086373489894,0.0
2022-06-29 05:00:00,0.0,0.0,0.0,8.171766461472032,0.0,11.793768566671403,0.0,0.0,0.0,11.793768566671403,0.0,0.0,0.0,0.0,3.1374962517915934,3.1374962517915934,0.0
2022-06-29 06:00:00,0.0,0.0,0.0,8.171766461472032,0.0,19.064424357991378,0.0,0.0,0.0,19.064424357991378,0.0,0.0,0.0,0.0,5.23833188084529,5.23833188084529,0.0
2022-06-29 07:00:00,0.0,0.0,0.0,8.171766461472032,0.0,32.706898309561794,0.0,0.0,0.0,32.706898309561794,0.0,0.0,0.0,0.0,9.067987556326008,9.067987556326008,0.0
2022-06-29 08:00:00,0.0,0.0,3.7298986860545504,8.171766461472032,0.0,52.82908700223784,0.0,0.0,0.0,52.82908700223784,0.0,0.0,0.0,0.0,14.749881091024806,14.749881091024806,0.0
2022-06-29 09:00:00,0.0,0.0,10.201208762156556,8.171766461472032,0.0,59.30039707833985,0.0,0.0,0.0,59.30039707833985,0.0,0.0,0.0,0.0,16.553112840447785,16.553112840447785,0.0
2022-06-29 10:00:00,0.0,0.0,17.418979627738064,8.171766461472032,0.0,66.51816794392134,0.0,0.0,0.0,66.51816794392134,0.0,0.0,0.0,0.0,18.355688444125093,18.355688444125093,0.0
2022-06-29 11:00:00,0.0,0.0,15.469014296591816,8.171766461472032,0.0,64.56820261277511,0.0,0.0,0.0,64.56820261277511,0.0,0.0,0.0,0.0,18.378693191700307,18.378693191700307,0.0
2022-06-29 12:00:00,0.0,0.0,8.109149864749725,8.171766461472032,0.0,57.208338180933026,0.0,0.0,0.0,57.208338180933026,0.0,0.0,0.0,0.0,17.04007561057271,17.04007561057271,0.0
2022-06-29 13:00:00,0.0,0.0,5.221624257548196,8.171766461472032,0.0,54.320812573731494,0.0,0.0,0.0,54.320812573731494,0.0,0.0,0.0,0.0,16.217478593887538,16.217478593887538,0.0
2022-06-29 14:00:00,0.0,0.0,6.63250013233605,8.171766461472032,0.0,55.73168844851934,0.0,0.0,0.0,55.73168844851934,0.0,0.0,0.0,0.0,16.503267583375546,16.503267583375546,0.0
2022-06-29 15:00:00,0.0,0.0,7.487565563718186,8.171766461472032,0.0,56.58675387990147,0.0,0.0,0.0,56.58675387990147,0.0,0.0,0.0,0.0,16.47749686228851,16.47749686228851,0.0
2022-06-29 16:00:00,0.0,0.0,6.729667199057763,8.171766461472032,0.0,55.828855515241045,0.0,0.0,0.0,55.828855515241045,0.0,0.0,0.0,0.0,16.195392696416274,16.195392696416274,0.0
2022-06-29 17:00:00,0.0,0.0,2.98519385718138,8.171766461472032,0.0,40.239583483933316,0.0,0.0,0.0,40.239583483933316,0.0,0.0,0.0,0.0,11.944315565535925,11.944315565535925,0.0
2022-06-29 18:00:00,0.0,0.0,0.1083793838799433,8.171766461472032,0.0,37.36276901063188,0.0,0.0,0.0,37.36276901063188,0.0,0.0,0.0,0.0,11.421051231169953,11.421051231169953,0.0
2022-06-29 19:00:00,0.0,0.0,0.0,8.171766461472032,0.0,40.36357110156179,0.0,0.0,0.0,40.36357110156179,0.0,0.0,0.0,0.0,12.16114033718955,12.16114033718955,0.0
2022-06-29 20:00:00,0.0,0.0,0.0,0.0,0.0,22.37766708451935,0.0,0.0,0.0,22.37766708451935,0.0,0.0,0.0,0.0,6.605887323350111,6.605887323350111,0.0
2022-06-29 21:00:00,0.0,0.0,0.0,0.0,0.0,15.107011293199369,0.0,0.0,0.0,15.107011293199369,0.0,0.0,0.0,0.0,4.303232166867841,4.303232166867841,0.0
2022-06-29 22:00:00,0.0,0.0,0.0,0.0,0.0,15.107011293199369,0.0,0.0,0.0,15.107011293199369,0.0,0.0,0.0,0.0,4.182225006409313,4.182225006409313,0.0
2022-06-29 23:00:00,0.0,0.0,0.0,0.0,0.0,14.657592477664597,0.0,0.0,0.0,14.657592477664597,0.0,0.0,0.0,0.0,4.13505341387396,4.13505341387396,0.0
2022-06-30 00:00:00,0.0,0.0,0.0,0.0,0.0,14.657592477664597,0.0,0.0,0.0,14.657592477664597,0.0,0.0,0.0,0.0,4.327507603105696,4.327507603105696,0.0
2022-06-30 01:00:00,0.0,0.0,0.0,0.0,0.0,14.657592477664597,0.0,0.0,0.0,14.657592477664597,0.0,0.0,0.0,0.0,4.018232401826973,4.018232401826973,0.0
2022-06-30 02:00:00,0.0,0.0,0.0,0.0,0.0,14.657592477664597,0.0,0.0,0.0,14.657592477664597,0.0,0.0,0.0,0.0,3.997711772358242,3.997711772358242,0.0
2022-06-30 03:00:00,0.0,0.0,0.0,0.0,0.0,14.657592477664597,0.0,0.0,0.0,14.657592477664597,0.0,0.0,0.0,0.0,3.973087016995766,3.973087016995766,0.0
2022-06-30 04:00:00,0.0,0.0,0.0,0.0,0.0,7.000919685664599,0.0,0.0,0.0,7.000919685664599,0.0,0.0,0.0,0.0,1.8828273402626374,1.8828273402626374,0.0
2022-06-30 05:00:00,0.0,0.0,0.0,8.171766461472032,30.056509017597715,11.344349751136637,0.0,0.0,0.0,11.344349751136637,0.0,0.0,0.0,0.0,8.49780380179754,8.49780380179754,0.0
2022-06-30 06:00:00,0.0,0.0,0.0,8.171766461472032,5.477324456550388,14.516933040801234,0.0,0.0,0.0,14.516933040801234,0.0,0.0,0.0,0.0,5.015804810114938,5.015804810114938,0.0
2022-06-30 07:00:00,0.0,0.0,0.0,8.171766461472032,0.0,23.611915675181518,0.0,0.0,0.0,23.611915675181518,0.0,0.0,0.0,0.0,6.411107344125285,6.411107344125285,0.0
2022-06-30 08:00:00,0.0,0.0,0.0,8.171766461472032,0.0,37.25438962675194,0.0,0.0,0.0,37.25438962675194,0.0,0.0,0.0,0.0,10.338093121423663,10.338093121423663,0.0
2022-06-30 09:00:00,0.0,0.0,3.9206464593739616,8.171766461472032,0.0,53.01983477555724,0.0,0.0,0.0,53.01983477555724,0.0,0.0,0.0,0.0,15.101639539121967,15.101639539121967,0.0
2022-06-30 10:00:00,0.0,0.0,10.277381449619286,8.171766461472032,0.0,59.37656976580258,0.0,0.0,0.0,59.37656976580258,0.0,0.0,0.0,0.0,17.135484268712965,17.135484268712965,0.0
2022-06-30 11:00:00,0.0,0.0,12.886323156168862,8.171766461472032,0.0,61.98551147235216,0.0,0.0,0.0,61.98551147235216,0.0,0.0,0.0,0.0,17.84500889777546,17.84500889777546,0.0
2022-06-30 12:00:00,0.0,0.0,14.865790382870783,8.171766461472032,0.0,63.964978699054086,0.0,0.0,0.0,63.964978699054086,0.0,0.0,0.0,0.0,18.182684844993116,18.182684844993116,0.0
2022-06-30 13:00:00,0.0,0.0,16.39307067893253,8.171766461472032,0.0,65.49225899511582,0.0,0.0,0.0,65.49225899511582,0.0,0.0,0.0,0.0,19.0569375223988,19.0569375223988,0.0
2022-06-30 14:00:00,0.0,0.0,17.286207819174592,8.171766461472032,0.0,66.3853961353579,0.0,0.0,0.0,66.3853961353579,0.0,0.0,0.0,0.0,19.320141837273205,19.320141837273205,0.0
2022-06-30 15:00:00,0.0,0.0,13.26796568896105,8.171766461472032,0.0,62.36715400514436,0.0,0.0,0.0,62.36715400514436,0.0,0.0,0.0,0.0,17.58317172867035,17.58317172867035,0.0
2022-06-30 16:00:00,0.0,0.0,12.186081368829848,8.171766461472032,0.0,61.285269685013134,0.0,0.0,0.0,61.285269685013134,0.0,0.0,0.0,0.0,17.18377676698083,17.18377676698083,0.0
2022-06-30 17:00:00,0.0,0.0,9.480860200837592,8.171766461472032,0.0,42.187758510399384,0.0,0.0,0.0,42.187758510399384,0.0,0.0,0.0,0.0,11.762790827869557,11.762790827869557,0.0
2022-06-30 18:00:00,0.0,0.0,3.3339686554674928,8.171766461472032,0.0,26.94588433064902,0.0,0.0,0.0,26.94588433064902,0.0,0.0,0.0,0.0,7.403381719845818,7.403381719845818,0.0
2022-06-30 19:00:00,0.0,0.0,0.05924623214225678,8.171766461472032,0.0,31.327834699323777,0.0,0.0,0.0,31.327834699323777,0.0,0.0,0.0,0.0,8.718536396821808,8.718536396821808,0.0
2022-06-30 20:00:00,0.0,0.0,0.0,8.171766461472032,0.0,26.001942228801234,0.0,0.0,0.0,26.001942228801234,0.0,0.0,0.0,0.0,7.058487237430382,7.058487237430382,0.0
2022-06-30 21:00:00,0.0,0.0,0.0,0.0,0.0,14.657592477664597,0.0,0.0,0.0,14.657592477664597,0.0,0.0,0.0,0.0,3.87063044557689,3.87063044557689,0.0
2022-06-30 22:00:00,0.0,0.0,0.0,0.0,0.0,14.657592477664597,0.0,0.0,0.0,14.657592477664597,0.0,0.0,0.0,0.0,3.6199856142088254,3.6199856142088254,0.0
2022-06-30 23:00:00,0.0,0.0,0.0,0.0,0.0,14.657592477664597,0.0,0.0,0.0,14.657592477664597,0.0,0.0,0.0,0.0,3.6938598802962552,3.6938598802962552,0.0
2022-07-01 00:00:00,0.0,0.0,0.0,0.0,0.0,14.657592477664597,0.0,0.0,0.0,14.657592477664597,0.0,0.0,0.0,0.0,3.7653889315872586,3.7653889315872586,0.0
2022-07-01 01:00:00,0.0,0.0,0.0,0.0,0.0,14.657592477664597,0.0,0.0,0.0,14.657592477664597,0.0,0.0,0.0,0.0,3.7124750227428893,3.7124750227428893,0.0
2022-07-01 02:00:00,0.0,0.0,0.0,0.0,0.0,14.657592477664597,0.0,0.0,0.0,14.657592477664597,0.0,0.0,0.0,0.0,3.3963107529996637,3.3963107529996637,0.0
2022-07-01 03:00:00,0.0,0.0,0.0,0.0,0.0,14.657592477664597,0.0,0.0,0.0,14.657592477664597,0.0,0.0,0.0,0.0,3.4628562228482607,3.4628562228482607,0.0
2022-07-01 04:00:00,0.0,0.0,0.0,0.0,0.0,7.000919685664599,0.0,0.0,0.0,7.000919685664599,0.0,0.0,0.0,0.0,1.6640486000856185,1.6640486000856185,0.0
2022-07-01 05:00:00,0.0,0.0,0.0,0.0,0.0,3.1725832896646002,0.0,0.0,0.0,3.1725832896646002,0.0,0.0,0.0,0.0,0.7958742440452617,0.7958742440452617,0.0
2022-07-01 06:00:00,0.0,0.0,0.0,0.0,0.0,3.1725832896646002,0.0,0.0,0.0,3.1725832896646002,0.0,0.0,0.0,0.0,0.8208742003678188,0.8208742003678188,0.0
2022-07-01 07:00:00,0.0,0.0,0.0,8.171766461472032,0.06252200045380572,14.516933040801234,0.0,0.0,0.0,14.516933040801234,0.0,0.0,0.0,0.0,3.771578277631809,3.771578277631809,0.0
2022-07-01 08:00:00,0.0,0.0,0.0,8.171766461472032,0.0,14.516933040801234,0.0,0.0,0.0,14.516933040801234,0.0,0.0,0.0,0.0,3.7784673318597446,3.7784673318597446,0.0
2022-07-01 09:00:00,0.0,0.0,0.0,8.171766461472032,0.0,28.15940699237166,0.0,0.0,0.0,28.15940699237166,0.0,0.0,0.0,0.0,7.3904363651479414,7.3904363651479414,0.0
2022-07-01 10:00:00,0.0,0.0,0.0,8.171766461472032,0.0,28.15940699237166,0.0,0.0,0.0,28.15940699237166,0.0,0.0,0.0,0.0,7.361150581875877,7.361150581875877,0.0
2022-07-01 11:00:00,0.0,0.0,0.0,8.171766461472032,0.0,37.25438962675194,0.0,0.0,0.0,37.25438962675194,0.0,0.0,0.0,0.0,9.99758800023515,9.99758800023515,0.0
2022-07-01 12:00:00,0.0,0.0,0.030931827216062142,8.171766461472032,0.0,37.28532145396801,0.0,0.0,0.0,37.28532145396801,0.0,0.0,0.0,0.0,10.18746838086768,10.18746838086768,0.0
2022-07-01 13:00:00,0.0,0.0,0.12835224258540867,8.171766461472032,0.0,37.382741869337345,0.0,0.0,0.0,37.382741869337345,0.0,0.0,0.0,0.0,10.256702886690087,10.256702886690087,0.0
2022-07-01 14:00:00,0.0,0.0,0.20302368603278872,8.171766461472032,0.0,37.45741331278472,0.0,0.0,0.0,37.45741331278472,0.0,0.0,0.0,0.0,10.212014591464499,10.212014591464499,0.0
2022-07-01 15:00:00,0.0,0.0,0.034768309403483744,8.171766461472032,0.0,37.28915793615542,0.0,0.0,0.0,37.28915793615542,0.0,0.0,0.0,0.0,10.0531569795875,10.0531569795875,0.0
2022-07-01 16:00:00,0.0,0.0,0.0,8.171766461472032,0.0,28.15940699237166,0.0,0.0,0.0,28.15940699237166,0.0,0.0,0.0,0.0,7.697937089504641,7.697937089504641,0.0
2022-07-01 17:00:00,0.0,0.0,0.0,8.171766461472032,0.0,19.064424357991378,0.0,0.0,0.0,19.064424357991378,0.0,0.0,0.0,0.0,5.3065825200469,5.3065825200469,0.0
2022-07-01 18:00:00,0.0,0.0,0.0,0.0,0.0,3.1725832896646002,0.0,0.0,0.0,3.1725832896646002,0.0,0.0,0.0,0.0,0.8920986952207889,0.8920986952207889,0.0
2022-07-01 19:00:00,0.0,0.0,0.0,0.0,0.0,10.829256081664601,0.0,0.0,0.0,10.829256081664601,0.0,0.0,0.0,0.0,3.0480024167453186,3.0480024167453186,0.0
2022-07-01 20:00:00,0.0,0.0,0.0,0.0,0.0,14.657592477664597,0.0,0.0,0.0,14.657592477664597,0.0,0.0,0.0,0.0,4.097236825281584,4.097236825281584,0.0
2022-07-01 21:00:00,0.0,0.0,0.0,0.0,0.0,14.657592477664597,0.0,0.0,0.0,14.657592477664597,0.0,0.0,0.0,0.0,3.9886240650220905,3.9886240650220905,0.0
2022-07-01 22:00:00,0.0,0.0,0.0,0.0,0.0,14.657592477664597,0.0,0.0,0.0,14.657592477664597,0.0,0.0,0.0,0.0,3.7121818708933354,3.7121818708933354,0.0
2022-07-01 23:00:00,0.0,0.0,0.0,0.0,0.0,15.107011293199369,0.0,0.0,0.0,15.107011293199369,0.0,0.0,0.0,0.0,3.848662197055471,3.848662197055471,0.0
2022-07-02 00:00:00,0.0,0.0,0.0,0.0,0.0,15.107011293199369,0.0,0.0,0.0,15.107011293199369,0.0,0.0,0.0,0.0,3.806664705660377,3.806664705660377,0.0
2022-07-02 01:00:00,0.0,0.0,0.0,0.0,0.0,15.107011293199369,0.0,0.0,0.0,15.107011293199369,0.0,0.0,0.0,0.0,3.8022836723853497,3.8022836723853497,0.0
2022-07-02 02:00:00,0.0,0.0,0.0,0.0,0.0,15.107011293199369,0.0,0.0,0.0,15.107011293199369,0.0,0.0,0.0,0.0,3.779018874993822,3.779018874993822,0.0
2022-07-02 03:00:00,0.0,0.0,0.0,0.0,0.0,15.107011293199369,0.0,0.0,0.0,15.107011293199369,0.0,0.0,0.0,0.0,3.77886780488089,3.77886780488089,0.0
2022-07-02 04:00:00,0.0,0.0,0.0,0.0,0.0,7.450338501199367,0.0,0.0,0.0,7.450338501199367,0.0,0.0,0.0,0.0,1.882402525713032,1.882402525713032,0.0
2022-07-02 05:00:00,0.0,0.0,0.0,8.171766461472032,0.0,11.793768566671403,0.0,0.0,0.0,11.793768566671403,0.0,0.0,0.0,0.0,3.117328907542585,3.117328907542585,0.0
2022-07-02 06:00:00,0.0,0.0,0.0,8.171766461472032,0.0,19.064424357991378,0.0,0.0,0.0,19.064424357991378,0.0,0.0,0.0,0.0,5.291521624804087,5.291521624804087,0.0
2022-07-02 07:00:00,0.0,0.0,0.0,8.171766461472032,0.0,32.706898309561794,0.0,0.0,0.0,32.706898309561794,0.0,0.0,0.0,0.0,9.272405670760767,9.272405670760767,0.0
2022-07-02 08:00:00,0.0,0.0,0.0,8.171766461472032,0.0,49.09918831618329,0.0,0.0,0.0,49.09918831618329,0.0,0.0,0.0,0.0,14.10865176265527,14.10865176265527,0.0
2022-07-02 09:00:00,0.0,0.0,0.6551675144175277,8.171766461472032,0.0,49.754355830600815,0.0,0.0,0.0,49.754355830600815,0.0,0.0,0.0,0.0,14.227755593318609,14.227755593318609,0.0
2022-07-02 10:00:00,0.0,0.0,4.166726049298626,8.171766461472032,0.0,53.265914365481926,0.0,0.0,0.0,53.265914365481926,0.0,0.0,0.0,0.0,15.392783933336968,15.392783933336968,0.0
2022-07-02 11:00:00,0.0,0.0,7.961055017639772,8.171766461472032,0.0,57.060243333823074,0.0,0.0,0.0,57.060243333823074,0.0,0.0,0.0,0.0,16.645043582909526,16.645043582909526,0.0
2022-07-02 12:00:00,0.0,0.0,11.40532423012498,8.171766461472032,0.0,60.50451254630828,0.0,0.0,0.0,60.50451254630828,0.0,0.0,0.0,0.0,17.40472807907104,17.40472807907104,0.0
2022-07-02 13:00:00,0.0,0.0,13.342593909546283,8.171766461472032,0.0,62.44178222572958,0.0,0.0,0.0,62.44178222572958,0.0,0.0,0.0,0.0,17.47558159151494,17.47558159151494,0.0
2022-07-02 14:00:00,0.0,0.0,14.816203708672957,8.171766461472032,0.0,63.91539202485626,0.0,0.0,0.0,63.91539202485626,0.0,0.0,0.0,0.0,17.565228036270998,17.565228036270998,0.0
2022-07-02 15:00:00,0.0,0.0,13.903174764970785,8.171766461472032,0.0,63.00236308115407,0.0,0.0,0.0,63.00236308115407,0.0,0.0,0.0,0.0,17.37731178504392,17.37731178504392,0.0
2022-07-02 16:00:00,0.0,0.0,12.488778027994986,8.171766461472032,0.0,61.587966344178284,0.0,0.0,0.0,61.587966344178284,0.0,0.0,0.0,0.0,17.25817992896564,17.25817992896564,0.0
2022-07-02 17:00:00,0.0,0.0,10.404539316714729,8.171766461472032,0.0,47.658928943466655,0.0,0.0,0.0,47.658928943466655,0.0,0.0,0.0,0.0,13.671440356722846,13.671440356722846,0.0
2022-07-02 18:00:00,0.0,0.0,6.783087568193603,8.171766461472032,0.0,44.03747719494554,0.0,0.0,0.0,44.03747719494554,0.0,0.0,0.0,0.0,13.073405854863482,13.073405854863482,0.0
2022-07-02 19:00:00,0.0,0.0,2.5911584038436657,8.171766461472032,0.0,42.95472950540546,0.0,0.0,0.0,42.95472950540546,0.0,0.0,0.0,0.0,13.111501634229963,13.111501634229963,0.0
2022-07-02 20:00:00,0.0,0.0,0.0,0.0,0.0,22.37766708451935,0.0,0.0,0.0,22.37766708451935,0.0,0.0,0.0,0.0,6.89881098548647,6.89881098548647,0.0
2022-07-02 21:00:00,0.0,0.0,0.0,0.0,0.0,15.107011293199369,0.0,0.0,0.0,15.107011293199369,0.0,0.0,0.0,0.0,4.515938885876087,4.515938885876087,0.0
2022-07-02 22:00:00,0.0,0.0,0.0,0.0,0.0,15.107011293199369,0.0,0.0,0.0,15.107011293199369,0.0,0.0,0.0,0.0,4.320907370080883,4.320907370080883,0.0
2022-07-02 23:00:00,0.0,0.0,0.0,0.0,0.0,15.107011293199369,0.0,0.0,0.0,15.107011293199369,0.0,0.0,0.0,0.0,4.236912387290695,4.236912387290695,0.0
2022-07-03 00:00:00,0.0,0.0,0.0,0.0,0.0,15.107011293199369,0.0,0.0,0.0,15.107011293199369,0.0,0.0,0.0,0.0,4.231020652886347,4.231020652886347,0.0
2022-07-03 01:00:00,0.0,0.0,0.0,0.0,0.0,15.107011293199369,0.0,0.0,0.0,15.107011293199369,0.0,0.0,0.0,0.0,4.184491058103293,4.184491058103293,0.0
2022-07-03 02:00:00,0.0,0.0,0.0,0.0,0.0,15.107011293199369,0.0,0.0,0.0,15.107011293199369,0.0,0.0,0.0,0.0,4.197332017702513,4.197332017702513,0.0
2022-07-03 03:00:00,0.0,0.0,0.0,0.0,0.0,15.107011293199369,0.0,0.0,0.0,15.107011293199369,0.0,0.0,0.0,0.0,4.262141096150338,4.262141096150338,0.0
2022-07-03 04:00:00,0.0,0.0,0.0,0.0,0.0,7.450338501199367,0.0,0.0,0.0,7.450338501199367,0.0,0.0,0.0,0.0,2.125879587932227,2.125879587932227,0.0
2022-07-03 05:00:00,0.0,0.0,0.0,8.171766461472032,20.738273610683358,11.793768566671403,0.0,0.0,0.0,11.793768566671403,0.0,0.0,0.0,0.0,7.103414431151487,7.103414431151487,0.0
2022-07-03 06:00:00,0.0,0.0,0.0,8.171766461472032,5.05535053345408,19.064424357991378,0.0,0.0,0.0,19.064424357991378,0.0,0.0,0.0,0.0,6.378085507165215,6.378085507165215,0.0
2022-07-03 07:00:00,0.0,0.0,0.0,8.171766461472032,0.0,32.706898309561794,0.0,0.0,0.0,32.706898309561794,0.0,0.0,0.0,0.0,9.458834991125272,9.458834991125272,0.0
2022-07-03 08:00:00,0.0,0.0,0.0,8.171766461472032,0.0,49.09918831618329,0.0,0.0,0.0,49.09918831618329,0.0,0.0,0.0,0.0,14.28049892176191,14.28049892176191,0.0
2022-07-03 09:00:00,0.0,0.0,0.152701788485437,8.171766461472032,0.0,49.25189010466873,0.0,0.0,0.0,49.25189010466873,0.0,0.0,0.0,0.0,14.695286450530011,14.695286450530011,0.0
2022-07-03 10:00:00,0.0,0.0,4.49159477995342,8.171766461472032,0.0,53.590783096136725,0.0,0.0,0.0,53.590783096136725,0.0,0.0,0.0,0.0,16.032754578871224,16.032754578871224,0.0
2022-07-03 11:00:00,0.0,0.0,8.065927823278411,8.171766461472032,0.0,57.1651161394617,0.0,0.0,0.0,57.1651161394617,0.0,0.0,0.0,0.0,17.423927399307928,17.423927399307928,0.0
2022-07-03 12:00:00,0.0,0.0,11.033488372933933,8.171766461472032,0.0,60.132676689117226,0.0,0.0,0.0,60.132676689117226,0.0,0.0,0.0,0.0,18.34888496491723,18.34888496491723,0.0
2022-07-03 13:00:00,0.0,0.0,12.352700410932856,8.171766461472032,0.0,61.45188872711616,0.0,0.0,0.0,61.45188872711616,0.0,0.0,0.0,0.0,18.58305115107993,18.58305115107993,0.0
2022-07-03 14:00:00,0.0,0.0,13.676827229657343,8.171766461472032,0.0,62.776015545840615,0.0,0.0,0.0,62.776015545840615,0.0,0.0,0.0,0.0,18.74491824198801,18.74491824198801,0.0
2022-07-03 15:00:00,0.0,0.0,14.073187601739622,8.171766461472032,0.0,63.17237591792291,0.0,0.0,0.0,63.17237591792291,0.0,0.0,0.0,0.0,18.592261956403895,18.592261956403895,0.0
2022-07-03 16:00:00,0.0,0.0,13.224438861871633,8.171766461472032,0.0,62.32362717805493,0.0,0.0,0.0,62.32362717805493,0.0,0.0,0.0,0.0,18.54127908547134,18.54127908547134,0.0
2022-07-03 17:00:00,0.0,0.0,12.484985008004848,8.171766461472032,0.0,49.739374634756786,0.0,0.0,0.0,49.739374634756786,0.0,0.0,0.0,0.0,15.046658220760275,15.046658220760275,0.0
2022-07-03 18:00:00,0.0,0.0,10.121625331147692,8.171766461472032,0.0,47.37601495789963,0.0,0.0,0.0,47.37601495789963,0.0,0.0,0.0,0.0,14.653875186627936,14.653875186627936,0.0
2022-07-03 19:00:00,0.0,0.0,7.364957990762036,8.171766461472032,0.0,47.728529092323825,0.0,0.0,0.0,47.728529092323825,0.0,0.0,0.0,0.0,14.781525459892688,14.781525459892688,0.0
2022-07-03 20:00:00,0.0,0.0,0.0,0.0,0.0,22.37766708451935,0.0,0.0,0.0,22.37766708451935,0.0,0.0,0.0,0.0,6.801468133668811,6.801468133668811,0.0
2022-07-03 21:00:00,0.0,0.0,0.0,0.0,0.0,15.107011293199369,0.0,0.0,0.0,15.107011293199369,0.0,0.0,0.0,0.0,4.403542721854684,4.403542721854684,0.0
2022-07-03 22:00:00,0.0,0.0,0.0,0.0,0.0,15.107011293199369,0.0,0.0,0.0,15.107011293199369,0.0,0.0,0.0,0.0,4.35097032255435,4.35097032255435,0.0
2022-07-03 23:00:00,0.0,0.0,0.0,0.0,0.0,14.657592477664597,0.0,0.0,0.0,14.657592477664597,0.0,0.0,0.0,0.0,4.247916875951977,4.247916875951977,0.0
2022-07-04 00:00:00,0.0,0.0,0.0,0.0,0.0,14.657592477664597,0.0,0.0,0.0,14.657592477664597,0.0,0.0,0.0,0.0,4.179026191306954,4.179026191306954,0.0
2022-07-04 01:00:00,0.0,0.0,0.0,0.0,0.0,14.657592477664597,0.0,0.0,0.0,14.657592477664597,0.0,0.0,0.0,0.0,4.1334410787014155,4.1334410787014155,0.0
2022-07-04 02:00:00,0.0,0.0,0.0,0.0,0.0,14.657592477664597,0.0,0.0,0.0,14.657592477664597,0.0,0.0,0.0,0.0,4.169352180271694,4.169352180271694,0.0
2022-07-04 03:00:00,0.0,0.0,0.0,0.0,0.0,14.657592477664597,0.0,0.0,0.0,14.657592477664597,0.0,0.0,0.0,0.0,4.166274085851385,4.166274085851385,0.0
2022-07-04 04:00:00,0.0,0.0,0.0,0.0,0.0,7.000919685664599,0.0,0.0,0.0,7.000919685664599,0.0,0.0,0.0,0.0,1.9791599951373824,1.9791599951373824,0.0
2022-07-04 05:00:00,0.0,0.0,0.0,0.0,0.0,3.1725832896646002,0.0,0.0,0.0,3.1725832896646002,0.0,0.0,0.0,0.0,0.9007281217686768,0.9007281217686768,0.0
2022-07-04 06:00:00,0.0,0.0,0.0,0.0,0.0,3.1725832896646002,0.0,0.0,0.0,3.1725832896646002,0.0,0.0,0.0,0.0,0.91621032822224,0.91621032822224,0.0
2022-07-04 07:00:00,0.0,0.0,0.0,8.171766461472032,0.0,14.516933040801234,0.0,0.0,0.0,14.516933040801234,0.0,0.0,0.0,0.0,4.186102811645444,4.186102811645444,0.0
2022-07-04 08:00:00,0.0,0.0,0.7910234299866601,8.171766461472032,0.0,15.3079564707879,0.0,0.0,0.0,15.3079564707879,0.0,0.0,0.0,0.0,4.507427782823497,4.507427782823497,0.0
2022-07-04 09:00:00,0.0,0.0,7.842202847086817,8.171766461472032,0.0,36.001609839458474,0.0,0.0,0.0,36.001609839458474,0.0,0.0,0.0,0.0,10.554591956634042,10.554591956634042,0.0
2022-07-04 10:00:00,0.0,0.0,10.794335440537765,8.171766461472032,0.0,38.95374243290942,0.0,0.0,0.0,38.95374243290942,0.0,0.0,0.0,0.0,11.42630126784532,11.42630126784532,0.0
2022-07-04 11:00:00,0.0,0.0,15.478877820347536,8.171766461472032,0.0,52.73326744709948,0.0,0.0,0.0,52.73326744709948,0.0,0.0,0.0,0.0,15.641214457484178,15.641214457484178,0.0
2022-07-04 12:00:00,0.0,0.0,20.01630487732767,8.171766461472032,0.0,57.270694504079614,0.0,0.0,0.0,57.270694504079614,0.0,0.0,0.0,0.0,17.14283698590615,17.14283698590615,0.0
2022-07-04 13:00:00,0.0,0.0,23.226886515185328,8.171766461472032,0.0,60.48127614193727,0.0,0.0,0.0,60.48127614193727,0.0,0.0,0.0,0.0,18.176437918936408,18.176437918936408,0.0
2022-07-04 14:00:00,0.0,0.0,25.268340751146845,8.171766461472032,0.0,62.522730377898796,0.0,0.0,0.0,62.522730377898796,0.0,0.0,0.0,0.0,18.568000467628387,18.568000467628387,0.0
2022-07-04 15:00:00,0.0,0.0,26.195055981202238,8.171766461472032,0.0,63.44944560795419,0.0,0.0,0.0,63.44944560795419,0.0,0.0,0.0,0.0,18.582439135201543,18.582439135201543,0.0
2022-07-04 16:00:00,0.0,0.0,24.642716770850015,8.171766461472032,0.0,52.802123763221665,0.0,0.0,0.0,52.802123763221665,0.0,0.0,0.0,0.0,15.509567812971099,15.509567812971099,0.0
2022-07-04 17:00:00,0.0,0.0,20.95884891768027,8.171766461472032,0.0,40.02327327567164,0.0,0.0,0.0,40.02327327567164,0.0,0.0,0.0,0.0,11.902921472184746,11.902921472184746,0.0
2022-07-04 18:00:00,0.0,0.0,0.0,0.0,0.0,3.1725832896646002,0.0,0.0,0.0,3.1725832896646002,0.0,0.0,0.0,0.0,0.968906936663569,0.968906936663569,0.0
2022-07-04 19:00:00,0.0,0.0,0.0,0.0,0.0,10.829256081664601,0.0,0.0,0.0,10.829256081664601,0.0,0.0,0.0,0.0,3.3214411328073496,3.3214411328073496,0.0
2022-07-04 20:00:00,0.0,0.0,0.0,0.0,0.0,14.657592477664597,0.0,0.0,0.0,14.657592477664597,0.0,0.0,0.0,0.0,4.449458772519865,4.449458772519865,0.0
2022-07-04 21:00:00,0.0,0.0,0.0,0.0,0.0,14.657592477664597,0.0,0.0,0.0,14.657592477664597,0.0,0.0,0.0,0.0,4.285000584920468,4.285000584920468,0.0
2022-07-04 22:00:00,0.0,0.0,0.0,0.0,0.0,14.657592477664597,0.0,0.0,0.0,14.657592477664597,0.0,0.0,0.0,0.0,4.170964515444237,4.170964515444237,0.0
2022-07-04 23:00:00,0.0,0.0,0.0,0.0,0.0,15.107011293199369,0.0,0.0,0.0,15.107011293199369,0.0,0.0,0.0,0.0,4.131163308238299,4.131163308238299,0.0
2022-07-05 00:00:00,0.0,0.0,0.0,0.0,0.0,15.107011293199369,0.0,0.0,0.0,15.107011293199369,0.0,0.0,0.0,0.0,4.149291721790139,4.149291721790139,0.0
2022-07-05 01:00:00,0.0,0.0,0.0,0.0,0.0,15.107011293199369,0.0,0.0,0.0,15.107011293199369,0.0,0.0,0.0,0.0,4.193102054540417,4.193102054540417,0.0
2022-07-05 02:00:00,0.0,0.0,0.0,0.0,0.0,15.107011293199369,0.0,0.0,0.0,15.107011293199369,0.0,0.0,0.0,0.0,4.231624933338075,4.231624933338075,0.0
2022-07-05 03:00:00,0.0,0.0,0.0,0.0,0.0,15.107011293199369,0.0,0.0,0.0,15.107011293199369,0.0,0.0,0.0,0.0,4.2625943064891345,4.2625943064891345,0.0
2022-07-05 04:00:00,0.0,0.0,0.0,0.0,0.0,7.450338501199367,0.0,0.0,0.0,7.450338501199367,0.0,0.0,0.0,0.0,2.082071597545175,2.082071597545175,0.0
2022-07-05 05:00:00,0.0,0.0,2.715544554366253,8.171766461472032,0.0,14.509313121037657,0.0,0.0,0.0,14.509313121037657,0.0,0.0,0.0,0.0,4.107006172040919,4.107006172040919,0.0
2022-07-05 06:00:00,0.0,0.0,5.66800882432695,8.171766461472032,0.0,24.732433182318324,0.0,0.0,0.0,24.732433182318324,0.0,0.0,0.0,0.0,7.265894220301477,7.265894220301477,0.0
2022-07-05 07:00:00,0.0,0.0,11.020121988109612,8.171766461472032,0.0,43.7270202976714,0.0,0.0,0.0,43.7270202976714,0.0,0.0,0.0,0.0,13.03677383154775,13.03677383154775,0.0
2022-07-05 08:00:00,0.0,0.0,18.785050186501014,8.171766461472032,0.0,67.8842385026843,0.0,0.0,0.0,67.8842385026843,0.0,0.0,0.0,0.0,19.95185653832394,19.95185653832394,0.0
2022-07-05 09:00:00,0.0,0.0,23.2115441849874,8.171766461472032,0.0,72.31073250117069,0.0,0.0,0.0,72.31073250117069,0.0,0.0,0.0,0.0,21.163905188442637,21.163905188442637,0.0
2022-07-05 10:00:00,0.0,0.0,29.294730565296213,8.171766461472032,0.0,78.3939188814795,0.0,0.0,0.0,78.3939188814795,0.0,0.0,0.0,0.0,23.075250022763488,23.075250022763488,0.0
2022-07-05 11:00:00,0.0,0.0,32.17618375726802,8.171766461472032,0.0,81.2753720734513,0.0,0.0,0.0,81.2753720734513,0.0,0.0,0.0,0.0,23.80393097287241,23.80393097287241,0.0
2022-07-05 12:00:00,0.0,0.0,34.54105541879347,8.171766461472032,0.0,83.64024373497679,0.0,0.0,0.0,83.64024373497679,0.0,0.0,0.0,0.0,24.386149463369833,24.386149463369833,0.0
2022-07-05 13:00:00,0.0,0.0,37.02990150014891,8.171766461472032,0.0,86.12908981633221,0.0,0.0,0.0,86.12908981633221,0.0,0.0,0.0,0.0,24.623445487591216,24.623445487591216,0.0
2022-07-05 14:00:00,0.0,0.0,38.53153291403496,8.171766461472032,0.0,87.63072123021826,0.0,0.0,0.0,87.63072123021826,0.0,0.0,0.0,0.0,24.682068941703275,24.682068941703275,0.0
2022-07-05 15:00:00,0.0,0.0,36.965449555707714,8.171766461472032,0.0,86.06463787189102,0.0,0.0,0.0,86.06463787189102,0.0,0.0,0.0,0.0,24.759935669364328,24.759935669364328,0.0
2022-07-05 16:00:00,0.0,0.0,34.920846314596275,8.171766461472032,0.0,84.0200346307796,0.0,0.0,0.0,84.0200346307796,0.0,0.0,0.0,0.0,24.235578989248374,24.235578989248374,0.0
2022-07-05 17:00:00,0.0,0.0,31.646295133359153,8.171766461472032,0.0,68.90068476011109,0.0,0.0,0.0,68.90068476011109,0.0,0.0,0.0,0.0,20.073525498010763,20.073525498010763,0.0
2022-07-05 18:00:00,0.0,0.0,27.081723733456784,8.171766461472032,0.0,64.33611336020873,0.0,0.0,0.0,64.33611336020873,0.0,0.0,0.0,0.0,19.35423298215159,19.35423298215159,0.0
2022-07-05 19:00:00,0.0,0.0,23.493341606565533,8.171766461472032,0.0,63.856912708127325,0.0,0.0,0.0,63.856912708127325,0.0,0.0,0.0,0.0,19.229232123798383,19.229232123798383,0.0
2022-07-05 20:00:00,0.0,0.0,0.0,0.0,0.0,22.37766708451935,0.0,0.0,0.0,22.37766708451935,0.0,0.0,0.0,0.0,6.5544186890557175,6.5544186890557175,0.0
2022-07-05 21:00:00,0.0,0.0,0.0,0.0,0.0,15.107011293199369,0.0,0.0,0.0,15.107011293199369,0.0,0.0,0.0,0.0,4.350517112215554,4.350517112215554,0.0
2022-07-05 22:00:00,0.0,0.0,0.0,0.0,0.0,15.107011293199369,0.0,0.0,0.0,15.107011293199369,0.0,0.0,0.0,0.0,4.364868772944094,4.364868772944094,0.0
2022-07-05 23:00:00,0.0,0.0,0.0,0.0,0.0,15.107011293199369,0.0,0.0,0.0,15.107011293199369,0.0,0.0,0.0,0.0,4.38269504627007,4.38269504627007,0.0
2022-07-06 00:00:00,0.0,0.0,0.0,0.0,0.0,15.107011293199369,0.0,0.0,0.0,15.107011293199369,0.0,0.0,0.0,0.0,4.326194824033504,4.326194824033504,0.0
2022-07-06 01:00:00,0.0,0.0,0.0,0.0,0.0,15.107011293199369,0.0,0.0,0.0,15.107011293199369,0.0,0.0,0.0,0.0,4.3181881080481075,4.3181881080481075,0.0
2022-07-06 02:00:00,0.0,0.0,0.0,0.0,0.0,15.107011293199369,0.0,0.0,0.0,15.107011293199369,0.0,0.0,0.0,0.0,4.312296373643759,4.312296373643759,0.0
2022-07-06 03:00:00,0.0,0.0,0.0,0.0,0.0,15.107011293199369,0.0,0.0,0.0,15.107011293199369,0.0,0.0,0.0,0.0,4.367285894751005,4.367285894751005,0.0
2022-07-06 04:00:00,0.0,0.0,0.0,0.0,0.0,7.450338501199367,0.0,0.0,0.0,7.450338501199367,0.0,0.0,0.0,0.0,2.1565004791721565,2.1565004791721565,0.0
2022-07-06 05:00:00,0.0,0.0,0.2517058725254512,8.171766461472032,0.0,12.045474439196854,0.0,0.0,0.0,12.045474439196854,0.0,0.0,0.0,0.0,3.5430558515453625,3.5430558515453625,0.0
2022-07-06 06:00:00,0.0,0.0,5.2217596533159645,8.171766461472032,0.0,24.28618401130734,0.0,0.0,0.0,24.28618401130734,0.0,0.0,0.0,0.0,7.308684216362831,7.308684216362831,0.0
2022-07-06 07:00:00,0.0,0.0,11.070090943678979,8.171766461472032,0.0,43.77698925324077,0.0,0.0,0.0,43.77698925324077,0.0,0.0,0.0,0.0,13.397947560954337,13.397947560954337,0.0
2022-07-06 08:00:00,0.0,0.0,19.34665334983106,8.171766461472032,0.0,68.44584166601436,0.0,0.0,0.0,68.44584166601436,0.0,0.0,0.0,0.0,20.952641050800317,20.952641050800317,0.0
2022-07-06 09:00:00,0.0,0.0,24.67712044130386,8.171766461472032,0.0,73.77630875748716,0.0,0.0,0.0,73.77630875748716,0.0,0.0,0.0,0.0,22.8389319020553,22.8389319020553,0.0
2022-07-06 10:00:00,0.0,0.0,31.066795344465568,8.171766461472032,0.0,80.16598366064886,0.0,0.0,0.0,80.16598366064886,0.0,0.0,0.0,0.0,24.39130218858902,24.39130218858902,0.0
2022-07-06 11:00:00,0.0,0.0,34.92358185429373,8.171766461472032,0.0,84.02277017047702,0.0,0.0,0.0,84.02277017047702,0.0,0.0,0.0,0.0,25.625264446592084,25.625264446592084,0.0
2022-07-06 12:00:00,0.0,0.0,37.74371834609199,8.171766461472032,0.0,86.84290666227528,0.0,0.0,0.0,86.84290666227528,0.0,0.0,0.0,0.0,26.30992700240292,26.30992700240292,0.0
2022-07-06 13:00:00,0.0,0.0,39.70440074436774,8.171766461472032,0.0,88.80358906055103,0.0,0.0,0.0,88.80358906055103,0.0,0.0,0.0,0.0,26.38709845345213,26.38709845345213,0.0
2022-07-06 14:00:00,0.0,0.0,40.76886634368887,8.171766461472032,0.0,89.86805465987217,0.0,0.0,0.0,89.86805465987217,0.0,0.0,0.0,0.0,26.731252858578976,26.731252858578976,0.0
2022-07-06 15:00:00,0.0,0.0,39.63248935585454,8.171766461472032,0.0,88.73167767203783,0.0,0.0,0.0,88.73167767203783,0.0,0.0,0.0,0.0,26.9744300122995,26.9744300122995,0.0
2022-07-06 16:00:00,0.0,0.0,36.402837497382976,8.171766461472032,0.0,85.50202581356628,0.0,0.0,0.0,85.50202581356628,0.0,0.0,0.0,0.0,26.18072030411399,26.18072030411399,0.0
2022-07-06 17:00:00,0.0,0.0,33.345960032180805,8.171766461472032,0.0,70.60034965893276,0.0,0.0,0.0,70.60034965893276,0.0,0.0,0.0,0.0,21.704665495645695,21.704665495645695,0.0
2022-07-06 18:00:00,0.0,0.0,21.40454395742281,8.171766461472032,0.0,58.65893358417474,0.0,0.0,0.0,58.65893358417474,0.0,0.0,0.0,0.0,18.02295734373769,18.02295734373769,0.0
2022-07-06 19:00:00,0.0,0.0,10.74518351914921,8.171766461472032,0.0,51.108754620711,0.0,0.0,0.0,51.108754620711,0.0,0.0,0.0,0.0,15.751718174103129,15.751718174103129,0.0
2022-07-06 20:00:00,0.0,0.0,0.0,0.0,0.0,22.37766708451935,0.0,0.0,0.0,22.37766708451935,0.0,0.0,0.0,0.0,6.835705964308126,6.835705964308126,0.0
2022-07-06 21:00:00,0.0,0.0,0.0,0.0,0.0,15.107011293199369,0.0,0.0,0.0,15.107011293199369,0.0,0.0,0.0,0.0,4.401125600047772,4.401125600047772,0.0
2022-07-06 22:00:00,0.0,0.0,0.0,0.0,0.0,15.107011293199369,0.0,0.0,0.0,15.107011293199369,0.0,0.0,0.0,0.0,4.345531798488798,4.345531798488798,0.0
2022-07-06 23:00:00,0.0,0.0,0.0,0.0,0.0,14.657592477664597,0.0,0.0,0.0,14.657592477664597,0.0,0.0,0.0,0.0,4.108083443715056,4.108083443715056,0.0
2022-07-07 00:00:00,0.0,0.0,0.0,0.0,0.0,14.657592477664597,0.0,0.0,0.0,14.657592477664597,0.0,0.0,0.0,0.0,4.068214792175809,4.068214792175809,0.0
2022-07-07 01:00:00,0.0,0.0,0.0,0.0,0.0,14.657592477664597,0.0,0.0,0.0,14.657592477664597,0.0,0.0,0.0,0.0,3.9525663875270354,3.9525663875270354,0.0
2022-07-07 02:00:00,0.0,0.0,0.0,0.0,0.0,14.657592477664597,0.0,0.0,0.0,14.657592477664597,0.0,0.0,0.0,0.0,3.9566705134207814,3.9566705134207814,0.0
2022-07-07 03:00:00,0.0,0.0,0.0,0.0,0.0,14.657592477664597,0.0,0.0,0.0,14.657592477664597,0.0,0.0,0.0,0.0,3.962240398562294,3.962240398562294,0.0
2022-07-07 04:00:00,0.0,0.0,0.0,0.0,0.0,7.000919685664599,0.0,0.0,0.0,7.000919685664599,0.0,0.0,0.0,0.0,1.9139814328638447,1.9139814328638447,0.0
2022-07-07 05:00:00,0.0,0.0,0.0,8.171766461472032,0.0,11.344349751136637,0.0,0.0,0.0,11.344349751136637,0.0,0.0,0.0,0.0,3.1616702756417805,3.1616702756417805,0.0
2022-07-07 06:00:00,0.0,0.0,0.0,8.171766461472032,0.0,14.516933040801234,0.0,0.0,0.0,14.516933040801234,0.0,0.0,0.0,0.0,4.051385673026808,4.051385673026808,0.0
2022-07-07 07:00:00,0.0,0.0,0.024704557409183987,8.171766461472032,0.0,23.6366202325907,0.0,0.0,0.0,23.6366202325907,0.0,0.0,0.0,0.0,6.544271043797387,6.544271043797387,0.0
2022-07-07 08:00:00,0.0,0.0,5.046076958753833,8.171766461472032,0.0,42.300466585505774,0.0,0.0,0.0,42.300466585505774,0.0,0.0,0.0,0.0,11.618246152375017,11.618246152375017,0.0
2022-07-07 09:00:00,0.0,0.0,9.112681157355887,8.171766461472032,0.0,58.211869473539174,0.0,0.0,0.0,58.211869473539174,0.0,0.0,0.0,0.0,16.005353511749593,16.005353511749593,0.0
2022-07-07 10:00:00,0.0,0.0,15.416808896309067,8.171766461472032,0.0,64.51599721249237,0.0,0.0,0.0,64.51599721249237,0.0,0.0,0.0,0.0,17.75931855268277,17.75931855268277,0.0
2022-07-07 11:00:00,0.0,0.0,20.225614614308235,8.171766461472032,0.0,69.32480293049153,0.0,0.0,0.0,69.32480293049153,0.0,0.0,0.0,0.0,19.07957226252988,19.07957226252988,0.0
2022-07-07 12:00:00,0.0,0.0,21.175050844107744,8.171766461472032,0.0,70.27423916029105,0.0,0.0,0.0,70.27423916029105,0.0,0.0,0.0,0.0,19.506020563721986,19.506020563721986,0.0
2022-07-07 13:00:00,0.0,0.0,20.586273028136784,8.171766461472032,0.0,69.68546134432009,0.0,0.0,0.0,69.68546134432009,0.0,0.0,0.0,0.0,19.503566921048307,19.503566921048307,0.0
2022-07-07 14:00:00,0.0,0.0,20.394831638497074,8.171766461472032,0.0,69.49401995468037,0.0,0.0,0.0,69.49401995468037,0.0,0.0,0.0,0.0,19.73074214553285,19.73074214553285,0.0
2022-07-07 15:00:00,0.0,0.0,19.666287754273363,8.171766461472032,0.0,68.76547607045664,0.0,0.0,0.0,68.76547607045664,0.0,0.0,0.0,0.0,19.506014942145733,19.506014942145733,0.0
2022-07-07 16:00:00,0.0,0.0,16.847216735574456,8.171766461472032,0.0,65.94640505175775,0.0,0.0,0.0,65.94640505175775,0.0,0.0,0.0,0.0,18.531599283594446,18.531599283594446,0.0
2022-07-07 17:00:00,0.0,0.0,11.257227620022825,8.171766461472032,0.0,43.96412592958461,0.0,0.0,0.0,43.96412592958461,0.0,0.0,0.0,0.0,12.526698401116544,12.526698401116544,0.0
2022-07-07 18:00:00,0.0,0.0,8.318293582702513,8.171766461472032,0.0,31.930209257884037,0.0,0.0,0.0,31.930209257884037,0.0,0.0,0.0,0.0,9.288178571025886,9.288178571025886,0.0
2022-07-07 19:00:00,0.0,0.0,6.321201924629741,8.171766461472032,0.0,37.589790391811256,0.0,0.0,0.0,37.589790391811256,0.0,0.0,0.0,0.0,11.14086207632502,11.14086207632502,0.0
2022-07-07 20:00:00,0.0,0.0,3.5482734515112893,8.171766461472032,0.0,29.550215680312512,0.0,0.0,0.0,29.550215680312512,0.0,0.0,0.0,0.0,8.664714241781235,8.664714241781235,0.0
2022-07-07 21:00:00,0.0,0.0,0.0,0.0,0.0,14.657592477664597,0.0,0.0,0.0,14.657592477664597,0.0,0.0,0.0,0.0,4.284121129371808,4.284121129371808,0.0
2022-07-07 22:00:00,0.0,0.0,0.0,0.0,0.0,14.657592477664597,0.0,0.0,0.0,14.657592477664597,0.0,0.0,0.0,0.0,4.079061410609281,4.079061410609281,0.0
2022-07-07 23:00:00,0.0,0.0,0.0,0.0,0.0,14.657592477664597,0.0,0.0,0.0,14.657592477664597,0.0,0.0,0.0,0.0,3.926475872916792,3.926475872916792,0.0
2022-07-08 00:00:00,0.0,0.0,0.0,0.0,0.0,14.657592477664597,0.0,0.0,0.0,14.657592477664597,0.0,0.0,0.0,0.0,3.9085936100940417,3.9085936100940417,0.0
2022-07-08 01:00:00,0.0,0.0,0.0,0.0,0.0,14.657592477664597,0.0,0.0,0.0,14.657592477664597,0.0,0.0,0.0,0.0,3.9015579657047628,3.9015579657047628,0.0
2022-07-08 02:00:00,0.0,0.0,0.0,0.0,0.0,14.657592477664597,0.0,0.0,0.0,14.657592477664597,0.0,0.0,0.0,0.0,3.931312878434422,3.931312878434422,0.0
2022-07-08 03:00:00,0.0,0.0,0.0,0.0,0.0,14.657592477664597,0.0,0.0,0.0,14.657592477664597,0.0,0.0,0.0,0.0,4.030544779508211,4.030544779508211,0.0
2022-07-08 04:00:00,0.0,0.0,0.0,0.0,0.0,7.000919685664599,0.0,0.0,0.0,7.000919685664599,0.0,0.0,0.0,0.0,1.9251829043609083,1.9251829043609083,0.0
2022-07-08 05:00:00,0.0,0.0,0.0,0.0,0.0,3.1725832896646002,0.0,0.0,0.0,3.1725832896646002,0.0,0.0,0.0,0.0,0.878107602913368,0.878107602913368,0.0
2022-07-08 06:00:00,0.0,0.0,0.0,0.0,0.0,3.1725832896646002,0.0,0.0,0.0,3.1725832896646002,0.0,0.0,0.0,0.0,0.9003156859410202,0.9003156859410202,0.0
2022-07-08 07:00:00,0.0,0.0,0.0,8.171766461472032,0.0,14.516933040801234,0.0,0.0,0.0,14.516933040801234,0.0,0.0,0.0,0.0,4.25288070363313,4.25288070363313,0.0
2022-07-08 08:00:00,0.0,0.0,0.759203946899266,8.171766461472032,0.0,15.276136987700504,0.0,0.0,0.0,15.276136987700504,0.0,0.0,0.0,0.0,4.436648465337858,4.436648465337858,0.0
2022-07-08 09:00:00,0.0,0.0,8.322012204498126,8.171766461472032,0.0,36.48141919686979,0.0,0.0,0.0,36.48141919686979,0.0,0.0,0.0,0.0,10.605878188913985,10.605878188913985,0.0
2022-07-08 10:00:00,0.0,0.0,12.547578467363348,8.171766461472032,0.0,40.70698545973501,0.0,0.0,0.0,40.70698545973501,0.0,0.0,0.0,0.0,11.822122717216242,11.822122717216242,0.0
2022-07-08 11:00:00,0.0,0.0,18.588986290182675,8.171766461472032,0.0,55.8433759169346,0.0,0.0,0.0,55.8433759169346,0.0,0.0,0.0,0.0,16.132592868643236,16.132592868643236,0.0
2022-07-08 12:00:00,0.0,0.0,20.006548564347643,8.171766461472032,0.0,57.26093819109957,0.0,0.0,0.0,57.26093819109957,0.0,0.0,0.0,0.0,16.6589247479366,16.6589247479366,0.0
2022-07-08 13:00:00,0.0,0.0,20.494547782408436,8.171766461472032,0.0,57.74893740916037,0.0,0.0,0.0,57.74893740916037,0.0,0.0,0.0,0.0,16.560662780824916,16.560662780824916,0.0
2022-07-08 14:00:00,0.0,0.0,22.203077177892183,8.171766461472032,0.0,59.45746680464412,0.0,0.0,0.0,59.45746680464412,0.0,0.0,0.0,0.0,17.03456423953054,17.03456423953054,0.0
2022-07-08 15:00:00,0.0,0.0,23.3816017382812,8.171766461472032,0.0,60.63599136503314,0.0,0.0,0.0,60.63599136503314,0.0,0.0,0.0,0.0,17.261854021797635,17.261854021797635,0.0
2022-07-08 16:00:00,0.0,0.0,21.49410440459436,8.171766461472032,0.0,49.653511396966024,0.0,0.0,0.0,49.653511396966024,0.0,0.0,0.0,0.0,14.116493290157441,14.116493290157441,0.0
2022-07-08 17:00:00,0.0,0.0,17.909898229303586,8.171766461472032,0.0,36.974322587294964,0.0,0.0,0.0,36.974322587294964,0.0,0.0,0.0,0.0,10.725881239348395,10.725881239348395,0.0
2022-07-08 18:00:00,0.0,0.0,0.0,0.0,0.0,3.1725832896646002,0.0,0.0,0.0,3.1725832896646002,0.0,0.0,0.0,0.0,0.9274095472347559,0.9274095472347559,0.0
2022-07-08 19:00:00,0.0,0.0,0.0,0.0,0.0,10.829256081664601,0.0,0.0,0.0,10.829256081664601,0.0,0.0,0.0,0.0,3.162359360967697,3.162359360967697,0.0
2022-07-08 20:00:00,0.0,0.0,0.0,0.0,0.0,14.657592477664597,0.0,0.0,0.0,14.657592477664597,0.0,0.0,0.0,0.0,4.22593048723548,4.22593048723548,0.0
2022-07-08 21:00:00,0.0,0.0,0.0,0.0,0.0,14.657592477664597,0.0,0.0,0.0,14.657592477664597,0.0,0.0,0.0,0.0,4.167886421023929,4.167886421023929,0.0
2022-07-08 22:00:00,0.0,0.0,0.0,0.0,0.0,14.657592477664597,0.0,0.0,0.0,14.657592477664597,0.0,0.0,0.0,0.0,3.9355635802529445,3.9355635802529445,0.0
2022-07-08 23:00:00,0.0,0.0,0.0,0.0,0.0,15.107011293199369,0.0,0.0,0.0,15.107011293199369,0.0,0.0,0.0,0.0,3.9099966629058605,3.9099966629058605,0.0
2022-07-09 00:00:00,0.0,0.0,0.0,0.0,0.0,15.107011293199369,0.0,0.0,0.0,15.107011293199369,0.0,0.0,0.0,0.0,3.9098455927929283,3.9098455927929283,0.0
2022-07-09 01:00:00,0.0,0.0,0.0,0.0,0.0,15.107011293199369,0.0,0.0,0.0,15.107011293199369,0.0,0.0,0.0,0.0,4.064239248209426,4.064239248209426,0.0
2022-07-09 02:00:00,0.0,0.0,0.0,0.0,0.0,15.107011293199369,0.0,0.0,0.0,15.107011293199369,0.0,0.0,0.0,0.0,4.093093639779437,4.093093639779437,0.0
2022-07-09 03:00:00,0.0,0.0,0.0,0.0,0.0,15.107011293199369,0.0,0.0,0.0,15.107011293199369,0.0,0.0,0.0,0.0,4.059405004595602,4.059405004595602,0.0
2022-07-09 04:00:00,0.0,0.0,0.0,0.0,0.0,7.450338501199367,0.0,0.0,0.0,7.450338501199367,0.0,0.0,0.0,0.0,2.0247784944709517,2.0247784944709517,0.0
2022-07-09 05:00:00,0.0,0.0,0.0,8.171766461472032,0.0,11.793768566671403,0.0,0.0,0.0,11.793768566671403,0.0,0.0,0.0,0.0,3.2939995606713226,3.2939995606713226,0.0
2022-07-09 06:00:00,0.0,0.0,0.0,8.171766461472032,0.0,19.064424357991378,0.0,0.0,0.0,19.064424357991378,0.0,0.0,0.0,0.0,5.507712197023709,5.507712197023709,0.0
2022-07-09 07:00:00,0.0,0.0,0.542488670644271,8.171766461472032,0.0,33.24938698020606,0.0,0.0,0.0,33.24938698020606,0.0,0.0,0.0,0.0,9.379319573246326,9.379319573246326,0.0
2022-07-09 08:00:00,0.0,0.0,2.896263447462866,8.171766461472032,0.0,51.995451763646166,0.0,0.0,0.0,51.995451763646166,0.0,0.0,0.0,0.0,14.775547527675332,14.775547527675332,0.0
2022-07-09 09:00:00,0.0,0.0,3.872801184535158,8.171766461472032,0.0,52.971989500718465,0.0,0.0,0.0,52.971989500718465,0.0,0.0,0.0,0.0,14.833216499991185,14.833216499991185,0.0
2022-07-09 10:00:00,0.0,0.0,8.108659690173699,8.171766461472032,0.0,57.20784800635699,0.0,0.0,0.0,57.20784800635699,0.0,0.0,0.0,0.0,16.33913346909562,16.33913346909562,0.0
2022-07-09 11:00:00,0.0,0.0,9.977809720337007,8.171766461472032,0.0,59.07699803652028,0.0,0.0,0.0,59.07699803652028,0.0,0.0,0.0,0.0,17.088612452043858,17.088612452043858,0.0
2022-07-09 12:00:00,0.0,0.0,12.179526822894077,8.171766461472032,0.0,61.27871513907736,0.0,0.0,0.0,61.27871513907736,0.0,0.0,0.0,0.0,17.834557254077076,17.834557254077076,0.0
2022-07-09 13:00:00,0.0,0.0,13.991215161305803,8.171766461472032,0.0,63.0904034774891,0.0,0.0,0.0,63.0904034774891,0.0,0.0,0.0,0.0,18.11830207066532,18.11830207066532,0.0
2022-07-09 14:00:00,0.0,0.0,15.256068828373275,8.171766461472032,0.0,64.35525714455657,0.0,0.0,0.0,64.35525714455657,0.0,0.0,0.0,0.0,18.24085408505312,18.24085408505312,0.0
2022-07-09 15:00:00,0.0,0.0,14.272955816669763,8.171766461472032,0.0,63.37214413285307,0.0,0.0,0.0,63.37214413285307,0.0,0.0,0.0,0.0,17.923543525094832,17.923543525094832,0.0
2022-07-09 16:00:00,0.0,0.0,12.494547016834861,8.171766461472032,0.0,61.59373533301816,0.0,0.0,0.0,61.59373533301816,0.0,0.0,0.0,0.0,17.593018623169975,17.593018623169975,0.0
2022-07-09 17:00:00,0.0,0.0,9.647018368660088,8.171766461472032,0.0,46.90140799541203,0.0,0.0,0.0,46.90140799541203,0.0,0.0,0.0,0.0,13.660035078663753,13.660035078663753,0.0
2022-07-09 18:00:00,0.0,0.0,5.508513812865198,8.171766461472032,0.0,42.76290343961714,0.0,0.0,0.0,42.76290343961714,0.0,0.0,0.0,0.0,12.736930789489966,12.736930789489966,0.0
2022-07-09 19:00:00,0.0,0.0,2.4272565969552335,8.171766461472032,0.0,42.79082769851702,0.0,0.0,0.0,42.79082769851702,0.0,0.0,0.0,0.0,12.95663471883397,12.95663471883397,0.0
2022-07-09 20:00:00,0.0,0.0,0.0,0.0,0.0,22.37766708451935,0.0,0.0,0.0,22.37766708451935,0.0,0.0,0.0,0.0,6.671677664578597,6.671677664578597,0.0
2022-07-09 21:00:00,0.0,0.0,0.0,0.0,0.0,15.107011293199369,0.0,0.0,0.0,15.107011293199369,0.0,0.0,0.0,0.0,4.349912831763826,4.349912831763826,0.0
2022-07-09 22:00:00,0.0,0.0,0.0,0.0,0.0,15.107011293199369,0.0,0.0,0.0,15.107011293199369,0.0,0.0,0.0,0.0,4.237214527516559,4.237214527516559,0.0
2022-07-09 23:00:00,0.0,0.0,0.0,0.0,0.0,15.107011293199369,0.0,0.0,0.0,15.107011293199369,0.0,0.0,0.0,0.0,4.246731944631275,4.246731944631275,0.0
2022-07-10 00:00:00,0.0,0.0,0.0,0.0,0.0,15.107011293199369,0.0,0.0,0.0,15.107011293199369,0.0,0.0,0.0,0.0,4.2645582179572505,4.2645582179572505,0.0
2022-07-10 01:00:00,0.0,0.0,0.0,0.0,0.0,15.107011293199369,0.0,0.0,0.0,15.107011293199369,0.0,0.0,0.0,0.0,4.339488993971519,4.339488993971519,0.0
2022-07-10 02:00:00,0.0,0.0,0.0,0.0,0.0,15.107011293199369,0.0,0.0,0.0,15.107011293199369,0.0,0.0,0.0,0.0,4.3508192524414175,4.3508192524414175,0.0
2022-07-10 03:00:00,0.0,0.0,0.0,0.0,0.0,15.107011293199369,0.0,0.0,0.0,15.107011293199369,0.0,0.0,0.0,0.0,4.362149510911318,4.362149510911318,0.0
2022-07-10 04:00:00,0.0,0.0,0.0,0.0,0.0,7.450338501199367,0.0,0.0,0.0,7.450338501199367,0.0,0.0,0.0,0.0,2.1757223525052507,2.1757223525052507,0.0
2022-07-10 05:00:00,0.0,0.0,0.0,8.171766461472032,0.49034316701856356,11.793768566671403,0.0,0.0,0.0,11.793768566671403,0.0,0.0,0.0,0.0,3.555890324253346,3.555890324253346,0.0
2022-07-10 06:00:00,0.0,0.0,0.0,8.171766461472032,0.0,19.064424357991378,0.0,0.0,0.0,19.064424357991378,0.0,0.0,0.0,0.0,5.63715963841447,5.63715963841447,0.0
2022-07-10 07:00:00,0.0,0.0,0.0,8.171766461472032,0.0,32.706898309561794,0.0,0.0,0.0,32.706898309561794,0.0,0.0,0.0,0.0,9.663580174543128,9.663580174543128,0.0
2022-07-10 08:00:00,0.0,0.0,0.9714305014937754,8.171766461472032,0.0,50.070618817677065,0.0,0.0,0.0,50.070618817677065,0.0,0.0,0.0,0.0,15.083773918825218,15.083773918825218,0.0
2022-07-10 09:00:00,0.0,0.0,5.937977994608085,8.171766461472032,0.0,55.03716631079138,0.0,0.0,0.0,55.03716631079138,0.0,0.0,0.0,0.0,16.68341622379019,16.68341622379019,0.0
2022-07-10 10:00:00,0.0,0.0,9.379204548301207,8.171766461472032,0.0,58.47839286448449,0.0,0.0,0.0,58.47839286448449,0.0,0.0,0.0,0.0,18.00608194690342,18.00608194690342,0.0
2022-07-10 11:00:00,0.0,0.0,9.67424528107633,8.171766461472032,0.0,58.773433597259626,0.0,0.0,0.0,58.773433597259626,0.0,0.0,0.0,0.0,18.176272074288512,18.176272074288512,0.0
2022-07-10 12:00:00,0.0,0.0,13.291235588017885,8.171766461472032,0.0,62.39042390420119,0.0,0.0,0.0,62.39042390420119,0.0,0.0,0.0,0.0,19.45645369452514,19.45645369452514,0.0
2022-07-10 13:00:00,0.0,0.0,15.82100865458769,8.171766461472032,0.0,64.92019697077099,0.0,0.0,0.0,64.92019697077099,0.0,0.0,0.0,0.0,19.50397477592873,19.50397477592873,0.0
2022-07-10 14:00:00,0.0,0.0,16.567337944081213,8.171766461472032,0.0,65.6665262602645,0.0,0.0,0.0,65.6665262602645,0.0,0.0,0.0,0.0,19.549581532943343,19.549581532943343,0.0
2022-07-10 15:00:00,0.0,0.0,13.451018178520625,8.171766461472032,0.0,62.550206494703914,0.0,0.0,0.0,62.550206494703914,0.0,0.0,0.0,0.0,18.665607120084594,18.665607120084594,0.0
2022-07-10 16:00:00,0.0,0.0,9.43570010364018,8.171766461472032,0.0,58.53488841982347,0.0,0.0,0.0,58.53488841982347,0.0,0.0,0.0,0.0,17.495492799801035,17.495492799801035,0.0
2022-07-10 17:00:00,0.0,0.0,7.043983687007191,8.171766461472032,0.0,44.29837331375913,0.0,0.0,0.0,44.29837331375913,0.0,0.0,0.0,0.0,13.523850388957525,13.523850388957525,0.0
2022-07-10 18:00:00,0.0,0.0,5.3032521224141815,8.171766461472032,0.0,42.55764174916612,0.0,0.0,0.0,42.55764174916612,0.0,0.0,0.0,0.0,13.248619452932905,13.248619452932905,0.0
2022-07-10 19:00:00,0.0,0.0,4.099399653957163,8.171766461472032,0.0,44.462970755518946,0.0,0.0,0.0,44.462970755518946,0.0,0.0,0.0,0.0,14.01206060389424,14.01206060389424,0.0
2022-07-10 20:00:00,0.0,0.0,0.0,0.0,0.0,22.37766708451935,0.0,0.0,0.0,22.37766708451935,0.0,0.0,0.0,0.0,6.818475160653045,6.818475160653045,0.0
2022-07-10 21:00:00,0.0,0.0,0.0,0.0,0.0,15.107011293199369,0.0,0.0,0.0,15.107011293199369,0.0,0.0,0.0,0.0,4.490710177016444,4.490710177016444,0.0
2022-07-10 22:00:00,0.0,0.0,0.0,0.0,0.0,15.107011293199369,0.0,0.0,0.0,15.107011293199369,0.0,0.0,0.0,0.0,4.259875044456358,4.259875044456358,0.0
2022-07-10 23:00:00,0.0,0.0,0.0,0.0,0.0,15.107011293199369,0.0,0.0,0.0,15.107011293199369,0.0,0.0,0.0,0.0,4.229963162095824,4.229963162095824,0.0
2022-07-11 00:00:00,0.0,0.0,0.0,0.0,0.0,15.107011293199369,0.0,0.0,0.0,15.107011293199369,0.0,0.0,0.0,0.0,4.16983725714889,4.16983725714889,0.0
2022-07-11 01:00:00,0.0,0.0,0.0,0.0,0.0,15.107011293199369,0.0,0.0,0.0,15.107011293199369,0.0,0.0,0.0,0.0,4.202921611880996,4.202921611880996,0.0
2022-07-11 02:00:00,0.0,0.0,0.0,0.0,0.0,15.107011293199369,0.0,0.0,0.0,15.107011293199369,0.0,0.0,0.0,0.0,4.199446999283561,4.199446999283561,0.0
2022-07-11 03:00:00,0.0,0.0,0.0,0.0,0.0,15.107011293199369,0.0,0.0,0.0,15.107011293199369,0.0,0.0,0.0,0.0,4.20851120605948,4.20851120605948,0.0
2022-07-11 04:00:00,0.0,0.0,0.0,0.0,0.0,9.364506699199367,0.0,0.0,0.0,9.364506699199367,0.0,0.0,0.0,0.0,2.648282494533581,2.648282494533581,0.0
2022-07-11 05:00:00,0.0,0.0,0.0,8.171766461472032,0.0,11.793768566671403,0.0,0.0,0.0,11.793768566671403,0.0,0.0,0.0,0.0,3.438355287927381,3.438355287927381,0.0
2022-07-11 06:00:00,0.0,0.0,0.0,8.171766461472032,0.0,19.064424357991378,0.0,0.0,0.0,19.064424357991378,0.0,0.0,0.0,0.0,5.451853433654795,5.451853433654795,0.0
2022-07-11 07:00:00,0.0,0.0,0.14884854900559177,8.171766461472032,0.0,32.85574685856738,0.0,0.0,0.0,32.85574685856738,0.0,0.0,0.0,0.0,9.489068250222845,9.489068250222845,0.0
2022-07-11 08:00:00,0.0,0.0,4.814196161725815,8.171766461472032,0.0,53.91338447790911,0.0,0.0,0.0,53.91338447790911,0.0,0.0,0.0,0.0,15.972379285425351,15.972379285425351,0.0
2022-07-11 09:00:00,0.0,0.0,6.864743586189232,8.171766461472032,0.0,55.96393190237252,0.0,0.0,0.0,55.96393190237252,0.0,0.0,0.0,0.0,16.547415384893508,16.547415384893508,0.0
2022-07-11 10:00:00,0.0,0.0,9.975239388483276,8.171766461472032,0.0,59.074427704666576,0.0,0.0,0.0,59.074427704666576,0.0,0.0,0.0,0.0,17.48366762347312,17.48366762347312,0.0
2022-07-11 11:00:00,0.0,0.0,11.443641885538051,8.171766461472032,0.0,60.54283020172135,0.0,0.0,0.0,60.54283020172135,0.0,0.0,0.0,0.0,18.078089098234,18.078089098234,0.0
2022-07-11 12:00:00,0.0,0.0,13.120669739384809,8.171766461472032,0.0,62.21985805556811,0.0,0.0,0.0,62.21985805556811,0.0,0.0,0.0,0.0,18.195575289770336,18.195575289770336,0.0
2022-07-11 13:00:00,0.0,0.0,15.142639231585683,8.171766461472032,0.0,64.24182754776898,0.0,0.0,0.0,64.24182754776898,0.0,0.0,0.0,0.0,18.61985129644536,18.61985129644536,0.0
2022-07-11 14:00:00,0.0,0.0,16.99729250265612,8.171766461472032,0.0,66.09648081883941,0.0,0.0,0.0,66.09648081883941,0.0,0.0,0.0,0.0,18.66895100728119,18.66895100728119,0.0
2022-07-11 15:00:00,0.0,0.0,18.465493712668138,8.171766461472032,0.0,67.56468202885142,0.0,0.0,0.0,67.56468202885142,0.0,0.0,0.0,0.0,18.96743318595946,18.96743318595946,0.0
2022-07-11 16:00:00,0.0,0.0,18.02638742833505,8.171766461472032,0.0,67.12557574451833,0.0,0.0,0.0,67.12557574451833,0.0,0.0,0.0,0.0,19.24020377565129,19.24020377565129,0.0
2022-07-11 17:00:00,0.0,0.0,16.59845364779295,8.171766461472032,0.0,53.85284327454489,0.0,0.0,0.0,53.85284327454489,0.0,0.0,0.0,0.0,15.929132512177633,15.929132512177633,0.0
2022-07-11 18:00:00,0.0,0.0,14.16542338972425,8.171766461472032,0.0,51.41981301647619,0.0,0.0,0.0,51.41981301647619,0.0,0.0,0.0,0.0,15.269113475242605,15.269113475242605,0.0
2022-07-11 19:00:00,0.0,0.0,12.023847577396374,8.171766461472032,0.0,52.38741867895816,0.0,0.0,0.0,52.38741867895816,0.0,0.0,0.0,0.0,15.783805373783306,15.783805373783306,0.0
2022-07-11 20:00:00,0.0,0.0,0.0,0.0,0.0,22.37766708451935,0.0,0.0,0.0,22.37766708451935,0.0,0.0,0.0,0.0,6.768125409712877,6.768125409712877,0.0
2022-07-11 21:00:00,0.0,0.0,0.0,0.0,0.0,15.107011293199369,0.0,0.0,0.0,15.107011293199369,0.0,0.0,0.0,0.0,4.4094344562590315,4.4094344562590315,0.0
2022-07-11 22:00:00,0.0,0.0,0.0,0.0,0.0,15.107011293199369,0.0,0.0,0.0,15.107011293199369,0.0,0.0,0.0,0.0,4.343870027246547,4.343870027246547,0.0
2022-07-11 23:00:00,0.0,0.0,0.0,0.0,0.0,15.107011293199369,0.0,0.0,0.0,15.107011293199369,0.0,0.0,0.0,0.0,4.137357182868511,4.137357182868511,0.0
2022-07-12 00:00:00,0.0,0.0,0.0,0.0,0.0,15.107011293199369,0.0,0.0,0.0,15.107011293199369,0.0,0.0,0.0,0.0,4.1202862601071955,4.1202862601071955,0.0
2022-07-12 01:00:00,0.0,0.0,0.0,0.0,0.0,15.107011293199369,0.0,0.0,0.0,15.107011293199369,0.0,0.0,0.0,0.0,4.155032386081555,4.155032386081555,0.0
2022-07-12 02:00:00,0.0,0.0,0.0,0.0,0.0,15.107011293199369,0.0,0.0,0.0,15.107011293199369,0.0,0.0,0.0,0.0,4.161830541163495,4.161830541163495,0.0
2022-07-12 03:00:00,0.0,0.0,0.0,0.0,0.0,15.107011293199369,0.0,0.0,0.0,15.107011293199369,0.0,0.0,0.0,0.0,4.156996297549671,4.156996297549671,0.0
2022-07-12 04:00:00,0.0,0.0,0.0,0.0,0.0,9.364506699199367,0.0,0.0,0.0,9.364506699199367,0.0,0.0,0.0,0.0,2.6038010877123843,2.6038010877123843,0.0
2022-07-12 05:00:00,0.0,0.0,0.0,8.171766461472032,0.0,11.793768566671403,0.0,0.0,0.0,11.793768566671403,0.0,0.0,0.0,0.0,3.3657056735566853,3.3657056735566853,0.0
2022-07-12 06:00:00,0.0,0.0,0.0,8.171766461472032,0.0,19.064424357991378,0.0,0.0,0.0,19.064424357991378,0.0,0.0,0.0,0.0,5.456238251257132,5.456238251257132,0.0
2022-07-12 07:00:00,0.0,0.0,0.20235753729002856,8.171766461472032,0.0,32.90925584685181,0.0,0.0,0.0,32.90925584685181,0.0,0.0,0.0,0.0,9.588769876097214,9.588769876097214,0.0
2022-07-12 08:00:00,0.0,0.0,4.912597474220461,8.171766461472032,0.0,54.011785790403756,0.0,0.0,0.0,54.011785790403756,0.0,0.0,0.0,0.0,15.950760579622036,15.950760579622036,0.0
2022-07-12 09:00:00,0.0,0.0,9.185713627208779,8.171766461472032,0.0,58.284901943392086,0.0,0.0,0.0,58.284901943392086,0.0,0.0,0.0,0.0,17.367735081091976,17.367735081091976,0.0
2022-07-12 10:00:00,0.0,0.0,14.673644136122396,8.171766461472032,0.0,63.77283245230571,0.0,0.0,0.0,63.77283245230571,0.0,0.0,0.0,0.0,18.998564515866395,18.998564515866395,0.0
2022-07-12 11:00:00,0.0,0.0,15.281545489730183,8.171766461472032,0.0,64.38073380591348,0.0,0.0,0.0,64.38073380591348,0.0,0.0,0.0,0.0,19.136529316469723,19.136529316469723,0.0
2022-07-12 12:00:00,0.0,0.0,17.888988754104627,8.171766461472032,0.0,66.98817707028792,0.0,0.0,0.0,66.98817707028792,0.0,0.0,0.0,0.0,19.949079131531743,19.949079131531743,0.0
2022-07-12 13:00:00,0.0,0.0,21.147674802134528,8.171766461472032,0.0,70.24686311831782,0.0,0.0,0.0,70.24686311831782,0.0,0.0,0.0,0.0,20.83170725773715,20.83170725773715,0.0
2022-07-12 14:00:00,0.0,0.0,24.889981937275973,8.171766461472032,0.0,73.98917025345926,0.0,0.0,0.0,73.98917025345926,0.0,0.0,0.0,0.0,21.656630133187527,21.656630133187527,0.0
2022-07-12 15:00:00,0.0,0.0,24.130905123676737,8.171766461472032,0.0,73.23009343986004,0.0,0.0,0.0,73.23009343986004,0.0,0.0,0.0,0.0,21.334855422768825,21.334855422768825,0.0
2022-07-12 16:00:00,0.0,0.0,22.219337791977814,8.171766461472032,0.0,71.31852610816112,0.0,0.0,0.0,71.31852610816112,0.0,0.0,0.0,0.0,21.111710098537856,21.111710098537856,0.0
2022-07-12 17:00:00,0.0,0.0,19.82930130034335,8.171766461472032,0.0,57.083690927095304,0.0,0.0,0.0,57.083690927095304,0.0,0.0,0.0,0.0,17.36942547529656,17.36942547529656,0.0
2022-07-12 18:00:00,0.0,0.0,16.187742712281118,8.171766461472032,0.0,53.44213233903306,0.0,0.0,0.0,53.44213233903306,0.0,0.0,0.0,0.0,16.85083874782051,16.85083874782051,0.0
2022-07-12 19:00:00,0.0,0.0,13.669816973576244,8.171766461472032,0.0,54.03338807513803,0.0,0.0,0.0,54.03338807513803,0.0,0.0,0.0,0.0,17.11561600668072,17.11561600668072,0.0
2022-07-12 20:00:00,0.0,0.0,0.0,0.0,0.0,22.37766708451935,0.0,0.0,0.0,22.37766708451935,0.0,0.0,0.0,0.0,6.902838965561684,6.902838965561684,0.0
2022-07-12 21:00:00,0.0,0.0,0.0,0.0,0.0,15.107011293199369,0.0,0.0,0.0,15.107011293199369,0.0,0.0,0.0,0.0,4.511859992826924,4.511859992826924,0.0
2022-07-12 22:00:00,0.0,0.0,0.0,0.0,0.0,15.107011293199369,0.0,0.0,0.0,15.107011293199369,0.0,0.0,0.0,0.0,4.397802057563268,4.397802057563268,0.0
2022-07-12 23:00:00,0.0,0.0,0.0,0.0,0.0,15.107011293199369,0.0,0.0,0.0,15.107011293199369,0.0,0.0,0.0,0.0,4.280571649928042,4.280571649928042,0.0
2022-07-13 00:00:00,0.0,0.0,0.0,0.0,0.0,15.107011293199369,0.0,0.0,0.0,15.107011293199369,0.0,0.0,0.0,0.0,4.225582128820795,4.225582128820795,0.0
2022-07-13 01:00:00,0.0,0.0,0.0,0.0,0.0,15.107011293199369,0.0,0.0,0.0,15.107011293199369,0.0,0.0,0.0,0.0,4.198691648718901,4.198691648718901,0.0
2022-07-13 02:00:00,0.0,0.0,0.0,0.0,0.0,15.107011293199369,0.0,0.0,0.0,15.107011293199369,0.0,0.0,0.0,0.0,4.229812091982891,4.229812091982891,0.0
2022-07-13 03:00:00,0.0,0.0,0.0,0.0,0.0,15.107011293199369,0.0,0.0,0.0,15.107011293199369,0.0,0.0,0.0,0.0,4.207000504930161,4.207000504930161,0.0
2022-07-13 04:00:00,0.0,0.0,0.0,0.0,0.0,9.364506699199367,0.0,0.0,0.0,9.364506699199367,0.0,0.0,0.0,0.0,2.610075307200848,2.610075307200848,0.0
2022-07-13 05:00:00,0.0,0.0,0.0,8.171766461472032,0.0,11.793768566671403,0.0,0.0,0.0,11.793768566671403,0.0,0.0,0.0,0.0,3.283974857389652,3.283974857389652,0.0
2022-07-13 06:00:00,0.0,0.0,0.0,8.171766461472032,0.0,19.064424357991378,0.0,0.0,0.0,19.064424357991378,0.0,0.0,0.0,0.0,5.321071482558974,5.321071482558974,0.0
2022-07-13 07:00:00,0.0,0.0,0.6149645306436957,8.171766461472032,0.0,33.32186284020549,0.0,0.0,0.0,33.32186284020549,0.0,0.0,0.0,0.0,9.394766009167537,9.394766009167537,0.0
2022-07-13 08:00:00,0.0,0.0,8.667025045171568,8.171766461472032,0.0,57.76621336135486,0.0,0.0,0.0,57.76621336135486,0.0,0.0,0.0,0.0,16.180316362515498,16.180316362515498,0.0
2022-07-13 09:00:00,0.0,0.0,13.032937816939475,8.171766461472032,0.0,62.132126133122775,0.0,0.0,0.0,62.132126133122775,0.0,0.0,0.0,0.0,17.683424418748075,17.683424418748075,0.0
2022-07-13 10:00:00,0.0,0.0,18.13838374501826,8.171766461472032,0.0,67.23757206120156,0.0,0.0,0.0,67.23757206120156,0.0,0.0,0.0,0.0,19.281046164270162,19.281046164270162,0.0
2022-07-13 11:00:00,0.0,0.0,21.96070321810595,8.171766461472032,0.0,71.05989153428925,0.0,0.0,0.0,71.05989153428925,0.0,0.0,0.0,0.0,20.485145531504905,20.485145531504905,0.0
2022-07-13 12:00:00,0.0,0.0,23.509608780600754,8.171766461472032,0.0,72.60879709678403,0.0,0.0,0.0,72.60879709678403,0.0,0.0,0.0,0.0,21.06018159792221,21.06018159792221,0.0
2022-07-13 13:00:00,0.0,0.0,23.35749668531239,8.171766461472032,0.0,72.45668500149569,0.0,0.0,0.0,72.45668500149569,0.0,0.0,0.0,0.0,21.17184335743704,21.17184335743704,0.0
2022-07-13 14:00:00,0.0,0.0,23.904625516910322,8.171766461472032,0.0,73.0038138330936,0.0,0.0,0.0,73.0038138330936,0.0,0.0,0.0,0.0,21.5594863011892,21.5594863011892,0.0
2022-07-13 15:00:00,0.0,0.0,22.92987997936739,8.171766461472032,0.0,72.02906829555069,0.0,0.0,0.0,72.02906829555069,0.0,0.0,0.0,0.0,20.671622310140094,20.671622310140094,0.0
2022-07-13 16:00:00,0.0,0.0,21.165207175605758,8.171766461472032,0.0,70.26439549178906,0.0,0.0,0.0,70.26439549178906,0.0,0.0,0.0,0.0,20.00286810860251,20.00286810860251,0.0
2022-07-13 17:00:00,0.0,0.0,18.8119965672947,8.171766461472032,0.0,56.066386194046636,0.0,0.0,0.0,56.066386194046636,0.0,0.0,0.0,0.0,16.46781895291538,16.46781895291538,0.0
2022-07-13 18:00:00,0.0,0.0,14.836058308080819,8.171766461472032,0.0,52.09044793483276,0.0,0.0,0.0,52.09044793483276,0.0,0.0,0.0,0.0,15.822473560205452,15.822473560205452,0.0
2022-07-13 19:00:00,0.0,0.0,10.77369375229698,8.171766461472032,0.0,51.13726485385877,0.0,0.0,0.0,51.13726485385877,0.0,0.0,0.0,0.0,15.832608571403213,15.832608571403213,0.0
2022-07-13 20:00:00,0.0,0.0,0.0,0.0,0.0,22.37766708451935,0.0,0.0,0.0,22.37766708451935,0.0,0.0,0.0,0.0,6.738363112490466,6.738363112490466,0.0
2022-07-13 21:00:00,0.0,0.0,0.0,0.0,0.0,15.107011293199369,0.0,0.0,0.0,15.107011293199369,0.0,0.0,0.0,0.0,4.396593496659811,4.396593496659811,0.0
2022-07-13 22:00:00,0.0,0.0,0.0,0.0,0.0,15.107011293199369,0.0,0.0,0.0,15.107011293199369,0.0,0.0,0.0,0.0,4.317130617257583,4.317130617257583,0.0
2022-07-13 23:00:00,0.0,0.0,0.0,0.0,0.0,14.657592477664597,0.0,0.0,0.0,14.657592477664597,0.0,0.0,0.0,0.0,4.20233176334644,4.20233176334644,0.0
2022-07-14 00:00:00,0.0,0.0,0.0,0.0,0.0,14.657592477664597,0.0,0.0,0.0,14.657592477664597,0.0,0.0,0.0,0.0,4.183716620899806,4.183716620899806,0.0
2022-07-14 01:00:00,0.0,0.0,0.0,0.0,0.0,14.657592477664597,0.0,0.0,0.0,14.657592477664597,0.0,0.0,0.0,0.0,4.15733295444001,4.15733295444001,0.0
2022-07-14 02:00:00,0.0,0.0,0.0,0.0,0.0,14.657592477664597,0.0,0.0,0.0,14.657592477664597,0.0,0.0,0.0,0.0,4.160704200709873,4.160704200709873,0.0
2022-07-14 03:00:00,0.0,0.0,0.0,0.0,0.0,14.657592477664597,0.0,0.0,0.0,14.657592477664597,0.0,0.0,0.0,0.0,4.147952095254305,4.147952095254305,0.0
2022-07-14 04:00:00,0.0,0.0,0.0,0.0,0.0,8.915087883664599,0.0,0.0,0.0,8.915087883664599,0.0,0.0,0.0,0.0,2.528229772928443,2.528229772928443,0.0
2022-07-14 05:00:00,0.0,0.0,0.0,8.171766461472032,0.0,11.344349751136637,0.0,0.0,0.0,11.344349751136637,0.0,0.0,0.0,0.0,3.2619543274418286,3.2619543274418286,0.0
2022-07-14 06:00:00,0.0,0.0,0.0,8.171766461472032,0.0,14.516933040801234,0.0,0.0,0.0,14.516933040801234,0.0,0.0,0.0,0.0,4.15939165485037,4.15939165485037,0.0
2022-07-14 07:00:00,0.0,0.0,0.0,8.171766461472032,0.0,23.611915675181518,0.0,0.0,0.0,23.611915675181518,0.0,0.0,0.0,0.0,6.735771184659031,6.735771184659031,0.0
2022-07-14 08:00:00,0.0,0.0,2.567669881799809,8.171766461472032,0.0,39.82205950855175,0.0,0.0,0.0,39.82205950855175,0.0,0.0,0.0,0.0,11.29950938555156,11.29950938555156,0.0
2022-07-14 09:00:00,0.0,0.0,7.950269662331599,8.171766461472032,0.0,57.049457978514894,0.0,0.0,0.0,57.049457978514894,0.0,0.0,0.0,0.0,16.239128213584262,16.239128213584262,0.0
2022-07-14 10:00:00,0.0,0.0,12.111524100319112,8.171766461472032,0.0,61.210712416502425,0.0,0.0,0.0,61.210712416502425,0.0,0.0,0.0,0.0,17.59501928412362,17.59501928412362,0.0
2022-07-14 11:00:00,0.0,0.0,14.514030520456462,8.171766461472032,0.0,63.61321883663975,0.0,0.0,0.0,63.61321883663975,0.0,0.0,0.0,0.0,18.638673119135447,18.638673119135447,0.0
2022-07-14 12:00:00,0.0,0.0,16.8871362485323,8.171766461472032,0.0,65.9863245647156,0.0,0.0,0.0,65.9863245647156,0.0,0.0,0.0,0.0,19.753006258447616,19.753006258447616,0.0
2022-07-14 13:00:00,0.0,0.0,17.782607940709255,8.171766461472032,0.0,66.88179625689254,0.0,0.0,0.0,66.88179625689254,0.0,0.0,0.0,0.0,19.9862871754472,19.9862871754472,0.0
2022-07-14 14:00:00,0.0,0.0,17.514017772961914,8.171766461472032,0.0,66.61320608914521,0.0,0.0,0.0,66.61320608914521,0.0,0.0,0.0,0.0,19.671545890185474,19.671545890185474,0.0
2022-07-14 15:00:00,0.0,0.0,16.7205842540004,8.171766461472032,0.0,65.8197725701837,0.0,0.0,0.0,65.8197725701837,0.0,0.0,0.0,0.0,19.394454185530332,19.394454185530332,0.0
2022-07-14 16:00:00,0.0,0.0,13.984355074307594,8.171766461472032,0.0,63.083543390490895,0.0,0.0,0.0,63.083543390490895,0.0,0.0,0.0,0.0,18.64497208449349,18.64497208449349,0.0
2022-07-14 17:00:00,0.0,0.0,7.985666479984729,8.171766461472032,0.0,40.69256478954652,0.0,0.0,0.0,40.69256478954652,0.0,0.0,0.0,0.0,12.102375694059031,12.102375694059031,0.0
2022-07-14 18:00:00,0.0,0.0,4.540916412914175,8.171766461472032,0.0,28.152832088095696,0.0,0.0,0.0,28.152832088095696,0.0,0.0,0.0,0.0,8.57281889914602,8.57281889914602,0.0
2022-07-14 19:00:00,0.0,0.0,2.8402137350123393,8.171766461472032,0.0,34.10880220219386,0.0,0.0,0.0,34.10880220219386,0.0,0.0,0.0,0.0,10.504487814209643,10.504487814209643,0.0
2022-07-14 20:00:00,0.0,0.0,0.281261001626712,8.171766461472032,0.0,26.283203230427944,0.0,0.0,0.0,26.283203230427944,0.0,0.0,0.0,0.0,8.087341634002678,8.087341634002678,0.0
2022-07-14 21:00:00,0.0,0.0,0.0,0.0,0.0,14.657592477664597,0.0,0.0,0.0,14.657592477664597,0.0,0.0,0.0,0.0,4.340113132636487,4.340113132636487,0.0
2022-07-14 22:00:00,0.0,0.0,0.0,0.0,0.0,14.657592477664597,0.0,0.0,0.0,14.657592477664597,0.0,0.0,0.0,0.0,4.178000159833517,4.178000159833517,0.0
2022-07-14 23:00:00,0.0,0.0,0.0,0.0,0.0,14.657592477664597,0.0,0.0,0.0,14.657592477664597,0.0,0.0,0.0,0.0,4.073784677317321,4.073784677317321,0.0
2022-07-15 00:00:00,0.0,0.0,0.0,0.0,0.0,14.657592477664597,0.0,0.0,0.0,14.657592477664597,0.0,0.0,0.0,0.0,4.066016153304159,4.066016153304159,0.0
2022-07-15 01:00:00,0.0,0.0,0.0,0.0,0.0,14.657592477664597,0.0,0.0,0.0,14.657592477664597,0.0,0.0,0.0,0.0,4.069240823649245,4.069240823649245,0.0
2022-07-15 02:00:00,0.0,0.0,0.0,0.0,0.0,14.657592477664597,0.0,0.0,0.0,14.657592477664597,0.0,0.0,0.0,0.0,4.019551585149963,4.019551585149963,0.0
2022-07-15 03:00:00,0.0,0.0,0.0,0.0,0.0,14.657592477664597,0.0,0.0,0.0,14.657592477664597,0.0,0.0,0.0,0.0,4.0406585183178,4.0406585183178,0.0
2022-07-15 04:00:00,0.0,0.0,0.0,0.0,0.0,8.915087883664599,0.0,0.0,0.0,8.915087883664599,0.0,0.0,0.0,0.0,2.524663737774978,2.524663737774978,0.0
2022-07-15 05:00:00,0.0,0.0,0.0,0.0,0.0,3.1725832896646002,0.0,0.0,0.0,3.1725832896646002,0.0,0.0,0.0,0.0,0.9107534849640168,0.9107534849640168,0.0
2022-07-15 06:00:00,0.0,0.0,0.0,0.0,0.0,3.1725832896646002,0.0,0.0,0.0,3.1725832896646002,0.0,0.0,0.0,0.0,0.9073588208440756,0.9073588208440756,0.0
2022-07-15 07:00:00,0.0,0.0,6.359197986448672e-05,8.171766461472032,0.0,14.516996632781101,0.0,0.0,0.0,14.516996632781101,0.0,0.0,0.0,0.0,4.194976516974755,4.194976516974755,0.0
2022-07-15 08:00:00,0.0,0.0,3.058730054531234,8.171766461472032,0.0,17.57566309533247,0.0,0.0,0.0,17.57566309533247,0.0,0.0,0.0,0.0,4.927337148776458,4.927337148776458,0.0
2022-07-15 09:00:00,0.0,0.0,11.996573834647142,8.171766461472032,0.0,40.1559808270188,0.0,0.0,0.0,40.1559808270188,0.0,0.0,0.0,0.0,11.258130784662992,11.258130784662992,0.0
2022-07-15 10:00:00,0.0,0.0,16.996294593112328,8.171766461472032,0.0,45.15570158548398,0.0,0.0,0.0,45.15570158548398,0.0,0.0,0.0,0.0,12.661207167553853,12.661207167553853,0.0
2022-07-15 11:00:00,0.0,0.0,24.06879476612938,8.171766461472032,0.0,61.32318439288131,0.0,0.0,0.0,61.32318439288131,0.0,0.0,0.0,0.0,17.378990456942564,17.378990456942564,0.0
2022-07-15 12:00:00,0.0,0.0,29.169368297929257,8.171766461472032,0.0,66.4237579246812,0.0,0.0,0.0,66.4237579246812,0.0,0.0,0.0,0.0,19.517957028588324,19.517957028588324,0.0
2022-07-15 13:00:00,0.0,0.0,32.24239043700184,8.171766461472032,0.0,69.49678006375376,0.0,0.0,0.0,69.49678006375376,0.0,0.0,0.0,0.0,20.494600440800983,20.494600440800983,0.0
2022-07-15 14:00:00,0.0,0.0,33.58154272081367,8.171766461472032,0.0,70.8359323475656,0.0,0.0,0.0,70.8359323475656,0.0,0.0,0.0,0.0,21.168610022746503,21.168610022746503,0.0
2022-07-15 15:00:00,0.0,0.0,34.713154354201144,8.171766461472032,0.0,71.96754398095308,0.0,0.0,0.0,71.96754398095308,0.0,0.0,0.0,0.0,21.220350018223826,21.220350018223826,0.0
2022-07-15 16:00:00,0.0,0.0,34.154399472544014,8.171766461472032,0.0,62.31380646491568,0.0,0.0,0.0,62.31380646491568,0.0,0.0,0.0,0.0,18.326490481331703,18.326490481331703,0.0
2022-07-15 17:00:00,0.0,0.0,27.178402774959125,8.171766461472032,0.0,46.242827132950495,0.0,0.0,0.0,46.242827132950495,0.0,0.0,0.0,0.0,13.895044696908966,13.895044696908966,0.0
2022-07-15 18:00:00,0.0,0.0,0.0,0.0,0.0,3.1725832896646002,0.0,0.0,0.0,3.1725832896646002,0.0,0.0,0.0,0.0,0.9600554292854047,0.9600554292854047,0.0
2022-07-15 19:00:00,0.0,0.0,0.0,0.0,0.0,10.829256081664601,0.0,0.0,0.0,10.829256081664601,0.0,0.0,0.0,0.0,3.3033562751509704,3.3033562751509704,0.0
2022-07-15 20:00:00,0.0,0.0,0.0,0.0,0.0,14.657592477664597,0.0,0.0,0.0,14.657592477664597,0.0,0.0,0.0,0.0,4.449898500294195,4.449898500294195,0.0
2022-07-15 21:00:00,0.0,0.0,0.0,0.0,0.0,14.657592477664597,0.0,0.0,0.0,14.657592477664597,0.0,0.0,0.0,0.0,4.221972937266511,4.221972937266511,0.0
2022-07-15 22:00:00,0.0,0.0,0.0,0.0,0.0,14.657592477664597,0.0,0.0,0.0,14.657592477664597,0.0,0.0,0.0,0.0,4.03538178502584,4.03538178502584,0.0
2022-07-15 23:00:00,0.0,0.0,0.0,0.0,0.0,15.107011293199369,0.0,0.0,0.0,15.107011293199369,0.0,0.0,0.0,0.0,4.142946777046995,4.142946777046995,0.0
2022-07-16 00:00:00,0.0,0.0,0.0,0.0,0.0,15.107011293199369,0.0,0.0,0.0,15.107011293199369,0.0,0.0,0.0,0.0,4.219086113964719,4.219086113964719,0.0
2022-07-16 01:00:00,0.0,0.0,0.0,0.0,0.0,15.107011293199369,0.0,0.0,0.0,15.107011293199369,0.0,0.0,0.0,0.0,4.173462939859258,4.173462939859258,0.0
2022-07-16 02:00:00,0.0,0.0,0.0,0.0,0.0,15.107011293199369,0.0,0.0,0.0,15.107011293199369,0.0,0.0,0.0,0.0,4.16908190658423,4.16908190658423,0.0
2022-07-16 03:00:00,0.0,0.0,0.0,0.0,0.0,15.107011293199369,0.0,0.0,0.0,15.107011293199369,0.0,0.0,0.0,0.0,4.173765080085121,4.173765080085121,0.0
2022-07-16 04:00:00,0.0,0.0,0.0,0.0,0.0,9.364506699199367,0.0,0.0,0.0,9.364506699199367,0.0,0.0,0.0,0.0,2.6233729067137106,2.6233729067137106,0.0
2022-07-16 05:00:00,0.0,0.0,2.898850622420024,8.171766461472032,0.0,14.69261918909143,0.0,0.0,0.0,14.69261918909143,0.0,0.0,0.0,0.0,4.212080069128731,4.212080069128731,0.0
2022-07-16 06:00:00,0.0,0.0,8.694314815996151,8.171766461472032,0.0,27.758739173987525,0.0,0.0,0.0,27.758739173987525,0.0,0.0,0.0,0.0,8.066967191352516,8.066967191352516,0.0
2022-07-16 07:00:00,0.0,0.0,14.649535493216232,8.171766461472032,0.0,47.35643380277802,0.0,0.0,0.0,47.35643380277802,0.0,0.0,0.0,0.0,13.866437381791433,13.866437381791433,0.0
2022-07-16 08:00:00,0.0,0.0,23.19175410374989,8.171766461472032,0.0,72.29094241993317,0.0,0.0,0.0,72.29094241993317,0.0,0.0,0.0,0.0,21.187029404434014,21.187029404434014,0.0
2022-07-16 09:00:00,0.0,0.0,28.081830571324865,8.171766461472032,0.0,77.18101888750816,0.0,0.0,0.0,77.18101888750816,0.0,0.0,0.0,0.0,22.609407672906638,22.609407672906638,0.0
2022-07-16 10:00:00,0.0,0.0,33.49779387273709,8.171766461472032,0.0,82.59698218892038,0.0,0.0,0.0,82.59698218892038,0.0,0.0,0.0,0.0,24.641157696420617,24.641157696420617,0.0
2022-07-16 11:00:00,0.0,0.0,36.64075308881961,8.171766461472032,0.0,85.73994140500292,0.0,0.0,0.0,85.73994140500292,0.0,0.0,0.0,0.0,26.00578162755144,26.00578162755144,0.0
2022-07-16 12:00:00,0.0,0.0,39.60253525113332,8.171766461472032,0.0,88.7017235673166,0.0,0.0,0.0,88.7017235673166,0.0,0.0,0.0,0.0,26.975081154056653,26.975081154056653,0.0
2022-07-16 13:00:00,0.0,0.0,42.21932223568004,8.171766461472032,0.0,91.31851055186333,0.0,0.0,0.0,91.31851055186333,0.0,0.0,0.0,0.0,27.055848306306064,27.055848306306064,0.0
2022-07-16 14:00:00,0.0,0.0,43.52085567841609,8.171766461472032,0.0,92.62004399459938,0.0,0.0,0.0,92.62004399459938,0.0,0.0,0.0,0.0,26.218882053991194,26.218882053991194,0.0
2022-07-16 15:00:00,0.0,0.0,41.98610831576037,8.171766461472032,0.0,91.08529663194368,0.0,0.0,0.0,91.08529663194368,0.0,0.0,0.0,0.0,25.782604064637976,25.782604064637976,0.0
2022-07-16 16:00:00,0.0,0.0,40.45177741679694,8.171766461472032,0.0,89.55096573298025,0.0,0.0,0.0,89.55096573298025,0.0,0.0,0.0,0.0,25.44232487439702,25.44232487439702,0.0
2022-07-16 17:00:00,0.0,0.0,37.2730408717685,8.171766461472032,0.0,74.52743049852043,0.0,0.0,0.0,74.52743049852043,0.0,0.0,0.0,0.0,21.541408511292346,21.541408511292346,0.0
2022-07-16 18:00:00,0.0,0.0,32.54049883431114,8.171766461472032,0.0,69.79488846106307,0.0,0.0,0.0,69.79488846106307,0.0,0.0,0.0,0.0,20.710935201935854,20.710935201935854,0.0
2022-07-16 19:00:00,0.0,0.0,29.771750718794085,8.171766461472032,0.0,70.13532182035587,0.0,0.0,0.0,70.13532182035587,0.0,0.0,0.0,0.0,20.962044985667962,20.962044985667962,0.0
2022-07-16 20:00:00,0.0,0.0,0.0,0.0,0.0,22.37766708451935,0.0,0.0,0.0,22.37766708451935,0.0,0.0,0.0,0.0,6.705915495217913,6.705915495217913,0.0
2022-07-16 21:00:00,0.0,0.0,0.0,0.0,0.0,15.107011293199369,0.0,0.0,0.0,15.107011293199369,0.0,0.0,0.0,0.0,4.298700063479881,4.298700063479881,0.0
2022-07-16 22:00:00,0.0,0.0,0.0,0.0,0.0,15.107011293199369,0.0,0.0,0.0,15.107011293199369,0.0,0.0,0.0,0.0,4.209870837075869,4.209870837075869,0.0
2022-07-16 23:00:00,0.0,0.0,0.0,0.0,0.0,15.107011293199369,0.0,0.0,0.0,15.107011293199369,0.0,0.0,0.0,0.0,4.19415954533094,4.19415954533094,0.0
2022-07-17 00:00:00,0.0,0.0,0.0,0.0,0.0,15.107011293199369,0.0,0.0,0.0,15.107011293199369,0.0,0.0,0.0,0.0,4.222862866788018,4.222862866788018,0.0
2022-07-17 01:00:00,0.0,0.0,0.0,0.0,0.0,15.107011293199369,0.0,0.0,0.0,15.107011293199369,0.0,0.0,0.0,0.0,4.2100219071888,4.2100219071888,0.0
2022-07-17 02:00:00,0.0,0.0,0.0,0.0,0.0,15.107011293199369,0.0,0.0,0.0,15.107011293199369,0.0,0.0,0.0,0.0,4.241444490678655,4.241444490678655,0.0
2022-07-17 03:00:00,0.0,0.0,0.0,0.0,0.0,15.107011293199369,0.0,0.0,0.0,15.107011293199369,0.0,0.0,0.0,0.0,4.284650542977205,4.284650542977205,0.0
2022-07-17 04:00:00,0.0,0.0,0.0,0.0,0.0,9.364506699199367,0.0,0.0,0.0,9.364506699199367,0.0,0.0,0.0,0.0,2.6989444757762495,2.6989444757762495,0.0
2022-07-17 05:00:00,0.0,0.0,3.891193364888167,8.171766461472032,0.0,15.68496193155957,0.0,0.0,0.0,15.68496193155957,0.0,0.0,0.0,0.0,4.700939940507719,4.700939940507719,0.0
2022-07-17 06:00:00,0.0,0.0,10.270816221240805,8.171766461472032,0.0,29.335240579232188,0.0,0.0,0.0,29.335240579232188,0.0,0.0,0.0,0.0,8.887111133478392,8.887111133478392,0.0
2022-07-17 07:00:00,0.0,0.0,17.85226068277027,8.171766461472032,0.0,50.55915899233205,0.0,0.0,0.0,50.55915899233205,0.0,0.0,0.0,0.0,15.499415780689313,15.499415780689313,0.0
2022-07-17 08:00:00,0.0,0.0,26.938209831548527,8.171766461472032,0.0,76.03739814773179,0.0,0.0,0.0,76.03739814773179,0.0,0.0,0.0,0.0,23.576916043667197,23.576916043667197,0.0
2022-07-17 09:00:00,0.0,0.0,30.676756963837203,8.171766461472032,0.0,79.7759452800205,0.0,0.0,0.0,79.7759452800205,0.0,0.0,0.0,0.0,24.702621455958344,24.702621455958344,0.0
2022-07-17 10:00:00,0.0,0.0,35.291207171281386,8.171766461472032,0.0,84.39039548746467,0.0,0.0,0.0,84.39039548746467,0.0,0.0,0.0,0.0,25.969456403357505,25.969456403357505,0.0
2022-07-17 11:00:00,0.0,0.0,38.94303035376788,8.171766461472032,0.0,88.04221866995117,0.0,0.0,0.0,88.04221866995117,0.0,0.0,0.0,0.0,27.212088946508505,27.212088946508505,0.0
2022-07-17 12:00:00,0.0,0.0,41.0078835063857,8.171766461472032,0.0,90.107071822569,0.0,0.0,0.0,90.107071822569,0.0,0.0,0.0,0.0,27.823261637372855,27.823261637372855,0.0
2022-07-17 13:00:00,0.0,0.0,41.14217376059094,8.171766461472032,0.0,90.24136207677424,0.0,0.0,0.0,90.24136207677424,0.0,0.0,0.0,0.0,27.88367846810247,27.88367846810247,0.0
2022-07-17 14:00:00,0.0,0.0,43.460389524867715,8.171766461472032,0.0,92.55957784105101,0.0,0.0,0.0,92.55957784105101,0.0,0.0,0.0,0.0,28.587025616208606,28.587025616208606,0.0
2022-07-17 15:00:00,0.0,0.0,42.57765717076469,8.171766461472032,0.0,91.67684548694798,0.0,0.0,0.0,91.67684548694798,0.0,0.0,0.0,0.0,28.464743755242477,28.464743755242477,0.0
2022-07-17 16:00:00,0.0,0.0,39.24957229804934,8.171766461472032,0.0,88.34876061423263,0.0,0.0,0.0,88.34876061423263,0.0,0.0,0.0,0.0,27.360727674621707,27.360727674621707,0.0
2022-07-17 17:00:00,0.0,0.0,34.85038381639817,8.171766461472032,0.0,72.1047734431501,0.0,0.0,0.0,72.1047734431501,0.0,0.0,0.0,0.0,22.311380046513932,22.311380046513932,0.0
2022-07-17 18:00:00,0.0,0.0,30.648056462379483,8.171766461472032,0.0,67.90244608913143,0.0,0.0,0.0,67.90244608913143,0.0,0.0,0.0,0.0,21.422542716660075,21.422542716660075,0.0
2022-07-17 19:00:00,0.0,0.0,26.880420678838384,8.171766461472032,0.0,69.15815997840016,0.0,0.0,0.0,69.15815997840016,0.0,0.0,0.0,0.0,21.95079997714421,21.95079997714421,0.0
2022-07-17 20:00:00,0.0,0.0,0.0,0.0,0.0,22.37766708451935,0.0,0.0,0.0,22.37766708451935,0.0,0.0,0.0,0.0,6.989888090520465,6.989888090520465,0.0
2022-07-17 21:00:00,0.0,0.0,0.0,0.0,0.0,15.107011293199369,0.0,0.0,0.0,15.107011293199369,0.0,0.0,0.0,0.0,4.53512479021845,4.53512479021845,0.0
2022-07-17 22:00:00,0.0,0.0,0.0,0.0,0.0,15.107011293199369,0.0,0.0,0.0,15.107011293199369,0.0,0.0,0.0,0.0,4.288125155574641,4.288125155574641,0.0
2022-07-17 23:00:00,0.0,0.0,0.0,0.0,0.0,15.107011293199369,0.0,0.0,0.0,15.107011293199369,0.0,0.0,0.0,0.0,4.165154083647997,4.165154083647997,0.0
2022-07-18 00:00:00,0.0,0.0,0.0,0.0,0.0,15.107011293199369,0.0,0.0,0.0,15.107011293199369,0.0,0.0,0.0,0.0,4.120135189994264,4.120135189994264,0.0
2022-07-18 01:00:00,0.0,0.0,0.0,0.0,0.0,15.107011293199369,0.0,0.0,0.0,15.107011293199369,0.0,0.0,0.0,0.0,4.122703381914107,4.122703381914107,0.0
2022-07-18 02:00:00,0.0,0.0,0.0,0.0,0.0,15.107011293199369,0.0,0.0,0.0,15.107011293199369,0.0,0.0,0.0,0.0,4.124516223269292,4.124516223269292,0.0
2022-07-18 03:00:00,0.0,0.0,0.0,0.0,0.0,15.107011293199369,0.0,0.0,0.0,15.107011293199369,0.0,0.0,0.0,0.0,4.135997551852123,4.135997551852123,0.0
2022-07-18 04:00:00,0.0,0.0,0.0,0.0,0.0,9.364506699199367,0.0,0.0,0.0,9.364506699199367,0.0,0.0,0.0,0.0,2.5734600860069783,2.5734600860069783,0.0
2022-07-18 05:00:00,0.0,0.0,4.951535238957439,8.171766461472032,0.0,16.745303805628843,0.0,0.0,0.0,16.745303805628843,0.0,0.0,0.0,0.0,4.72234312622539,4.72234312622539,0.0
2022-07-18 06:00:00,0.0,0.0,10.164172062311415,8.171766461472032,0.0,29.228596420302793,0.0,0.0,0.0,29.228596420302793,0.0,0.0,0.0,0.0,8.480677251350855,8.480677251350855,0.0
2022-07-18 07:00:00,0.0,0.0,16.004634195169043,8.171766461472032,0.0,48.71153250473083,0.0,0.0,0.0,48.71153250473083,0.0,0.0,0.0,0.0,14.111730966620524,14.111730966620524,0.0
2022-07-18 08:00:00,0.0,0.0,23.916573984294278,8.171766461472032,0.0,73.01576230047758,0.0,0.0,0.0,73.01576230047758,0.0,0.0,0.0,0.0,21.19136469246761,21.19136469246761,0.0
2022-07-18 09:00:00,0.0,0.0,28.992358784171238,8.171766461472032,0.0,78.09154710035453,0.0,0.0,0.0,78.09154710035453,0.0,0.0,0.0,0.0,22.68559443265299,22.68559443265299,0.0
2022-07-18 10:00:00,0.0,0.0,34.807030103180296,8.171766461472032,0.0,83.90621841936358,0.0,0.0,0.0,83.90621841936358,0.0,0.0,0.0,0.0,25.34303421138458,25.34303421138458,0.0
2022-07-18 11:00:00,0.0,0.0,38.8263203926983,8.171766461472032,0.0,87.92550870888158,0.0,0.0,0.0,87.92550870888158,0.0,0.0,0.0,0.0,26.684512638058468,26.684512638058468,0.0
2022-07-18 12:00:00,0.0,0.0,41.23357263326032,8.171766461472032,0.0,90.33276094944361,0.0,0.0,0.0,90.33276094944361,0.0,0.0,0.0,0.0,29.992283290434266,29.992283290434266,0.0
2022-07-18 13:00:00,0.0,0.0,42.71431562676179,8.171766461472032,0.0,91.8135039429451,0.0,0.0,0.0,91.8135039429451,0.0,0.0,0.0,0.0,29.760429168066224,29.760429168066224,0.0
2022-07-18 14:00:00,0.0,0.0,43.033185834810034,8.171766461472032,0.0,92.13237415099331,0.0,0.0,0.0,92.13237415099331,0.0,0.0,0.0,0.0,26.68245687786918,26.68245687786918,0.0
2022-07-18 15:00:00,0.0,0.0,42.46526183382208,8.171766461472032,0.0,91.56445015000538,0.0,0.0,0.0,91.56445015000538,0.0,0.0,0.0,0.0,26.29731008308155,26.29731008308155,0.0
2022-07-18 16:00:00,0.0,0.0,40.20974011888506,8.171766461472032,0.0,89.30892843506835,0.0,0.0,0.0,89.30892843506835,0.0,0.0,0.0,0.0,25.624517746589813,25.624517746589813,0.0
2022-07-18 17:00:00,0.0,0.0,36.48973959380945,8.171766461472032,0.0,73.7441292205614,0.0,0.0,0.0,73.7441292205614,0.0,0.0,0.0,0.0,21.31279078603445,21.31279078603445,0.0
2022-07-18 18:00:00,0.0,0.0,32.0466812404141,8.171766461472032,0.0,69.30107086716603,0.0,0.0,0.0,69.30107086716603,0.0,0.0,0.0,0.0,20.20195516848757,20.20195516848757,0.0
2022-07-18 19:00:00,0.0,0.0,27.807435817872268,8.171766461472032,0.0,70.08517511743405,0.0,0.0,0.0,70.08517511743405,0.0,0.0,0.0,0.0,20.610648298535004,20.610648298535004,0.0
2022-07-18 20:00:00,0.0,0.0,0.0,0.0,0.0,22.37766708451935,0.0,0.0,0.0,22.37766708451935,0.0,0.0,0.0,0.0,6.4114253963856385,6.4114253963856385,0.0
2022-07-18 21:00:00,0.0,0.0,0.0,0.0,0.0,15.107011293199369,0.0,0.0,0.0,15.107011293199369,0.0,0.0,0.0,0.0,4.1328250794805514,4.1328250794805514,0.0
2022-07-18 22:00:00,0.0,0.0,0.0,0.0,0.0,15.107011293199369,0.0,0.0,0.0,15.107011293199369,0.0,0.0,0.0,0.0,3.9657415345777656,3.9657415345777656,0.0
2022-07-18 23:00:00,0.0,0.0,0.0,0.0,0.0,15.107011293199369,0.0,0.0,0.0,15.107011293199369,0.0,0.0,0.0,0.0,3.977525003386462,3.977525003386462,0.0
2022-07-19 00:00:00,0.0,0.0,0.0,0.0,0.0,15.107011293199369,0.0,0.0,0.0,15.107011293199369,0.0,0.0,0.0,0.0,4.002451572020241,4.002451572020241,0.0
2022-07-19 01:00:00,0.0,0.0,0.0,0.0,0.0,15.107011293199369,0.0,0.0,0.0,15.107011293199369,0.0,0.0,0.0,0.0,4.10397068791054,4.10397068791054,0.0
2022-07-19 02:00:00,0.0,0.0,0.0,0.0,0.0,15.107011293199369,0.0,0.0,0.0,15.107011293199369,0.0,0.0,0.0,0.0,4.211985818656916,4.211985818656916,0.0
2022-07-19 03:00:00,0.0,0.0,0.0,0.0,0.0,15.107011293199369,0.0,0.0,0.0,15.107011293199369,0.0,0.0,0.0,0.0,4.312296373643759,4.312296373643759,0.0
2022-07-19 04:00:00,0.0,0.0,0.0,0.0,0.0,9.364506699199367,0.0,0.0,0.0,9.364506699199367,0.0,0.0,0.0,0.0,2.678717141305979,2.678717141305979,0.0
2022-07-19 05:00:00,0.0,0.0,3.0000611912251256,8.171766461472032,0.0,14.793829757896528,0.0,0.0,0.0,14.793829757896528,0.0,0.0,0.0,0.0,4.241243053291356,4.241243053291356,0.0
2022-07-19 06:00:00,0.0,0.0,9.390807788874744,8.171766461472032,0.0,28.455232146866116,0.0,0.0,0.0,28.455232146866116,0.0,0.0,0.0,0.0,8.687382374438226,8.687382374438226,0.0
2022-07-19 07:00:00,0.0,0.0,15.738164594130328,8.171766461472032,0.0,48.445062903692126,0.0,0.0,0.0,48.445062903692126,0.0,0.0,0.0,0.0,15.042676482225442,15.042676482225442,0.0
2022-07-19 08:00:00,0.0,0.0,24.887861780086393,8.171766461472032,0.0,73.98705009626968,0.0,0.0,0.0,73.98705009626968,0.0,0.0,0.0,0.0,23.022550378456238,23.022550378456238,0.0
2022-07-19 09:00:00,0.0,0.0,29.843269786036085,8.171766461472032,0.0,78.94245810221936,0.0,0.0,0.0,78.94245810221936,0.0,0.0,0.0,0.0,25.140015207232775,25.140015207232775,0.0
2022-07-19 10:00:00,0.0,0.0,35.7454841655742,8.171766461472032,0.0,84.8446724817575,0.0,0.0,0.0,84.8446724817575,0.0,0.0,0.0,0.0,27.693301098045644,27.693301098045644,0.0
2022-07-19 11:00:00,0.0,0.0,39.562847891282374,8.171766461472032,0.0,88.66203620746566,0.0,0.0,0.0,88.66203620746566,0.0,0.0,0.0,0.0,29.14853102356641,29.14853102356641,0.0
2022-07-19 12:00:00,0.0,0.0,41.102515692272284,8.171766461472032,0.0,90.20170400845558,0.0,0.0,0.0,90.20170400845558,0.0,0.0,0.0,0.0,29.968614139769286,29.968614139769286,0.0
2022-07-19 13:00:00,0.0,0.0,42.06989148208637,8.171766461472032,0.0,91.16907979826968,0.0,0.0,0.0,91.16907979826968,0.0,0.0,0.0,0.0,29.615363881669918,29.615363881669918,0.0
2022-07-19 14:00:00,0.0,0.0,44.5709299645622,8.171766461472032,0.0,93.67011828074548,0.0,0.0,0.0,93.67011828074548,0.0,0.0,0.0,0.0,30.028766518441387,30.028766518441387,0.0
2022-07-19 15:00:00,0.0,0.0,44.8693593885846,8.171766461472032,0.0,93.96854770476791,0.0,0.0,0.0,93.96854770476791,0.0,0.0,0.0,0.0,29.728829437357422,29.728829437357422,0.0
2022-07-19 16:00:00,0.0,0.0,43.42272497545166,8.171766461472032,0.0,92.52191329163497,0.0,0.0,0.0,92.52191329163497,0.0,0.0,0.0,0.0,29.818887434761038,29.818887434761038,0.0
2022-07-19 17:00:00,0.0,0.0,39.54849764446698,8.171766461472032,0.0,76.80288727121889,0.0,0.0,0.0,76.80288727121889,0.0,0.0,0.0,0.0,25.0277568750721,25.0277568750721,0.0
2022-07-19 18:00:00,0.0,0.0,34.41419520321234,8.171766461472032,0.0,71.66858482996429,0.0,0.0,0.0,71.66858482996429,0.0,0.0,0.0,0.0,24.330767863924578,24.330767863924578,0.0
2022-07-19 19:00:00,0.0,0.0,24.16054967049803,8.171766461472032,0.0,66.43828897005983,0.0,0.0,0.0,66.43828897005983,0.0,0.0,0.0,0.0,22.870716595053395,22.870716595053395,0.0
2022-07-19 20:00:00,0.0,0.0,0.0,0.0,0.0,22.37766708451935,0.0,0.0,0.0,22.37766708451935,0.0,0.0,0.0,0.0,7.623847399024896,7.623847399024896,0.0
2022-07-19 21:00:00,0.0,0.0,0.0,0.0,0.0,15.107011293199369,0.0,0.0,0.0,15.107011293199369,0.0,0.0,0.0,0.0,5.106925167666047,5.106925167666047,0.0
2022-07-19 22:00:00,0.0,0.0,0.0,0.0,0.0,15.107011293199369,0.0,0.0,0.0,15.107011293199369,0.0,0.0,0.0,0.0,4.973983468285892,4.973983468285892,0.0
2022-07-19 23:00:00,0.0,0.0,0.0,0.0,0.0,15.107011293199369,0.0,0.0,0.0,15.107011293199369,0.0,0.0,0.0,0.0,4.875485754654233,4.875485754654233,0.0
2022-07-20 00:00:00,0.0,0.0,0.0,0.0,0.0,15.107011293199369,0.0,0.0,0.0,15.107011293199369,0.0,0.0,0.0,0.0,5.0567698901726255,5.0567698901726255,0.0
2022-07-20 01:00:00,0.0,0.0,0.0,0.0,0.0,15.107011293199369,0.0,0.0,0.0,15.107011293199369,0.0,0.0,0.0,0.0,4.966732102865157,4.966732102865157,0.0
2022-07-20 02:00:00,0.0,0.0,0.0,0.0,0.0,15.107011293199369,0.0,0.0,0.0,15.107011293199369,0.0,0.0,0.0,0.0,4.961293578799605,4.961293578799605,0.0
2022-07-20 03:00:00,0.0,0.0,0.0,0.0,0.0,15.107011293199369,0.0,0.0,0.0,15.107011293199369,0.0,0.0,0.0,0.0,5.0087295942602506,5.0087295942602506,0.0
2022-07-20 04:00:00,0.0,0.0,0.0,0.0,0.0,9.364506699199367,0.0,0.0,0.0,9.364506699199367,0.0,0.0,0.0,0.0,3.1225947588480287,3.1225947588480287,0.0
2022-07-20 05:00:00,0.0,0.0,0.05413085856263874,8.171766461472032,0.0,11.847899425234042,0.0,0.0,0.0,11.847899425234042,0.0,0.0,0.0,0.0,3.9365830630282628,3.9365830630282628,0.0
2022-07-20 06:00:00,0.0,0.0,2.612552132633662,8.171766461472032,0.0,21.676976490625034,0.0,0.0,0.0,21.676976490625034,0.0,0.0,0.0,0.0,7.359983827861917,7.359983827861917,0.0
2022-07-20 07:00:00,0.0,0.0,8.311667063981142,8.171766461472032,0.0,41.018565373542934,0.0,0.0,0.0,41.018565373542934,0.0,0.0,0.0,0.0,14.09849110454044,14.09849110454044,0.0
2022-07-20 08:00:00,0.0,0.0,15.906832097895803,8.171766461472032,0.0,65.00602041407909,0.0,0.0,0.0,65.00602041407909,0.0,0.0,0.0,0.0,22.770958890847766,22.770958890847766,0.0
2022-07-20 09:00:00,0.0,0.0,19.70748554668142,8.171766461472032,0.0,68.80667386286471,0.0,0.0,0.0,68.80667386286471,0.0,0.0,0.0,0.0,23.89931009952743,23.89931009952743,0.0
2022-07-20 10:00:00,0.0,0.0,23.762261902430904,8.171766461472032,0.0,72.86145021861421,0.0,0.0,0.0,72.86145021861421,0.0,0.0,0.0,0.0,25.63047234340192,25.63047234340192,0.0
2022-07-20 11:00:00,0.0,0.0,25.1182556625633,8.171766461472032,0.0,74.21744397874659,0.0,0.0,0.0,74.21744397874659,0.0,0.0,0.0,0.0,25.923411007336398,25.923411007336398,0.0
2022-07-20 12:00:00,0.0,0.0,25.511296398005133,8.171766461472032,0.0,74.61048471418843,0.0,0.0,0.0,74.61048471418843,0.0,0.0,0.0,0.0,26.19051844922156,26.19051844922156,0.0
2022-07-20 13:00:00,0.0,0.0,25.81733266711978,8.171766461472032,0.0,74.91652098330307,0.0,0.0,0.0,74.91652098330307,0.0,0.0,0.0,0.0,25.900888799557375,25.900888799557375,0.0
2022-07-20 14:00:00,0.0,0.0,26.66378693990474,8.171766461472032,0.0,75.76297525608803,0.0,0.0,0.0,75.76297525608803,0.0,0.0,0.0,0.0,26.046553263290505,26.046553263290505,0.0
2022-07-20 15:00:00,0.0,0.0,25.939270324400237,8.171766461472032,0.0,75.03845864058353,0.0,0.0,0.0,75.03845864058353,0.0,0.0,0.0,0.0,26.063858224220283,26.063858224220283,0.0
2022-07-20 16:00:00,0.0,0.0,23.243105619286656,8.171766461472032,0.0,72.34229393546995,0.0,0.0,0.0,72.34229393546995,0.0,0.0,0.0,0.0,25.342952411473835,25.342952411473835,0.0
2022-07-20 17:00:00,0.0,0.0,20.000439040000472,8.171766461472032,0.0,57.254828666752395,0.0,0.0,0.0,57.254828666752395,0.0,0.0,0.0,0.0,20.15484478727018,20.15484478727018,0.0
2022-07-20 18:00:00,0.0,0.0,15.605895427406946,8.171766461472032,0.0,52.86028505415889,0.0,0.0,0.0,52.86028505415889,0.0,0.0,0.0,0.0,18.59466247350147,18.59466247350147,0.0
2022-07-20 19:00:00,0.0,0.0,11.991163120815557,8.171766461472032,0.0,54.26890242037734,0.0,0.0,0.0,54.26890242037734,0.0,0.0,0.0,0.0,19.60681175545813,19.60681175545813,0.0
2022-07-20 20:00:00,0.0,0.0,0.0,0.0,0.0,22.37766708451935,0.0,0.0,0.0,22.37766708451935,0.0,0.0,0.0,0.0,8.15531699228223,8.15531699228223,0.0
2022-07-20 21:00:00,0.0,0.0,0.0,0.0,0.0,15.107011293199369,0.0,0.0,0.0,15.107011293199369,0.0,0.0,0.0,0.0,5.294705318040515,5.294705318040515,0.0
2022-07-20 22:00:00,0.0,0.0,0.0,0.0,0.0,15.107011293199369,0.0,0.0,0.0,15.107011293199369,0.0,0.0,0.0,0.0,5.090911735695255,5.090911735695255,0.0
2022-07-20 23:00:00,0.0,0.0,0.0,0.0,0.0,14.657592477664597,0.0,0.0,0.0,14.657592477664597,0.0,0.0,0.0,0.0,4.943126487167609,4.943126487167609,0.0
2022-07-21 00:00:00,0.0,0.0,0.0,0.0,0.0,14.657592477664597,0.0,0.0,0.0,14.657592477664597,0.0,0.0,0.0,0.0,4.964819724034553,4.964819724034553,0.0
2022-07-21 01:00:00,0.0,0.0,0.0,0.0,0.0,14.657592477664597,0.0,0.0,0.0,14.657592477664597,0.0,0.0,0.0,0.0,4.941514151995065,4.941514151995065,0.0
2022-07-21 02:00:00,0.0,0.0,0.0,0.0,0.0,14.657592477664597,0.0,0.0,0.0,14.657592477664597,0.0,0.0,0.0,0.0,5.004981527423353,5.004981527423353,0.0
2022-07-21 03:00:00,0.0,0.0,0.0,0.0,0.0,14.657592477664597,0.0,0.0,0.0,14.657592477664597,0.0,0.0,0.0,0.0,5.338295180365446,5.338295180365446,0.0
2022-07-21 04:00:00,0.0,0.0,0.0,0.0,0.0,8.915087883664599,0.0,0.0,0.0,8.915087883664599,0.0,0.0,0.0,0.0,3.439530056396639,3.439530056396639,0.0
2022-07-21 05:00:00,0.0,0.0,0.0,8.171766461472032,0.0,11.344349751136637,0.0,0.0,0.0,11.344349751136637,0.0,0.0,0.0,0.0,4.162128480194521,4.162128480194521,0.0
2022-07-21 06:00:00,0.0,0.0,0.0,8.171766461472032,0.0,14.516933040801234,0.0,0.0,0.0,14.516933040801234,0.0,0.0,0.0,0.0,4.939821975123843,4.939821975123843,0.0
2022-07-21 07:00:00,0.0,0.0,0.12720586161616387,8.171766461472032,0.0,23.739121536797686,0.0,0.0,0.0,23.739121536797686,0.0,0.0,0.0,0.0,8.293024717664903,8.293024717664903,0.0
2022-07-21 08:00:00,0.0,0.0,6.819062737863058,8.171766461472032,0.0,44.073452364615,0.0,0.0,0.0,44.073452364615,0.0,0.0,0.0,0.0,14.765488011193318,14.765488011193318,0.0
2022-07-21 09:00:00,0.0,0.0,13.12907184183226,8.171766461472032,0.0,62.228260158015544,0.0,0.0,0.0,62.228260158015544,0.0,0.0,0.0,0.0,21.168187257952148,21.168187257952148,0.0
2022-07-21 10:00:00,0.0,0.0,17.707677480123095,8.171766461472032,0.0,66.8068657963064,0.0,0.0,0.0,66.8068657963064,0.0,0.0,0.0,0.0,23.089120887861455,23.089120887861455,0.0
2022-07-21 11:00:00,0.0,0.0,21.551360120279593,8.171766461472032,0.0,70.6505484364629,0.0,0.0,0.0,70.6505484364629,0.0,0.0,0.0,0.0,23.872113811196446,23.872113811196446,0.0
2022-07-21 12:00:00,0.0,0.0,24.593227551735588,8.171766461472032,0.0,73.69241586791887,0.0,0.0,0.0,73.69241586791887,0.0,0.0,0.0,0.0,24.929407363958276,24.929407363958276,0.0
2022-07-21 13:00:00,0.0,0.0,25.49136111442969,8.171766461472032,0.0,74.59054943061298,0.0,0.0,0.0,74.59054943061298,0.0,0.0,0.0,0.0,25.194449881178144,25.194449881178144,0.0
2022-07-21 14:00:00,0.0,0.0,22.881330371899697,8.171766461472032,0.0,71.980518688083,0.0,0.0,0.0,71.980518688083,0.0,0.0,0.0,0.0,26.067744842889255,26.067744842889255,0.0
2022-07-21 15:00:00,0.0,0.0,20.201089551998475,8.171766461472032,0.0,69.30027786818177,0.0,0.0,0.0,69.30027786818177,0.0,0.0,0.0,0.0,24.687530987761072,24.687530987761072,0.0
2022-07-21 16:00:00,0.0,0.0,16.594404955858746,8.171766461472032,0.0,65.69359327204204,0.0,0.0,0.0,65.69359327204204,0.0,0.0,0.0,0.0,23.58399998466309,23.58399998466309,0.0
2022-07-21 17:00:00,0.0,0.0,9.983128163767011,8.171766461472032,0.0,42.6900264733288,0.0,0.0,0.0,42.6900264733288,0.0,0.0,0.0,0.0,15.391035244429231,15.391035244429231,0.0
2022-07-21 18:00:00,0.0,0.0,7.8583230692901385,8.171766461472032,0.0,31.470238744471665,0.0,0.0,0.0,31.470238744471665,0.0,0.0,0.0,0.0,11.417717318881765,11.417717318881765,0.0
2022-07-21 19:00:00,0.0,0.0,6.197659887875247,8.171766461472032,0.0,39.380416553056754,0.0,0.0,0.0,39.380416553056754,0.0,0.0,0.0,0.0,14.71173601589094,14.71173601589094,0.0
2022-07-21 20:00:00,0.0,0.0,2.5209978901290526,8.171766461472032,0.0,28.522940118930283,0.0,0.0,0.0,28.522940118930283,0.0,0.0,0.0,0.0,10.418574337241663,10.418574337241663,0.0
2022-07-21 21:00:00,0.0,0.0,0.0,0.0,0.0,14.657592477664597,0.0,0.0,0.0,14.657592477664597,0.0,0.0,0.0,0.0,5.018466512502805,5.018466512502805,0.0
2022-07-21 22:00:00,0.0,0.0,0.0,0.0,0.0,14.657592477664597,0.0,0.0,0.0,14.657592477664597,0.0,0.0,0.0,0.0,4.798456049413059,4.798456049413059,0.0
2022-07-21 23:00:00,0.0,0.0,0.0,0.0,0.0,14.657592477664597,0.0,0.0,0.0,14.657592477664597,0.0,0.0,0.0,0.0,4.604096373159226,4.604096373159226,0.0
2022-07-22 00:00:00,0.0,0.0,0.0,0.0,0.0,14.657592477664597,0.0,0.0,0.0,14.657592477664597,0.0,0.0,0.0,0.0,4.485663025939696,4.485663025939696,0.0
2022-07-22 01:00:00,0.0,0.0,0.0,0.0,0.0,14.657592477664597,0.0,0.0,0.0,14.657592477664597,0.0,0.0,0.0,0.0,4.348614536273533,4.348614536273533,0.0
2022-07-22 02:00:00,0.0,0.0,0.0,0.0,0.0,14.657592477664597,0.0,0.0,0.0,14.657592477664597,0.0,0.0,0.0,0.0,4.36664337502106,4.36664337502106,0.0
2022-07-22 03:00:00,0.0,0.0,0.0,0.0,0.0,14.657592477664597,0.0,0.0,0.0,14.657592477664597,0.0,0.0,0.0,0.0,4.4368532429890735,4.4368532429890735,0.0
2022-07-22 04:00:00,0.0,0.0,0.0,0.0,0.0,8.915087883664599,0.0,0.0,0.0,8.915087883664599,0.0,0.0,0.0,0.0,2.743172541803597,2.743172541803597,0.0
2022-07-22 05:00:00,0.0,0.0,0.0,0.0,0.0,3.1725832896646002,0.0,0.0,0.0,3.1725832896646002,0.0,0.0,0.0,0.0,0.9829932064696796,0.9829932064696796,0.0
2022-07-22 06:00:00,0.0,0.0,0.0,0.0,0.0,3.1725832896646002,0.0,0.0,0.0,3.1725832896646002,0.0,0.0,0.0,0.0,0.9961277012888913,0.9961277012888913,0.0
2022-07-22 07:00:00,0.0,0.0,0.007685678864659339,8.171766461472032,0.0,14.524618719665895,0.0,0.0,0.0,14.524618719665895,0.0,0.0,0.0,0.0,4.592248700596766,4.592248700596766,0.0
2022-07-22 08:00:00,0.0,0.0,4.074039293792188,8.171766461472032,0.0,18.590972334593424,0.0,0.0,0.0,18.590972334593424,0.0,0.0,0.0,0.0,5.997633584863185,5.997633584863185,0.0
2022-07-22 09:00:00,0.0,0.0,11.395878063449038,8.171766461472032,0.0,39.555285055820704,0.0,0.0,0.0,39.555285055820704,0.0,0.0,0.0,0.0,12.79573916270744,12.79573916270744,0.0
2022-07-22 10:00:00,0.0,0.0,13.166172304990525,8.171766461472032,0.0,41.32557929736218,0.0,0.0,0.0,41.32557929736218,0.0,0.0,0.0,0.0,13.51429094182338,13.51429094182338,0.0
2022-07-22 11:00:00,0.0,0.0,17.27615556101561,8.171766461472032,0.0,54.53054518776754,0.0,0.0,0.0,54.53054518776754,0.0,0.0,0.0,0.0,17.857117632638236,17.857117632638236,0.0
2022-07-22 12:00:00,0.0,0.0,19.267993941381253,8.171766461472032,0.0,56.522383568133186,0.0,0.0,0.0,56.522383568133186,0.0,0.0,0.0,0.0,18.425731819375738,18.425731819375738,0.0
2022-07-22 13:00:00,0.0,0.0,20.644516622356054,8.171766461472032,0.0,57.898906249108,0.0,0.0,0.0,57.898906249108,0.0,0.0,0.0,0.0,18.758087646586013,18.758087646586013,0.0
2022-07-22 14:00:00,0.0,0.0,23.363278807855057,8.171766461472032,0.0,60.617668434607005,0.0,0.0,0.0,60.617668434607005,0.0,0.0,0.0,0.0,19.75590431952277,19.75590431952277,0.0
2022-07-22 15:00:00,0.0,0.0,22.188403421233815,8.171766461472032,0.0,59.44279304798576,0.0,0.0,0.0,59.44279304798576,0.0,0.0,0.0,0.0,19.352195704702243,19.352195704702243,0.0
2022-07-22 16:00:00,0.0,0.0,18.7160699040739,8.171766461472032,0.0,46.875476896445555,0.0,0.0,0.0,46.875476896445555,0.0,0.0,0.0,0.0,15.192342062138005,15.192342062138005,0.0
2022-07-22 17:00:00,0.0,0.0,15.573475968555819,8.171766461472032,0.0,34.637900326547204,0.0,0.0,0.0,34.637900326547204,0.0,0.0,0.0,0.0,11.292994643464183,11.292994643464183,0.0
2022-07-22 18:00:00,0.0,0.0,0.0,0.0,0.0,3.1725832896646002,0.0,0.0,0.0,3.1725832896646002,0.0,0.0,0.0,0.0,1.0177329934915071,1.0177329934915071,0.0
2022-07-22 19:00:00,0.0,0.0,0.0,0.0,0.0,12.743424279664596,0.0,0.0,0.0,12.743424279664596,0.0,0.0,0.0,0.0,3.993279432275698,3.993279432275698,0.0
2022-07-22 20:00:00,0.0,0.0,0.0,0.0,0.0,14.657592477664597,0.0,0.0,0.0,14.657592477664597,0.0,0.0,0.0,0.0,4.461771150201104,4.461771150201104,0.0
2022-07-22 21:00:00,0.0,0.0,0.0,0.0,0.0,14.657592477664597,0.0,0.0,0.0,14.657592477664597,0.0,0.0,0.0,0.0,4.280896459026722,4.280896459026722,0.0
2022-07-22 22:00:00,0.0,0.0,0.0,0.0,0.0,14.657592477664597,0.0,0.0,0.0,14.657592477664597,0.0,0.0,0.0,0.0,4.109402627038047,4.109402627038047,0.0
2022-07-22 23:00:00,0.0,0.0,0.0,0.0,0.0,15.107011293199369,0.0,0.0,0.0,15.107011293199369,0.0,0.0,0.0,0.0,4.176182201892034,4.176182201892034,0.0
2022-07-23 00:00:00,0.0,0.0,0.0,0.0,0.0,15.107011293199369,0.0,0.0,0.0,15.107011293199369,0.0,0.0,0.0,0.0,4.190080652281777,4.190080652281777,0.0
2022-07-23 01:00:00,0.0,0.0,0.0,0.0,0.0,15.107011293199369,0.0,0.0,0.0,15.107011293199369,0.0,0.0,0.0,0.0,4.182225006409313,4.182225006409313,0.0
2022-07-23 02:00:00,0.0,0.0,0.0,0.0,0.0,15.107011293199369,0.0,0.0,0.0,15.107011293199369,0.0,0.0,0.0,0.0,4.138112533433171,4.138112533433171,0.0
2022-07-23 03:00:00,0.0,0.0,0.0,0.0,0.0,15.107011293199369,0.0,0.0,0.0,15.107011293199369,0.0,0.0,0.0,0.0,4.141889286256471,4.141889286256471,0.0
2022-07-23 04:00:00,0.0,0.0,0.0,0.0,0.0,11.278674897199364,0.0,0.0,0.0,11.278674897199364,0.0,0.0,0.0,0.0,3.08494315788197,3.08494315788197,0.0
2022-07-23 05:00:00,0.0,0.0,0.0,8.171766461472032,0.0,11.793768566671403,0.0,0.0,0.0,11.793768566671403,0.0,0.0,0.0,0.0,3.2893999909303218,3.2893999909303218,0.0
2022-07-23 06:00:00,0.0,0.0,0.0,8.171766461472032,0.0,19.064424357991378,0.0,0.0,0.0,19.064424357991378,0.0,0.0,0.0,0.0,5.538787208727234,5.538787208727234,0.0
2022-07-23 07:00:00,0.0,0.0,4.819473917073631,8.171766461472032,0.0,37.52637222663543,0.0,0.0,0.0,37.52637222663543,0.0,0.0,0.0,0.0,10.601575417746774,10.601575417746774,0.0
2022-07-23 08:00:00,0.0,0.0,14.809134389779604,8.171766461472032,0.0,63.90832270596289,0.0,0.0,0.0,63.90832270596289,0.0,0.0,0.0,0.0,17.854707197591914,17.854707197591914,0.0
2022-07-23 09:00:00,0.0,0.0,18.550903835942538,8.171766461472032,0.0,67.65009215212585,0.0,0.0,0.0,67.65009215212585,0.0,0.0,0.0,0.0,18.845286170817698,18.845286170817698,0.0
2022-07-23 10:00:00,0.0,0.0,22.484606236364662,8.171766461472032,0.0,71.58379455254796,0.0,0.0,0.0,71.58379455254796,0.0,0.0,0.0,0.0,19.96257278686905,19.96257278686905,0.0
2022-07-23 11:00:00,0.0,0.0,25.663823237966586,8.171766461472032,0.0,74.76301155414986,0.0,0.0,0.0,74.76301155414986,0.0,0.0,0.0,0.0,20.47011256352623,20.47011256352623,0.0
2022-07-23 12:00:00,0.0,0.0,28.12590671875484,8.171766461472032,0.0,77.22509503493814,0.0,0.0,0.0,77.22509503493814,0.0,0.0,0.0,0.0,21.15040902816886,21.15040902816886,0.0
2022-07-23 13:00:00,0.0,0.0,30.445742759835955,8.171766461472032,0.0,79.54493107601924,0.0,0.0,0.0,79.54493107601924,0.0,0.0,0.0,0.0,21.882810539012894,21.882810539012894,0.0
2022-07-23 14:00:00,0.0,0.0,31.393154765437618,8.171766461472032,0.0,80.49234308162092,0.0,0.0,0.0,80.49234308162092,0.0,0.0,0.0,0.0,22.11446633824453,22.11446633824453,0.0
2022-07-23 15:00:00,0.0,0.0,30.80045779966009,8.171766461472032,0.0,79.8996461158434,0.0,0.0,0.0,79.8996461158434,0.0,0.0,0.0,0.0,21.99077960046358,21.99077960046358,0.0
2022-07-23 16:00:00,0.0,0.0,29.160953752047202,8.171766461472032,0.0,78.26014206823051,0.0,0.0,0.0,78.26014206823051,0.0,0.0,0.0,0.0,21.789188754636736,21.789188754636736,0.0
2022-07-23 17:00:00,0.0,0.0,25.875565288255547,8.171766461472032,0.0,63.1299549150075,0.0,0.0,0.0,63.1299549150075,0.0,0.0,0.0,0.0,17.48510361280963,17.48510361280963,0.0
2022-07-23 18:00:00,0.0,0.0,21.185041983698834,8.171766461472032,0.0,58.439431610450775,0.0,0.0,0.0,58.439431610450775,0.0,0.0,0.0,0.0,16.32739279764384,16.32739279764384,0.0
2022-07-23 19:00:00,0.0,0.0,17.45477103490155,8.171766461472032,0.0,59.73251033446335,0.0,0.0,0.0,59.73251033446335,0.0,0.0,0.0,0.0,16.8129096838414,16.8129096838414,0.0
2022-07-23 20:00:00,0.0,0.0,0.0,0.0,0.0,22.37766708451935,0.0,0.0,0.0,22.37766708451935,0.0,0.0,0.0,0.0,6.224795652900748,6.224795652900748,0.0
2022-07-23 21:00:00,0.0,0.0,0.0,0.0,0.0,15.107011293199369,0.0,0.0,0.0,15.107011293199369,0.0,0.0,0.0,0.0,4.027529210766952,4.027529210766952,0.0
2022-07-23 22:00:00,0.0,0.0,0.0,0.0,0.0,15.107011293199369,0.0,0.0,0.0,15.107011293199369,0.0,0.0,0.0,0.0,3.820865296275984,3.820865296275984,0.0
2022-07-23 23:00:00,0.0,0.0,0.0,0.0,0.0,15.107011293199369,0.0,0.0,0.0,15.107011293199369,0.0,0.0,0.0,0.0,3.8037943735146693,3.8037943735146693,0.0
2022-07-24 00:00:00,0.0,0.0,0.0,0.0,0.0,15.107011293199369,0.0,0.0,0.0,15.107011293199369,0.0,0.0,0.0,0.0,3.813160720516453,3.813160720516453,0.0
2022-07-24 01:00:00,0.0,0.0,0.0,0.0,0.0,15.107011293199369,0.0,0.0,0.0,15.107011293199369,0.0,0.0,0.0,0.0,3.7969962184327293,3.7969962184327293,0.0
2022-07-24 02:00:00,0.0,0.0,0.0,0.0,0.0,15.107011293199369,0.0,0.0,0.0,15.107011293199369,0.0,0.0,0.0,0.0,3.806966845886241,3.806966845886241,0.0
2022-07-24 03:00:00,0.0,0.0,0.0,0.0,0.0,15.107011293199369,0.0,0.0,0.0,15.107011293199369,0.0,0.0,0.0,0.0,3.8190524549208007,3.8190524549208007,0.0
2022-07-24 04:00:00,0.0,0.0,0.0,0.0,0.0,11.278674897199364,0.0,0.0,0.0,11.278674897199364,0.0,0.0,0.0,0.0,2.9088830427366883,2.9088830427366883,0.0
2022-07-24 05:00:00,0.0,0.0,0.011376639188494748,8.171766461472032,0.0,11.805145205859898,0.0,0.0,0.0,11.805145205859898,0.0,0.0,0.0,0.0,3.140168624758733,3.140168624758733,0.0
2022-07-24 06:00:00,0.0,0.0,3.0102808504897816,8.171766461472032,0.0,22.07470520848116,0.0,0.0,0.0,22.07470520848116,0.0,0.0,0.0,0.0,5.883350432164398,5.883350432164398,0.0
2022-07-24 07:00:00,0.0,0.0,9.53671777428743,8.171766461472032,0.0,42.24361608384922,0.0,0.0,0.0,42.24361608384922,0.0,0.0,0.0,0.0,11.177238379625665,11.177238379625665,0.0
2022-07-24 08:00:00,0.0,0.0,16.49946171753993,8.171766461472032,0.0,65.59865003372323,0.0,0.0,0.0,65.59865003372323,0.0,0.0,0.0,0.0,17.44136907096633,17.44136907096633,0.0
2022-07-24 09:00:00,0.0,0.0,20.334810471874693,8.171766461472032,0.0,69.43399878805799,0.0,0.0,0.0,69.43399878805799,0.0,0.0,0.0,0.0,18.22225864193794,18.22225864193794,0.0
2022-07-24 10:00:00,0.0,0.0,24.83202526499683,8.171766461472032,0.0,73.93121358118013,0.0,0.0,0.0,73.93121358118013,0.0,0.0,0.0,0.0,19.474960281554473,19.474960281554473,0.0
2022-07-24 11:00:00,0.0,0.0,29.066826591068914,8.171766461472032,0.0,78.16601490725222,0.0,0.0,0.0,78.16601490725222,0.0,0.0,0.0,0.0,20.466989343314918,20.466989343314918,0.0
2022-07-24 12:00:00,0.0,0.0,32.31571416816293,8.171766461472032,0.0,81.41490248434621,0.0,0.0,0.0,81.41490248434621,0.0,0.0,0.0,0.0,21.965740690276608,21.965740690276608,0.0
2022-07-24 13:00:00,0.0,0.0,35.52057284648738,8.171766461472032,0.0,84.61976116267068,0.0,0.0,0.0,84.61976116267068,0.0,0.0,0.0,0.0,23.301743631364626,23.301743631364626,0.0
2022-07-24 14:00:00,0.0,0.0,38.696150111345744,8.171766461472032,0.0,87.79533842752903,0.0,0.0,0.0,87.79533842752903,0.0,0.0,0.0,0.0,23.933009255344416,23.933009255344416,0.0
2022-07-24 15:00:00,0.0,0.0,36.66628769195186,8.171766461472032,0.0,85.76547600813514,0.0,0.0,0.0,85.76547600813514,0.0,0.0,0.0,0.0,23.346220224174463,23.346220224174463,0.0
2022-07-24 16:00:00,0.0,0.0,34.21008541049101,8.171766461472032,0.0,83.30927372667429,0.0,0.0,0.0,83.30927372667429,0.0,0.0,0.0,0.0,22.74593100559388,22.74593100559388,0.0
2022-07-24 17:00:00,0.0,0.0,32.247167595809785,8.171766461472032,0.0,69.50155722256174,0.0,0.0,0.0,69.50155722256174,0.0,0.0,0.0,0.0,19.437500508433846,19.437500508433846,0.0
2022-07-24 18:00:00,0.0,0.0,28.353607048072824,8.171766461472032,0.0,65.60799667482476,0.0,0.0,0.0,65.60799667482476,0.0,0.0,0.0,0.0,18.811124806605758,18.811124806605758,0.0
2022-07-24 19:00:00,0.0,0.0,24.96881269135303,8.171766461472032,0.0,67.24655199091482,0.0,0.0,0.0,67.24655199091482,0.0,0.0,0.0,0.0,19.387180938980745,19.387180938980745,0.0
2022-07-24 20:00:00,0.0,0.0,0.0,0.0,0.0,22.37766708451935,0.0,0.0,0.0,22.37766708451935,0.0,0.0,0.0,0.0,6.422838006598743,6.422838006598743,0.0
2022-07-24 21:00:00,0.0,0.0,0.0,0.0,0.0,15.107011293199369,0.0,0.0,0.0,15.107011293199369,0.0,0.0,0.0,0.0,4.060009285047331,4.060009285047331,0.0
2022-07-24 22:00:00,0.0,0.0,0.0,0.0,0.0,15.107011293199369,0.0,0.0,0.0,15.107011293199369,0.0,0.0,0.0,0.0,4.01227112936082,4.01227112936082,0.0
2022-07-24 23:00:00,0.0,0.0,0.0,0.0,0.0,15.107011293199369,0.0,0.0,0.0,15.107011293199369,0.0,0.0,0.0,0.0,3.9596987300604867,3.9596987300604867,0.0
2022-07-25 00:00:00,0.0,0.0,0.0,0.0,0.0,15.107011293199369,0.0,0.0,0.0,15.107011293199369,0.0,0.0,0.0,0.0,3.971180058643318,3.971180058643318,0.0
2022-07-25 01:00:00,0.0,0.0,0.0,0.0,0.0,15.107011293199369,0.0,0.0,0.0,15.107011293199369,0.0,0.0,0.0,0.0,4.06227533674131,4.06227533674131,0.0
2022-07-25 02:00:00,0.0,0.0,0.0,0.0,0.0,15.107011293199369,0.0,0.0,0.0,15.107011293199369,0.0,0.0,0.0,0.0,4.132976149593484,4.132976149593484,0.0
2022-07-25 03:00:00,0.0,0.0,0.0,0.0,0.0,15.107011293199369,0.0,0.0,0.0,15.107011293199369,0.0,0.0,0.0,0.0,4.157449507888466,4.157449507888466,0.0
2022-07-25 04:00:00,0.0,0.0,0.0,0.0,0.0,11.278674897199364,0.0,0.0,0.0,11.278674897199364,0.0,0.0,0.0,0.0,3.1152827933554357,3.1152827933554357,0.0
2022-07-25 05:00:00,0.0,0.0,0.0,8.171766461472032,0.0,11.793768566671403,0.0,0.0,0.0,11.793768566671403,0.0,0.0,0.0,0.0,3.2524854953166393,3.2524854953166393,0.0
2022-07-25 06:00:00,0.0,0.0,0.11243412729342601,8.171766461472032,0.0,19.176858485284804,0.0,0.0,0.0,19.176858485284804,0.0,0.0,0.0,0.0,5.4924440387704205,5.4924440387704205,0.0
2022-07-25 07:00:00,0.0,0.0,3.436742590201043,8.171766461472032,0.0,36.143640899762836,0.0,0.0,0.0,36.143640899762836,0.0,0.0,0.0,0.0,10.157808838469348,10.157808838469348,0.0
2022-07-25 08:00:00,0.0,0.0,12.328671207607401,8.171766461472032,0.0,61.42785952379071,0.0,0.0,0.0,61.42785952379071,0.0,0.0,0.0,0.0,17.064045097113823,17.064045097113823,0.0
2022-07-25 09:00:00,0.0,0.0,14.26532726181297,8.171766461472032,0.0,63.364515577996265,0.0,0.0,0.0,63.364515577996265,0.0,0.0,0.0,0.0,17.586821298672863,17.586821298672863,0.0
2022-07-25 10:00:00,0.0,0.0,17.300299962712497,8.171766461472032,0.0,66.39948827889577,0.0,0.0,0.0,66.39948827889577,0.0,0.0,0.0,0.0,18.471009649423227,18.471009649423227,0.0
2022-07-25 11:00:00,0.0,0.0,21.26081994175822,8.171766461472032,0.0,70.3600082579415,0.0,0.0,0.0,70.3600082579415,0.0,0.0,0.0,0.0,20.02375475012757,20.02375475012757,0.0
2022-07-25 12:00:00,0.0,0.0,25.93875184605977,8.171766461472032,0.0,75.03794016224306,0.0,0.0,0.0,75.03794016224306,0.0,0.0,0.0,0.0,21.53138655015402,21.53138655015402,0.0
2022-07-25 13:00:00,0.0,0.0,29.897366897478275,8.171766461472032,0.0,78.99655521366155,0.0,0.0,0.0,78.99655521366155,0.0,0.0,0.0,0.0,22.832374353404596,22.832374353404596,0.0
2022-07-25 14:00:00,0.0,0.0,30.353881211496084,8.171766461472032,0.0,79.45306952767938,0.0,0.0,0.0,79.45306952767938,0.0,0.0,0.0,0.0,22.83957936642671,22.83957936642671,0.0
2022-07-25 15:00:00,0.0,0.0,28.527112281813846,8.171766461472032,0.0,77.62630059799716,0.0,0.0,0.0,77.62630059799716,0.0,0.0,0.0,0.0,21.986873381376714,21.986873381376714,0.0
2022-07-25 16:00:00,0.0,0.0,25.497438509816032,8.171766461472032,0.0,74.59662682599934,0.0,0.0,0.0,74.59662682599934,0.0,0.0,0.0,0.0,21.39505853996487,21.39505853996487,0.0
2022-07-25 17:00:00,0.0,0.0,20.648682498297234,8.171766461472032,0.0,57.90307212504917,0.0,0.0,0.0,57.90307212504917,0.0,0.0,0.0,0.0,17.082564338332006,17.082564338332006,0.0
2022-07-25 18:00:00,0.0,0.0,14.83952155377855,8.171766461472032,0.0,52.0939111805305,0.0,0.0,0.0,52.0939111805305,0.0,0.0,0.0,0.0,15.505231723773095,15.505231723773095,0.0
2022-07-25 19:00:00,0.0,0.0,11.332662601487707,8.171766461472032,0.0,53.6104019010495,0.0,0.0,0.0,53.6104019010495,0.0,0.0,0.0,0.0,16.01771587999557,16.01771587999557,0.0
2022-07-25 20:00:00,0.0,0.0,0.0,0.0,0.0,22.37766708451935,0.0,0.0,0.0,22.37766708451935,0.0,0.0,0.0,0.0,6.5727683760650235,6.5727683760650235,0.0
2022-07-25 21:00:00,0.0,0.0,0.0,0.0,0.0,15.107011293199369,0.0,0.0,0.0,15.107011293199369,0.0,0.0,0.0,0.0,4.364113422379433,4.364113422379433,0.0
2022-07-25 22:00:00,0.0,0.0,0.0,0.0,0.0,15.107011293199369,0.0,0.0,0.0,15.107011293199369,0.0,0.0,0.0,0.0,4.4065641241133235,4.4065641241133235,0.0
2022-07-25 23:00:00,0.0,0.0,0.0,0.0,0.0,15.107011293199369,0.0,0.0,0.0,15.107011293199369,0.0,0.0,0.0,0.0,4.336014381374083,4.336014381374083,0.0
2022-07-26 00:00:00,0.0,0.0,0.0,0.0,0.0,15.107011293199369,0.0,0.0,0.0,15.107011293199369,0.0,0.0,0.0,0.0,4.340999695100839,4.340999695100839,0.0
2022-07-26 01:00:00,0.0,0.0,0.0,0.0,0.0,15.107011293199369,0.0,0.0,0.0,15.107011293199369,0.0,0.0,0.0,0.0,4.3768033118657215,4.3768033118657215,0.0
2022-07-26 02:00:00,0.0,0.0,0.0,0.0,0.0,15.107011293199369,0.0,0.0,0.0,15.107011293199369,0.0,0.0,0.0,0.0,4.3633580718147735,4.3633580718147735,0.0
2022-07-26 03:00:00,0.0,0.0,0.0,0.0,0.0,15.107011293199369,0.0,0.0,0.0,15.107011293199369,0.0,0.0,0.0,0.0,4.367890175202733,4.367890175202733,0.0
2022-07-26 04:00:00,0.0,0.0,0.0,0.0,0.0,11.278674897199364,0.0,0.0,0.0,11.278674897199364,0.0,0.0,0.0,0.0,3.288748813274362,3.288748813274362,0.0
2022-07-26 05:00:00,0.0,0.0,0.0,8.171766461472032,0.0,11.793768566671403,0.0,0.0,0.0,11.793768566671403,0.0,0.0,0.0,0.0,3.495673003161404,3.495673003161404,0.0
2022-07-26 06:00:00,0.0,0.0,0.0,8.171766461472032,0.0,19.064424357991378,0.0,0.0,0.0,19.064424357991378,0.0,0.0,0.0,0.0,5.754215203972537,5.754215203972537,0.0
2022-07-26 07:00:00,0.0,0.0,0.5742966494393245,8.171766461472032,0.0,33.28119495900111,0.0,0.0,0.0,33.28119495900111,0.0,0.0,0.0,0.0,9.919792969479872,9.919792969479872,0.0
2022-07-26 08:00:00,0.0,0.0,7.8295911967655645,8.171766461472032,0.0,56.92877951294886,0.0,0.0,0.0,56.92877951294886,0.0,0.0,0.0,0.0,16.95111338777565,16.95111338777565,0.0
2022-07-26 09:00:00,0.0,0.0,12.526019279316563,8.171766461472032,0.0,61.62520759549988,0.0,0.0,0.0,61.62520759549988,0.0,0.0,0.0,0.0,18.581848846271075,18.581848846271075,0.0
2022-07-26 10:00:00,0.0,0.0,17.64118351599094,8.171766461472032,0.0,66.74037183217423,0.0,0.0,0.0,66.74037183217423,0.0,0.0,0.0,0.0,20.253700639909916,20.253700639909916,0.0
2022-07-26 11:00:00,0.0,0.0,20.662879245734857,8.171766461472032,0.0,69.76206756191816,0.0,0.0,0.0,69.76206756191816,0.0,0.0,0.0,0.0,21.241154331252844,21.241154331252844,0.0
2022-07-26 12:00:00,0.0,0.0,23.410580144828824,8.171766461472032,0.0,72.50976846101211,0.0,0.0,0.0,72.50976846101211,0.0,0.0,0.0,0.0,22.220618544877162,22.220618544877162,0.0
2022-07-26 13:00:00,0.0,0.0,24.281714516958022,8.171766461472032,0.0,73.38090283314132,0.0,0.0,0.0,73.38090283314132,0.0,0.0,0.0,0.0,22.12067315905045,22.12067315905045,0.0
2022-07-26 14:00:00,0.0,0.0,23.55493490462977,8.171766461472032,0.0,72.65412322081308,0.0,0.0,0.0,72.65412322081308,0.0,0.0,0.0,0.0,21.530322875255745,21.530322875255745,0.0
2022-07-26 15:00:00,0.0,0.0,22.41825497607338,8.171766461472032,0.0,71.51744329225667,0.0,0.0,0.0,71.51744329225667,0.0,0.0,0.0,0.0,21.085487805856033,21.085487805856033,0.0
2022-07-26 16:00:00,0.0,0.0,21.063858510502275,8.171766461472032,0.0,70.16304682668557,0.0,0.0,0.0,70.16304682668557,0.0,0.0,0.0,0.0,20.766858599762397,20.766858599762397,0.0
2022-07-26 17:00:00,0.0,0.0,18.677555869862235,8.171766461472032,0.0,55.931945496614176,0.0,0.0,0.0,55.931945496614176,0.0,0.0,0.0,0.0,16.875227275783462,16.875227275783462,0.0
2022-07-26 18:00:00,0.0,0.0,14.794568534200272,8.171766461472032,0.0,52.04895816095222,0.0,0.0,0.0,52.04895816095222,0.0,0.0,0.0,0.0,16.080005134244576,16.080005134244576,0.0
2022-07-26 19:00:00,0.0,0.0,11.433826276246016,8.171766461472032,0.0,53.7115655758078,0.0,0.0,0.0,53.7115655758078,0.0,0.0,0.0,0.0,16.73168979251989,16.73168979251989,0.0
2022-07-26 20:00:00,0.0,0.0,0.0,0.0,0.0,22.37766708451935,0.0,0.0,0.0,22.37766708451935,0.0,0.0,0.0,0.0,6.761859662929211,6.761859662929211,0.0
2022-07-26 21:00:00,0.0,0.0,0.0,0.0,0.0,15.107011293199369,0.0,0.0,0.0,15.107011293199369,0.0,0.0,0.0,0.0,4.444029512120459,4.444029512120459,0.0
2022-07-26 22:00:00,0.0,0.0,0.0,0.0,0.0,15.107011293199369,0.0,0.0,0.0,15.107011293199369,0.0,0.0,0.0,0.0,4.33133120787319,4.33133120787319,0.0
2022-07-26 23:00:00,0.0,0.0,0.0,0.0,0.0,15.107011293199369,0.0,0.0,0.0,15.107011293199369,0.0,0.0,0.0,0.0,4.176333272004965,4.176333272004965,0.0
2022-07-27 00:00:00,0.0,0.0,0.0,0.0,0.0,15.107011293199369,0.0,0.0,0.0,15.107011293199369,0.0,0.0,0.0,0.0,4.141889286256471,4.141889286256471,0.0
2022-07-27 01:00:00,0.0,0.0,0.0,0.0,0.0,15.107011293199369,0.0,0.0,0.0,15.107011293199369,0.0,0.0,0.0,0.0,4.132522939254687,4.132522939254687,0.0
2022-07-27 02:00:00,0.0,0.0,0.0,0.0,0.0,15.107011293199369,0.0,0.0,0.0,15.107011293199369,0.0,0.0,0.0,0.0,4.133731500158143,4.133731500158143,0.0
2022-07-27 03:00:00,0.0,0.0,0.0,0.0,0.0,15.107011293199369,0.0,0.0,0.0,15.107011293199369,0.0,0.0,0.0,0.0,4.145061758628043,4.145061758628043,0.0
2022-07-27 04:00:00,0.0,0.0,0.0,0.0,0.0,11.278674897199364,0.0,0.0,0.0,11.278674897199364,0.0,0.0,0.0,0.0,3.082912996400474,3.082912996400474,0.0
2022-07-27 05:00:00,0.0,0.0,0.0,8.171766461472032,0.0,11.793768566671403,0.0,0.0,0.0,11.793768566671403,0.0,0.0,0.0,0.0,3.199059723709618,3.199059723709618,0.0
2022-07-27 06:00:00,0.0,0.0,0.0,8.171766461472032,0.0,19.064424357991378,0.0,0.0,0.0,19.064424357991378,0.0,0.0,0.0,0.0,5.28751809568891,5.28751809568891,0.0
2022-07-27 07:00:00,0.0,0.0,3.2768890422065287,8.171766461472032,0.0,35.98378735176833,0.0,0.0,0.0,35.98378735176833,0.0,0.0,0.0,0.0,10.106406515617653,10.106406515617653,0.0
2022-07-27 08:00:00,0.0,0.0,12.261326247114104,8.171766461472032,0.0,61.360514563297386,0.0,0.0,0.0,61.360514563297386,0.0,0.0,0.0,0.0,17.30550592228676,17.30550592228676,0.0
2022-07-27 09:00:00,0.0,0.0,16.233452839317064,8.171766461472032,0.0,65.33264115550035,0.0,0.0,0.0,65.33264115550035,0.0,0.0,0.0,0.0,18.352592226991607,18.352592226991607,0.0
2022-07-27 10:00:00,0.0,0.0,20.688290968417938,8.171766461472032,0.0,69.78747928460123,0.0,0.0,0.0,69.78747928460123,0.0,0.0,0.0,0.0,19.666111662400628,19.666111662400628,0.0
2022-07-27 11:00:00,0.0,0.0,23.99260943364073,8.171766461472032,0.0,73.09179774982404,0.0,0.0,0.0,73.09179774982404,0.0,0.0,0.0,0.0,20.630159914887834,20.630159914887834,0.0
2022-07-27 12:00:00,0.0,0.0,26.74213674512134,8.171766461472032,0.0,75.84132506130463,0.0,0.0,0.0,75.84132506130463,0.0,0.0,0.0,0.0,21.80817302137815,21.80817302137815,0.0
2022-07-27 13:00:00,0.0,0.0,28.412760346533677,8.171766461472032,0.0,77.51194866271699,0.0,0.0,0.0,77.51194866271699,0.0,0.0,0.0,0.0,22.249029744146284,22.249029744146284,0.0
2022-07-27 14:00:00,0.0,0.0,30.757709190298172,8.171766461472032,0.0,79.85689750648146,0.0,0.0,0.0,79.85689750648146,0.0,0.0,0.0,0.0,22.942088084637064,22.942088084637064,0.0
2022-07-27 15:00:00,0.0,0.0,31.32155354289387,8.171766461472032,0.0,80.42074185907717,0.0,0.0,0.0,80.42074185907717,0.0,0.0,0.0,0.0,23.129005358670597,23.129005358670597,0.0
2022-07-27 16:00:00,0.0,0.0,29.396677458985785,8.171766461472032,0.0,78.49586577516908,0.0,0.0,0.0,78.49586577516908,0.0,0.0,0.0,0.0,22.79990917305561,22.79990917305561,0.0
2022-07-27 17:00:00,0.0,0.0,26.304287474775453,8.171766461472032,0.0,63.5586771015274,0.0,0.0,0.0,63.5586771015274,0.0,0.0,0.0,0.0,18.68053078690992,18.68053078690992,0.0
2022-07-27 18:00:00,0.0,0.0,23.22520386489291,8.171766461472032,0.0,60.479593491644856,0.0,0.0,0.0,60.479593491644856,0.0,0.0,0.0,0.0,17.75862303695168,17.75862303695168,0.0
2022-07-27 19:00:00,0.0,0.0,20.05804569416376,8.171766461472032,0.0,62.33578499372555,0.0,0.0,0.0,62.33578499372555,0.0,0.0,0.0,0.0,17.978263750040384,17.978263750040384,0.0
2022-07-27 20:00:00,0.0,0.0,0.0,0.0,0.0,22.37766708451935,0.0,0.0,0.0,22.37766708451935,0.0,0.0,0.0,0.0,6.2814111506245816,6.2814111506245816,0.0
2022-07-27 21:00:00,0.0,0.0,0.0,0.0,0.0,15.107011293199369,0.0,0.0,0.0,15.107011293199369,0.0,0.0,0.0,0.0,4.101553566103629,4.101553566103629,0.0
2022-07-27 22:00:00,0.0,0.0,0.0,0.0,0.0,15.107011293199369,0.0,0.0,0.0,15.107011293199369,0.0,0.0,0.0,0.0,4.1443064080633825,4.1443064080633825,0.0
2022-07-27 23:00:00,0.0,0.0,0.0,0.0,0.0,14.657592477664597,0.0,0.0,0.0,14.657592477664597,0.0,0.0,0.0,0.0,3.8432207476436573,3.8432207476436573,0.0
2022-07-28 00:00:00,0.0,0.0,0.0,0.0,0.0,14.657592477664597,0.0,0.0,0.0,14.657592477664597,0.0,0.0,0.0,0.0,3.7681738741580144,3.7681738741580144,0.0
2022-07-28 01:00:00,0.0,0.0,0.0,0.0,0.0,14.657592477664597,0.0,0.0,0.0,14.657592477664597,0.0,0.0,0.0,0.0,3.731383317039077,3.731383317039077,0.0
2022-07-28 02:00:00,0.0,0.0,0.0,0.0,0.0,14.657592477664597,0.0,0.0,0.0,14.657592477664597,0.0,0.0,0.0,0.0,3.756447800175882,3.756447800175882,0.0
2022-07-28 03:00:00,0.0,0.0,0.0,0.0,0.0,14.657592477664597,0.0,0.0,0.0,14.657592477664597,0.0,0.0,0.0,0.0,3.7744766389234106,3.7744766389234106,0.0
2022-07-28 04:00:00,0.0,0.0,0.0,0.0,0.0,10.829256081664601,0.0,0.0,0.0,10.829256081664601,0.0,0.0,0.0,0.0,2.79708855333315,2.79708855333315,0.0
2022-07-28 05:00:00,0.0,0.0,0.0,8.171766461472032,0.0,11.344349751136637,0.0,0.0,0.0,11.344349751136637,0.0,0.0,0.0,0.0,2.9599677370665716,2.9599677370665716,0.0
2022-07-28 06:00:00,0.0,0.0,0.0,8.171766461472032,0.0,14.516933040801234,0.0,0.0,0.0,14.516933040801234,0.0,0.0,0.0,0.0,3.891844578908403,3.891844578908403,0.0
2022-07-28 07:00:00,0.0,0.0,1.6564067047885382,8.171766461472032,0.0,25.268322379970055,0.0,0.0,0.0,25.268322379970055,0.0,0.0,0.0,0.0,7.033437534464666,7.033437534464666,0.0
2022-07-28 08:00:00,0.0,0.0,9.549767279055338,8.171766461472032,0.0,46.804156905807275,0.0,0.0,0.0,46.804156905807275,0.0,0.0,0.0,0.0,13.236215572962298,13.236215572962298,0.0
2022-07-28 09:00:00,0.0,0.0,16.83119181859405,8.171766461472032,0.0,65.93038013477735,0.0,0.0,0.0,65.93038013477735,0.0,0.0,0.0,0.0,18.686647641599947,18.686647641599947,0.0
2022-07-28 10:00:00,0.0,0.0,24.535059514908866,8.171766461472032,0.0,73.63424783109215,0.0,0.0,0.0,73.63424783109215,0.0,0.0,0.0,0.0,20.986496974339573,20.986496974339573,0.0
2022-07-28 11:00:00,0.0,0.0,28.892404452041415,8.171766461472032,0.0,77.9915927682247,0.0,0.0,0.0,77.9915927682247,0.0,0.0,0.0,0.0,22.701012907047165,22.701012907047165,0.0
2022-07-28 12:00:00,0.0,0.0,31.58126285523166,8.171766461472032,0.0,80.68045117141497,0.0,0.0,0.0,80.68045117141497,0.0,0.0,0.0,0.0,24.176703998026213,24.176703998026213,0.0
2022-07-28 13:00:00,0.0,0.0,32.2372153705652,8.171766461472032,0.0,81.3364036867485,0.0,0.0,0.0,81.3364036867485,0.0,0.0,0.0,0.0,24.574167645877324,24.574167645877324,0.0
2022-07-28 14:00:00,0.0,0.0,31.907999017661247,8.171766461472032,0.0,81.00718733384454,0.0,0.0,0.0,81.00718733384454,0.0,0.0,0.0,0.0,24.619704374502035,24.619704374502035,0.0
2022-07-28 15:00:00,0.0,0.0,28.19231224839997,8.171766461472032,0.0,77.29150056458326,0.0,0.0,0.0,77.29150056458326,0.0,0.0,0.0,0.0,23.368312280696102,23.368312280696102,0.0
2022-07-28 16:00:00,0.0,0.0,24.875542126720454,8.171766461472032,0.0,73.97473044290373,0.0,0.0,0.0,73.97473044290373,0.0,0.0,0.0,0.0,22.63182903170197,22.63182903170197,0.0
2022-07-28 17:00:00,0.0,0.0,18.91200901967896,8.171766461472032,0.0,51.61890732924074,0.0,0.0,0.0,51.61890732924074,0.0,0.0,0.0,0.0,16.324479442872384,16.324479442872384,0.0
2022-07-28 18:00:00,0.0,0.0,14.12925379762576,8.171766461472032,0.0,37.74116947280728,0.0,0.0,0.0,37.74116947280728,0.0,0.0,0.0,0.0,11.999804833879075,11.999804833879075,0.0
2022-07-28 19:00:00,0.0,0.0,9.268157669502065,8.171766461472032,0.0,42.450914334683574,0.0,0.0,0.0,42.450914334683574,0.0,0.0,0.0,0.0,13.45736435323804,13.45736435323804,0.0
2022-07-28 20:00:00,0.0,0.0,3.799104645660277,8.171766461472032,0.0,29.80104687446151,0.0,0.0,0.0,29.80104687446151,0.0,0.0,0.0,0.0,9.510706099515644,9.510706099515644,0.0
2022-07-28 21:00:00,0.0,0.0,0.0,0.0,0.0,14.657592477664597,0.0,0.0,0.0,14.657592477664597,0.0,0.0,0.0,0.0,4.545172851399014,4.545172851399014,0.0
2022-07-28 22:00:00,0.0,0.0,0.0,0.0,0.0,14.657592477664597,0.0,0.0,0.0,14.657592477664597,0.0,0.0,0.0,0.0,4.407538058033744,4.407538058033744,0.0
2022-07-28 23:00:00,0.0,0.0,0.0,0.0,0.0,14.657592477664597,0.0,0.0,0.0,14.657592477664597,0.0,0.0,0.0,0.0,4.335422703043634,4.335422703043634,0.0
2022-07-29 00:00:00,0.0,0.0,0.0,0.0,0.0,14.657592477664597,0.0,0.0,0.0,14.657592477664597,0.0,0.0,0.0,0.0,4.366936526870614,4.366936526870614,0.0
2022-07-29 01:00:00,0.0,0.0,0.0,0.0,0.0,14.657592477664597,0.0,0.0,0.0,14.657592477664597,0.0,0.0,0.0,0.0,4.352865238092056,4.352865238092056,0.0
2022-07-29 02:00:00,0.0,0.0,0.0,0.0,0.0,14.657592477664597,0.0,0.0,0.0,14.657592477664597,0.0,0.0,0.0,0.0,4.273421086863114,4.273421086863114,0.0
2022-07-29 03:00:00,0.0,0.0,0.0,0.0,0.0,14.657592477664597,0.0,0.0,0.0,14.657592477664597,0.0,0.0,0.0,0.0,4.259642949934109,4.259642949934109,0.0
2022-07-29 04:00:00,0.0,0.0,0.0,0.0,0.0,10.829256081664601,0.0,0.0,0.0,10.829256081664601,0.0,0.0,0.0,0.0,3.2244109983156353,3.2244109983156353,0.0
2022-07-29 05:00:00,0.0,0.0,0.0,0.0,0.0,3.1725832896646002,0.0,0.0,0.0,3.1725832896646002,0.0,0.0,0.0,0.0,0.9729995691072363,0.9729995691072363,0.0
2022-07-29 06:00:00,0.0,0.0,0.0,0.0,0.0,3.1725832896646002,0.0,0.0,0.0,3.1725832896646002,0.0,0.0,0.0,0.0,0.9811531081616742,0.9811531081616742,0.0
2022-07-29 07:00:00,0.0,0.0,0.0,8.171766461472032,0.0,14.516933040801234,0.0,0.0,0.0,14.516933040801234,0.0,0.0,0.0,0.0,4.525218367478561,4.525218367478561,0.0
2022-07-29 08:00:00,0.0,0.0,1.1159401042899366,8.171766461472032,0.0,15.632873145091173,0.0,0.0,0.0,15.632873145091173,0.0,0.0,0.0,0.0,4.969534044093033,4.969534044093033,0.0
2022-07-29 09:00:00,0.0,0.0,6.5015243449677165,8.171766461472032,0.0,34.66093133733937,0.0,0.0,0.0,34.66093133733937,0.0,0.0,0.0,0.0,11.013857541752959,11.013857541752959,0.0
2022-07-29 10:00:00,0.0,0.0,9.471607750613247,8.171766461472032,0.0,37.63101474298491,0.0,0.0,0.0,37.63101474298491,0.0,0.0,0.0,0.0,12.060363914979234,12.060363914979234,0.0
2022-07-29 11:00:00,0.0,0.0,14.18930688716442,8.171766461472032,0.0,51.44369651391636,0.0,0.0,0.0,51.44369651391636,0.0,0.0,0.0,0.0,16.600366428075667,16.600366428075667,0.0
2022-07-29 12:00:00,0.0,0.0,16.516812880573514,8.171766461472032,0.0,53.771202507325455,0.0,0.0,0.0,53.771202507325455,0.0,0.0,0.0,0.0,17.143872495410577,17.143872495410577,0.0
2022-07-29 13:00:00,0.0,0.0,18.202328949465365,8.171766461472032,0.0,55.45671857621729,0.0,0.0,0.0,55.45671857621729,0.0,0.0,0.0,0.0,17.661301164967924,17.661301164967924,0.0
2022-07-29 14:00:00,0.0,0.0,18.83595071559786,8.171766461472032,0.0,56.0903403423498,0.0,0.0,0.0,56.0903403423498,0.0,0.0,0.0,0.0,17.973588659302568,17.973588659302568,0.0
2022-07-29 15:00:00,0.0,0.0,18.227548863464254,8.171766461472032,0.0,55.481938490216194,0.0,0.0,0.0,55.481938490216194,0.0,0.0,0.0,0.0,17.567246184157156,17.567246184157156,0.0
2022-07-29 16:00:00,0.0,0.0,15.606959165751729,8.171766461472032,0.0,43.76636615812339,0.0,0.0,0.0,43.76636615812339,0.0,0.0,0.0,0.0,14.117279067964281,14.117279067964281,0.0
2022-07-29 17:00:00,0.0,0.0,12.218684896051991,8.171766461472032,0.0,31.28310925404337,0.0,0.0,0.0,31.28310925404337,0.0,0.0,0.0,0.0,10.376920170658726,10.376920170658726,0.0
2022-07-29 18:00:00,0.0,0.0,0.0,0.0,0.0,3.1725832896646002,0.0,0.0,0.0,3.1725832896646002,0.0,0.0,0.0,0.0,1.0578661721057643,1.0578661721057643,0.0
2022-07-29 19:00:00,0.0,0.0,0.0,0.0,0.0,14.657592477664597,0.0,0.0,0.0,14.657592477664597,0.0,0.0,0.0,0.0,4.910000328168087,4.910000328168087,0.0
2022-07-29 20:00:00,0.0,0.0,0.0,0.0,0.0,14.657592477664597,0.0,0.0,0.0,14.657592477664597,0.0,0.0,0.0,0.0,4.858991906345814,4.858991906345814,0.0
2022-07-29 21:00:00,0.0,0.0,0.0,0.0,0.0,14.657592477664597,0.0,0.0,0.0,14.657592477664597,0.0,0.0,0.0,0.0,4.724288631476076,4.724288631476076,0.0
2022-07-29 22:00:00,0.0,0.0,0.0,0.0,0.0,14.657592477664597,0.0,0.0,0.0,14.657592477664597,0.0,0.0,0.0,0.0,4.628721128521703,4.628721128521703,0.0
2022-07-29 23:00:00,0.0,0.0,0.0,0.0,0.0,15.107011293199369,0.0,0.0,0.0,15.107011293199369,0.0,0.0,0.0,0.0,4.770794166392361,4.770794166392361,0.0
2022-07-30 00:00:00,0.0,0.0,0.0,0.0,0.0,15.107011293199369,0.0,0.0,0.0,15.107011293199369,0.0,0.0,0.0,0.0,4.915670404694143,4.915670404694143,0.0
2022-07-30 01:00:00,0.0,0.0,0.0,0.0,0.0,15.107011293199369,0.0,0.0,0.0,15.107011293199369,0.0,0.0,0.0,0.0,4.939388412424465,4.939388412424465,0.0
2022-07-30 02:00:00,0.0,0.0,0.0,0.0,0.0,15.107011293199369,0.0,0.0,0.0,15.107011293199369,0.0,0.0,0.0,0.0,4.942863025021901,4.942863025021901,0.0
2022-07-30 03:00:00,0.0,0.0,0.0,0.0,0.0,15.107011293199369,0.0,0.0,0.0,15.107011293199369,0.0,0.0,0.0,0.0,4.9318349067778655,4.9318349067778655,0.0
2022-07-30 04:00:00,0.0,0.0,0.0,0.0,0.0,11.278674897199364,0.0,0.0,0.0,11.278674897199364,0.0,0.0,0.0,0.0,3.697600778297839,3.697600778297839,0.0
2022-07-30 05:00:00,0.0,0.0,0.0,8.171766461472032,0.0,11.793768566671403,0.0,0.0,0.0,11.793768566671403,0.0,0.0,0.0,0.0,3.9578707932892563,3.9578707932892563,0.0
2022-07-30 06:00:00,0.0,0.0,0.0,8.171766461472032,0.0,19.064424357991378,0.0,0.0,0.0,19.064424357991378,0.0,0.0,0.0,0.0,6.466652742230675,6.466652742230675,0.0
2022-07-30 07:00:00,0.0,0.0,0.0,8.171766461472032,0.0,32.706898309561794,0.0,0.0,0.0,32.706898309561794,0.0,0.0,0.0,0.0,11.196879567295383,11.196879567295383,0.0
2022-07-30 08:00:00,0.0,0.0,4.161274968131741,8.171766461472032,0.0,53.26046328431502,0.0,0.0,0.0,53.26046328431502,0.0,0.0,0.0,0.0,18.152763701193088,18.152763701193088,0.0
2022-07-30 09:00:00,0.0,0.0,9.766967023185398,8.171766461472032,0.0,58.86615533936869,0.0,0.0,0.0,58.86615533936869,0.0,0.0,0.0,0.0,19.79021276354236,19.79021276354236,0.0
2022-07-30 10:00:00,0.0,0.0,16.05188472036161,8.171766461472032,0.0,65.15107303654491,0.0,0.0,0.0,65.15107303654491,0.0,0.0,0.0,0.0,22.312939493555902,22.312939493555902,0.0
2022-07-30 11:00:00,0.0,0.0,20.94359500899854,8.171766461472032,0.0,70.04278332518183,0.0,0.0,0.0,70.04278332518183,0.0,0.0,0.0,0.0,24.346871483833205,24.346871483833205,0.0
2022-07-30 12:00:00,0.0,0.0,23.046287974332596,8.171766461472032,0.0,72.14547629051589,0.0,0.0,0.0,72.14547629051589,0.0,0.0,0.0,0.0,24.935640970291004,24.935640970291004,0.0
2022-07-30 13:00:00,0.0,0.0,22.935833995530174,8.171766461472032,0.0,72.03502231171346,0.0,0.0,0.0,72.03502231171346,0.0,0.0,0.0,0.0,24.582671714095337,24.582671714095337,0.0
2022-07-30 14:00:00,0.0,0.0,23.491101351028867,8.171766461472032,0.0,72.59028966721218,0.0,0.0,0.0,72.59028966721218,0.0,0.0,0.0,0.0,24.462927617850504,24.462927617850504,0.0
2022-07-30 15:00:00,0.0,0.0,23.80058706047824,8.171766461472032,0.0,72.89977537666152,0.0,0.0,0.0,72.89977537666152,0.0,0.0,0.0,0.0,24.245007294770087,24.245007294770087,0.0
2022-07-30 16:00:00,0.0,0.0,22.971109246239145,8.171766461472032,0.0,72.07029756242244,0.0,0.0,0.0,72.07029756242244,0.0,0.0,0.0,0.0,24.200485218485834,24.200485218485834,0.0
2022-07-30 17:00:00,0.0,0.0,20.649216675584718,8.171766461472032,0.0,57.90360630233665,0.0,0.0,0.0,57.90360630233665,0.0,0.0,0.0,0.0,20.010328265961498,20.010328265961498,0.0
2022-07-30 18:00:00,0.0,0.0,16.496213515381164,8.171766461472032,0.0,53.7506031421331,0.0,0.0,0.0,53.7506031421331,0.0,0.0,0.0,0.0,18.81109858165232,18.81109858165232,0.0
2022-07-30 19:00:00,0.0,0.0,13.378227223749512,8.171766461472032,0.0,57.5701347213113,0.0,0.0,0.0,57.5701347213113,0.0,0.0,0.0,0.0,20.039588195141246,20.039588195141246,0.0
2022-07-30 20:00:00,0.0,0.0,0.0,0.0,0.0,22.37766708451935,0.0,0.0,0.0,22.37766708451935,0.0,0.0,0.0,0.0,7.739539937851862,7.739539937851862,0.0
2022-07-30 21:00:00,0.0,0.0,0.0,0.0,0.0,15.107011293199369,0.0,0.0,0.0,15.107011293199369,0.0,0.0,0.0,0.0,5.151339780868053,5.151339780868053,0.0
2022-07-30 22:00:00,0.0,0.0,0.0,0.0,0.0,15.107011293199369,0.0,0.0,0.0,15.107011293199369,0.0,0.0,0.0,0.0,5.027009077925022,5.027009077925022,0.0
2022-07-30 23:00:00,0.0,0.0,0.0,0.0,0.0,15.107011293199369,0.0,0.0,0.0,15.107011293199369,0.0,0.0,0.0,0.0,4.9902990404825465,4.9902990404825465,0.0
2022-07-31 00:00:00,0.0,0.0,0.0,0.0,0.0,15.107011293199369,0.0,0.0,0.0,15.107011293199369,0.0,0.0,0.0,0.0,5.0173405906973745,5.0173405906973745,0.0
2022-07-31 01:00:00,0.0,0.0,0.0,0.0,0.0,15.107011293199369,0.0,0.0,0.0,15.107011293199369,0.0,0.0,0.0,0.0,4.962653209815993,4.962653209815993,0.0
2022-07-31 02:00:00,0.0,0.0,0.0,0.0,0.0,15.107011293199369,0.0,0.0,0.0,15.107011293199369,0.0,0.0,0.0,0.0,4.913102212774299,4.913102212774299,0.0
2022-07-31 03:00:00,0.0,0.0,0.0,0.0,0.0,15.107011293199369,0.0,0.0,0.0,15.107011293199369,0.0,0.0,0.0,0.0,4.904793356563039,4.904793356563039,0.0
2022-07-31 04:00:00,0.0,0.0,0.0,0.0,0.0,11.278674897199364,0.0,0.0,0.0,11.278674897199364,0.0,0.0,0.0,0.0,3.6748178550054966,3.6748178550054966,0.0
2022-07-31 05:00:00,0.0,0.0,0.0,8.171766461472032,0.0,11.793768566671403,0.0,0.0,0.0,11.793768566671403,0.0,0.0,0.0,0.0,3.85974663881455,3.85974663881455,0.0
2022-07-31 06:00:00,0.0,0.0,0.06714500398912207,8.171766461472032,0.0,19.131569361980503,0.0,0.0,0.0,19.131569361980503,0.0,0.0,0.0,0.0,6.247413975154734,6.247413975154734,0.0
2022-07-31 07:00:00,0.0,0.0,3.8458038146736313,8.171766461472032,0.0,36.55270212423543,0.0,0.0,0.0,36.55270212423543,0.0,0.0,0.0,0.0,11.694671517627883,11.694671517627883,0.0
2022-07-31 08:00:00,0.0,0.0,11.738022809805043,8.171766461472032,0.0,60.83721112598833,0.0,0.0,0.0,60.83721112598833,0.0,0.0,0.0,0.0,19.54638756266879,19.54638756266879,0.0
2022-07-31 09:00:00,0.0,0.0,17.110755451795367,8.171766461472032,0.0,66.20994376797866,0.0,0.0,0.0,66.20994376797866,0.0,0.0,0.0,0.0,21.600994154303034,21.600994154303034,0.0
2022-07-31 10:00:00,0.0,0.0,22.41639144313836,8.171766461472032,0.0,71.51557975932165,0.0,0.0,0.0,71.51557975932165,0.0,0.0,0.0,0.0,23.258296849326587,23.258296849326587,0.0
2022-07-31 11:00:00,0.0,0.0,26.49988016902272,8.171766461472032,0.0,75.599068485206,0.0,0.0,0.0,75.599068485206,0.0,0.0,0.0,0.0,24.88872532669952,24.88872532669952,0.0
2022-07-31 12:00:00,0.0,0.0,31.973184217610086,8.171766461472032,0.0,81.07237253379338,0.0,0.0,0.0,81.07237253379338,0.0,0.0,0.0,0.0,26.41013607660853,26.41013607660853,0.0
2022-07-31 13:00:00,0.0,0.0,33.94601391706923,8.171766461472032,0.0,83.04520223325252,0.0,0.0,0.0,83.04520223325252,0.0,0.0,0.0,0.0,27.131698021625933,27.131698021625933,0.0
2022-07-31 14:00:00,0.0,0.0,31.58885695277743,8.171766461472032,0.0,80.68804526896074,0.0,0.0,0.0,80.68804526896074,0.0,0.0,0.0,0.0,26.272027539573614,26.272027539573614,0.0
2022-07-31 15:00:00,0.0,0.0,30.407075331469777,8.171766461472032,0.0,79.50626364765309,0.0,0.0,0.0,79.50626364765309,0.0,0.0,0.0,0.0,24.747914685604975,24.747914685604975,0.0
2022-07-31 16:00:00,0.0,0.0,27.156837332333122,8.171766461472032,0.0,76.2560256485164,0.0,0.0,0.0,76.2560256485164,0.0,0.0,0.0,0.0,23.842971539521624,23.842971539521624,0.0
2022-07-31 17:00:00,0.0,0.0,22.337694417281913,8.171766461472032,0.0,59.59208404403386,0.0,0.0,0.0,59.59208404403386,0.0,0.0,0.0,0.0,19.138593711581915,19.138593711581915,0.0
2022-07-31 18:00:00,0.0,0.0,17.660958130799326,8.171766461472032,0.0,54.91534775755127,0.0,0.0,0.0,54.91534775755127,0.0,0.0,0.0,0.0,17.5663214406855,17.5663214406855,0.0
2022-07-31 19:00:00,0.0,0.0,14.141061425115993,8.171766461472032,0.0,58.33296892267779,0.0,0.0,0.0,58.33296892267779,0.0,0.0,0.0,0.0,18.495051126624222,18.495051126624222,0.0
2022-07-31 20:00:00,0.0,0.0,0.0,0.0,0.0,22.37766708451935,0.0,0.0,0.0,22.37766708451935,0.0,0.0,0.0,0.0,6.98630766378694,6.98630766378694,0.0
2022-07-31 21:00:00,0.0,0.0,0.0,0.0,0.0,15.107011293199369,0.0,0.0,0.0,15.107011293199369,0.0,0.0,0.0,0.0,4.578330842517,4.578330842517,0.0
2022-07-31 22:00:00,0.0,0.0,0.0,0.0,0.0,15.107011293199369,0.0,0.0,0.0,15.107011293199369,0.0,0.0,0.0,0.0,4.4354185156833354,4.4354185156833354,0.0
2022-07-31 23:00:00,0.0,0.0,0.0,0.0,0.0,15.107011293199369,0.0,0.0,0.0,15.107011293199369,0.0,0.0,0.0,0.0,4.400521319596044,4.400521319596044,0.0
2022-08-01 00:00:00,0.0,0.0,0.0,0.0,0.0,15.107011293199369,0.0,0.0,0.0,15.107011293199369,0.0,0.0,0.0,0.0,4.411851578065944,4.411851578065944,0.0
2022-08-01 01:00:00,0.0,0.0,0.0,0.0,0.0,15.107011293199369,0.0,0.0,0.0,15.107011293199369,0.0,0.0,0.0,0.0,4.389795341577873,4.389795341577873,0.0
2022-08-01 02:00:00,0.0,0.0,0.0,0.0,0.0,15.107011293199369,0.0,0.0,0.0,15.107011293199369,0.0,0.0,0.0,0.0,4.3585238282009495,4.3585238282009495,0.0
2022-08-01 03:00:00,0.0,0.0,0.0,0.0,0.0,15.107011293199369,0.0,0.0,0.0,15.107011293199369,0.0,0.0,0.0,0.0,4.345682868601731,4.345682868601731,0.0
2022-08-01 04:00:00,0.0,0.0,0.0,0.0,0.0,11.278674897199364,0.0,0.0,0.0,11.278674897199364,0.0,0.0,0.0,0.0,3.2878465192825868,3.2878465192825868,0.0
2022-08-01 05:00:00,0.0,0.0,0.0,8.171766461472032,0.0,11.793768566671403,0.0,0.0,0.0,11.793768566671403,0.0,0.0,0.0,0.0,3.4824639823667316,3.4824639823667316,0.0
2022-08-01 06:00:00,0.0,0.0,0.0,8.171766461472032,0.0,19.064424357991378,0.0,0.0,0.0,19.064424357991378,0.0,0.0,0.0,0.0,5.6966406424114036,5.6966406424114036,0.0
2022-08-01 07:00:00,0.0,0.0,0.11966435632383852,8.171766461472032,0.0,32.82656266588563,0.0,0.0,0.0,32.82656266588563,0.0,0.0,0.0,0.0,9.967129222242855,9.967129222242855,0.0
2022-08-01 08:00:00,0.0,0.0,6.575617144918565,8.171766461472032,0.0,55.67480546110184,0.0,0.0,0.0,55.67480546110184,0.0,0.0,0.0,0.0,17.018117785295,17.018117785295,0.0
2022-08-01 09:00:00,0.0,0.0,11.540275196116927,8.171766461472032,0.0,60.639463512300225,0.0,0.0,0.0,60.639463512300225,0.0,0.0,0.0,0.0,18.422269015036807,18.422269015036807,0.0
2022-08-01 10:00:00,0.0,0.0,17.122689768815853,8.171766461472032,0.0,66.22187808499915,0.0,0.0,0.0,66.22187808499915,0.0,0.0,0.0,0.0,20.151979720046093,20.151979720046093,0.0
2022-08-01 11:00:00,0.0,0.0,20.506924454036056,8.171766461472032,0.0,69.60611277021935,0.0,0.0,0.0,69.60611277021935,0.0,0.0,0.0,0.0,21.209678622213538,21.209678622213538,0.0
2022-08-01 12:00:00,0.0,0.0,22.590462043402674,8.171766461472032,0.0,71.68965035958597,0.0,0.0,0.0,71.68965035958597,0.0,0.0,0.0,0.0,22.11482334292508,22.11482334292508,0.0
2022-08-01 13:00:00,0.0,0.0,24.144335038824547,8.171766461472032,0.0,73.24352335500784,0.0,0.0,0.0,73.24352335500784,0.0,0.0,0.0,0.0,22.56559711044436,22.56559711044436,0.0
2022-08-01 14:00:00,0.0,0.0,24.272842528221236,8.171766461472032,0.0,73.37203084440452,0.0,0.0,0.0,73.37203084440452,0.0,0.0,0.0,0.0,22.638206396732574,22.638206396732574,0.0
2022-08-01 15:00:00,0.0,0.0,23.693823248471364,8.171766461472032,0.0,72.79301156465466,0.0,0.0,0.0,72.79301156465466,0.0,0.0,0.0,0.0,22.538172240648375,22.538172240648375,0.0
2022-08-01 16:00:00,0.0,0.0,22.034460337910055,8.171766461472032,0.0,71.13364865409335,0.0,0.0,0.0,71.13364865409335,0.0,0.0,0.0,0.0,22.079884542230573,22.079884542230573,0.0
2022-08-01 17:00:00,0.0,0.0,18.922299141680927,8.171766461472032,0.0,56.17668876843287,0.0,0.0,0.0,56.17668876843287,0.0,0.0,0.0,0.0,17.613638996454444,17.613638996454444,0.0
2022-08-01 18:00:00,0.0,0.0,16.224202788894257,8.171766461472032,0.0,53.47859241564619,0.0,0.0,0.0,53.47859241564619,0.0,0.0,0.0,0.0,17.116893074475875,17.116893074475875,0.0
2022-08-01 19:00:00,0.0,0.0,12.453109851575599,8.171766461472032,0.0,56.6450173491374,0.0,0.0,0.0,56.6450173491374,0.0,0.0,0.0,0.0,18.091285640967502,18.091285640967502,0.0
2022-08-01 20:00:00,0.0,0.0,0.0,0.0,0.0,22.37766708451935,0.0,0.0,0.0,22.37766708451935,0.0,0.0,0.0,0.0,6.886279491919139,6.886279491919139,0.0
2022-08-01 21:00:00,0.0,0.0,0.0,0.0,0.0,15.107011293199369,0.0,0.0,0.0,15.107011293199369,0.0,0.0,0.0,0.0,4.48587593340262,4.48587593340262,0.0
2022-08-01 22:00:00,0.0,0.0,0.0,0.0,0.0,15.107011293199369,0.0,0.0,0.0,15.107011293199369,0.0,0.0,0.0,0.0,4.381033275027817,4.381033275027817,0.0
2022-08-01 23:00:00,0.0,0.0,0.0,0.0,0.0,15.107011293199369,0.0,0.0,0.0,15.107011293199369,0.0,0.0,0.0,0.0,4.250810837680438,4.250810837680438,0.0
2022-08-02 00:00:00,0.0,0.0,0.0,0.0,0.0,15.107011293199369,0.0,0.0,0.0,15.107011293199369,0.0,0.0,0.0,0.0,4.25549401118133,4.25549401118133,0.0
2022-08-02 01:00:00,0.0,0.0,0.0,0.0,0.0,15.107011293199369,0.0,0.0,0.0,15.107011293199369,0.0,0.0,0.0,0.0,4.233890985032056,4.233890985032056,0.0
2022-08-02 02:00:00,0.0,0.0,0.0,0.0,0.0,15.107011293199369,0.0,0.0,0.0,15.107011293199369,0.0,0.0,0.0,0.0,4.2175754128354,4.2175754128354,0.0
2022-08-02 03:00:00,0.0,0.0,0.0,0.0,0.0,15.107011293199369,0.0,0.0,0.0,15.107011293199369,0.0,0.0,0.0,0.0,4.209417626737072,4.209417626737072,0.0
2022-08-02 04:00:00,0.0,0.0,0.0,0.0,0.0,13.192843095199365,0.0,0.0,0.0,13.192843095199365,0.0,0.0,0.0,0.0,3.672095947117791,3.672095947117791,0.0
2022-08-02 05:00:00,0.0,0.0,0.0,8.171766461472032,0.0,11.793768566671403,0.0,0.0,0.0,11.793768566671403,0.0,0.0,0.0,0.0,3.310746712035997,3.310746712035997,0.0
2022-08-02 06:00:00,0.0,0.0,0.0,8.171766461472032,0.0,19.064424357991378,0.0,0.0,0.0,19.064424357991378,0.0,0.0,0.0,0.0,5.561855162200405,5.561855162200405,0.0
2022-08-02 07:00:00,0.0,0.0,0.5912564546256437,8.171766461472032,0.0,33.29815476418743,0.0,0.0,0.0,33.29815476418743,0.0,0.0,0.0,0.0,9.842601566746161,9.842601566746161,0.0
2022-08-02 08:00:00,0.0,0.0,10.410038644641967,8.171766461472032,0.0,59.50922696082526,0.0,0.0,0.0,59.50922696082526,0.0,0.0,0.0,0.0,17.673050222825886,17.673050222825886,0.0
2022-08-02 09:00:00,0.0,0.0,15.115265425679635,8.171766461472032,0.0,64.21445374186293,0.0,0.0,0.0,64.21445374186293,0.0,0.0,0.0,0.0,19.16030870749706,19.16030870749706,0.0
2022-08-02 10:00:00,0.0,0.0,20.453775593523684,8.171766461472032,0.0,69.55296390970699,0.0,0.0,0.0,69.55296390970699,0.0,0.0,0.0,0.0,20.705221826280674,20.705221826280674,0.0
2022-08-02 11:00:00,0.0,0.0,23.82390728310873,8.171766461472032,0.0,72.92309559929203,0.0,0.0,0.0,72.92309559929203,0.0,0.0,0.0,0.0,21.858697905887787,21.858697905887787,0.0
2022-08-02 12:00:00,0.0,0.0,26.1594349877843,8.171766461472032,0.0,75.25862330396761,0.0,0.0,0.0,75.25862330396761,0.0,0.0,0.0,0.0,22.596401647016275,22.596401647016275,0.0
2022-08-02 13:00:00,0.0,0.0,28.175955625506216,8.171766461472032,0.0,77.27514394168949,0.0,0.0,0.0,77.27514394168949,0.0,0.0,0.0,0.0,23.028765646062887,23.028765646062887,0.0
2022-08-02 14:00:00,0.0,0.0,29.63845007417069,8.171766461472032,0.0,78.73763839035398,0.0,0.0,0.0,78.73763839035398,0.0,0.0,0.0,0.0,23.45121821818303,23.45121821818303,0.0
2022-08-02 15:00:00,0.0,0.0,29.454078386384417,8.171766461472032,0.0,78.5532667025677,0.0,0.0,0.0,78.5532667025677,0.0,0.0,0.0,0.0,23.302826567316703,23.302826567316703,0.0
2022-08-02 16:00:00,0.0,0.0,27.823147490172154,8.171766461472032,0.0,76.92233580635545,0.0,0.0,0.0,76.92233580635545,0.0,0.0,0.0,0.0,23.83977031310568,23.83977031310568,0.0
2022-08-02 17:00:00,0.0,0.0,24.522315843482456,8.171766461472032,0.0,61.776705470234404,0.0,0.0,0.0,61.776705470234404,0.0,0.0,0.0,0.0,19.552327281329188,19.552327281329188,0.0
2022-08-02 18:00:00,0.0,0.0,19.943268579402122,8.171766461472032,0.0,57.19765820615407,0.0,0.0,0.0,57.19765820615407,0.0,0.0,0.0,0.0,18.111638470978683,18.111638470978683,0.0
2022-08-02 19:00:00,0.0,0.0,15.758907573845509,8.171766461472032,0.0,59.95081507140729,0.0,0.0,0.0,59.95081507140729,0.0,0.0,0.0,0.0,18.791582984132617,18.791582984132617,0.0
2022-08-02 20:00:00,0.0,0.0,0.0,0.0,0.0,22.37766708451935,0.0,0.0,0.0,22.37766708451935,0.0,0.0,0.0,0.0,6.854055651317432,6.854055651317432,0.0
2022-08-02 21:00:00,0.0,0.0,0.0,0.0,0.0,15.107011293199369,0.0,0.0,0.0,15.107011293199369,0.0,0.0,0.0,0.0,4.504306487180324,4.504306487180324,0.0
2022-08-02 22:00:00,0.0,0.0,0.0,0.0,0.0,15.107011293199369,0.0,0.0,0.0,15.107011293199369,0.0,0.0,0.0,0.0,4.350366042102622,4.350366042102622,0.0
2022-08-02 23:00:00,0.0,0.0,0.0,0.0,0.0,15.107011293199369,0.0,0.0,0.0,15.107011293199369,0.0,0.0,0.0,0.0,4.249602276776982,4.249602276776982,0.0
2022-08-03 00:00:00,0.0,0.0,0.0,0.0,0.0,15.107011293199369,0.0,0.0,0.0,15.107011293199369,0.0,0.0,0.0,0.0,4.247336225083002,4.247336225083002,0.0
2022-08-03 01:00:00,0.0,0.0,0.0,0.0,0.0,15.107011293199369,0.0,0.0,0.0,15.107011293199369,0.0,0.0,0.0,0.0,4.258968623778766,4.258968623778766,0.0
2022-08-03 02:00:00,0.0,0.0,0.0,0.0,0.0,15.107011293199369,0.0,0.0,0.0,15.107011293199369,0.0,0.0,0.0,0.0,4.22815032074064,4.22815032074064,0.0
2022-08-03 03:00:00,0.0,0.0,0.0,0.0,0.0,15.107011293199369,0.0,0.0,0.0,15.107011293199369,0.0,0.0,0.0,0.0,4.339942204310314,4.339942204310314,0.0
2022-08-03 04:00:00,0.0,0.0,0.0,0.0,0.0,13.192843095199365,0.0,0.0,0.0,13.192843095199365,0.0,0.0,0.0,0.0,3.807322588843584,3.807322588843584,0.0
2022-08-03 05:00:00,0.0,0.0,0.0,8.171766461472032,0.0,11.793768566671403,0.0,0.0,0.0,11.793768566671403,0.0,0.0,0.0,0.0,3.4920169349057355,3.4920169349057355,0.0
2022-08-03 06:00:00,0.0,0.0,2.349552956436546,8.171766461472032,0.0,21.413977314427925,0.0,0.0,0.0,21.413977314427925,0.0,0.0,0.0,0.0,6.480511954665323,6.480511954665323,0.0
2022-08-03 07:00:00,0.0,0.0,9.793910690220118,8.171766461472032,0.0,42.50080899978192,0.0,0.0,0.0,42.50080899978192,0.0,0.0,0.0,0.0,13.196076186342287,13.196076186342287,0.0
2022-08-03 08:00:00,0.0,0.0,18.804996981565022,8.171766461472032,0.0,67.90418529774833,0.0,0.0,0.0,67.90418529774833,0.0,0.0,0.0,0.0,21.241108202988652,21.241108202988652,0.0
2022-08-03 09:00:00,0.0,0.0,24.147988289695682,8.171766461472032,0.0,73.24717660587896,0.0,0.0,0.0,73.24717660587896,0.0,0.0,0.0,0.0,23.074325574383987,23.074325574383987,0.0
2022-08-03 10:00:00,0.0,0.0,30.296043208516267,8.171766461472032,0.0,79.39523152469955,0.0,0.0,0.0,79.39523152469955,0.0,0.0,0.0,0.0,24.44896759571598,24.44896759571598,0.0
2022-08-03 11:00:00,0.0,0.0,32.99021964344597,8.171766461472032,0.0,82.08940795962927,0.0,0.0,0.0,82.08940795962927,0.0,0.0,0.0,0.0,24.753240076146614,24.753240076146614,0.0
2022-08-03 12:00:00,0.0,0.0,34.3952298803404,8.171766461472032,0.0,83.4944181965237,0.0,0.0,0.0,83.4944181965237,0.0,0.0,0.0,0.0,25.404011680474298,25.404011680474298,0.0
2022-08-03 13:00:00,0.0,0.0,36.97350988756157,8.171766461472032,0.0,86.07269820374488,0.0,0.0,0.0,86.07269820374488,0.0,0.0,0.0,0.0,26.401078720034665,26.401078720034665,0.0
2022-08-03 14:00:00,0.0,0.0,38.89891770035807,8.171766461472032,0.0,87.99810601654136,0.0,0.0,0.0,87.99810601654136,0.0,0.0,0.0,0.0,26.79630326309701,26.79630326309701,0.0
2022-08-03 15:00:00,0.0,0.0,37.609467803623495,8.171766461472032,0.0,86.70865611980679,0.0,0.0,0.0,86.70865611980679,0.0,0.0,0.0,0.0,26.403652875042365,26.403652875042365,0.0
2022-08-03 16:00:00,0.0,0.0,34.740872819162476,8.171766461472032,0.0,83.84006113534578,0.0,0.0,0.0,83.84006113534578,0.0,0.0,0.0,0.0,25.698655539206186,25.698655539206186,0.0
2022-08-03 17:00:00,0.0,0.0,32.56195616638127,8.171766461472032,0.0,69.8163457931332,0.0,0.0,0.0,69.8163457931332,0.0,0.0,0.0,0.0,21.761754983719616,21.761754983719616,0.0
2022-08-03 18:00:00,0.0,0.0,28.607390167328948,8.171766461472032,0.0,65.86177979408087,0.0,0.0,0.0,65.86177979408087,0.0,0.0,0.0,0.0,20.805077619152208,20.805077619152208,0.0
2022-08-03 19:00:00,0.0,0.0,25.672032454863324,8.171766461472032,0.0,69.86393995242511,0.0,0.0,0.0,69.86393995242511,0.0,0.0,0.0,0.0,21.951948572451496,21.951948572451496,0.0
2022-08-03 20:00:00,0.0,0.0,0.0,0.0,0.0,22.37766708451935,0.0,0.0,0.0,22.37766708451935,0.0,0.0,0.0,0.0,6.888964811969282,6.888964811969282,0.0
2022-08-03 21:00:00,0.0,0.0,0.0,0.0,0.0,15.107011293199369,0.0,0.0,0.0,15.107011293199369,0.0,0.0,0.0,0.0,4.521830620280435,4.521830620280435,0.0
2022-08-03 22:00:00,0.0,0.0,0.0,0.0,0.0,15.107011293199369,0.0,0.0,0.0,15.107011293199369,0.0,0.0,0.0,0.0,4.441612390313546,4.441612390313546,0.0
2022-08-03 23:00:00,0.0,0.0,0.0,0.0,0.0,14.657592477664597,0.0,0.0,0.0,14.657592477664597,0.0,0.0,0.0,0.0,4.151909645223274,4.151909645223274,0.0
2022-08-04 00:00:00,0.0,0.0,0.0,0.0,0.0,14.657592477664597,0.0,0.0,0.0,14.657592477664597,0.0,0.0,0.0,0.0,4.1394506916172595,4.1394506916172595,0.0
2022-08-04 01:00:00,0.0,0.0,0.0,0.0,0.0,14.657592477664597,0.0,0.0,0.0,14.657592477664597,0.0,0.0,0.0,0.0,4.116145119577772,4.116145119577772,0.0
2022-08-04 02:00:00,0.0,0.0,0.0,0.0,0.0,14.657592477664597,0.0,0.0,0.0,14.657592477664597,0.0,0.0,0.0,0.0,4.103832741896534,4.103832741896534,0.0
2022-08-04 03:00:00,0.0,0.0,0.0,0.0,0.0,14.657592477664597,0.0,0.0,0.0,14.657592477664597,0.0,0.0,0.0,0.0,4.153521980395817,4.153521980395817,0.0
2022-08-04 04:00:00,0.0,0.0,0.0,0.0,0.0,12.743424279664602,0.0,0.0,0.0,12.743424279664602,0.0,0.0,0.0,0.0,3.6012917014332166,3.6012917014332166,0.0
2022-08-04 05:00:00,0.0,0.0,2.6882314476294487,8.171766461472032,0.0,14.032581198766087,0.0,0.0,0.0,14.032581198766087,0.0,0.0,0.0,0.0,3.985674037885531,3.985674037885531,0.0
2022-08-04 06:00:00,0.0,0.0,2.9581618903799685,8.171766461472032,0.0,17.475094931181204,0.0,0.0,0.0,17.475094931181204,0.0,0.0,0.0,0.0,5.079660594595752,5.079660594595752,0.0
2022-08-04 07:00:00,0.0,0.0,6.31441839983843,8.171766461472032,0.0,29.926334075019952,0.0,0.0,0.0,29.926334075019952,0.0,0.0,0.0,0.0,8.63943338411751,8.63943338411751,0.0
2022-08-04 08:00:00,0.0,0.0,15.450864839718083,8.171766461472032,0.0,52.70525446647002,0.0,0.0,0.0,52.70525446647002,0.0,0.0,0.0,0.0,15.340918417555429,15.340918417555429,0.0
2022-08-04 09:00:00,0.0,0.0,22.022922043898618,8.171766461472032,0.0,71.12211036008192,0.0,0.0,0.0,71.12211036008192,0.0,0.0,0.0,0.0,20.281180990280962,20.281180990280962,0.0
2022-08-04 10:00:00,0.0,0.0,28.66056944978059,8.171766461472032,0.0,77.7597577659639,0.0,0.0,0.0,77.7597577659639,0.0,0.0,0.0,0.0,22.450019664611435,22.450019664611435,0.0
2022-08-04 11:00:00,0.0,0.0,32.709355260361114,8.171766461472032,0.0,81.8085435765444,0.0,0.0,0.0,81.8085435765444,0.0,0.0,0.0,0.0,23.657394631465106,23.657394631465106,0.0
2022-08-04 12:00:00,0.0,0.0,36.08979494943397,8.171766461472032,0.0,85.18898326561724,0.0,0.0,0.0,85.18898326561724,0.0,0.0,0.0,0.0,25.175048334655205,25.175048334655205,0.0
2022-08-04 13:00:00,0.0,0.0,38.24477143312695,8.171766461472032,0.0,87.34395974931024,0.0,0.0,0.0,87.34395974931024,0.0,0.0,0.0,0.0,25.705327354222007,25.705327354222007,0.0
2022-08-04 14:00:00,0.0,0.0,40.16197660620861,8.171766461472032,0.0,89.26116492239188,0.0,0.0,0.0,89.26116492239188,0.0,0.0,0.0,0.0,26.439157050012472,26.439157050012472,0.0
2022-08-04 15:00:00,0.0,0.0,41.68644550373496,8.171766461472032,0.0,90.78563381991825,0.0,0.0,0.0,90.78563381991825,0.0,0.0,0.0,0.0,26.397738745817627,26.397738745817627,0.0
2022-08-04 16:00:00,0.0,0.0,39.8689103377057,8.171766461472032,0.0,88.96809865388899,0.0,0.0,0.0,88.96809865388899,0.0,0.0,0.0,0.0,26.49469977912814,26.49469977912814,0.0
2022-08-04 17:00:00,0.0,0.0,33.201008639626274,8.171766461472032,0.0,65.90790694918807,0.0,0.0,0.0,65.90790694918807,0.0,0.0,0.0,0.0,20.11772951717017,20.11772951717017,0.0
2022-08-04 18:00:00,0.0,0.0,28.568053946044447,8.171766461472032,0.0,52.179969621225965,0.0,0.0,0.0,52.179969621225965,0.0,0.0,0.0,0.0,16.166398188048227,16.166398188048227,0.0
2022-08-04 19:00:00,0.0,0.0,25.283897204276748,8.171766461472032,0.0,60.380822067458254,0.0,0.0,0.0,60.380822067458254,0.0,0.0,0.0,0.0,18.89195160846634,18.89195160846634,0.0
2022-08-04 20:00:00,0.0,0.0,20.982268372078618,8.171766461472032,0.0,46.98421060087984,0.0,0.0,0.0,46.98421060087984,0.0,0.0,0.0,0.0,14.636521286386087,14.636521286386087,0.0
2022-08-04 21:00:00,0.0,0.0,0.0,0.0,0.0,14.657592477664597,0.0,0.0,0.0,14.657592477664597,0.0,0.0,0.0,0.0,4.3720666842377955,4.3720666842377955,0.0
2022-08-04 22:00:00,0.0,0.0,0.0,0.0,0.0,14.657592477664597,0.0,0.0,0.0,14.657592477664597,0.0,0.0,0.0,0.0,4.325308964234045,4.325308964234045,0.0
2022-08-04 23:00:00,0.0,0.0,0.0,0.0,0.0,14.657592477664597,0.0,0.0,0.0,14.657592477664597,0.0,0.0,0.0,0.0,4.217429083598435,4.217429083598435,0.0
2022-08-05 00:00:00,0.0,0.0,0.0,0.0,0.0,14.657592477664597,0.0,0.0,0.0,14.657592477664597,0.0,0.0,0.0,0.0,4.20453040221809,4.20453040221809,0.0
2022-08-05 01:00:00,0.0,0.0,0.0,0.0,0.0,14.657592477664597,0.0,0.0,0.0,14.657592477664597,0.0,0.0,0.0,0.0,4.10397931782131,4.10397931782131,0.0
2022-08-05 02:00:00,0.0,0.0,0.0,0.0,0.0,14.657592477664597,0.0,0.0,0.0,14.657592477664597,0.0,0.0,0.0,0.0,4.026147501764911,4.026147501764911,0.0
2022-08-05 03:00:00,0.0,0.0,0.0,0.0,0.0,14.657592477664597,0.0,0.0,0.0,14.657592477664597,0.0,0.0,0.0,0.0,4.038753031295703,4.038753031295703,0.0
2022-08-05 04:00:00,0.0,0.0,0.0,0.0,0.0,12.743424279664602,0.0,0.0,0.0,12.743424279664602,0.0,0.0,0.0,0.0,3.587783671696772,3.587783671696772,0.0
2022-08-05 05:00:00,0.0,0.0,0.0,0.0,0.0,3.1725832896646002,0.0,0.0,0.0,3.1725832896646002,0.0,0.0,0.0,0.0,0.8973969093145289,0.8973969093145289,0.0
2022-08-05 06:00:00,0.0,0.0,0.0,0.0,0.0,3.1725832896646002,0.0,0.0,0.0,3.1725832896646002,0.0,0.0,0.0,0.0,0.9160834248906533,0.9160834248906533,0.0
2022-08-05 07:00:00,0.0,0.0,0.0,8.171766461472032,0.0,14.516933040801234,0.0,0.0,0.0,14.516933040801234,0.0,0.0,0.0,0.0,4.275381949846372,4.275381949846372,0.0
2022-08-05 08:00:00,0.0,0.0,0.9509695168356636,8.171766461472032,0.0,15.467902557636902,0.0,0.0,0.0,15.467902557636902,0.0,0.0,0.0,0.0,4.592884306439126,4.592884306439126,0.0
2022-08-05 09:00:00,0.0,0.0,7.992465002742255,8.171766461472032,0.0,36.151871995113915,0.0,0.0,0.0,36.151871995113915,0.0,0.0,0.0,0.0,10.774703929423753,10.774703929423753,0.0
2022-08-05 10:00:00,0.0,0.0,13.152335981192504,8.171766461472032,0.0,41.311742973564165,0.0,0.0,0.0,41.311742973564165,0.0,0.0,0.0,0.0,12.388152365482688,12.388152365482688,0.0
2022-08-05 11:00:00,0.0,0.0,20.062959596320294,8.171766461472032,0.0,57.317349223072235,0.0,0.0,0.0,57.317349223072235,0.0,0.0,0.0,0.0,17.298949169015433,17.298949169015433,0.0
2022-08-05 12:00:00,0.0,0.0,22.3523132517843,8.171766461472032,0.0,59.60670287853624,0.0,0.0,0.0,59.60670287853624,0.0,0.0,0.0,0.0,18.04652536350563,18.04652536350563,0.0
2022-08-05 13:00:00,0.0,0.0,21.161345450615485,8.171766461472032,0.0,58.41573507736742,0.0,0.0,0.0,58.41573507736742,0.0,0.0,0.0,0.0,17.563859065712062,17.563859065712062,0.0
2022-08-05 14:00:00,0.0,0.0,22.418999543209903,8.171766461472032,0.0,59.673389169961844,0.0,0.0,0.0,59.673389169961844,0.0,0.0,0.0,0.0,17.90201675098855,17.90201675098855,0.0
2022-08-05 15:00:00,0.0,0.0,24.133452583059704,8.171766461472032,0.0,61.38784220981163,0.0,0.0,0.0,61.38784220981163,0.0,0.0,0.0,0.0,18.350053793356892,18.350053793356892,0.0
2022-08-05 16:00:00,0.0,0.0,22.394531879341145,8.171766461472032,0.0,50.5539388717128,0.0,0.0,0.0,50.5539388717128,0.0,0.0,0.0,0.0,15.279422484586478,15.279422484586478,0.0
2022-08-05 17:00:00,0.0,0.0,18.2659920807581,8.171766461472032,0.0,37.330416438749474,0.0,0.0,0.0,37.330416438749474,0.0,0.0,0.0,0.0,11.519046600504925,11.519046600504925,0.0
2022-08-05 18:00:00,0.0,0.0,0.0,0.0,0.0,3.1725832896646002,0.0,0.0,0.0,3.1725832896646002,0.0,0.0,0.0,0.0,0.9968891212784109,0.9968891212784109,0.0
2022-08-05 19:00:00,0.0,0.0,0.0,0.0,0.0,14.657592477664597,0.0,0.0,0.0,14.657592477664597,0.0,0.0,0.0,0.0,4.609666258300739,4.609666258300739,0.0
2022-08-05 20:00:00,0.0,0.0,0.0,0.0,0.0,14.657592477664597,0.0,0.0,0.0,14.657592477664597,0.0,0.0,0.0,0.0,4.6017511583628,4.6017511583628,0.0
2022-08-05 21:00:00,0.0,0.0,0.0,0.0,0.0,14.657592477664597,0.0,0.0,0.0,14.657592477664597,0.0,0.0,0.0,0.0,4.489327424059113,4.489327424059113,0.0
2022-08-05 22:00:00,0.0,0.0,0.0,0.0,0.0,14.657592477664597,0.0,0.0,0.0,14.657592477664597,0.0,0.0,0.0,0.0,4.292182805234524,4.292182805234524,0.0
2022-08-05 23:00:00,0.0,0.0,0.0,0.0,0.0,15.107011293199369,0.0,0.0,0.0,15.107011293199369,0.0,0.0,0.0,0.0,4.445389143136846,4.445389143136846,0.0
2022-08-06 00:00:00,0.0,0.0,0.0,0.0,0.0,15.107011293199369,0.0,0.0,0.0,15.107011293199369,0.0,0.0,0.0,0.0,4.470768922109421,4.470768922109421,0.0
2022-08-06 01:00:00,0.0,0.0,0.0,0.0,0.0,15.107011293199369,0.0,0.0,0.0,15.107011293199369,0.0,0.0,0.0,0.0,4.475905305949109,4.475905305949109,0.0
2022-08-06 02:00:00,0.0,0.0,0.0,0.0,0.0,15.107011293199369,0.0,0.0,0.0,15.107011293199369,0.0,0.0,0.0,0.0,4.487084494306076,4.487084494306076,0.0
2022-08-06 03:00:00,0.0,0.0,0.0,0.0,0.0,15.107011293199369,0.0,0.0,0.0,15.107011293199369,0.0,0.0,0.0,0.0,4.475149955384449,4.475149955384449,0.0
2022-08-06 04:00:00,0.0,0.0,0.0,0.0,0.0,13.192843095199365,0.0,0.0,0.0,13.192843095199365,0.0,0.0,0.0,0.0,3.8982212777695087,3.8982212777695087,0.0
2022-08-06 05:00:00,0.0,0.0,0.0,8.171766461472032,0.0,11.793768566671403,0.0,0.0,0.0,11.793768566671403,0.0,0.0,0.0,0.0,3.597099412834778,3.597099412834778,0.0
2022-08-06 06:00:00,0.0,0.0,0.0,8.171766461472032,0.0,19.064424357991378,0.0,0.0,0.0,19.064424357991378,0.0,0.0,0.0,0.0,5.920647628617802,5.920647628617802,0.0
2022-08-06 07:00:00,0.0,0.0,0.0,8.171766461472032,0.0,32.706898309561794,0.0,0.0,0.0,32.706898309561794,0.0,0.0,0.0,0.0,10.225811756484495,10.225811756484495,0.0
2022-08-06 08:00:00,0.0,0.0,2.6394709413597837,8.171766461472032,0.0,51.73865925754306,0.0,0.0,0.0,51.73865925754306,0.0,0.0,0.0,0.0,16.235073888424438,16.235073888424438,0.0
2022-08-06 09:00:00,0.0,0.0,4.436405008335713,8.171766461472032,0.0,53.535593324519006,0.0,0.0,0.0,53.535593324519006,0.0,0.0,0.0,0.0,16.99915694833452,16.99915694833452,0.0
2022-08-06 10:00:00,0.0,0.0,2.7156468422298135,8.171766461472032,0.0,51.814835158413096,0.0,0.0,0.0,51.814835158413096,0.0,0.0,0.0,0.0,16.562612058386744,16.562612058386744,0.0
2022-08-06 11:00:00,0.0,0.0,0.6301912605115972,8.171766461472032,0.0,49.72937957669489,0.0,0.0,0.0,49.72937957669489,0.0,0.0,0.0,0.0,16.06408148465975,16.06408148465975,0.0
2022-08-06 12:00:00,0.0,0.0,1.2551694384409278,8.171766461472032,0.0,50.35435775462422,0.0,0.0,0.0,50.35435775462422,0.0,0.0,0.0,0.0,16.218635089186915,16.218635089186915,0.0
2022-08-06 13:00:00,0.0,0.0,2.6805796717046486,8.171766461472032,0.0,51.77976798788794,0.0,0.0,0.0,51.77976798788794,0.0,0.0,0.0,0.0,15.87153448364741,15.87153448364741,0.0
2022-08-06 14:00:00,0.0,0.0,2.15878203442494,8.171766461472032,0.0,51.25797035060825,0.0,0.0,0.0,51.25797035060825,0.0,0.0,0.0,0.0,15.649058348040699,15.649058348040699,0.0
2022-08-06 15:00:00,0.0,0.0,0.8485835709498049,8.171766461472032,0.0,49.94777188713311,0.0,0.0,0.0,49.94777188713311,0.0,0.0,0.0,0.0,15.101209352355824,15.101209352355824,0.0
2022-08-06 16:00:00,0.0,0.0,0.3732842766223735,8.171766461472032,0.0,49.47247259280566,0.0,0.0,0.0,49.47247259280566,0.0,0.0,0.0,0.0,14.905066542760489,14.905066542760489,0.0
2022-08-06 17:00:00,0.0,0.0,0.1580927310795357,8.171766461472032,0.0,37.41248235783147,0.0,0.0,0.0,37.41248235783147,0.0,0.0,0.0,0.0,11.474034214323336,11.474034214323336,0.0
2022-08-06 18:00:00,0.0,0.0,0.0,8.171766461472032,0.0,37.25438962675194,0.0,0.0,0.0,37.25438962675194,0.0,0.0,0.0,0.0,11.703839045140391,11.703839045140391,0.0
2022-08-06 19:00:00,0.0,0.0,0.0,8.171766461472032,0.0,44.191907497561786,0.0,0.0,0.0,44.191907497561786,0.0,0.0,0.0,0.0,13.890842283708595,13.890842283708595,0.0
2022-08-06 20:00:00,0.0,0.0,0.0,0.0,0.0,22.37766708451935,0.0,0.0,0.0,22.37766708451935,0.0,0.0,0.0,0.0,6.90999981902873,6.90999981902873,0.0
2022-08-06 21:00:00,0.0,0.0,0.0,0.0,0.0,15.107011293199369,0.0,0.0,0.0,15.107011293199369,0.0,0.0,0.0,0.0,4.5934378538102,4.5934378538102,0.0
2022-08-06 22:00:00,0.0,0.0,0.0,0.0,0.0,15.107011293199369,0.0,0.0,0.0,15.107011293199369,0.0,0.0,0.0,0.0,4.46533039804387,4.46533039804387,0.0
2022-08-06 23:00:00,0.0,0.0,0.0,0.0,0.0,15.107011293199369,0.0,0.0,0.0,15.107011293199369,0.0,0.0,0.0,0.0,4.432548183537627,4.432548183537627,0.0
2022-08-07 00:00:00,0.0,0.0,0.0,0.0,0.0,15.107011293199369,0.0,0.0,0.0,15.107011293199369,0.0,0.0,0.0,0.0,4.480739549562934,4.480739549562934,0.0
2022-08-07 01:00:00,0.0,0.0,0.0,0.0,0.0,15.107011293199369,0.0,0.0,0.0,15.107011293199369,0.0,0.0,0.0,0.0,4.5227370409580265,4.5227370409580265,0.0
2022-08-07 02:00:00,0.0,0.0,0.0,0.0,0.0,15.107011293199369,0.0,0.0,0.0,15.107011293199369,0.0,0.0,0.0,0.0,4.565187742691918,4.565187742691918,0.0
2022-08-07 03:00:00,0.0,0.0,0.0,0.0,0.0,15.107011293199369,0.0,0.0,0.0,15.107011293199369,0.0,0.0,0.0,0.0,4.560806709416889,4.560806709416889,0.0
2022-08-07 04:00:00,0.0,0.0,0.0,0.0,0.0,13.192843095199365,0.0,0.0,0.0,13.192843095199365,0.0,0.0,0.0,0.0,4.015901438178687,4.015901438178687,0.0
2022-08-07 05:00:00,0.0,0.0,0.0,8.171766461472034,30.16183471291852,11.793768566671403,0.0,0.0,0.0,11.793768566671403,0.0,0.0,0.0,0.0,9.082001578799357,9.082001578799357,0.0
2022-08-07 06:00:00,0.0,0.0,0.0,8.171766461472032,11.632894461756068,19.064424357991378,0.0,0.0,0.0,19.064424357991378,0.0,0.0,0.0,0.0,8.048899124937797,8.048899124937797,0.0
2022-08-07 07:00:00,0.0,0.0,0.0,8.171766461472032,0.009282366463334865,32.706898309561794,0.0,0.0,0.0,32.706898309561794,0.0,0.0,0.0,0.0,10.236313912953777,10.236313912953777,0.0
2022-08-07 08:00:00,0.0,0.0,0.0,8.171766461472032,0.0,49.09918831618329,0.0,0.0,0.0,49.09918831618329,0.0,0.0,0.0,0.0,15.525163345577155,15.525163345577155,0.0
2022-08-07 09:00:00,0.0,0.0,0.22226315209252023,8.171766461472032,0.0,49.32145146827582,0.0,0.0,0.0,49.32145146827582,0.0,0.0,0.0,0.0,15.579660089798965,15.579660089798965,0.0
2022-08-07 10:00:00,0.0,0.0,2.895509709846107,8.171766461472032,0.0,51.9946980260294,0.0,0.0,0.0,51.9946980260294,0.0,0.0,0.0,0.0,16.438643727909458,16.438643727909458,0.0
2022-08-07 11:00:00,0.0,0.0,4.723045145998447,8.171766461472032,0.0,53.82223346218174,0.0,0.0,0.0,53.82223346218174,0.0,0.0,0.0,0.0,16.86358218837078,16.86358218837078,0.0
2022-08-07 12:00:00,0.0,0.0,6.627013731090569,8.171766461472032,0.0,55.726202047273866,0.0,0.0,0.0,55.726202047273866,0.0,0.0,0.0,0.0,17.832384655127637,17.832384655127637,0.0
2022-08-07 13:00:00,0.0,0.0,7.840202874517944,8.171766461472032,0.0,56.93939119070124,0.0,0.0,0.0,56.93939119070124,0.0,0.0,0.0,0.0,17.578328848393287,17.578328848393287,0.0
2022-08-07 14:00:00,0.0,0.0,8.502434243672193,8.171766461472032,0.0,57.60162255985549,0.0,0.0,0.0,57.60162255985549,0.0,0.0,0.0,0.0,17.57022292943272,17.57022292943272,0.0
2022-08-07 15:00:00,0.0,0.0,8.038132573629703,8.171766461472032,0.0,57.137320889813,0.0,0.0,0.0,57.137320889813,0.0,0.0,0.0,0.0,17.576011278915377,17.576011278915377,0.0
2022-08-07 16:00:00,0.0,0.0,6.8283485222547435,8.171766461472032,0.0,55.92753683843804,0.0,0.0,0.0,55.92753683843804,0.0,0.0,0.0,0.0,17.243578158027216,17.243578158027216,0.0
2022-08-07 17:00:00,0.0,0.0,5.258882896501591,8.171766461472032,0.0,42.51327252325353,0.0,0.0,0.0,42.51327252325353,0.0,0.0,0.0,0.0,13.148079793266618,13.148079793266618,0.0
2022-08-07 18:00:00,0.0,0.0,1.7644095955149806,8.171766461472032,0.0,40.93296742026692,0.0,0.0,0.0,40.93296742026692,0.0,0.0,0.0,0.0,12.825936011466435,12.825936011466435,0.0
2022-08-07 19:00:00,0.0,0.0,0.11732213079484068,8.171766461472032,0.0,44.30922962835664,0.0,0.0,0.0,44.30922962835664,0.0,0.0,0.0,0.0,14.049570530559322,14.049570530559322,0.0
2022-08-07 20:00:00,0.0,0.0,0.0,0.0,0.0,22.37766708451935,0.0,0.0,0.0,22.37766708451935,0.0,0.0,0.0,0.0,7.000181817379342,7.000181817379342,0.0
2022-08-07 21:00:00,0.0,0.0,0.0,0.0,0.0,15.107011293199369,0.0,0.0,0.0,15.107011293199369,0.0,0.0,0.0,0.0,4.59268250324554,4.59268250324554,0.0
2022-08-07 22:00:00,0.0,0.0,0.0,0.0,0.0,15.107011293199369,0.0,0.0,0.0,15.107011293199369,0.0,0.0,0.0,0.0,4.4479573350566906,4.4479573350566906,0.0
2022-08-07 23:00:00,0.0,0.0,0.0,0.0,0.0,15.107011293199369,0.0,0.0,0.0,15.107011293199369,0.0,0.0,0.0,0.0,4.388888920900281,4.388888920900281,0.0
2022-08-08 00:00:00,0.0,0.0,0.0,0.0,0.0,15.107011293199369,0.0,0.0,0.0,15.107011293199369,0.0,0.0,0.0,0.0,4.361092020120793,4.361092020120793,0.0
2022-08-08 01:00:00,0.0,0.0,0.0,0.0,0.0,15.107011293199369,0.0,0.0,0.0,15.107011293199369,0.0,0.0,0.0,0.0,4.329518366518006,4.329518366518006,0.0
2022-08-08 02:00:00,0.0,0.0,0.0,0.0,0.0,15.107011293199369,0.0,0.0,0.0,15.107011293199369,0.0,0.0,0.0,0.0,4.31380707477308,4.31380707477308,0.0
2022-08-08 03:00:00,0.0,0.0,0.0,0.0,0.0,15.107011293199369,0.0,0.0,0.0,15.107011293199369,0.0,0.0,0.0,0.0,4.303836447319568,4.303836447319568,0.0
2022-08-08 04:00:00,0.0,0.0,0.0,0.0,0.0,13.192843095199365,0.0,0.0,0.0,13.192843095199365,0.0,0.0,0.0,0.0,3.779749546774618,3.779749546774618,0.0
2022-08-08 05:00:00,0.0,0.0,0.0,8.171766461472032,27.607154809663072,11.793768566671403,0.0,0.0,0.0,11.793768566671403,0.0,0.0,0.0,0.0,8.397712926146422,8.397712926146422,0.0
2022-08-08 06:00:00,0.0,0.0,0.0,8.171766461472032,10.451804499409919,19.064424357991378,0.0,0.0,0.0,19.064424357991378,0.0,0.0,0.0,0.0,7.490796018742374,7.490796018742374,0.0
2022-08-08 07:00:00,0.0,0.0,0.0,8.171766461472032,0.0,32.706898309561794,0.0,0.0,0.0,32.706898309561794,0.0,0.0,0.0,0.0,9.80978000998687,9.80978000998687,0.0
2022-08-08 08:00:00,0.0,0.0,0.0,8.171766461472032,0.0,49.09918831618329,0.0,0.0,0.0,49.09918831618329,0.0,0.0,0.0,0.0,14.807333212394553,14.807333212394553,0.0
2022-08-08 09:00:00,0.0,0.0,2.1121525352716928,8.171766461472032,0.0,51.21134085145499,0.0,0.0,0.0,51.21134085145499,0.0,0.0,0.0,0.0,15.486821586888505,15.486821586888505,0.0
2022-08-08 10:00:00,0.0,0.0,7.457251946454814,8.171766461472032,0.0,56.55644026263811,0.0,0.0,0.0,56.55644026263811,0.0,0.0,0.0,0.0,17.1784531653737,17.1784531653737,0.0
2022-08-08 11:00:00,0.0,0.0,9.37757964568141,8.171766461472032,0.0,58.476767961864695,0.0,0.0,0.0,58.476767961864695,0.0,0.0,0.0,0.0,17.78453944024191,17.78453944024191,0.0
2022-08-08 12:00:00,0.0,0.0,11.85449419105549,8.171766461472032,0.0,60.95368250723879,0.0,0.0,0.0,60.95368250723879,0.0,0.0,0.0,0.0,18.79933475888259,18.79933475888259,0.0
2022-08-08 13:00:00,0.0,0.0,12.921115390783914,8.171766461472032,0.0,62.02030370696721,0.0,0.0,0.0,62.02030370696721,0.0,0.0,0.0,0.0,19.04519486233549,19.04519486233549,0.0
2022-08-08 14:00:00,0.0,0.0,13.692087722921006,8.171766461472032,0.0,62.7912760391043,0.0,0.0,0.0,62.7912760391043,0.0,0.0,0.0,0.0,19.32401520103435,19.32401520103435,0.0
2022-08-08 15:00:00,0.0,0.0,14.117446941506117,8.171766461472032,0.0,63.21663525768941,0.0,0.0,0.0,63.21663525768941,0.0,0.0,0.0,0.0,19.414460853988995,19.414460853988995,0.0
2022-08-08 16:00:00,0.0,0.0,12.061614609719232,8.171766461472032,0.0,61.16080292590253,0.0,0.0,0.0,61.16080292590253,0.0,0.0,0.0,0.0,19.28889402677114,19.28889402677114,0.0
2022-08-08 17:00:00,0.0,0.0,9.919322078004827,8.171766461472032,0.0,47.17371170475676,0.0,0.0,0.0,47.17371170475676,0.0,0.0,0.0,0.0,15.005485956166078,15.005485956166078,0.0
2022-08-08 18:00:00,0.0,0.0,5.288617367499976,8.171766461472032,0.0,44.45717519225192,0.0,0.0,0.0,44.45717519225192,0.0,0.0,0.0,0.0,14.589511182841312,14.589511182841312,0.0
2022-08-08 19:00:00,0.0,0.0,1.6660357533887835,8.171766461472032,0.0,45.85794325095057,0.0,0.0,0.0,45.85794325095057,0.0,0.0,0.0,0.0,15.015266358658744,15.015266358658744,0.0
2022-08-08 20:00:00,0.0,0.0,0.0,0.0,0.0,22.37766708451935,0.0,0.0,0.0,22.37766708451935,0.0,0.0,0.0,0.0,7.172713630600986,7.172713630600986,0.0
2022-08-08 21:00:00,0.0,0.0,0.0,0.0,0.0,15.107011293199369,0.0,0.0,0.0,15.107011293199369,0.0,0.0,0.0,0.0,4.655074459886453,4.655074459886453,0.0
2022-08-08 22:00:00,0.0,0.0,0.0,0.0,0.0,15.107011293199369,0.0,0.0,0.0,15.107011293199369,0.0,0.0,0.0,0.0,4.496752981533724,4.496752981533724,0.0
2022-08-08 23:00:00,0.0,0.0,0.0,0.0,0.0,15.107011293199369,0.0,0.0,0.0,15.107011293199369,0.0,0.0,0.0,0.0,4.500680804469956,4.500680804469956,0.0
2022-08-09 00:00:00,0.0,0.0,0.0,0.0,0.0,15.107011293199369,0.0,0.0,0.0,15.107011293199369,0.0,0.0,0.0,0.0,4.470466781883557,4.470466781883557,0.0
2022-08-09 01:00:00,0.0,0.0,0.0,0.0,0.0,15.107011293199369,0.0,0.0,0.0,15.107011293199369,0.0,0.0,0.0,0.0,4.392061393271853,4.392061393271853,0.0
2022-08-09 02:00:00,0.0,0.0,0.0,0.0,0.0,15.107011293199369,0.0,0.0,0.0,15.107011293199369,0.0,0.0,0.0,0.0,4.306857849578208,4.306857849578208,0.0
2022-08-09 03:00:00,0.0,0.0,0.0,0.0,0.0,15.107011293199369,0.0,0.0,0.0,15.107011293199369,0.0,0.0,0.0,0.0,4.302023605964384,4.302023605964384,0.0
2022-08-09 04:00:00,0.0,0.0,0.0,0.0,0.0,13.192843095199365,0.0,0.0,0.0,13.192843095199365,0.0,0.0,0.0,0.0,3.8069268035507284,3.8069268035507284,0.0
2022-08-09 05:00:00,0.0,0.0,0.0,8.171766461472032,0.012142772832034559,11.793768566671403,0.0,0.0,0.0,11.793768566671403,0.0,0.0,0.0,0.0,3.37143011540361,3.37143011540361,0.0
2022-08-09 06:00:00,0.0,0.0,0.0,8.171766461472032,0.0,19.064424357991378,0.0,0.0,0.0,19.064424357991378,0.0,0.0,0.0,0.0,5.57157801862298,5.57157801862298,0.0
2022-08-09 07:00:00,0.0,0.0,0.0,8.171766461472032,0.0,32.706898309561794,0.0,0.0,0.0,32.706898309561794,0.0,0.0,0.0,0.0,9.51934275299796,9.51934275299796,0.0
2022-08-09 08:00:00,0.0,0.0,2.366738411988662,8.171766461472032,0.0,51.46592672817195,0.0,0.0,0.0,51.46592672817195,0.0,0.0,0.0,0.0,15.218989192787726,15.218989192787726,0.0
2022-08-09 09:00:00,0.0,0.0,8.387668580487485,8.171766461472032,0.0,57.48685689667079,0.0,0.0,0.0,57.48685689667079,0.0,0.0,0.0,0.0,16.936777778897145,16.936777778897145,0.0
2022-08-09 10:00:00,0.0,0.0,13.915763730949038,8.171766461472032,0.0,63.014952047132326,0.0,0.0,0.0,63.014952047132326,0.0,0.0,0.0,0.0,18.592561601506397,18.592561601506397,0.0
2022-08-09 11:00:00,0.0,0.0,16.768528087110482,8.171766461472032,0.0,65.86771640329378,0.0,0.0,0.0,65.86771640329378,0.0,0.0,0.0,0.0,19.405946606738414,19.405946606738414,0.0
2022-08-09 12:00:00,0.0,0.0,17.05958657973705,8.171766461472032,0.0,66.15877489592036,0.0,0.0,0.0,66.15877489592036,0.0,0.0,0.0,0.0,19.26543524969201,19.26543524969201,0.0
2022-08-09 13:00:00,0.0,0.0,19.07495958610701,8.171766461472032,0.0,68.1741479022903,0.0,0.0,0.0,68.1741479022903,0.0,0.0,0.0,0.0,20.09569357715811,20.09569357715811,0.0
2022-08-09 14:00:00,0.0,0.0,19.67425215362477,8.171766461472032,0.0,68.77344046980805,0.0,0.0,0.0,68.77344046980805,0.0,0.0,0.0,0.0,20.141677510392686,20.141677510392686,0.0
2022-08-09 15:00:00,0.0,0.0,17.737946970904062,8.171766461472032,0.0,66.83713528708736,0.0,0.0,0.0,66.83713528708736,0.0,0.0,0.0,0.0,19.82255758344437,19.82255758344437,0.0
2022-08-09 16:00:00,0.0,0.0,15.1112467882001,8.171766461472032,0.0,64.21043510438338,0.0,0.0,0.0,64.21043510438338,0.0,0.0,0.0,0.0,19.134709661106246,19.134709661106246,0.0
2022-08-09 17:00:00,0.0,0.0,12.118178832190479,8.171766461472032,0.0,49.37256845894242,0.0,0.0,0.0,49.37256845894242,0.0,0.0,0.0,0.0,14.871017619833454,14.871017619833454,0.0
2022-08-09 18:00:00,0.0,0.0,8.112076653408765,8.171766461472032,0.0,47.28063447816071,0.0,0.0,0.0,47.28063447816071,0.0,0.0,0.0,0.0,14.448016283836347,14.448016283836347,0.0
2022-08-09 19:00:00,0.0,0.0,4.774244839565785,8.171766461472032,0.0,48.966152337127575,0.0,0.0,0.0,48.966152337127575,0.0,0.0,0.0,0.0,14.911172709702088,14.911172709702088,0.0
2022-08-09 20:00:00,0.0,0.0,0.0,0.0,0.0,22.37766708451935,0.0,0.0,0.0,22.37766708451935,0.0,0.0,0.0,0.0,6.837943731016577,6.837943731016577,0.0
2022-08-09 21:00:00,0.0,0.0,0.0,0.0,0.0,15.107011293199369,0.0,0.0,0.0,15.107011293199369,0.0,0.0,0.0,0.0,4.4200093641642715,4.4200093641642715,0.0
2022-08-09 22:00:00,0.0,0.0,0.0,0.0,0.0,15.107011293199369,0.0,0.0,0.0,15.107011293199369,0.0,0.0,0.0,0.0,4.281327000492701,4.281327000492701,0.0
2022-08-09 23:00:00,0.0,0.0,0.0,0.0,0.0,15.107011293199369,0.0,0.0,0.0,15.107011293199369,0.0,0.0,0.0,0.0,4.238120948194151,4.238120948194151,0.0
2022-08-10 00:00:00,0.0,0.0,0.0,0.0,0.0,15.107011293199369,0.0,0.0,0.0,15.107011293199369,0.0,0.0,0.0,0.0,4.244465892937295,4.244465892937295,0.0
2022-08-10 01:00:00,0.0,0.0,0.0,0.0,0.0,15.107011293199369,0.0,0.0,0.0,15.107011293199369,0.0,0.0,0.0,0.0,4.179354674263605,4.179354674263605,0.0
2022-08-10 02:00:00,0.0,0.0,0.0,0.0,0.0,15.107011293199369,0.0,0.0,0.0,15.107011293199369,0.0,0.0,0.0,0.0,4.189778512055913,4.189778512055913,0.0
2022-08-10 03:00:00,0.0,0.0,0.0,0.0,0.0,15.107011293199369,0.0,0.0,0.0,15.107011293199369,0.0,0.0,0.0,0.0,4.1521620539358475,4.1521620539358475,0.0
2022-08-10 04:00:00,0.0,0.0,0.0,0.0,0.0,13.192843095199365,0.0,0.0,0.0,13.192843095199365,0.0,0.0,0.0,0.0,3.552304931813381,3.552304931813381,0.0
2022-08-10 05:00:00,0.0,0.0,0.0,8.171766461472032,0.0,11.793768566671403,0.0,0.0,0.0,11.793768566671403,0.0,0.0,0.0,0.0,3.2233548869569613,3.2233548869569613,0.0
2022-08-10 06:00:00,0.0,0.0,0.0,8.171766461472032,0.0,19.064424357991378,0.0,0.0,0.0,19.064424357991378,0.0,0.0,0.0,0.0,5.236616082653072,5.236616082653072,0.0
2022-08-10 07:00:00,0.0,0.0,0.0,8.171766461472032,0.0,32.706898309561794,0.0,0.0,0.0,32.706898309561794,0.0,0.0,0.0,0.0,8.98785565546758,8.98785565546758,0.0
2022-08-10 08:00:00,0.0,0.0,4.738975160615376,8.171766461472032,0.0,53.83816347679867,0.0,0.0,0.0,53.83816347679867,0.0,0.0,0.0,0.0,14.837797854205714,14.837797854205714,0.0
2022-08-10 09:00:00,0.0,0.0,10.372354325554785,8.171766461472032,0.0,59.471542641738075,0.0,0.0,0.0,59.471542641738075,0.0,0.0,0.0,0.0,16.490269343701133,16.490269343701133,0.0
2022-08-10 10:00:00,0.0,0.0,15.503687182426305,8.171766461472032,0.0,64.6028754986096,0.0,0.0,0.0,64.6028754986096,0.0,0.0,0.0,0.0,18.372411763049584,18.372411763049584,0.0
2022-08-10 11:00:00,0.0,0.0,18.722272308136986,8.171766461472032,0.0,67.8214606243203,0.0,0.0,0.0,67.8214606243203,0.0,0.0,0.0,0.0,19.26536410494442,19.26536410494442,0.0
2022-08-10 12:00:00,0.0,0.0,20.852594197066345,8.171766461472032,0.0,69.95178251324965,0.0,0.0,0.0,69.95178251324965,0.0,0.0,0.0,0.0,19.8166404681785,19.8166404681785,0.0
2022-08-10 13:00:00,0.0,0.0,22.567769271042838,8.171766461472032,0.0,71.66695758722612,0.0,0.0,0.0,71.66695758722612,0.0,0.0,0.0,0.0,20.253082214150105,20.253082214150105,0.0
2022-08-10 14:00:00,0.0,0.0,24.070271995485385,8.171766461472032,0.0,73.16946031166869,0.0,0.0,0.0,73.16946031166869,0.0,0.0,0.0,0.0,21.133535221819265,21.133535221819265,0.0
2022-08-10 15:00:00,0.0,0.0,20.654157206729224,8.171766461472032,0.0,69.75334552291253,0.0,0.0,0.0,69.75334552291253,0.0,0.0,0.0,0.0,19.565813419176965,19.565813419176965,0.0
2022-08-10 16:00:00,0.0,0.0,15.340564592952019,8.171766461472032,0.0,64.43975290913532,0.0,0.0,0.0,64.43975290913532,0.0,0.0,0.0,0.0,18.175876705550706,18.175876705550706,0.0
2022-08-10 17:00:00,0.0,0.0,10.735815366549637,8.171766461472032,0.0,47.990204993301575,0.0,0.0,0.0,47.990204993301575,0.0,0.0,0.0,0.0,13.774148637177419,13.774148637177419,0.0
2022-08-10 18:00:00,0.0,0.0,5.500580917973876,8.171766461472032,0.0,44.66913874272582,0.0,0.0,0.0,44.66913874272582,0.0,0.0,0.0,0.0,13.001399522457776,13.001399522457776,0.0
2022-08-10 19:00:00,0.0,0.0,3.1891078314760244,8.171766461472032,0.0,47.38101532903783,0.0,0.0,0.0,47.38101532903783,0.0,0.0,0.0,0.0,13.790244511516462,13.790244511516462,0.0
2022-08-10 20:00:00,0.0,0.0,0.0,0.0,0.0,22.37766708451935,0.0,0.0,0.0,22.37766708451935,0.0,0.0,0.0,0.0,6.43089396674917,6.43089396674917,0.0
2022-08-10 21:00:00,0.0,0.0,0.0,0.0,0.0,15.107011293199369,0.0,0.0,0.0,15.107011293199369,0.0,0.0,0.0,0.0,4.210777257753461,4.210777257753461,0.0
2022-08-10 22:00:00,0.0,0.0,0.0,0.0,0.0,15.107011293199369,0.0,0.0,0.0,15.107011293199369,0.0,0.0,0.0,0.0,4.181620725957585,4.181620725957585,0.0
2022-08-10 23:00:00,0.0,0.0,0.0,0.0,0.0,14.657592477664597,0.0,0.0,0.0,14.657592477664597,0.0,0.0,0.0,0.0,3.901851117554316,3.901851117554316,0.0
2022-08-11 00:00:00,0.0,0.0,0.0,0.0,0.0,14.657592477664597,0.0,0.0,0.0,14.657592477664597,0.0,0.0,0.0,0.0,3.740764176224782,3.740764176224782,0.0
2022-08-11 01:00:00,0.0,0.0,0.0,0.0,0.0,14.657592477664597,0.0,0.0,0.0,14.657592477664597,0.0,0.0,0.0,0.0,3.572934742355522,3.572934742355522,0.0
2022-08-11 02:00:00,0.0,0.0,0.0,0.0,0.0,14.657592477664597,0.0,0.0,0.0,14.657592477664597,0.0,0.0,0.0,0.0,3.672020067504535,3.672020067504535,0.0
2022-08-11 03:00:00,0.0,0.0,0.0,0.0,0.0,14.657592477664597,0.0,0.0,0.0,14.657592477664597,0.0,0.0,0.0,0.0,3.7482395483883906,3.7482395483883906,0.0
2022-08-11 04:00:00,0.0,0.0,0.0,0.0,0.0,12.743424279664602,0.0,0.0,0.0,12.743424279664602,0.0,0.0,0.0,0.0,3.323994789107714,3.323994789107714,0.0
2022-08-11 05:00:00,0.0,0.0,0.0,8.171766461472032,0.0,11.344349751136637,0.0,0.0,0.0,11.344349751136637,0.0,0.0,0.0,0.0,2.927749783773343,2.927749783773343,0.0
2022-08-11 06:00:00,0.0,0.0,0.0,8.171766461472032,0.0,14.516933040801234,0.0,0.0,0.0,14.516933040801234,0.0,0.0,0.0,0.0,3.7665634467662876,3.7665634467662876,0.0
2022-08-11 07:00:00,0.0,0.0,0.0,8.171766461472032,0.0,23.611915675181518,0.0,0.0,0.0,23.611915675181518,0.0,0.0,0.0,0.0,6.126819879396101,6.126819879396101,0.0
2022-08-11 08:00:00,0.0,0.0,4.468483565317112,8.171766461472032,0.0,41.72287319206905,0.0,0.0,0.0,41.72287319206905,0.0,0.0,0.0,0.0,10.804138013086282,10.804138013086282,0.0
2022-08-11 09:00:00,0.0,0.0,11.500115901360681,8.171766461472032,0.0,60.59930421754395,0.0,0.0,0.0,60.59930421754395,0.0,0.0,0.0,0.0,15.84429408071904,15.84429408071904,0.0
2022-08-11 10:00:00,0.0,0.0,16.17533146089466,8.171766461472032,0.0,65.27451977707796,0.0,0.0,0.0,65.27451977707796,0.0,0.0,0.0,0.0,17.269026952223744,17.269026952223744,0.0
2022-08-11 11:00:00,0.0,0.0,14.357883116597417,8.171766461472032,0.0,63.45707143278071,0.0,0.0,0.0,63.45707143278071,0.0,0.0,0.0,0.0,17.0217248411291,17.0217248411291,0.0
2022-08-11 12:00:00,0.0,0.0,15.470157998127117,8.171766461472032,0.0,64.56934631431041,0.0,0.0,0.0,64.56934631431041,0.0,0.0,0.0,0.0,17.6642360712059,17.6642360712059,0.0
2022-08-11 13:00:00,0.0,0.0,14.611492319920984,8.171766461472032,0.0,63.71068063610429,0.0,0.0,0.0,63.71068063610429,0.0,0.0,0.0,0.0,17.517888747703235,17.517888747703235,0.0
2022-08-11 14:00:00,0.0,0.0,12.993094459922386,8.171766461472032,0.0,62.09228277610568,0.0,0.0,0.0,62.09228277610568,0.0,0.0,0.0,0.0,16.571188427287083,16.571188427287083,0.0
2022-08-11 15:00:00,0.0,0.0,14.90656688699598,8.171766461472032,0.0,64.00575520317928,0.0,0.0,0.0,64.00575520317928,0.0,0.0,0.0,0.0,17.22970924314383,17.22970924314383,0.0
2022-08-11 16:00:00,0.0,0.0,15.312042274876173,8.171766461472032,0.0,64.41123059105946,0.0,0.0,0.0,64.41123059105946,0.0,0.0,0.0,0.0,17.63579493583208,17.63579493583208,0.0
2022-08-11 17:00:00,0.0,0.0,11.387562250264784,8.171766461472032,0.0,44.09446055982657,0.0,0.0,0.0,44.09446055982657,0.0,0.0,0.0,0.0,11.998984607540008,11.998984607540008,0.0
2022-08-11 18:00:00,0.0,0.0,6.953535207005393,8.171766461472032,0.0,32.47961908018691,0.0,0.0,0.0,32.47961908018691,0.0,0.0,0.0,0.0,8.85556814221296,8.85556814221296,0.0
2022-08-11 19:00:00,0.0,0.0,2.5894597426998978,8.171766461472032,0.0,37.6863846058814,0.0,0.0,0.0,37.6863846058814,0.0,0.0,0.0,0.0,10.070555694383629,10.070555694383629,0.0
2022-08-11 20:00:00,0.0,0.0,0.05320287200945356,8.171766461472032,0.0,26.055145100810687,0.0,0.0,0.0,26.055145100810687,0.0,0.0,0.0,0.0,7.066415902790867,7.066415902790867,0.0
2022-08-11 21:00:00,0.0,0.0,0.0,0.0,0.0,14.657592477664597,0.0,0.0,0.0,14.657592477664597,0.0,0.0,0.0,0.0,3.7329956522116197,3.7329956522116197,0.0
2022-08-11 22:00:00,0.0,0.0,0.0,0.0,0.0,14.657592477664597,0.0,0.0,0.0,14.657592477664597,0.0,0.0,0.0,0.0,3.7747697907729636,3.7747697907729636,0.0
2022-08-11 23:00:00,0.0,0.0,0.0,0.0,0.0,14.657592477664597,0.0,0.0,0.0,14.657592477664597,0.0,0.0,0.0,0.0,3.606940356903704,3.606940356903704,0.0
2022-08-12 00:00:00,0.0,0.0,0.0,0.0,0.0,14.657592477664597,0.0,0.0,0.0,14.657592477664597,0.0,0.0,0.0,0.0,3.6176403994123993,3.6176403994123993,0.0
2022-08-12 01:00:00,0.0,0.0,0.0,0.0,0.0,14.657592477664597,0.0,0.0,0.0,14.657592477664597,0.0,0.0,0.0,0.0,3.602836231009958,3.602836231009958,0.0
2022-08-12 02:00:00,0.0,0.0,0.0,0.0,0.0,14.657592477664597,0.0,0.0,0.0,14.657592477664597,0.0,0.0,0.0,0.0,3.5675114331387863,3.5675114331387863,0.0
2022-08-12 03:00:00,0.0,0.0,0.0,0.0,0.0,14.657592477664597,0.0,0.0,0.0,14.657592477664597,0.0,0.0,0.0,0.0,3.498474172568986,3.498474172568986,0.0
2022-08-12 04:00:00,0.0,0.0,0.0,0.0,0.0,14.657592477664597,0.0,0.0,0.0,14.657592477664597,0.0,0.0,0.0,0.0,3.692540696973265,3.692540696973265,0.0
2022-08-12 05:00:00,0.0,0.0,0.0,0.0,0.0,3.1725832896646002,0.0,0.0,0.0,3.1725832896646002,0.0,0.0,0.0,0.0,0.8276635286077009,0.8276635286077009,0.0
2022-08-12 06:00:00,0.0,0.0,0.0,0.0,0.0,3.1725832896646002,0.0,0.0,0.0,3.1725832896646002,0.0,0.0,0.0,0.0,0.8431457350612641,0.8431457350612641,0.0
2022-08-12 07:00:00,0.0,0.0,0.0,8.171766461472032,0.0,14.516933040801234,0.0,0.0,0.0,14.516933040801234,0.0,0.0,0.0,0.0,3.8593266488970084,3.8593266488970084,0.0
2022-08-12 08:00:00,0.0,0.0,0.04297932371629246,8.171766461472032,0.0,14.559912364517528,0.0,0.0,0.0,14.559912364517528,0.0,0.0,0.0,0.0,3.931321937543377,3.931321937543377,0.0
2022-08-12 09:00:00,0.0,0.0,5.488270615825496,8.171766461472032,0.0,33.647677608197164,0.0,0.0,0.0,33.647677608197164,0.0,0.0,0.0,0.0,9.074778650930774,9.074778650930774,0.0
2022-08-12 10:00:00,0.0,0.0,9.712708945609217,8.171766461472032,0.0,37.87211593798088,0.0,0.0,0.0,37.87211593798088,0.0,0.0,0.0,0.0,10.39968303656955,10.39968303656955,0.0
2022-08-12 11:00:00,0.0,0.0,13.483847214269618,8.171766461472032,0.0,50.73823684102155,0.0,0.0,0.0,50.73823684102155,0.0,0.0,0.0,0.0,14.213302286275367,14.213302286275367,0.0
2022-08-12 12:00:00,0.0,0.0,16.5588365200237,8.171766461472032,0.0,53.81322614677564,0.0,0.0,0.0,53.81322614677564,0.0,0.0,0.0,0.0,15.337845716353993,15.337845716353993,0.0
2022-08-12 13:00:00,0.0,0.0,12.614369099245932,8.171766461472032,0.0,49.868758725997864,0.0,0.0,0.0,49.868758725997864,0.0,0.0,0.0,0.0,14.461441342952122,14.461441342952122,0.0
2022-08-12 14:00:00,0.0,0.0,7.746199668675386,8.171766461472032,0.0,45.000589295427325,0.0,0.0,0.0,45.000589295427325,0.0,0.0,0.0,0.0,12.803117660442027,12.803117660442027,0.0
2022-08-12 15:00:00,0.0,0.0,7.267441310666811,8.171766461472032,0.0,44.52183093741875,0.0,0.0,0.0,44.52183093741875,0.0,0.0,0.0,0.0,12.571184183489558,12.571184183489558,0.0
2022-08-12 16:00:00,0.0,0.0,2.72809111090352,8.171766461472032,0.0,30.887498103275192,0.0,0.0,0.0,30.887498103275192,0.0,0.0,0.0,0.0,8.682166841849622,8.682166841849622,0.0
2022-08-12 17:00:00,0.0,0.0,0.1345502065836251,8.171766461472032,0.0,19.198974564575,0.0,0.0,0.0,19.198974564575,0.0,0.0,0.0,0.0,5.506841874357047,5.506841874357047,0.0
2022-08-12 18:00:00,0.0,0.0,0.0,0.0,0.0,5.0867514876646,0.0,0.0,0.0,5.0867514876646,0.0,0.0,0.0,0.0,1.5075096708842808,1.5075096708842808,0.0
2022-08-12 19:00:00,0.0,0.0,0.0,0.0,0.0,14.657592477664597,0.0,0.0,0.0,14.657592477664597,0.0,0.0,0.0,0.0,4.302296544044112,4.302296544044112,0.0
2022-08-12 20:00:00,0.0,0.0,0.0,0.0,0.0,14.657592477664597,0.0,0.0,0.0,14.657592477664597,0.0,0.0,0.0,0.0,4.190165961589979,4.190165961589979,0.0
2022-08-12 21:00:00,0.0,0.0,0.0,0.0,0.0,14.657592477664597,0.0,0.0,0.0,14.657592477664597,0.0,0.0,0.0,0.0,4.041684549791236,4.041684549791236,0.0
2022-08-12 22:00:00,0.0,0.0,0.0,0.0,0.0,14.657592477664597,0.0,0.0,0.0,14.657592477664597,0.0,0.0,0.0,0.0,3.89466889724026,3.89466889724026,0.0
2022-08-12 23:00:00,0.0,0.0,0.0,0.0,0.0,15.107011293199369,0.0,0.0,0.0,15.107011293199369,0.0,0.0,0.0,0.0,4.073001314759482,4.073001314759482,0.0
2022-08-13 00:00:00,0.0,0.0,0.0,0.0,0.0,15.107011293199369,0.0,0.0,0.0,15.107011293199369,0.0,0.0,0.0,0.0,3.986891350388246,3.986891350388246,0.0
2022-08-13 01:00:00,0.0,0.0,0.0,0.0,0.0,15.107011293199369,0.0,0.0,0.0,15.107011293199369,0.0,0.0,0.0,0.0,3.962417992093263,3.962417992093263,0.0
2022-08-13 02:00:00,0.0,0.0,0.0,0.0,0.0,15.107011293199369,0.0,0.0,0.0,15.107011293199369,0.0,0.0,0.0,0.0,3.936585002781891,3.936585002781891,0.0
2022-08-13 03:00:00,0.0,0.0,0.0,0.0,0.0,15.107011293199369,0.0,0.0,0.0,15.107011293199369,0.0,0.0,0.0,0.0,3.9701225678527945,3.9701225678527945,0.0
2022-08-13 04:00:00,0.0,0.0,0.0,0.0,0.0,15.107011293199369,0.0,0.0,0.0,15.107011293199369,0.0,0.0,0.0,0.0,4.087201905375089,4.087201905375089,0.0
2022-08-13 05:00:00,0.0,0.0,0.0,8.171766461472032,2.799923540349192,11.793768566671403,0.0,0.0,0.0,11.793768566671403,0.0,0.0,0.0,0.0,3.8687716273185613,3.8687716273185613,0.0
2022-08-13 06:00:00,0.0,0.0,0.0,8.171766461472032,0.0,19.064424357991378,0.0,0.0,0.0,19.064424357991378,0.0,0.0,0.0,0.0,5.524679534702322,5.524679534702322,0.0
2022-08-13 07:00:00,0.0,0.0,0.0,8.171766461472032,0.0,32.706898309561794,0.0,0.0,0.0,32.706898309561794,0.0,0.0,0.0,0.0,9.601764136738055,9.601764136738055,0.0
2022-08-13 08:00:00,0.0,0.0,2.512612441875151,8.171766461472032,0.0,51.61180075805845,0.0,0.0,0.0,51.61180075805845,0.0,0.0,0.0,0.0,15.016453430557105,15.016453430557105,0.0
2022-08-13 09:00:00,0.0,0.0,8.830055991937822,8.171766461472032,0.0,57.92924430812111,0.0,0.0,0.0,57.92924430812111,0.0,0.0,0.0,0.0,16.862044433207895,16.862044433207895,0.0
2022-08-13 10:00:00,0.0,0.0,14.516594992860261,8.171766461472032,0.0,63.61578330904356,0.0,0.0,0.0,63.61578330904356,0.0,0.0,0.0,0.0,18.53636694058911,18.53636694058911,0.0
2022-08-13 11:00:00,0.0,0.0,18.751888789175066,8.171766461472032,0.0,67.85107710535837,0.0,0.0,0.0,67.85107710535837,0.0,0.0,0.0,0.0,19.80776493936727,19.80776493936727,0.0
2022-08-13 12:00:00,0.0,0.0,22.934429143935187,8.171766461472032,0.0,72.03361746011849,0.0,0.0,0.0,72.03361746011849,0.0,0.0,0.0,0.0,20.92648620833902,20.92648620833902,0.0
2022-08-13 13:00:00,0.0,0.0,24.286963826467765,8.171766461472032,0.0,73.38615214265107,0.0,0.0,0.0,73.38615214265107,0.0,0.0,0.0,0.0,21.148421324469187,21.148421324469187,0.0
2022-08-13 14:00:00,0.0,0.0,24.3179236217894,8.171766461472032,0.0,73.4171119379727,0.0,0.0,0.0,73.4171119379727,0.0,0.0,0.0,0.0,21.27701321074387,21.27701321074387,0.0
2022-08-13 15:00:00,0.0,0.0,24.27790595750325,8.171766461472032,0.0,73.37709427368654,0.0,0.0,0.0,73.37709427368654,0.0,0.0,0.0,0.0,21.265415691457097,21.265415691457097,0.0
2022-08-13 16:00:00,0.0,0.0,21.266949261201493,8.171766461472032,0.0,70.3661375773848,0.0,0.0,0.0,70.3661375773848,0.0,0.0,0.0,0.0,20.36044190801629,20.36044190801629,0.0
2022-08-13 17:00:00,0.0,0.0,17.79115512953191,8.171766461472032,0.0,55.04554475628385,0.0,0.0,0.0,55.04554475628385,0.0,0.0,0.0,0.0,16.06669360346413,16.06669360346413,0.0
2022-08-13 18:00:00,0.0,0.0,10.13725981161594,8.171766461472032,0.0,49.305817636367884,0.0,0.0,0.0,49.305817636367884,0.0,0.0,0.0,0.0,14.514646595793977,14.514646595793977,0.0
2022-08-13 19:00:00,0.0,0.0,4.963590520791894,8.171766461472032,0.0,49.155498018353676,0.0,0.0,0.0,49.155498018353676,0.0,0.0,0.0,0.0,14.407968024159647,14.407968024159647,0.0
2022-08-13 20:00:00,0.0,0.0,0.0,0.0,0.0,22.37766708451935,0.0,0.0,0.0,22.37766708451935,0.0,0.0,0.0,0.0,6.491537444548217,6.491537444548217,0.0
2022-08-13 21:00:00,0.0,0.0,0.0,0.0,0.0,15.107011293199369,0.0,0.0,0.0,15.107011293199369,0.0,0.0,0.0,0.0,4.258817553665835,4.258817553665835,0.0
2022-08-13 22:00:00,0.0,0.0,0.0,0.0,0.0,15.107011293199369,0.0,0.0,0.0,15.107011293199369,0.0,0.0,0.0,0.0,4.0944532707958246,4.0944532707958246,0.0
2022-08-13 23:00:00,0.0,0.0,0.0,0.0,0.0,15.107011293199369,0.0,0.0,0.0,15.107011293199369,0.0,0.0,0.0,0.0,4.0589517942568065,4.0589517942568065,0.0
2022-08-14 00:00:00,0.0,0.0,0.0,0.0,0.0,15.107011293199369,0.0,0.0,0.0,15.107011293199369,0.0,0.0,0.0,0.0,4.006681535182337,4.006681535182337,0.0
2022-08-14 01:00:00,0.0,0.0,0.0,0.0,0.0,15.107011293199369,0.0,0.0,0.0,15.107011293199369,0.0,0.0,0.0,0.0,4.0569878827886905,4.0569878827886905,0.0
2022-08-14 02:00:00,0.0,0.0,0.0,0.0,0.0,15.107011293199369,0.0,0.0,0.0,15.107011293199369,0.0,0.0,0.0,0.0,4.07209489408189,4.07209489408189,0.0
2022-08-14 03:00:00,0.0,0.0,0.0,0.0,0.0,15.107011293199369,0.0,0.0,0.0,15.107011293199369,0.0,0.0,0.0,0.0,4.066354229790474,4.066354229790474,0.0
2022-08-14 04:00:00,0.0,0.0,0.0,0.0,0.0,15.107011293199369,0.0,0.0,0.0,15.107011293199369,0.0,0.0,0.0,0.0,4.195821316573192,4.195821316573192,0.0
2022-08-14 05:00:00,0.0,0.0,0.0,8.171766461472032,0.0,11.793768566671403,0.0,0.0,0.0,11.793768566671403,0.0,0.0,0.0,0.0,3.351435213591013,3.351435213591013,0.0
2022-08-14 06:00:00,0.0,0.0,0.0,8.171766461472032,0.0,19.064424357991378,0.0,0.0,0.0,19.064424357991378,0.0,0.0,0.0,0.0,5.409721055823634,5.409721055823634,0.0
2022-08-14 07:00:00,0.0,0.0,0.05861603375843255,8.171766461472032,0.0,32.76551434332023,0.0,0.0,0.0,32.76551434332023,0.0,0.0,0.0,0.0,9.430570338294428,9.430570338294428,0.0
2022-08-14 08:00:00,0.0,0.0,4.513794389249127,8.171766461472032,0.0,53.61298270543243,0.0,0.0,0.0,53.61298270543243,0.0,0.0,0.0,0.0,15.440002889337487,15.440002889337487,0.0
2022-08-14 09:00:00,0.0,0.0,10.092722159757457,8.171766461472032,0.0,59.19191047594075,0.0,0.0,0.0,59.19191047594075,0.0,0.0,0.0,0.0,17.195249993260788,17.195249993260788,0.0
2022-08-14 10:00:00,0.0,0.0,15.764068624938298,8.171766461472032,0.0,64.86325694112159,0.0,0.0,0.0,64.86325694112159,0.0,0.0,0.0,0.0,18.91153119375341,18.91153119375341,0.0
2022-08-14 11:00:00,0.0,0.0,17.39407729199955,8.171766461472032,0.0,66.49326560818285,0.0,0.0,0.0,66.49326560818285,0.0,0.0,0.0,0.0,19.451274988361728,19.451274988361728,0.0
2022-08-14 12:00:00,0.0,0.0,15.818657123206952,8.171766461472032,0.0,64.91784543939025,0.0,0.0,0.0,64.91784543939025,0.0,0.0,0.0,0.0,18.976135400388163,18.976135400388163,0.0
2022-08-14 13:00:00,0.0,0.0,14.383004925233665,8.171766461472032,0.0,63.482193241416965,0.0,0.0,0.0,63.482193241416965,0.0,0.0,0.0,0.0,18.54124418002065,18.54124418002065,0.0
2022-08-14 14:00:00,0.0,0.0,11.52478774359463,8.171766461472032,0.0,60.62397605977793,0.0,0.0,0.0,60.62397605977793,0.0,0.0,0.0,0.0,17.910141247340196,17.910141247340196,0.0
2022-08-14 15:00:00,0.0,0.0,8.52595812486646,8.171766461472032,0.0,57.62514644104976,0.0,0.0,0.0,57.62514644104976,0.0,0.0,0.0,0.0,17.01267198379112,17.01267198379112,0.0
2022-08-14 16:00:00,0.0,0.0,8.12995902053113,8.171766461472032,0.0,57.22914733671444,0.0,0.0,0.0,57.22914733671444,0.0,0.0,0.0,0.0,17.04856299160723,17.04856299160723,0.0
2022-08-14 17:00:00,0.0,0.0,6.644640897996513,8.171766461472032,0.0,43.899030524748454,0.0,0.0,0.0,43.899030524748454,0.0,0.0,0.0,0.0,13.267603995494726,13.267603995494726,0.0
2022-08-14 18:00:00,0.0,0.0,4.138612410675706,8.171766461472032,0.0,43.30717023542764,0.0,0.0,0.0,43.30717023542764,0.0,0.0,0.0,0.0,13.128135585167534,13.128135585167534,0.0
2022-08-14 19:00:00,0.0,0.0,2.947561692637098,8.171766461472032,0.0,47.13946919019888,0.0,0.0,0.0,47.13946919019888,0.0,0.0,0.0,0.0,14.320970739982421,14.320970739982421,0.0
2022-08-14 20:00:00,0.0,0.0,0.0,0.0,0.0,22.37766708451935,0.0,0.0,0.0,22.37766708451935,0.0,0.0,0.0,0.0,6.68510426482931,6.68510426482931,0.0
2022-08-14 21:00:00,0.0,0.0,0.0,0.0,0.0,15.107011293199369,0.0,0.0,0.0,15.107011293199369,0.0,0.0,0.0,0.0,4.2961318715600365,4.2961318715600365,0.0
2022-08-14 22:00:00,0.0,0.0,0.0,0.0,0.0,15.107011293199369,0.0,0.0,0.0,15.107011293199369,0.0,0.0,0.0,0.0,4.255191870955467,4.255191870955467,0.0
2022-08-14 23:00:00,0.0,0.0,0.0,0.0,0.0,15.107011293199369,0.0,0.0,0.0,15.107011293199369,0.0,0.0,0.0,0.0,4.112581684347664,4.112581684347664,0.0
2022-08-15 00:00:00,0.0,0.0,0.0,0.0,0.0,15.107011293199369,0.0,0.0,0.0,15.107011293199369,0.0,0.0,0.0,0.0,3.9779782137252577,3.9779782137252577,0.0
2022-08-15 01:00:00,0.0,0.0,0.0,0.0,0.0,15.107011293199369,0.0,0.0,0.0,15.107011293199369,0.0,0.0,0.0,0.0,3.898968544661825,3.898968544661825,0.0
2022-08-15 02:00:00,0.0,0.0,0.0,0.0,0.0,15.107011293199369,0.0,0.0,0.0,15.107011293199369,0.0,0.0,0.0,0.0,3.8605967359770985,3.8605967359770985,0.0
2022-08-15 03:00:00,0.0,0.0,0.0,0.0,0.0,15.107011293199369,0.0,0.0,0.0,15.107011293199369,0.0,0.0,0.0,0.0,3.904255998614445,3.904255998614445,0.0
2022-08-15 04:00:00,0.0,0.0,0.0,0.0,0.0,15.107011293199369,0.0,0.0,0.0,15.107011293199369,0.0,0.0,0.0,0.0,3.851381459088247,3.851381459088247,0.0
2022-08-15 05:00:00,0.0,0.0,0.0,8.171766461472032,0.0,11.793768566671403,0.0,0.0,0.0,11.793768566671403,0.0,0.0,0.0,0.0,3.1045916374905804,3.1045916374905804,0.0
2022-08-15 06:00:00,0.0,0.0,0.0,8.171766461472032,0.0,19.064424357991378,0.0,0.0,0.0,19.064424357991378,0.0,0.0,0.0,0.0,5.1756099247075,5.1756099247075,0.0
2022-08-15 07:00:00,0.0,0.0,0.0,8.171766461472032,0.0,32.706898309561794,0.0,0.0,0.0,32.706898309561794,0.0,0.0,0.0,0.0,9.03397238208406,9.03397238208406,0.0
2022-08-15 08:00:00,0.0,0.0,2.4517177914854806,8.171766461472032,0.0,51.55090610766878,0.0,0.0,0.0,51.55090610766878,0.0,0.0,0.0,0.0,14.355380823802529,14.355380823802529,0.0
2022-08-15 09:00:00,0.0,0.0,8.149595136457249,8.171766461472032,0.0,57.24878345264054,0.0,0.0,0.0,57.24878345264054,0.0,0.0,0.0,0.0,16.250639670866544,16.250639670866544,0.0
2022-08-15 10:00:00,0.0,0.0,12.611496006478788,8.171766461472032,0.0,61.71068432266207,0.0,0.0,0.0,61.71068432266207,0.0,0.0,0.0,0.0,17.820194311855122,17.820194311855122,0.0
2022-08-15 11:00:00,0.0,0.0,14.5388673761362,8.171766461472032,0.0,63.6380556923195,0.0,0.0,0.0,63.6380556923195,0.0,0.0,0.0,0.0,18.910048248972736,18.910048248972736,0.0
2022-08-15 12:00:00,0.0,0.0,13.978034940311588,8.171766461472032,0.0,63.077223256494875,0.0,0.0,0.0,63.077223256494875,0.0,0.0,0.0,0.0,18.57750379350287,18.57750379350287,0.0
2022-08-15 13:00:00,0.0,0.0,14.009691132466104,8.171766461472032,0.0,63.1088794486494,0.0,0.0,0.0,63.1088794486494,0.0,0.0,0.0,0.0,18.627847946857845,18.627847946857845,0.0
2022-08-15 14:00:00,0.0,0.0,15.057269263753472,8.171766461472032,0.0,64.15645757993677,0.0,0.0,0.0,64.15645757993677,0.0,0.0,0.0,0.0,18.917814646595957,18.917814646595957,0.0
2022-08-15 15:00:00,0.0,0.0,14.932844543423458,8.171766461472032,0.0,64.03203285960674,0.0,0.0,0.0,64.03203285960674,0.0,0.0,0.0,0.0,18.850390153539628,18.850390153539628,0.0
2022-08-15 16:00:00,0.0,0.0,12.19215136122016,8.171766461472032,0.0,61.29133967740344,0.0,0.0,0.0,61.29133967740344,0.0,0.0,0.0,0.0,17.939975123575987,17.939975123575987,0.0
2022-08-15 17:00:00,0.0,0.0,8.121535704179198,8.171766461472032,0.0,45.37592533093113,0.0,0.0,0.0,45.37592533093113,0.0,0.0,0.0,0.0,13.534277248456828,13.534277248456828,0.0
2022-08-15 18:00:00,0.0,0.0,4.570664031447964,8.171766461472032,0.0,45.653390054199896,0.0,0.0,0.0,45.653390054199896,0.0,0.0,0.0,0.0,13.763127499639644,13.763127499639644,0.0
2022-08-15 19:00:00,0.0,0.0,2.833618117676719,8.171766461472032,0.0,47.02552561523852,0.0,0.0,0.0,47.02552561523852,0.0,0.0,0.0,0.0,14.334320718037006,14.334320718037006,0.0
2022-08-15 20:00:00,0.0,0.0,0.0,0.0,0.0,22.37766708451935,0.0,0.0,0.0,22.37766708451935,0.0,0.0,0.0,0.0,6.792740843505848,6.792740843505848,0.0
2022-08-15 21:00:00,0.0,0.0,0.0,0.0,0.0,15.107011293199369,0.0,0.0,0.0,15.107011293199369,0.0,0.0,0.0,0.0,4.492825158597492,4.492825158597492,0.0
2022-08-15 22:00:00,0.0,0.0,0.0,0.0,0.0,15.107011293199369,0.0,0.0,0.0,15.107011293199369,0.0,0.0,0.0,0.0,4.513823904295039,4.513823904295039,0.0
2022-08-15 23:00:00,0.0,0.0,0.0,0.0,0.0,15.107011293199369,0.0,0.0,0.0,15.107011293199369,0.0,0.0,0.0,0.0,4.3221159309843395,4.3221159309843395,0.0
2022-08-16 00:00:00,0.0,0.0,0.0,0.0,0.0,15.107011293199369,0.0,0.0,0.0,15.107011293199369,0.0,0.0,0.0,0.0,4.196878807363716,4.196878807363716,0.0
2022-08-16 01:00:00,0.0,0.0,0.0,0.0,0.0,15.107011293199369,0.0,0.0,0.0,15.107011293199369,0.0,0.0,0.0,0.0,4.20397910267152,4.20397910267152,0.0
2022-08-16 02:00:00,0.0,0.0,0.0,0.0,0.0,15.107011293199369,0.0,0.0,0.0,15.107011293199369,0.0,0.0,0.0,0.0,4.197332017702513,4.197332017702513,0.0
2022-08-16 03:00:00,0.0,0.0,0.0,0.0,0.0,15.107011293199369,0.0,0.0,0.0,15.107011293199369,0.0,0.0,0.0,0.0,4.210777257753461,4.210777257753461,0.0
2022-08-16 04:00:00,0.0,0.0,0.0,0.0,0.0,15.107011293199369,0.0,0.0,0.0,15.107011293199369,0.0,0.0,0.0,0.0,4.198691648718901,4.198691648718901,0.0
2022-08-16 05:00:00,0.0,0.0,0.0,8.171766461472032,1.303894624643724,11.793768566671403,0.0,0.0,0.0,11.793768566671403,0.0,0.0,0.0,0.0,3.5991751261450178,3.5991751261450178,0.0
2022-08-16 06:00:00,0.0,0.0,0.0,8.171766461472032,0.00324722030195186,19.064424357991378,0.0,0.0,0.0,19.064424357991378,0.0,0.0,0.0,0.0,5.477984425654595,5.477984425654595,0.0
2022-08-16 07:00:00,0.0,0.0,0.0,8.171766461472032,0.0,32.706898309561794,0.0,0.0,0.0,32.706898309561794,0.0,0.0,0.0,0.0,9.456545508243602,9.456545508243602,0.0
2022-08-16 08:00:00,0.0,0.0,0.1021476503876214,8.171766461472032,0.0,49.201335966570916,0.0,0.0,0.0,49.201335966570916,0.0,0.0,0.0,0.0,14.19114133283805,14.19114133283805,0.0
2022-08-16 09:00:00,0.0,0.0,2.533771741711163,8.171766461472032,0.0,51.632960057894465,0.0,0.0,0.0,51.632960057894465,0.0,0.0,0.0,0.0,15.099026509730079,15.099026509730079,0.0
2022-08-16 10:00:00,0.0,0.0,6.680028312963736,8.171766461472032,0.0,55.77921662914703,0.0,0.0,0.0,55.77921662914703,0.0,0.0,0.0,0.0,16.410803324461344,16.410803324461344,0.0
2022-08-16 11:00:00,0.0,0.0,8.26169726517995,8.171766461472032,0.0,57.36088558136324,0.0,0.0,0.0,57.36088558136324,0.0,0.0,0.0,0.0,17.02299001398117,17.02299001398117,0.0
2022-08-16 12:00:00,0.0,0.0,11.141852617638515,8.171766461472032,0.0,60.241040933821814,0.0,0.0,0.0,60.241040933821814,0.0,0.0,0.0,0.0,17.754239584015966,17.754239584015966,0.0
2022-08-16 13:00:00,0.0,0.0,13.249245249106622,8.171766461472032,0.0,62.348433565289916,0.0,0.0,0.0,62.348433565289916,0.0,0.0,0.0,0.0,18.30986448511869,18.30986448511869,0.0
2022-08-16 14:00:00,0.0,0.0,14.721446297373257,8.171766461472032,0.0,63.820634613556535,0.0,0.0,0.0,63.820634613556535,0.0,0.0,0.0,0.0,18.69497849734912,18.69497849734912,0.0
2022-08-16 15:00:00,0.0,0.0,13.940093404821265,8.171766461472032,0.0,63.03928172100458,0.0,0.0,0.0,63.03928172100458,0.0,0.0,0.0,0.0,18.46420561608224,18.46420561608224,0.0
2022-08-16 16:00:00,0.0,0.0,11.70648218192726,8.171766461472032,0.0,60.80567049811056,0.0,0.0,0.0,60.80567049811056,0.0,0.0,0.0,0.0,17.879907409969412,17.879907409969412,0.0
2022-08-16 17:00:00,0.0,0.0,9.179933064193149,8.171766461472032,0.0,46.434322690945095,0.0,0.0,0.0,46.434322690945095,0.0,0.0,0.0,0.0,13.957228714444275,13.957228714444275,0.0
2022-08-16 18:00:00,0.0,0.0,6.205152867881795,8.171766461472032,0.0,47.28787889063374,0.0,0.0,0.0,47.28787889063374,0.0,0.0,0.0,0.0,14.415709879809697,14.415709879809697,0.0
2022-08-16 19:00:00,0.0,0.0,3.4984670811667646,8.171766461472032,0.0,47.69037457872855,0.0,0.0,0.0,47.69037457872855,0.0,0.0,0.0,0.0,14.50693504310344,14.50693504310344,0.0
2022-08-16 20:00:00,0.0,0.0,0.0,0.0,0.0,22.37766708451935,0.0,0.0,0.0,22.37766708451935,0.0,0.0,0.0,0.0,6.5720970460524875,6.5720970460524875,0.0
2022-08-16 21:00:00,0.0,0.0,0.0,0.0,0.0,15.107011293199369,0.0,0.0,0.0,15.107011293199369,0.0,0.0,0.0,0.0,4.280420579815109,4.280420579815109,0.0
2022-08-16 22:00:00,0.0,0.0,0.0,0.0,0.0,15.107011293199369,0.0,0.0,0.0,15.107011293199369,0.0,0.0,0.0,0.0,4.174822570875646,4.174822570875646,0.0
2022-08-16 23:00:00,0.0,0.0,0.0,0.0,0.0,15.107011293199369,0.0,0.0,0.0,15.107011293199369,0.0,0.0,0.0,0.0,4.171650098504074,4.171650098504074,0.0
2022-08-17 00:00:00,0.0,0.0,0.0,0.0,0.0,15.107011293199369,0.0,0.0,0.0,15.107011293199369,0.0,0.0,0.0,0.0,4.245070173389023,4.245070173389023,0.0
2022-08-17 01:00:00,0.0,0.0,0.0,0.0,0.0,15.107011293199369,0.0,0.0,0.0,15.107011293199369,0.0,0.0,0.0,0.0,4.244919103276091,4.244919103276091,0.0
2022-08-17 02:00:00,0.0,0.0,0.0,0.0,0.0,15.107011293199369,0.0,0.0,0.0,15.107011293199369,0.0,0.0,0.0,0.0,4.263953937505522,4.263953937505522,0.0
2022-08-17 03:00:00,0.0,0.0,0.0,0.0,0.0,15.107011293199369,0.0,0.0,0.0,15.107011293199369,0.0,0.0,0.0,0.0,4.251112977906302,4.251112977906302,0.0
2022-08-17 04:00:00,0.0,0.0,0.0,0.0,0.0,15.107011293199369,0.0,0.0,0.0,15.107011293199369,0.0,0.0,0.0,0.0,4.2690903213452085,4.2690903213452085,0.0
2022-08-17 05:00:00,0.0,0.0,0.0,8.171766461472032,19.465248953673306,11.793768566671403,0.0,0.0,0.0,11.793768566671403,0.0,0.0,0.0,0.0,6.833163499864993,6.833163499864993,0.0
2022-08-17 06:00:00,0.0,0.0,0.0,8.171766461472032,3.052436400180207,19.064424357991378,0.0,0.0,0.0,19.064424357991378,0.0,0.0,0.0,0.0,6.063786539220479,6.063786539220479,0.0
2022-08-17 07:00:00,0.0,0.0,0.0,8.171766461472032,0.0,32.706898309561794,0.0,0.0,0.0,32.706898309561794,0.0,0.0,0.0,0.0,9.611576206230925,9.611576206230925,0.0
2022-08-17 08:00:00,0.0,0.0,0.14869353402128138,8.171766461472032,0.0,49.24788185020458,0.0,0.0,0.0,49.24788185020458,0.0,0.0,0.0,0.0,14.766484893965341,14.766484893965341,0.0
2022-08-17 09:00:00,0.0,0.0,4.209803886090091,8.171766461472032,0.0,53.30899220227339,0.0,0.0,0.0,53.30899220227339,0.0,0.0,0.0,0.0,16.057201541246766,16.057201541246766,0.0
2022-08-17 10:00:00,0.0,0.0,9.431567807526545,8.171766461472032,0.0,58.53075612370985,0.0,0.0,0.0,58.53075612370985,0.0,0.0,0.0,0.0,17.700871266932335,17.700871266932335,0.0
2022-08-17 11:00:00,0.0,0.0,12.304987020252037,8.171766461472032,0.0,61.40417533643533,0.0,0.0,0.0,61.40417533643533,0.0,0.0,0.0,0.0,18.679150137343626,18.679150137343626,0.0
2022-08-17 12:00:00,0.0,0.0,14.588397092710764,8.171766461472032,0.0,63.687585408894066,0.0,0.0,0.0,63.687585408894066,0.0,0.0,0.0,0.0,19.290332744499924,19.290332744499924,0.0
2022-08-17 13:00:00,0.0,0.0,15.554814039834085,8.171766461472032,0.0,64.65400235601739,0.0,0.0,0.0,64.65400235601739,0.0,0.0,0.0,0.0,19.44921698873715,19.44921698873715,0.0
2022-08-17 14:00:00,0.0,0.0,16.002045726313963,8.171766461472032,0.0,65.10123404249725,0.0,0.0,0.0,65.10123404249725,0.0,0.0,0.0,0.0,19.402771794025885,19.402771794025885,0.0
2022-08-17 15:00:00,0.0,0.0,14.88702970768176,8.171766461472032,0.0,63.98621802386506,0.0,0.0,0.0,63.98621802386506,0.0,0.0,0.0,0.0,19.128040016054218,19.128040016054218,0.0
2022-08-17 16:00:00,0.0,0.0,12.259112195120254,8.171766461472032,0.0,61.35830051130353,0.0,0.0,0.0,61.35830051130353,0.0,0.0,0.0,0.0,18.513640013275616,18.513640013275616,0.0
2022-08-17 17:00:00,0.0,0.0,9.320422265347924,8.171766461472032,0.0,46.574811892099866,0.0,0.0,0.0,46.574811892099866,0.0,0.0,0.0,0.0,14.270522363739397,14.270522363739397,0.0
2022-08-17 18:00:00,0.0,0.0,5.933708691151669,8.171766461472032,0.0,47.01643471390361,0.0,0.0,0.0,47.01643471390361,0.0,0.0,0.0,0.0,14.471658604939531,14.471658604939531,0.0
2022-08-17 19:00:00,0.0,0.0,2.6259996913767107,8.171766461472032,0.0,46.8179071889385,0.0,0.0,0.0,46.8179071889385,0.0,0.0,0.0,0.0,14.390420132664028,14.390420132664028,0.0
2022-08-17 20:00:00,0.0,0.0,0.0,0.0,0.0,22.37766708451935,0.0,0.0,0.0,22.37766708451935,0.0,0.0,0.0,0.0,6.870615124959975,6.870615124959975,0.0
2022-08-17 21:00:00,0.0,0.0,0.0,0.0,0.0,15.107011293199369,0.0,0.0,0.0,15.107011293199369,0.0,0.0,0.0,0.0,4.5774244218394085,4.5774244218394085,0.0
2022-08-17 22:00:00,0.0,0.0,0.0,0.0,0.0,15.107011293199369,0.0,0.0,0.0,15.107011293199369,0.0,0.0,0.0,0.0,4.468805010641305,4.468805010641305,0.0
2022-08-17 23:00:00,0.0,0.0,0.0,0.0,0.0,14.657592477664597,0.0,0.0,0.0,14.657592477664597,0.0,0.0,0.0,0.0,4.320032230942086,4.320032230942086,0.0
2022-08-18 00:00:00,0.0,0.0,0.0,0.0,0.0,14.657592477664597,0.0,0.0,0.0,14.657592477664597,0.0,0.0,0.0,0.0,4.301710240345006,4.301710240345006,0.0
2022-08-18 01:00:00,0.0,0.0,0.0,0.0,0.0,14.657592477664597,0.0,0.0,0.0,14.657592477664597,0.0,0.0,0.0,0.0,4.318713047619097,4.318713047619097,0.0
2022-08-18 02:00:00,0.0,0.0,0.0,0.0,0.0,14.657592477664597,0.0,0.0,0.0,14.657592477664597,0.0,0.0,0.0,0.0,4.3025896958936665,4.3025896958936665,0.0
2022-08-18 03:00:00,0.0,0.0,0.0,0.0,0.0,14.657592477664597,0.0,0.0,0.0,14.657592477664597,0.0,0.0,0.0,0.0,4.283827977522255,4.283827977522255,0.0
2022-08-18 04:00:00,0.0,0.0,0.0,0.0,0.0,14.657592477664597,0.0,0.0,0.0,14.657592477664597,0.0,0.0,0.0,0.0,4.283241673823149,4.283241673823149,0.0
2022-08-18 05:00:00,0.0,0.0,0.0,8.171766461472032,13.167498816838602,11.344349751136637,0.0,0.0,0.0,11.344349751136637,0.0,0.0,0.0,0.0,5.701514701776821,5.701514701776821,0.0
2022-08-18 06:00:00,0.0,0.0,0.0,8.171766461472032,1.257343906026458,14.516933040801234,0.0,0.0,0.0,14.516933040801234,0.0,0.0,0.0,0.0,4.550253797168881,4.550253797168881,0.0
2022-08-18 07:00:00,0.0,0.0,0.0,8.171766461472032,0.0,23.611915675181518,0.0,0.0,0.0,23.611915675181518,0.0,0.0,0.0,0.0,7.071296506403361,7.071296506403361,0.0
2022-08-18 08:00:00,0.0,0.0,0.2197358715615272,8.171766461472032,0.0,37.47412549831347,0.0,0.0,0.0,37.47412549831347,0.0,0.0,0.0,0.0,11.220127915450036,11.220127915450036,0.0
2022-08-18 09:00:00,0.0,0.0,6.029350129588209,8.171766461472032,0.0,55.128538445771504,0.0,0.0,0.0,55.128538445771504,0.0,0.0,0.0,0.0,16.75135769213213,16.75135769213213,0.0
2022-08-18 10:00:00,0.0,0.0,11.070026885709192,8.171766461472032,0.0,60.169215201892484,0.0,0.0,0.0,60.169215201892484,0.0,0.0,0.0,0.0,18.671710861451274,18.671710861451274,0.0
2022-08-18 11:00:00,0.0,0.0,13.379799385909298,8.171766461472032,0.0,62.47898770209259,0.0,0.0,0.0,62.47898770209259,0.0,0.0,0.0,0.0,19.662762219725558,19.662762219725558,0.0
2022-08-18 12:00:00,0.0,0.0,15.061053793481872,8.171766461472032,0.0,64.16024210966518,0.0,0.0,0.0,64.16024210966518,0.0,0.0,0.0,0.0,20.08472219000959,20.08472219000959,0.0
2022-08-18 13:00:00,0.0,0.0,15.680122449874139,8.171766461472032,0.0,64.77931076605745,0.0,0.0,0.0,64.77931076605745,0.0,0.0,0.0,0.0,20.24029564885465,20.24029564885465,0.0
2022-08-18 14:00:00,0.0,0.0,15.973551308418468,8.171766461472032,0.0,65.07273962460177,0.0,0.0,0.0,65.07273962460177,0.0,0.0,0.0,0.0,20.359308046349152,20.359308046349152,0.0
2022-08-18 15:00:00,0.0,0.0,16.14639628589515,8.171766461472032,0.0,65.24558460207844,0.0,0.0,0.0,65.24558460207844,0.0,0.0,0.0,0.0,20.604555617336374,20.604555617336374,0.0
2022-08-18 16:00:00,0.0,0.0,13.750654603503643,8.171766461472032,0.0,62.84984291968694,0.0,0.0,0.0,62.84984291968694,0.0,0.0,0.0,0.0,20.065440850539254,20.065440850539254,0.0
2022-08-18 17:00:00,0.0,0.0,8.253834126232666,8.171766461472032,0.0,40.96073243579446,0.0,0.0,0.0,40.96073243579446,0.0,0.0,0.0,0.0,13.230726184085968,13.230726184085968,0.0
2022-08-18 18:00:00,0.0,0.0,4.465843603318448,8.171766461472032,0.0,31.906095674499962,0.0,0.0,0.0,31.906095674499962,0.0,0.0,0.0,0.0,10.270253136664794,10.270253136664794,0.0
2022-08-18 19:00:00,0.0,0.0,1.6053687686975266,8.171766461472032,0.0,36.70229363187904,0.0,0.0,0.0,36.70229363187904,0.0,0.0,0.0,0.0,11.843463132071046,11.843463132071046,0.0
2022-08-18 20:00:00,0.0,0.0,0.027420081238543163,8.171766461472032,0.0,26.029362310039776,0.0,0.0,0.0,26.029362310039776,0.0,0.0,0.0,0.0,8.293996006471074,8.293996006471074,0.0
2022-08-18 21:00:00,0.0,0.0,0.0,0.0,0.0,14.657592477664597,0.0,0.0,0.0,14.657592477664597,0.0,0.0,0.0,0.0,4.5517687680139645,4.5517687680139645,0.0
2022-08-18 22:00:00,0.0,0.0,0.0,0.0,0.0,14.657592477664597,0.0,0.0,0.0,14.657592477664597,0.0,0.0,0.0,0.0,4.400062685870136,4.400062685870136,0.0
2022-08-18 23:00:00,0.0,0.0,0.0,0.0,0.0,14.657592477664597,0.0,0.0,0.0,14.657592477664597,0.0,0.0,0.0,0.0,4.311970555079371,4.311970555079371,0.0
2022-08-19 00:00:00,0.0,0.0,0.0,0.0,0.0,14.657592477664597,0.0,0.0,0.0,14.657592477664597,0.0,0.0,0.0,0.0,4.3656173435476235,4.3656173435476235,0.0
2022-08-19 01:00:00,0.0,0.0,0.0,0.0,0.0,14.657592477664597,0.0,0.0,0.0,14.657592477664597,0.0,0.0,0.0,0.0,4.430257326374124,4.430257326374124,0.0
2022-08-19 02:00:00,0.0,0.0,0.0,0.0,0.0,14.657592477664597,0.0,0.0,0.0,14.657592477664597,0.0,0.0,0.0,0.0,4.422342226436185,4.422342226436185,0.0
2022-08-19 03:00:00,0.0,0.0,0.0,0.0,0.0,14.657592477664597,0.0,0.0,0.0,14.657592477664597,0.0,0.0,0.0,0.0,4.469246522364712,4.469246522364712,0.0
2022-08-19 04:00:00,0.0,0.0,0.0,0.0,0.0,14.657592477664597,0.0,0.0,0.0,14.657592477664597,0.0,0.0,0.0,0.0,4.609519682375963,4.609519682375963,0.0
2022-08-19 05:00:00,0.0,0.0,0.0,0.0,0.0,3.1725832896646002,0.0,0.0,0.0,3.1725832896646002,0.0,0.0,0.0,0.0,1.027250743360501,1.027250743360501,0.0
2022-08-19 06:00:00,0.0,0.0,0.0,0.0,0.0,3.1725832896646002,0.0,0.0,0.0,3.1725832896646002,0.0,0.0,0.0,0.0,1.0347380399241093,1.0347380399241093,0.0
2022-08-19 07:00:00,0.0,0.0,0.0,8.171766461472032,0.0,14.516933040801234,0.0,0.0,0.0,14.516933040801234,0.0,0.0,0.0,0.0,4.753860062871181,4.753860062871181,0.0
2022-08-19 08:00:00,0.0,0.0,0.0,8.171766461472032,0.0,14.516933040801234,0.0,0.0,0.0,14.516933040801234,0.0,0.0,0.0,0.0,4.771861059841774,4.771861059841774,0.0
2022-08-19 09:00:00,0.0,0.0,0.7295044644583645,8.171766461472032,0.0,28.88891145683003,0.0,0.0,0.0,28.88891145683003,0.0,0.0,0.0,0.0,9.582163041115953,9.582163041115953,0.0
2022-08-19 10:00:00,0.0,0.0,5.006472860120871,8.171766461472032,0.0,33.16587985249254,0.0,0.0,0.0,33.16587985249254,0.0,0.0,0.0,0.0,11.06148424840331,11.06148424840331,0.0
2022-08-19 11:00:00,0.0,0.0,9.612190660875916,8.171766461472032,0.0,46.86658028762785,0.0,0.0,0.0,46.86658028762785,0.0,0.0,0.0,0.0,16.412676416727273,16.412676416727273,0.0
2022-08-19 12:00:00,0.0,0.0,11.646230642760578,8.171766461472032,0.0,48.900620269512515,0.0,0.0,0.0,48.900620269512515,0.0,0.0,0.0,0.0,17.47757069052647,17.47757069052647,0.0
2022-08-19 13:00:00,0.0,0.0,13.576428989803562,8.171766461472032,0.0,50.8308186165555,0.0,0.0,0.0,50.8308186165555,0.0,0.0,0.0,0.0,18.37229108076782,18.37229108076782,0.0
2022-08-19 14:00:00,0.0,0.0,14.792293772802921,8.171766461472032,0.0,52.04668339955486,0.0,0.0,0.0,52.04668339955486,0.0,0.0,0.0,0.0,18.37872484205081,18.37872484205081,0.0
2022-08-19 15:00:00,0.0,0.0,14.559545491989898,8.171766461472032,0.0,51.813935118741846,0.0,0.0,0.0,51.813935118741846,0.0,0.0,0.0,0.0,18.20430796461876,18.20430796461876,0.0
2022-08-19 16:00:00,0.0,0.0,11.665730804067628,8.171766461472032,0.0,39.825137796439286,0.0,0.0,0.0,39.825137796439286,0.0,0.0,0.0,0.0,13.930036698438533,13.930036698438533,0.0
2022-08-19 17:00:00,0.0,0.0,8.403240973544056,8.171766461472032,0.0,27.467665331535432,0.0,0.0,0.0,27.467665331535432,0.0,0.0,0.0,0.0,9.62384590221007,9.62384590221007,0.0
2022-08-19 18:00:00,0.0,0.0,0.0,0.0,0.0,7.000919685664599,0.0,0.0,0.0,7.000919685664599,0.0,0.0,0.0,0.0,2.4910672425531777,2.4910672425531777,0.0
2022-08-19 19:00:00,0.0,0.0,0.0,0.0,0.0,14.657592477664597,0.0,0.0,0.0,14.657592477664597,0.0,0.0,0.0,0.0,5.136460131948005,5.136460131948005,0.0
2022-08-19 20:00:00,0.0,0.0,0.0,0.0,0.0,14.657592477664597,0.0,0.0,0.0,14.657592477664597,0.0,0.0,0.0,0.0,5.031218617958373,5.031218617958373,0.0
2022-08-19 21:00:00,0.0,0.0,0.0,0.0,0.0,14.657592477664597,0.0,0.0,0.0,14.657592477664597,0.0,0.0,0.0,0.0,4.848145287912342,4.848145287912342,0.0
2022-08-19 22:00:00,0.0,0.0,0.0,0.0,0.0,14.657592477664597,0.0,0.0,0.0,14.657592477664597,0.0,0.0,0.0,0.0,4.757707942325151,4.757707942325151,0.0
2022-08-19 23:00:00,0.0,0.0,0.0,0.0,0.0,15.107011293199369,0.0,0.0,0.0,15.107011293199369,0.0,0.0,0.0,0.0,4.812640587674523,4.812640587674523,0.0
2022-08-20 00:00:00,0.0,0.0,0.0,0.0,0.0,15.107011293199369,0.0,0.0,0.0,15.107011293199369,0.0,0.0,0.0,0.0,4.82230907490217,4.82230907490217,0.0
2022-08-20 01:00:00,0.0,0.0,0.0,0.0,0.0,15.107011293199369,0.0,0.0,0.0,15.107011293199369,0.0,0.0,0.0,0.0,4.841797119470398,4.841797119470398,0.0
2022-08-20 02:00:00,0.0,0.0,0.0,0.0,0.0,15.107011293199369,0.0,0.0,0.0,15.107011293199369,0.0,0.0,0.0,0.0,4.791641841976976,4.791641841976976,0.0
2022-08-20 03:00:00,0.0,0.0,0.0,0.0,0.0,15.107011293199369,0.0,0.0,0.0,15.107011293199369,0.0,0.0,0.0,0.0,4.860529813473965,4.860529813473965,0.0
2022-08-20 04:00:00,0.0,0.0,0.0,0.0,0.0,15.107011293199369,0.0,0.0,0.0,15.107011293199369,0.0,0.0,0.0,0.0,5.146807677480093,5.146807677480093,0.0
2022-08-20 05:00:00,0.0,0.0,0.0,8.171766461472032,0.0,11.793768566671403,0.0,0.0,0.0,11.793768566671403,0.0,0.0,0.0,0.0,3.9759152591962637,3.9759152591962637,0.0
2022-08-20 06:00:00,0.0,0.0,0.0,8.171766461472032,0.0,19.064424357991378,0.0,0.0,0.0,19.064424357991378,0.0,0.0,0.0,0.0,6.774733839855816,6.774733839855816,0.0
2022-08-20 07:00:00,0.0,0.0,1.699904015347866,8.171766461472032,0.0,34.40680232490966,0.0,0.0,0.0,34.40680232490966,0.0,0.0,0.0,0.0,11.952923127673616,11.952923127673616,0.0
2022-08-20 08:00:00,0.0,0.0,10.130629860723372,8.171766461472032,0.0,59.229818176906655,0.0,0.0,0.0,59.229818176906655,0.0,0.0,0.0,0.0,19.703391314729767,19.703391314729767,0.0
2022-08-20 09:00:00,0.0,0.0,14.780476524131204,8.171766461472032,0.0,63.8796648403145,0.0,0.0,0.0,63.8796648403145,0.0,0.0,0.0,0.0,20.609496267430664,20.609496267430664,0.0
2022-08-20 10:00:00,0.0,0.0,19.761342728806188,8.171766461472032,0.0,68.86053104498949,0.0,0.0,0.0,68.86053104498949,0.0,0.0,0.0,0.0,22.245394554083855,22.245394554083855,0.0
2022-08-20 11:00:00,0.0,0.0,22.600478255460985,8.171766461472032,0.0,71.69966657164427,0.0,0.0,0.0,71.69966657164427,0.0,0.0,0.0,0.0,24.44313333093925,24.44313333093925,0.0
2022-08-20 12:00:00,0.0,0.0,25.774055520667087,8.171766461472032,0.0,74.87324383685038,0.0,0.0,0.0,74.87324383685038,0.0,0.0,0.0,0.0,30.22932346668997,30.22932346668997,0.0
2022-08-20 13:00:00,0.0,0.0,25.56502648947262,8.171766461472032,0.0,74.66421480565592,0.0,0.0,0.0,74.66421480565592,0.0,0.0,0.0,0.0,25.17602659031912,25.17602659031912,0.0
2022-08-20 14:00:00,0.0,0.0,26.898805013154657,8.171766461472032,0.0,75.99799332933793,0.0,0.0,0.0,75.99799332933793,0.0,0.0,0.0,0.0,23.12694935005083,23.12694935005083,0.0
2022-08-20 15:00:00,0.0,0.0,25.342655779979328,8.171766461472032,0.0,74.44184409616261,0.0,0.0,0.0,74.44184409616261,0.0,0.0,0.0,0.0,22.576722477484196,22.576722477484196,0.0
2022-08-20 16:00:00,0.0,0.0,22.846619121518955,8.171766461472032,0.0,71.94580743770226,0.0,0.0,0.0,71.94580743770226,0.0,0.0,0.0,0.0,21.867928170689602,21.867928170689602,0.0
2022-08-20 17:00:00,0.0,0.0,19.051402710117756,8.171766461472032,0.0,56.30579233686969,0.0,0.0,0.0,56.30579233686969,0.0,0.0,0.0,0.0,17.044889456217195,17.044889456217195,0.0
2022-08-20 18:00:00,0.0,0.0,12.721620443042648,8.171766461472032,0.0,53.804346465794595,0.0,0.0,0.0,53.804346465794595,0.0,0.0,0.0,0.0,16.140227852809065,16.140227852809065,0.0
2022-08-20 19:00:00,0.0,0.0,8.51026385358056,8.171766461472032,0.0,52.702171351142354,0.0,0.0,0.0,52.702171351142354,0.0,0.0,0.0,0.0,15.6167074147705,15.6167074147705,0.0
2022-08-20 20:00:00,0.0,0.0,0.0,0.0,0.0,22.37766708451935,0.0,0.0,0.0,22.37766708451935,0.0,0.0,0.0,0.0,6.508992024874144,6.508992024874144,0.0
2022-08-20 21:00:00,0.0,0.0,0.0,0.0,0.0,15.107011293199369,0.0,0.0,0.0,15.107011293199369,0.0,0.0,0.0,0.0,4.295527591108308,4.295527591108308,0.0
2022-08-20 22:00:00,0.0,0.0,0.0,0.0,0.0,15.107011293199369,0.0,0.0,0.0,15.107011293199369,0.0,0.0,0.0,0.0,4.1520109838229144,4.1520109838229144,0.0
2022-08-20 23:00:00,0.0,0.0,0.0,0.0,0.0,15.107011293199369,0.0,0.0,0.0,15.107011293199369,0.0,0.0,0.0,0.0,4.0935468501182335,4.0935468501182335,0.0
2022-08-21 00:00:00,0.0,0.0,0.0,0.0,0.0,15.107011293199369,0.0,0.0,0.0,15.107011293199369,0.0,0.0,0.0,0.0,4.171045818052346,4.171045818052346,0.0
2022-08-21 01:00:00,0.0,0.0,0.0,0.0,0.0,15.107011293199369,0.0,0.0,0.0,15.107011293199369,0.0,0.0,0.0,0.0,4.230869582773415,4.230869582773415,0.0
2022-08-21 02:00:00,0.0,0.0,0.0,0.0,0.0,15.107011293199369,0.0,0.0,0.0,15.107011293199369,0.0,0.0,0.0,0.0,4.291448698059145,4.291448698059145,0.0
2022-08-21 03:00:00,0.0,0.0,0.0,0.0,0.0,15.107011293199369,0.0,0.0,0.0,15.107011293199369,0.0,0.0,0.0,0.0,4.329669436630939,4.329669436630939,0.0
2022-08-21 04:00:00,0.0,0.0,0.0,0.0,0.0,15.107011293199369,0.0,0.0,0.0,15.107011293199369,0.0,0.0,0.0,0.0,4.3547470753776505,4.3547470753776505,0.0
2022-08-21 05:00:00,0.0,0.0,0.0,8.171766461472032,0.0,11.793768566671403,0.0,0.0,0.0,11.793768566671403,0.0,0.0,0.0,0.0,3.563605110105432,3.563605110105432,0.0
2022-08-21 06:00:00,0.0,0.0,0.0,8.171766461472032,0.0,19.064424357991378,0.0,0.0,0.0,19.064424357991378,0.0,0.0,0.0,0.0,5.910734127951647,5.910734127951647,0.0
2022-08-21 07:00:00,0.0,0.0,0.004002951602514663,8.171766461472032,0.0,32.71090126116431,0.0,0.0,0.0,32.71090126116431,0.0,0.0,0.0,0.0,10.201875885331924,10.201875885331924,0.0
2022-08-21 08:00:00,0.0,0.0,6.75810575740485,8.171766461472032,0.0,55.85729407358815,0.0,0.0,0.0,55.85729407358815,0.0,0.0,0.0,0.0,17.915109928221927,17.915109928221927,0.0
2022-08-21 09:00:00,0.0,0.0,12.844525167253508,8.171766461472032,0.0,61.94371348343681,0.0,0.0,0.0,61.94371348343681,0.0,0.0,0.0,0.0,19.895081896610236,19.895081896610236,0.0
2022-08-21 10:00:00,0.0,0.0,18.11218657244447,8.171766461472032,0.0,67.21137488862776,0.0,0.0,0.0,67.21137488862776,0.0,0.0,0.0,0.0,21.633997349151503,21.633997349151503,0.0
2022-08-21 11:00:00,0.0,0.0,21.593355584738955,8.171766461472032,0.0,70.69254390092225,0.0,0.0,0.0,70.69254390092225,0.0,0.0,0.0,0.0,23.124238035430675,23.124238035430675,0.0
2022-08-21 12:00:00,0.0,0.0,25.089182138145464,8.171766461472032,0.0,74.18837045432876,0.0,0.0,0.0,74.18837045432876,0.0,0.0,0.0,0.0,24.031838841270716,24.031838841270716,0.0
2022-08-21 13:00:00,0.0,0.0,28.31247127516644,8.171766461472032,0.0,77.41165959134973,0.0,0.0,0.0,77.41165959134973,0.0,0.0,0.0,0.0,25.10692355526246,25.10692355526246,0.0
2022-08-21 14:00:00,0.0,0.0,28.720755566508327,8.171766461472032,0.0,77.81994388269165,0.0,0.0,0.0,77.81994388269165,0.0,0.0,0.0,0.0,24.37476282293668,24.37476282293668,0.0
2022-08-21 15:00:00,0.0,0.0,26.650205509946275,8.171766461472032,0.0,75.74939382612959,0.0,0.0,0.0,75.74939382612959,0.0,0.0,0.0,0.0,23.83681924920646,23.83681924920646,0.0
2022-08-21 16:00:00,0.0,0.0,23.856879828001897,8.171766461472032,0.0,72.95606814418518,0.0,0.0,0.0,72.95606814418518,0.0,0.0,0.0,0.0,22.951249477479216,22.951249477479216,0.0
2022-08-21 17:00:00,0.0,0.0,21.123565693008644,8.171766461472032,0.0,58.37795531976058,0.0,0.0,0.0,58.37795531976058,0.0,0.0,0.0,0.0,18.45619057434231,18.45619057434231,0.0
2022-08-21 18:00:00,0.0,0.0,17.72641263599774,8.171766461472032,0.0,58.80913865874968,0.0,0.0,0.0,58.80913865874968,0.0,0.0,0.0,0.0,18.662492061967622,18.662492061967622,0.0
2022-08-21 19:00:00,0.0,0.0,14.954394794680736,8.171766461472032,0.0,59.14630229224254,0.0,0.0,0.0,59.14630229224254,0.0,0.0,0.0,0.0,18.550646250938946,18.550646250938946,0.0
2022-08-21 20:00:00,0.0,0.0,0.0,0.0,0.0,22.37766708451935,0.0,0.0,0.0,22.37766708451935,0.0,0.0,0.0,0.0,6.738810665832156,6.738810665832156,0.0
2022-08-21 21:00:00,0.0,0.0,0.0,0.0,0.0,15.107011293199369,0.0,0.0,0.0,15.107011293199369,0.0,0.0,0.0,0.0,4.491314457468173,4.491314457468173,0.0
2022-08-21 22:00:00,0.0,0.0,0.0,0.0,0.0,15.107011293199369,0.0,0.0,0.0,15.107011293199369,0.0,0.0,0.0,0.0,4.328611945840414,4.328611945840414,0.0
2022-08-21 23:00:00,0.0,0.0,0.0,0.0,0.0,15.107011293199369,0.0,0.0,0.0,15.107011293199369,0.0,0.0,0.0,0.0,4.345985008827594,4.345985008827594,0.0
2022-08-22 00:00:00,0.0,0.0,0.0,0.0,0.0,15.107011293199369,0.0,0.0,0.0,15.107011293199369,0.0,0.0,0.0,0.0,4.39342102428824,4.39342102428824,0.0
2022-08-22 01:00:00,0.0,0.0,0.0,0.0,0.0,15.107011293199369,0.0,0.0,0.0,15.107011293199369,0.0,0.0,0.0,0.0,4.4891994758871245,4.4891994758871245,0.0
2022-08-22 02:00:00,0.0,0.0,0.0,0.0,0.0,15.107011293199369,0.0,0.0,0.0,15.107011293199369,0.0,0.0,0.0,0.0,4.505061837744983,4.505061837744983,0.0
2022-08-22 03:00:00,0.0,0.0,0.0,0.0,0.0,15.107011293199369,0.0,0.0,0.0,15.107011293199369,0.0,0.0,0.0,0.0,4.423483976761707,4.423483976761707,0.0
2022-08-22 04:00:00,0.0,0.0,0.0,0.0,0.0,15.107011293199369,0.0,0.0,0.0,15.107011293199369,0.0,0.0,0.0,0.0,4.452791578670515,4.452791578670515,0.0
2022-08-22 05:00:00,0.0,0.0,0.08871409467113588,8.171766461472032,0.0,13.79665085934254,0.0,0.0,0.0,13.79665085934254,0.0,0.0,0.0,0.0,4.178315712751888,4.178315712751888,0.0
2022-08-22 06:00:00,0.0,0.0,0.6163393598339207,8.171766461472032,0.0,19.680763717825297,0.0,0.0,0.0,19.680763717825297,0.0,0.0,0.0,0.0,5.988462784059881,5.988462784059881,0.0
2022-08-22 07:00:00,0.0,0.0,2.2758286243637076,8.171766461472032,0.0,34.9827269339255,0.0,0.0,0.0,34.9827269339255,0.0,0.0,0.0,0.0,10.78062695922782,10.78062695922782,0.0
2022-08-22 08:00:00,0.0,0.0,7.565835211272149,8.171766461472032,0.0,56.665023527455446,0.0,0.0,0.0,56.665023527455446,0.0,0.0,0.0,0.0,17.663621133978413,17.663621133978413,0.0
2022-08-22 09:00:00,0.0,0.0,10.961806858290625,8.171766461472032,0.0,60.06099517447392,0.0,0.0,0.0,60.06099517447392,0.0,0.0,0.0,0.0,18.816509178210936,18.816509178210936,0.0
2022-08-22 10:00:00,0.0,0.0,15.1819742735036,8.171766461472032,0.0,64.2811625896869,0.0,0.0,0.0,64.2811625896869,0.0,0.0,0.0,0.0,20.572543275203397,20.572543275203397,0.0
2022-08-22 11:00:00,0.0,0.0,18.599189015058858,8.171766461472032,0.0,67.69837733124216,0.0,0.0,0.0,67.69837733124216,0.0,0.0,0.0,0.0,21.645202184118055,21.645202184118055,0.0
2022-08-22 12:00:00,0.0,0.0,21.560751625447487,8.171766461472032,0.0,70.65993994163078,0.0,0.0,0.0,70.65993994163078,0.0,0.0,0.0,0.0,22.40838675368937,22.40838675368937,0.0
2022-08-22 13:00:00,0.0,0.0,24.13038028853392,8.171766461472032,0.0,73.22956860471722,0.0,0.0,0.0,73.22956860471722,0.0,0.0,0.0,0.0,23.29871954727683,23.29871954727683,0.0
2022-08-22 14:00:00,0.0,0.0,28.47654701184856,8.171766461472032,0.0,77.57573532803185,0.0,0.0,0.0,77.57573532803185,0.0,0.0,0.0,0.0,24.012793113438985,24.012793113438985,0.0
2022-08-22 15:00:00,0.0,0.0,29.25417689244398,8.171766461472032,0.0,78.35336520862728,0.0,0.0,0.0,78.35336520862728,0.0,0.0,0.0,0.0,24.323235161714166,24.323235161714166,0.0
2022-08-22 16:00:00,0.0,0.0,28.466635229056024,8.171766461472032,0.0,77.56582354523931,0.0,0.0,0.0,77.56582354523931,0.0,0.0,0.0,0.0,32.7847466378663,32.7847466378663,0.0
2022-08-22 17:00:00,0.0,0.0,26.11388861309091,8.171766461472032,0.0,63.36827823984284,0.0,0.0,0.0,63.36827823984284,0.0,0.0,0.0,0.0,20.190400812778726,20.190400812778726,0.0
2022-08-22 18:00:00,0.0,0.0,21.736912215116472,8.171766461472032,0.0,64.7338064358684,0.0,0.0,0.0,64.7338064358684,0.0,0.0,0.0,0.0,20.65914698594304,20.65914698594304,0.0
2022-08-22 19:00:00,0.0,0.0,18.3250573364326,8.171766461472032,0.0,62.516964833994386,0.0,0.0,0.0,62.516964833994386,0.0,0.0,0.0,0.0,19.524673287304786,19.524673287304786,0.0
2022-08-22 20:00:00,0.0,0.0,0.0,0.0,0.0,22.37766708451935,0.0,0.0,0.0,22.37766708451935,0.0,0.0,0.0,0.0,6.834810857624745,6.834810857624745,0.0
2022-08-22 21:00:00,0.0,0.0,0.0,0.0,0.0,15.107011293199369,0.0,0.0,0.0,15.107011293199369,0.0,0.0,0.0,0.0,4.510802502036399,4.510802502036399,0.0
2022-08-22 22:00:00,0.0,0.0,0.0,0.0,0.0,15.107011293199369,0.0,0.0,0.0,15.107011293199369,0.0,0.0,0.0,0.0,4.3104835322885755,4.3104835322885755,0.0
2022-08-22 23:00:00,0.0,0.0,0.0,0.0,0.0,15.107011293199369,0.0,0.0,0.0,15.107011293199369,0.0,0.0,0.0,0.0,4.333748329680103,4.333748329680103,0.0
2022-08-23 00:00:00,0.0,0.0,0.0,0.0,0.0,15.107011293199369,0.0,0.0,0.0,15.107011293199369,0.0,0.0,0.0,0.0,4.305800358787684,4.305800358787684,0.0
2022-08-23 01:00:00,0.0,0.0,0.0,0.0,0.0,15.107011293199369,0.0,0.0,0.0,15.107011293199369,0.0,0.0,0.0,0.0,4.285708033767729,4.285708033767729,0.0
2022-08-23 02:00:00,0.0,0.0,0.0,0.0,0.0,15.107011293199369,0.0,0.0,0.0,15.107011293199369,0.0,0.0,0.0,0.0,4.182980356973973,4.182980356973973,0.0
2022-08-23 03:00:00,0.0,0.0,0.0,0.0,0.0,15.107011293199369,0.0,0.0,0.0,15.107011293199369,0.0,0.0,0.0,0.0,4.1808653753929255,4.1808653753929255,0.0
2022-08-23 04:00:00,0.0,0.0,0.0,0.0,0.0,15.107011293199369,0.0,0.0,0.0,15.107011293199369,0.0,0.0,0.0,0.0,4.208360135946548,4.208360135946548,0.0
2022-08-23 05:00:00,0.0,0.0,0.0,8.171766461472032,0.0,13.707936764671402,0.0,0.0,0.0,13.707936764671402,0.0,0.0,0.0,0.0,3.8883933426666903,3.8883933426666903,0.0
2022-08-23 06:00:00,0.0,0.0,0.0,8.171766461472032,0.0,19.064424357991378,0.0,0.0,0.0,19.064424357991378,0.0,0.0,0.0,0.0,5.459097914910832,5.459097914910832,0.0
2022-08-23 07:00:00,0.0,0.0,0.9502593918810471,8.171766461472032,0.0,33.65715770144284,0.0,0.0,0.0,33.65715770144284,0.0,0.0,0.0,0.0,9.73600600829637,9.73600600829637,0.0
2022-08-23 08:00:00,0.0,0.0,6.313535733735378,8.171766461472032,0.0,55.41272404991869,0.0,0.0,0.0,55.41272404991869,0.0,0.0,0.0,0.0,15.872974804099206,15.872974804099206,0.0
2022-08-23 09:00:00,0.0,0.0,6.698000502157021,8.171766461472032,0.0,55.79718881834031,0.0,0.0,0.0,55.79718881834031,0.0,0.0,0.0,0.0,15.720857949567382,15.720857949567382,0.0
2022-08-23 10:00:00,0.0,0.0,8.187141083204784,8.171766461472032,0.0,57.28632939938807,0.0,0.0,0.0,57.28632939938807,0.0,0.0,0.0,0.0,16.10547864734396,16.10547864734396,0.0
2022-08-23 11:00:00,0.0,0.0,8.818720239283676,8.171766461472032,0.0,57.91790855546696,0.0,0.0,0.0,57.91790855546696,0.0,0.0,0.0,0.0,16.207168351076316,16.207168351076316,0.0
2022-08-23 12:00:00,0.0,0.0,9.514773955539807,8.171766461472032,0.0,58.6139622717231,0.0,0.0,0.0,58.6139622717231,0.0,0.0,0.0,0.0,16.2020714511497,16.2020714511497,0.0
2022-08-23 13:00:00,0.0,0.0,10.49315657941845,8.171766461472032,0.0,59.59234489560175,0.0,0.0,0.0,59.59234489560175,0.0,0.0,0.0,0.0,16.398025544922735,16.398025544922735,0.0
2022-08-23 14:00:00,0.0,0.0,11.90445079098589,8.171766461472032,0.0,61.003639107169185,0.0,0.0,0.0,61.003639107169185,0.0,0.0,0.0,0.0,16.678394931900055,16.678394931900055,0.0
2022-08-23 15:00:00,0.0,0.0,10.214590280727158,8.171766461472032,0.0,59.313778596910446,0.0,0.0,0.0,59.313778596910446,0.0,0.0,0.0,0.0,16.246043957693768,16.246043957693768,0.0
2022-08-23 16:00:00,0.0,0.0,7.995037269167556,8.171766461472032,0.0,57.09422558535087,0.0,0.0,0.0,57.09422558535087,0.0,0.0,0.0,0.0,15.795117508187316,15.795117508187316,0.0
2022-08-23 17:00:00,0.0,0.0,6.4514941359519735,8.171766461472032,0.0,43.70588376270391,0.0,0.0,0.0,43.70588376270391,0.0,0.0,0.0,0.0,12.291405690585222,12.291405690585222,0.0
2022-08-23 18:00:00,0.0,0.0,3.6804828232366433,8.171766461472032,0.0,46.677377043988585,0.0,0.0,0.0,46.677377043988585,0.0,0.0,0.0,0.0,13.158819362470824,13.158819362470824,0.0
2022-08-23 19:00:00,0.0,0.0,2.064822505999224,8.171766461472032,0.0,46.25673000356101,0.0,0.0,0.0,46.25673000356101,0.0,0.0,0.0,0.0,12.869084854290707,12.869084854290707,0.0
2022-08-23 20:00:00,0.0,0.0,0.0,0.0,0.0,22.37766708451935,0.0,0.0,0.0,22.37766708451935,0.0,0.0,0.0,0.0,6.125215034374636,6.125215034374636,0.0
2022-08-23 21:00:00,0.0,0.0,0.0,0.0,0.0,15.107011293199369,0.0,0.0,0.0,15.107011293199369,0.0,0.0,0.0,0.0,4.0618221264025145,4.0618221264025145,0.0
2022-08-23 22:00:00,0.0,0.0,0.0,0.0,0.0,15.107011293199369,0.0,0.0,0.0,15.107011293199369,0.0,0.0,0.0,0.0,4.010609358118568,4.010609358118568,0.0
2022-08-23 23:00:00,0.0,0.0,0.0,0.0,0.0,15.107011293199369,0.0,0.0,0.0,15.107011293199369,0.0,0.0,0.0,0.0,3.793068395496498,3.793068395496498,0.0
2022-08-24 00:00:00,0.0,0.0,0.0,0.0,0.0,15.107011293199369,0.0,0.0,0.0,15.107011293199369,0.0,0.0,0.0,0.0,3.826001680115672,3.826001680115672,0.0
2022-08-24 01:00:00,0.0,0.0,0.0,0.0,0.0,15.107011293199369,0.0,0.0,0.0,15.107011293199369,0.0,0.0,0.0,0.0,3.8353680271174557,3.8353680271174557,0.0
2022-08-24 02:00:00,0.0,0.0,0.0,0.0,0.0,15.107011293199369,0.0,0.0,0.0,15.107011293199369,0.0,0.0,0.0,0.0,3.8545539314598187,3.8545539314598187,0.0
2022-08-24 03:00:00,0.0,0.0,0.0,0.0,0.0,15.107011293199369,0.0,0.0,0.0,15.107011293199369,0.0,0.0,0.0,0.0,3.8146714216457727,3.8146714216457727,0.0
2022-08-24 04:00:00,0.0,0.0,0.0,0.0,0.0,15.107011293199369,0.0,0.0,0.0,15.107011293199369,0.0,0.0,0.0,0.0,3.820865296275984,3.820865296275984,0.0
2022-08-24 05:00:00,0.0,0.0,0.0,8.171766461472032,0.0,13.707936764671402,0.0,0.0,0.0,13.707936764671402,0.0,0.0,0.0,0.0,3.487573271667698,3.487573271667698,0.0
2022-08-24 06:00:00,0.0,0.0,0.0,8.171766461472032,0.0,19.064424357991378,0.0,0.0,0.0,19.064424357991378,0.0,0.0,0.0,0.0,4.809001044303325,4.809001044303325,0.0
2022-08-24 07:00:00,0.0,0.0,0.0,8.171766461472032,0.0,32.706898309561794,0.0,0.0,0.0,32.706898309561794,0.0,0.0,0.0,0.0,8.316710102155373,8.316710102155373,0.0
2022-08-24 08:00:00,0.0,0.0,2.2936433280440145,8.171766461472032,0.0,51.392831644227314,0.0,0.0,0.0,51.392831644227314,0.0,0.0,0.0,0.0,13.649422156390331,13.649422156390331,0.0
2022-08-24 09:00:00,0.0,0.0,5.162956410669739,8.171766461472032,0.0,54.262144726853045,0.0,0.0,0.0,54.262144726853045,0.0,0.0,0.0,0.0,14.650779076250323,14.650779076250323,0.0
2022-08-24 10:00:00,0.0,0.0,8.43678241223749,8.171766461472032,0.0,57.53597072842079,0.0,0.0,0.0,57.53597072842079,0.0,0.0,0.0,0.0,15.780966051391253,15.780966051391253,0.0
2022-08-24 11:00:00,0.0,0.0,10.404067555805591,8.171766461472032,0.0,59.503255871988884,0.0,0.0,0.0,59.503255871988884,0.0,0.0,0.0,0.0,16.0688542482306,16.0688542482306,0.0
2022-08-24 12:00:00,0.0,0.0,12.440499439954001,8.171766461472032,0.0,61.53968775613729,0.0,0.0,0.0,61.53968775613729,0.0,0.0,0.0,0.0,16.951722389305576,16.951722389305576,0.0
2022-08-24 13:00:00,0.0,0.0,13.019125838181958,8.171766461472032,0.0,62.11831415436526,0.0,0.0,0.0,62.11831415436526,0.0,0.0,0.0,0.0,17.699992435144836,17.699992435144836,0.0
2022-08-24 14:00:00,0.0,0.0,13.743055101067284,8.171766461472032,0.0,62.84224341725058,0.0,0.0,0.0,62.84224341725058,0.0,0.0,0.0,0.0,18.02943963640919,18.02943963640919,0.0
2022-08-24 15:00:00,0.0,0.0,13.717720882721508,8.171766461472032,0.0,62.816909198904796,0.0,0.0,0.0,62.816909198904796,0.0,0.0,0.0,0.0,17.56360781201378,17.56360781201378,0.0
2022-08-24 16:00:00,0.0,0.0,11.873183964566023,8.171766461472032,0.0,60.97237228074931,0.0,0.0,0.0,60.97237228074931,0.0,0.0,0.0,0.0,17.26798555363101,17.26798555363101,0.0
2022-08-24 17:00:00,0.0,0.0,9.332469852339297,8.171766461472032,0.0,46.58685947909124,0.0,0.0,0.0,46.58685947909124,0.0,0.0,0.0,0.0,13.364372378766904,13.364372378766904,0.0
2022-08-24 18:00:00,0.0,0.0,5.964078697644091,8.171766461472032,0.0,48.96097291839603,0.0,0.0,0.0,48.96097291839603,0.0,0.0,0.0,0.0,14.198192536605667,14.198192536605667,0.0
2022-08-24 19:00:00,0.0,0.0,4.064852428788165,8.171766461472032,0.0,48.25675992634994,0.0,0.0,0.0,48.25675992634994,0.0,0.0,0.0,0.0,13.939930239924708,13.939930239924708,0.0
2022-08-24 20:00:00,0.0,0.0,0.0,0.0,0.0,22.37766708451935,0.0,0.0,0.0,22.37766708451935,0.0,0.0,0.0,0.0,6.44722966372087,6.44722966372087,0.0
2022-08-24 21:00:00,0.0,0.0,0.0,0.0,0.0,15.107011293199369,0.0,0.0,0.0,15.107011293199369,0.0,0.0,0.0,0.0,4.234042055144987,4.234042055144987,0.0
2022-08-24 22:00:00,0.0,0.0,0.0,0.0,0.0,15.107011293199369,0.0,0.0,0.0,15.107011293199369,0.0,0.0,0.0,0.0,4.1731607996333935,4.1731607996333935,0.0
2022-08-24 23:00:00,0.0,0.0,0.0,0.0,0.0,14.657592477664597,0.0,0.0,0.0,14.657592477664597,0.0,0.0,0.0,0.0,3.7199503949064985,3.7199503949064985,0.0
2022-08-25 00:00:00,0.0,0.0,0.0,0.0,0.0,14.657592477664597,0.0,0.0,0.0,14.657592477664597,0.0,0.0,0.0,0.0,3.913284039686894,3.913284039686894,0.0
2022-08-25 01:00:00,0.0,0.0,0.0,0.0,0.0,14.657592477664597,0.0,0.0,0.0,14.657592477664597,0.0,0.0,0.0,0.0,3.8833825510324584,3.8833825510324584,0.0
2022-08-25 02:00:00,0.0,0.0,0.0,0.0,0.0,14.657592477664597,0.0,0.0,0.0,14.657592477664597,0.0,0.0,0.0,0.0,3.8731222362980935,3.8731222362980935,0.0
2022-08-25 03:00:00,0.0,0.0,0.0,0.0,0.0,14.657592477664597,0.0,0.0,0.0,14.657592477664597,0.0,0.0,0.0,0.0,3.864474256736271,3.864474256736271,0.0
2022-08-25 04:00:00,0.0,0.0,0.0,0.0,0.0,14.657592477664597,0.0,0.0,0.0,14.657592477664597,0.0,0.0,0.0,0.0,3.858464643820429,3.858464643820429,0.0
2022-08-25 05:00:00,0.0,0.0,0.0,8.171766461472032,0.0,13.258517949136637,0.0,0.0,0.0,13.258517949136637,0.0,0.0,0.0,0.0,3.4668372733402486,3.4668372733402486,0.0
2022-08-25 06:00:00,0.0,0.0,0.0,8.171766461472032,0.0,14.516933040801234,0.0,0.0,0.0,14.516933040801234,0.0,0.0,0.0,0.0,3.816646865757053,3.816646865757053,0.0
2022-08-25 07:00:00,0.0,0.0,0.0,8.171766461472032,0.0,23.611915675181518,0.0,0.0,0.0,23.611915675181518,0.0,0.0,0.0,0.0,6.329646235045908,6.329646235045908,0.0
2022-08-25 08:00:00,0.0,0.0,1.3792425718075736,8.171766461472032,0.0,38.63363219855951,0.0,0.0,0.0,38.63363219855951,0.0,0.0,0.0,0.0,10.38085697175294,10.38085697175294,0.0
2022-08-25 09:00:00,0.0,0.0,7.041698071699055,8.171766461472032,0.0,56.14088638788234,0.0,0.0,0.0,56.14088638788234,0.0,0.0,0.0,0.0,14.986809621245188,14.986809621245188,0.0
2022-08-25 10:00:00,0.0,0.0,11.110671506891089,8.171766461472032,0.0,60.209859823074396,0.0,0.0,0.0,60.209859823074396,0.0,0.0,0.0,0.0,16.193441799415858,16.193441799415858,0.0
2022-08-25 11:00:00,0.0,0.0,13.645669459498633,8.171766461472032,0.0,62.744857775681936,0.0,0.0,0.0,62.744857775681936,0.0,0.0,0.0,0.0,17.362129595108946,17.362129595108946,0.0
2022-08-25 12:00:00,0.0,0.0,16.091014587803457,8.171766461472032,0.0,65.19020290398674,0.0,0.0,0.0,65.19020290398674,0.0,0.0,0.0,0.0,18.197845140647896,18.197845140647896,0.0
2022-08-25 13:00:00,0.0,0.0,16.975975232255138,8.171766461472032,0.0,66.07516354843844,0.0,0.0,0.0,66.07516354843844,0.0,0.0,0.0,0.0,18.52615435571117,18.52615435571117,0.0
2022-08-25 14:00:00,0.0,0.0,17.239660204149974,8.171766461472032,0.0,66.33884852033327,0.0,0.0,0.0,66.33884852033327,0.0,0.0,0.0,0.0,18.257114501280917,18.257114501280917,0.0
2022-08-25 15:00:00,0.0,0.0,16.350661439941746,8.171766461472032,0.0,65.44984975612505,0.0,0.0,0.0,65.44984975612505,0.0,0.0,0.0,0.0,17.988236706973407,17.988236706973407,0.0
2022-08-25 16:00:00,0.0,0.0,13.900715578623021,8.171766461472032,0.0,62.99990389480632,0.0,0.0,0.0,62.99990389480632,0.0,0.0,0.0,0.0,17.576973186650967,17.576973186650967,0.0
2022-08-25 17:00:00,0.0,0.0,8.304172469723484,8.171766461472032,0.0,41.01107077928528,0.0,0.0,0.0,41.01107077928528,0.0,0.0,0.0,0.0,11.579475834531202,11.579475834531202,0.0
2022-08-25 18:00:00,0.0,0.0,4.381337744941849,8.171766461472032,0.0,33.73575801412336,0.0,0.0,0.0,33.73575801412336,0.0,0.0,0.0,0.0,9.471988777625416,9.471988777625416,0.0
2022-08-25 19:00:00,0.0,0.0,1.885163440803812,8.171766461472032,0.0,36.982088303985314,0.0,0.0,0.0,36.982088303985314,0.0,0.0,0.0,0.0,10.394185738718111,10.394185738718111,0.0
2022-08-25 20:00:00,0.0,0.0,0.048864472648765575,8.171766461472032,0.0,26.05080670145,0.0,0.0,0.0,26.05080670145,0.0,0.0,0.0,0.0,7.461472055429309,7.461472055429309,0.0
2022-08-25 21:00:00,0.0,0.0,0.0,0.0,0.0,14.657592477664597,0.0,0.0,0.0,14.657592477664597,0.0,0.0,0.0,0.0,4.017352946278312,4.017352946278312,0.0
2022-08-25 22:00:00,0.0,0.0,0.0,0.0,0.0,14.657592477664597,0.0,0.0,0.0,14.657592477664597,0.0,0.0,0.0,0.0,4.043150309039002,4.043150309039002,0.0
2022-08-25 23:00:00,0.0,0.0,0.0,0.0,0.0,14.657592477664597,0.0,0.0,0.0,14.657592477664597,0.0,0.0,0.0,0.0,3.901851117554316,3.901851117554316,0.0
2022-08-26 00:00:00,0.0,0.0,0.0,0.0,0.0,14.657592477664597,0.0,0.0,0.0,14.657592477664597,0.0,0.0,0.0,0.0,3.8976004157357935,3.8976004157357935,0.0
2022-08-26 01:00:00,0.0,0.0,0.0,0.0,0.0,14.657592477664597,0.0,0.0,0.0,14.657592477664597,0.0,0.0,0.0,0.0,3.884848310280225,3.884848310280225,0.0
2022-08-26 02:00:00,0.0,0.0,0.0,0.0,0.0,14.657592477664597,0.0,0.0,0.0,14.657592477664597,0.0,0.0,0.0,0.0,3.8546536697762357,3.8546536697762357,0.0
2022-08-26 03:00:00,0.0,0.0,0.0,0.0,0.0,14.657592477664597,0.0,0.0,0.0,14.657592477664597,0.0,0.0,0.0,0.0,3.932632061757412,3.932632061757412,0.0
2022-08-26 04:00:00,0.0,0.0,0.0,0.0,0.0,14.657592477664597,0.0,0.0,0.0,14.657592477664597,0.0,0.0,0.0,0.0,3.9788034780620545,3.9788034780620545,0.0
2022-08-26 05:00:00,0.0,0.0,0.0,0.0,0.0,5.0867514876646,0.0,0.0,0.0,5.0867514876646,0.0,0.0,0.0,0.0,1.4099966448657504,1.4099966448657504,0.0
2022-08-26 06:00:00,0.0,0.0,0.0,0.0,0.0,3.1725832896646002,0.0,0.0,0.0,3.1725832896646002,0.0,0.0,0.0,0.0,0.8967306668236992,0.8967306668236992,0.0
2022-08-26 07:00:00,0.0,0.0,0.0,8.171766461472032,0.0,14.516933040801234,0.0,0.0,0.0,14.516933040801234,0.0,0.0,0.0,0.0,4.049062963740281,4.049062963740281,0.0
2022-08-26 08:00:00,0.0,0.0,0.0,8.171766461472032,0.0,14.516933040801234,0.0,0.0,0.0,14.516933040801234,0.0,0.0,0.0,0.0,4.06662845271965,4.06662845271965,0.0
2022-08-26 09:00:00,0.0,0.0,0.046256346728832706,8.171766461472032,0.0,28.205663339100497,0.0,0.0,0.0,28.205663339100497,0.0,0.0,0.0,0.0,7.931996644221842,7.931996644221842,0.0
2022-08-26 10:00:00,0.0,0.0,1.3522399624910837,8.171766461472032,0.0,29.51164695486274,0.0,0.0,0.0,29.51164695486274,0.0,0.0,0.0,0.0,8.354452136452093,8.354452136452093,0.0
2022-08-26 11:00:00,0.0,0.0,6.287450873333314,8.171766461472032,0.0,43.54184050008525,0.0,0.0,0.0,43.54184050008525,0.0,0.0,0.0,0.0,12.332355484839146,12.332355484839146,0.0
2022-08-26 12:00:00,0.0,0.0,9.597210699559367,8.171766461472032,0.0,46.851600326311306,0.0,0.0,0.0,46.851600326311306,0.0,0.0,0.0,0.0,13.512470050111444,13.512470050111444,0.0
2022-08-26 13:00:00,0.0,0.0,13.373854453882428,8.171766461472032,0.0,50.628244080634374,0.0,0.0,0.0,50.628244080634374,0.0,0.0,0.0,0.0,14.096928281811836,14.096928281811836,0.0
2022-08-26 14:00:00,0.0,0.0,14.290189575472318,8.171766461472032,0.0,51.544579202224256,0.0,0.0,0.0,51.544579202224256,0.0,0.0,0.0,0.0,14.390215621676967,14.390215621676967,0.0
2022-08-26 15:00:00,0.0,0.0,13.532080768837679,8.171766461472032,0.0,50.78647039558962,0.0,0.0,0.0,50.78647039558962,0.0,0.0,0.0,0.0,14.336512727970995,14.336512727970995,0.0
2022-08-26 16:00:00,0.0,0.0,8.603765568408937,8.171766461472032,0.0,36.763172560780596,0.0,0.0,0.0,36.763172560780596,0.0,0.0,0.0,0.0,10.407654151956988,10.407654151956988,0.0
2022-08-26 17:00:00,0.0,0.0,5.214244326698649,8.171766461472032,0.0,24.278668684690025,0.0,0.0,0.0,24.278668684690025,0.0,0.0,0.0,0.0,7.001968048664603,7.001968048664603,0.0
2022-08-26 18:00:00,0.0,0.0,0.0,0.0,0.0,8.9150878836646,0.0,0.0,0.0,8.9150878836646,0.0,0.0,0.0,0.0,2.579580679138352,2.579580679138352,0.0
2022-08-26 19:00:00,0.0,0.0,0.0,0.0,0.0,14.657592477664597,0.0,0.0,0.0,14.657592477664597,0.0,0.0,0.0,0.0,4.190898841213862,4.190898841213862,0.0
2022-08-26 20:00:00,0.0,0.0,0.0,0.0,0.0,14.657592477664597,0.0,0.0,0.0,14.657592477664597,0.0,0.0,0.0,0.0,4.162169959957639,4.162169959957639,0.0
2022-08-26 21:00:00,0.0,0.0,0.0,0.0,0.0,14.657592477664597,0.0,0.0,0.0,14.657592477664597,0.0,0.0,0.0,0.0,4.058247629290997,4.058247629290997,0.0
2022-08-26 22:00:00,0.0,0.0,0.0,0.0,0.0,14.657592477664597,0.0,0.0,0.0,14.657592477664597,0.0,0.0,0.0,0.0,3.8748811473954134,3.8748811473954134,0.0
2022-08-26 23:00:00,0.0,0.0,0.0,0.0,0.0,15.107011293199369,0.0,0.0,0.0,15.107011293199369,0.0,0.0,0.0,0.0,3.914830906519684,3.914830906519684,0.0
2022-08-27 00:00:00,0.0,0.0,0.0,0.0,0.0,15.107011293199369,0.0,0.0,0.0,15.107011293199369,0.0,0.0,0.0,0.0,3.993387365244321,3.993387365244321,0.0
2022-08-27 01:00:00,0.0,0.0,0.0,0.0,0.0,15.107011293199369,0.0,0.0,0.0,15.107011293199369,0.0,0.0,0.0,0.0,3.9424767371862397,3.9424767371862397,0.0
2022-08-27 02:00:00,0.0,0.0,0.0,0.0,0.0,15.107011293199369,0.0,0.0,0.0,15.107011293199369,0.0,0.0,0.0,0.0,3.9243483236344,3.9243483236344,0.0
2022-08-27 03:00:00,0.0,0.0,0.0,0.0,0.0,15.107011293199369,0.0,0.0,0.0,15.107011293199369,0.0,0.0,0.0,0.0,3.9444406486543553,3.9444406486543553,0.0
2022-08-27 04:00:00,0.0,0.0,0.0,0.0,0.0,15.107011293199369,0.0,0.0,0.0,15.107011293199369,0.0,0.0,0.0,0.0,4.085842274358701,4.085842274358701,0.0
2022-08-27 05:00:00,0.0,0.0,0.0,8.171766461472032,0.0,13.707936764671402,0.0,0.0,0.0,13.707936764671402,0.0,0.0,0.0,0.0,3.8406897227256334,3.8406897227256334,0.0
2022-08-27 06:00:00,0.0,0.0,0.0,8.171766461472032,0.0,19.064424357991378,0.0,0.0,0.0,19.064424357991378,0.0,0.0,0.0,0.0,5.377883467145787,5.377883467145787,0.0
2022-08-27 07:00:00,0.0,0.0,2.169579959557456,8.171766461472032,0.0,34.87647826911925,0.0,0.0,0.0,34.87647826911925,0.0,0.0,0.0,0.0,9.641951182280707,9.641951182280707,0.0
2022-08-27 08:00:00,0.0,0.0,12.075057249202015,8.171766461472032,0.0,61.17424556538529,0.0,0.0,0.0,61.17424556538529,0.0,0.0,0.0,0.0,16.898161852526382,16.898161852526382,0.0
2022-08-27 09:00:00,0.0,0.0,16.76985889754532,8.171766461472032,0.0,65.8690472137286,0.0,0.0,0.0,65.8690472137286,0.0,0.0,0.0,0.0,18.347823101384105,18.347823101384105,0.0
2022-08-27 10:00:00,0.0,0.0,22.593410244742337,8.171766461472032,0.0,71.69259856092563,0.0,0.0,0.0,71.69259856092563,0.0,0.0,0.0,0.0,19.669581341175554,19.669581341175554,0.0
2022-08-27 11:00:00,0.0,0.0,25.77929245713339,8.171766461472032,0.0,74.87848077331667,0.0,0.0,0.0,74.87848077331667,0.0,0.0,0.0,0.0,20.983945451914263,20.983945451914263,0.0
2022-08-27 12:00:00,0.0,0.0,27.182901492671917,8.171766461472032,0.0,76.28208980885522,0.0,0.0,0.0,76.28208980885522,0.0,0.0,0.0,0.0,21.440606982574934,21.440606982574934,0.0
2022-08-27 13:00:00,0.0,0.0,27.976400771889256,8.171766461472032,0.0,77.07558908807256,0.0,0.0,0.0,77.07558908807256,0.0,0.0,0.0,0.0,21.662865069093673,21.662865069093673,0.0
2022-08-27 14:00:00,0.0,0.0,28.632541533778113,8.171766461472032,0.0,77.73172984996143,0.0,0.0,0.0,77.73172984996143,0.0,0.0,0.0,0.0,22.018289797300074,22.018289797300074,0.0
2022-08-27 15:00:00,0.0,0.0,27.981967645741072,8.171766461472032,0.0,77.08115596192437,0.0,0.0,0.0,77.08115596192437,0.0,0.0,0.0,0.0,22.00204515777169,22.00204515777169,0.0
2022-08-27 16:00:00,0.0,0.0,25.02305758647833,8.171766461472032,0.0,74.12224590266162,0.0,0.0,0.0,74.12224590266162,0.0,0.0,0.0,0.0,22.207766094896446,22.207766094896446,0.0
2022-08-27 17:00:00,0.0,0.0,20.473641661757206,8.171766461472032,0.0,57.728031288509136,0.0,0.0,0.0,57.728031288509136,0.0,0.0,0.0,0.0,16.801743506520587,16.801743506520587,0.0
2022-08-27 18:00:00,0.0,0.0,15.105608214330006,8.171766461472032,0.0,58.10250243508194,0.0,0.0,0.0,58.10250243508194,0.0,0.0,0.0,0.0,17.008345537821537,17.008345537821537,0.0
2022-08-27 19:00:00,0.0,0.0,11.564631222672602,8.171766461472032,0.0,55.7565387202344,0.0,0.0,0.0,55.7565387202344,0.0,0.0,0.0,0.0,16.059555847589113,16.059555847589113,0.0
2022-08-27 20:00:00,0.0,0.0,0.0,0.0,0.0,22.37766708451935,0.0,0.0,0.0,22.37766708451935,0.0,0.0,0.0,0.0,6.519957081745558,6.519957081745558,0.0
2022-08-27 21:00:00,0.0,0.0,0.0,0.0,0.0,15.107011293199369,0.0,0.0,0.0,15.107011293199369,0.0,0.0,0.0,0.0,4.266673199538298,4.266673199538298,0.0
2022-08-27 22:00:00,0.0,0.0,0.0,0.0,0.0,15.107011293199369,0.0,0.0,0.0,15.107011293199369,0.0,0.0,0.0,0.0,4.2095686968500035,4.2095686968500035,0.0
2022-08-27 23:00:00,0.0,0.0,0.0,0.0,0.0,15.107011293199369,0.0,0.0,0.0,15.107011293199369,0.0,0.0,0.0,0.0,4.103517477571744,4.103517477571744,0.0
2022-08-28 00:00:00,0.0,0.0,0.0,0.0,0.0,15.107011293199369,0.0,0.0,0.0,15.107011293199369,0.0,0.0,0.0,0.0,4.157147367662602,4.157147367662602,0.0
2022-08-28 01:00:00,0.0,0.0,0.0,0.0,0.0,15.107011293199369,0.0,0.0,0.0,15.107011293199369,0.0,0.0,0.0,0.0,4.1636433825186785,4.1636433825186785,0.0
2022-08-28 02:00:00,0.0,0.0,0.0,0.0,0.0,15.107011293199369,0.0,0.0,0.0,15.107011293199369,0.0,0.0,0.0,0.0,4.151255633258255,4.151255633258255,0.0
2022-08-28 03:00:00,0.0,0.0,0.0,0.0,0.0,15.107011293199369,0.0,0.0,0.0,15.107011293199369,0.0,0.0,0.0,0.0,4.190533862620573,4.190533862620573,0.0
2022-08-28 04:00:00,0.0,0.0,0.0,0.0,0.0,15.107011293199369,0.0,0.0,0.0,15.107011293199369,0.0,0.0,0.0,0.0,4.156089876872079,4.156089876872079,0.0
2022-08-28 05:00:00,0.0,0.0,0.0,8.171766461472032,0.0,13.707936764671402,0.0,0.0,0.0,13.707936764671402,0.0,0.0,0.0,0.0,3.8778382313578925,3.8778382313578925,0.0
2022-08-28 06:00:00,0.0,0.0,0.0,8.171766461472032,0.0,19.064424357991378,0.0,0.0,0.0,19.064424357991378,0.0,0.0,0.0,0.0,5.451472145167634,5.451472145167634,0.0
2022-08-28 07:00:00,0.0,0.0,0.49114730417035984,8.171766461472032,0.0,33.198045613732155,0.0,0.0,0.0,33.198045613732155,0.0,0.0,0.0,0.0,9.742962426718114,9.742962426718114,0.0
2022-08-28 08:00:00,0.0,0.0,7.532462358954737,8.171766461472032,0.0,56.63165067513803,0.0,0.0,0.0,56.63165067513803,0.0,0.0,0.0,0.0,16.978168872406382,16.978168872406382,0.0
2022-08-28 09:00:00,0.0,0.0,12.090275010329545,8.171766461472032,0.0,61.189463326512836,0.0,0.0,0.0,61.189463326512836,0.0,0.0,0.0,0.0,18.140228297777995,18.140228297777995,0.0
2022-08-28 10:00:00,0.0,0.0,15.343541747025114,8.171766461472032,0.0,64.4427300632084,0.0,0.0,0.0,64.4427300632084,0.0,0.0,0.0,0.0,19.222621950554434,19.222621950554434,0.0
2022-08-28 11:00:00,0.0,0.0,18.869066537676765,8.171766461472032,0.0,67.96825485386007,0.0,0.0,0.0,67.96825485386007,0.0,0.0,0.0,0.0,20.516897410186203,20.516897410186203,0.0
2022-08-28 12:00:00,0.0,0.0,22.61099508261838,8.171766461472032,0.0,71.71018339880166,0.0,0.0,0.0,71.71018339880166,0.0,0.0,0.0,0.0,21.745396013852616,21.745396013852616,0.0
2022-08-28 13:00:00,0.0,0.0,26.282158249224178,8.171766461472032,0.0,75.38134656540748,0.0,0.0,0.0,75.38134656540748,0.0,0.0,0.0,0.0,22.599327700309164,22.599327700309164,0.0
2022-08-28 14:00:00,0.0,0.0,26.991361566719394,8.171766461472032,0.0,76.09054988290269,0.0,0.0,0.0,76.09054988290269,0.0,0.0,0.0,0.0,23.29512184665066,23.29512184665066,0.0
2022-08-28 15:00:00,0.0,0.0,24.546108238998695,8.171766461472032,0.0,73.645296555182,0.0,0.0,0.0,73.645296555182,0.0,0.0,0.0,0.0,23.13714281874153,23.13714281874153,0.0
2022-08-28 16:00:00,0.0,0.0,22.47202325229802,8.171766461472032,0.0,71.57121156848132,0.0,0.0,0.0,71.57121156848132,0.0,0.0,0.0,0.0,21.517169045948222,21.517169045948222,0.0
2022-08-28 17:00:00,0.0,0.0,20.453477116970763,8.171766461472032,0.0,57.707866743722704,0.0,0.0,0.0,57.707866743722704,0.0,0.0,0.0,0.0,17.1975213682968,17.1975213682968,0.0
2022-08-28 18:00:00,0.0,0.0,16.674177103996396,8.171766461472032,0.0,61.58523952274834,0.0,0.0,0.0,61.58523952274834,0.0,0.0,0.0,0.0,18.613522793355457,18.613522793355457,0.0
2022-08-28 19:00:00,0.0,0.0,12.385333639229144,8.171766461472032,0.0,56.57724113679093,0.0,0.0,0.0,56.57724113679093,0.0,0.0,0.0,0.0,17.30018879480793,17.30018879480793,0.0
2022-08-28 20:00:00,0.0,0.0,0.0,0.0,0.0,22.37766708451935,0.0,0.0,0.0,22.37766708451935,0.0,0.0,0.0,0.0,6.936629242859309,6.936629242859309,0.0
2022-08-28 21:00:00,0.0,0.0,0.0,0.0,0.0,15.107011293199369,0.0,0.0,0.0,15.107011293199369,0.0,0.0,0.0,0.0,4.578935122968729,4.578935122968729,0.0
2022-08-28 22:00:00,0.0,0.0,0.0,0.0,0.0,15.107011293199369,0.0,0.0,0.0,15.107011293199369,0.0,0.0,0.0,0.0,4.4017298804995,4.4017298804995,0.0
2022-08-28 23:00:00,0.0,0.0,0.0,0.0,0.0,15.107011293199369,0.0,0.0,0.0,15.107011293199369,0.0,0.0,0.0,0.0,4.225128918482,4.225128918482,0.0
2022-08-29 00:00:00,0.0,0.0,0.0,0.0,0.0,15.107011293199369,0.0,0.0,0.0,15.107011293199369,0.0,0.0,0.0,0.0,4.253832239939078,4.253832239939078,0.0
2022-08-29 01:00:00,0.0,0.0,0.0,0.0,0.0,15.107011293199369,0.0,0.0,0.0,15.107011293199369,0.0,0.0,0.0,0.0,4.220143604755244,4.220143604755244,0.0
2022-08-29 02:00:00,0.0,0.0,0.0,0.0,0.0,15.107011293199369,0.0,0.0,0.0,15.107011293199369,0.0,0.0,0.0,0.0,4.1885699511524574,4.1885699511524574,0.0
2022-08-29 03:00:00,0.0,0.0,0.0,0.0,0.0,15.107011293199369,0.0,0.0,0.0,15.107011293199369,0.0,0.0,0.0,0.0,4.311692093192033,4.311692093192033,0.0
2022-08-29 04:00:00,0.0,0.0,0.0,0.0,0.0,15.107011293199369,0.0,0.0,0.0,15.107011293199369,0.0,0.0,0.0,0.0,4.388435710561485,4.388435710561485,0.0
2022-08-29 05:00:00,0.0,0.0,0.0,8.171766461472032,0.0,13.707936764671402,0.0,0.0,0.0,13.707936764671402,0.0,0.0,0.0,0.0,4.0709830603721135,4.0709830603721135,0.0
2022-08-29 06:00:00,0.0,0.0,0.0,8.171766461472032,0.0,19.064424357991378,0.0,0.0,0.0,19.064424357991378,0.0,0.0,0.0,0.0,5.623814541363877,5.623814541363877,0.0
2022-08-29 07:00:00,0.0,0.0,1.0450025581882967,8.171766461472032,0.0,33.75190086775009,0.0,0.0,0.0,33.75190086775009,0.0,0.0,0.0,0.0,10.080005194153562,10.080005194153562,0.0
2022-08-29 08:00:00,0.0,0.0,8.474236735730619,8.171766461472032,0.0,57.573425051913915,0.0,0.0,0.0,57.573425051913915,0.0,0.0,0.0,0.0,17.17300122448488,17.17300122448488,0.0
2022-08-29 09:00:00,0.0,0.0,14.182320513025694,8.171766461472032,0.0,63.281508829208995,0.0,0.0,0.0,63.281508829208995,0.0,0.0,0.0,0.0,19.06924987059384,19.06924987059384,0.0
2022-08-29 10:00:00,0.0,0.0,20.081320033894063,8.171766461472032,0.0,69.18050835007736,0.0,0.0,0.0,69.18050835007736,0.0,0.0,0.0,0.0,21.111815733193108,21.111815733193108,0.0
2022-08-29 11:00:00,0.0,0.0,23.597795835601772,8.171766461472032,0.0,72.69698415178509,0.0,0.0,0.0,72.69698415178509,0.0,0.0,0.0,0.0,22.552058423566773,22.552058423566773,0.0
2022-08-29 12:00:00,0.0,0.0,25.51657469844563,8.171766461472032,0.0,74.61576301462893,0.0,0.0,0.0,74.61576301462893,0.0,0.0,0.0,0.0,22.943600969368248,22.943600969368248,0.0
2022-08-29 13:00:00,0.0,0.0,28.13387952993971,8.171766461472032,0.0,77.23306784612299,0.0,0.0,0.0,77.23306784612299,0.0,0.0,0.0,0.0,23.796280534068956,23.796280534068956,0.0
2022-08-29 14:00:00,0.0,0.0,28.12978749390726,8.171766461472032,0.0,77.22897581009056,0.0,0.0,0.0,77.22897581009056,0.0,0.0,0.0,0.0,23.884605348786707,23.884605348786707,0.0
2022-08-29 15:00:00,0.0,0.0,25.239083387425023,8.171766461472032,0.0,74.33827170360833,0.0,0.0,0.0,74.33827170360833,0.0,0.0,0.0,0.0,23.358571734707812,23.358571734707812,0.0
2022-08-29 16:00:00,0.0,0.0,22.079600983139866,8.171766461472032,0.0,71.17878929932317,0.0,0.0,0.0,71.17878929932317,0.0,0.0,0.0,0.0,21.887477709541876,21.887477709541876,0.0
2022-08-29 17:00:00,0.0,0.0,18.422556073062488,8.171766461472032,0.0,55.676945699814425,0.0,0.0,0.0,55.676945699814425,0.0,0.0,0.0,0.0,17.301610876217335,17.301610876217335,0.0
2022-08-29 18:00:00,0.0,0.0,13.176901169126602,8.171766461472032,0.0,58.08796358787855,0.0,0.0,0.0,58.08796358787855,0.0,0.0,0.0,0.0,17.989842323165984,17.989842323165984,0.0
2022-08-29 19:00:00,0.0,0.0,8.726892232872407,8.171766461472032,0.0,52.9187997304342,0.0,0.0,0.0,52.9187997304342,0.0,0.0,0.0,0.0,16.369901508612514,16.369901508612514,0.0
2022-08-29 20:00:00,0.0,0.0,0.0,0.0,0.0,22.37766708451935,0.0,0.0,0.0,22.37766708451935,0.0,0.0,0.0,0.0,6.879566191793783,6.879566191793783,0.0
2022-08-29 21:00:00,0.0,0.0,0.0,0.0,0.0,15.107011293199369,0.0,0.0,0.0,15.107011293199369,0.0,0.0,0.0,0.0,4.476056376062041,4.476056376062041,0.0
2022-08-29 22:00:00,0.0,0.0,0.0,0.0,0.0,15.107011293199369,0.0,0.0,0.0,15.107011293199369,0.0,0.0,0.0,0.0,4.321209510306748,4.321209510306748,0.0
2022-08-29 23:00:00,0.0,0.0,0.0,0.0,0.0,15.107011293199369,0.0,0.0,0.0,15.107011293199369,0.0,0.0,0.0,0.0,4.219237184077652,4.219237184077652,0.0
2022-08-30 00:00:00,0.0,0.0,0.0,0.0,0.0,15.107011293199369,0.0,0.0,0.0,15.107011293199369,0.0,0.0,0.0,0.0,4.186454969571408,4.186454969571408,0.0
2022-08-30 01:00:00,0.0,0.0,0.0,0.0,0.0,15.107011293199369,0.0,0.0,0.0,15.107011293199369,0.0,0.0,0.0,0.0,4.166362644551454,4.166362644551454,0.0
2022-08-30 02:00:00,0.0,0.0,0.0,0.0,0.0,15.107011293199369,0.0,0.0,0.0,15.107011293199369,0.0,0.0,0.0,0.0,4.16681585489025,4.16681585489025,0.0
2022-08-30 03:00:00,0.0,0.0,0.0,0.0,0.0,15.107011293199369,0.0,0.0,0.0,15.107011293199369,0.0,0.0,0.0,0.0,4.202317331429269,4.202317331429269,0.0
2022-08-30 04:00:00,0.0,0.0,0.0,0.0,0.0,15.107011293199369,0.0,0.0,0.0,15.107011293199369,0.0,0.0,0.0,0.0,4.27211172360385,4.27211172360385,0.0
2022-08-30 05:00:00,0.0,0.0,0.0,8.171766461472032,0.7452820090897083,13.707936764671402,0.0,0.0,0.0,13.707936764671402,0.0,0.0,0.0,0.0,4.169393679786092,4.169393679786092,0.0
2022-08-30 06:00:00,0.0,0.0,0.0,8.171766461472032,0.0,19.064424357991378,0.0,0.0,0.0,19.064424357991378,0.0,0.0,0.0,0.0,5.751736828805998,5.751736828805998,0.0
2022-08-30 07:00:00,0.0,0.0,0.0,8.171766461472032,0.0,32.706898309561794,0.0,0.0,0.0,32.706898309561794,0.0,0.0,0.0,0.0,9.954344500515132,9.954344500515132,0.0
2022-08-30 08:00:00,0.0,0.0,0.8506837809906371,8.171766461472032,0.0,49.94987209717393,0.0,0.0,0.0,49.94987209717393,0.0,0.0,0.0,0.0,15.32112426836616,15.32112426836616,0.0
2022-08-30 09:00:00,0.0,0.0,4.9493390328042235,8.171766461472032,0.0,54.048527348987534,0.0,0.0,0.0,54.048527348987534,0.0,0.0,0.0,0.0,16.244284894738204,16.244284894738204,0.0
2022-08-30 10:00:00,0.0,0.0,9.398368910197332,8.171766461472032,0.0,58.49755722638063,0.0,0.0,0.0,58.49755722638063,0.0,0.0,0.0,0.0,17.617124334296793,17.617124334296793,0.0
2022-08-30 11:00:00,0.0,0.0,12.725957609965501,8.171766461472032,0.0,61.82514592614879,0.0,0.0,0.0,61.82514592614879,0.0,0.0,0.0,0.0,18.492519397970366,18.492519397970366,0.0
2022-08-30 12:00:00,0.0,0.0,16.197668214602324,8.171766461472032,0.0,65.29685653078562,0.0,0.0,0.0,65.29685653078562,0.0,0.0,0.0,0.0,19.492417611570122,19.492417611570122,0.0
2022-08-30 13:00:00,0.0,0.0,19.392615207186434,8.171766461472032,0.0,68.49180352336974,0.0,0.0,0.0,68.49180352336974,0.0,0.0,0.0,0.0,20.396859089259507,20.396859089259507,0.0
2022-08-30 14:00:00,0.0,0.0,21.58403725735134,8.171766461472032,0.0,70.68322557353463,0.0,0.0,0.0,70.68322557353463,0.0,0.0,0.0,0.0,20.72220124139315,20.72220124139315,0.0
2022-08-30 15:00:00,0.0,0.0,21.699231743321008,8.171766461472032,0.0,70.7984200595043,0.0,0.0,0.0,70.7984200595043,0.0,0.0,0.0,0.0,20.67384664157585,20.67384664157585,0.0
2022-08-30 16:00:00,0.0,0.0,20.4796024030532,8.171766461472032,0.0,69.5787907192365,0.0,0.0,0.0,69.5787907192365,0.0,0.0,0.0,0.0,20.646114570119046,20.646114570119046,0.0
2022-08-30 17:00:00,0.0,0.0,17.810828347431553,8.171766461472032,0.0,55.0652179741835,0.0,0.0,0.0,55.0652179741835,0.0,0.0,0.0,0.0,16.52617321841195,16.52617321841195,0.0
2022-08-30 18:00:00,0.0,0.0,12.92689514916923,8.171766461472032,0.0,57.83795756792117,0.0,0.0,0.0,57.83795756792117,0.0,0.0,0.0,0.0,17.38088462873599,17.38088462873599,0.0
2022-08-30 19:00:00,0.0,0.0,8.876499808045851,8.171766461472032,0.0,53.06840730560766,0.0,0.0,0.0,53.06840730560766,0.0,0.0,0.0,0.0,15.848879841819725,15.848879841819725,0.0
2022-08-30 20:00:00,0.0,0.0,0.0,0.0,0.0,22.37766708451935,0.0,0.0,0.0,22.37766708451935,0.0,0.0,0.0,0.0,6.681076284754097,6.681076284754097,0.0
2022-08-30 21:00:00,0.0,0.0,0.0,0.0,0.0,15.107011293199369,0.0,0.0,0.0,15.107011293199369,0.0,0.0,0.0,0.0,4.322720211436067,4.322720211436067,0.0
2022-08-30 22:00:00,0.0,0.0,0.0,0.0,0.0,15.107011293199369,0.0,0.0,0.0,15.107011293199369,0.0,0.0,0.0,0.0,4.0396148198015105,4.0396148198015105,0.0
2022-08-30 23:00:00,0.0,0.0,0.0,0.0,0.0,15.107011293199369,0.0,0.0,0.0,15.107011293199369,0.0,0.0,0.0,0.0,4.096568252376873,4.096568252376873,0.0
2022-08-31 00:00:00,0.0,0.0,0.0,0.0,0.0,15.107011293199369,0.0,0.0,0.0,15.107011293199369,0.0,0.0,0.0,0.0,3.977373933273529,3.977373933273529,0.0
2022-08-31 01:00:00,0.0,0.0,0.0,0.0,0.0,15.107011293199369,0.0,0.0,0.0,15.107011293199369,0.0,0.0,0.0,0.0,3.9403617556051915,3.9403617556051915,0.0
2022-08-31 02:00:00,0.0,0.0,0.0,0.0,0.0,15.107011293199369,0.0,0.0,0.0,15.107011293199369,0.0,0.0,0.0,0.0,3.9291825672482235,3.9291825672482235,0.0
2022-08-31 03:00:00,0.0,0.0,0.0,0.0,0.0,15.107011293199369,0.0,0.0,0.0,15.107011293199369,0.0,0.0,0.0,0.0,3.9272186557801074,3.9272186557801074,0.0
2022-08-31 04:00:00,0.0,0.0,0.0,0.0,0.0,15.107011293199369,0.0,0.0,0.0,15.107011293199369,0.0,0.0,0.0,0.0,3.9196651501335076,3.9196651501335076,0.0
2022-08-31 05:00:00,0.0,0.0,0.0,8.171766461472032,0.0,13.707936764671402,0.0,0.0,0.0,13.707936764671402,0.0,0.0,0.0,0.0,3.6287650203438138,3.6287650203438138,0.0
2022-08-31 06:00:00,0.0,0.0,0.0,8.171766461472032,0.0,19.064424357991378,0.0,0.0,0.0,19.064424357991378,0.0,0.0,0.0,0.0,5.053978897303514,5.053978897303514,0.0
2022-08-31 07:00:00,0.0,0.0,0.0,8.171766461472032,0.0,32.706898309561794,0.0,0.0,0.0,32.706898309561794,0.0,0.0,0.0,0.0,8.611072186941428,8.611072186941428,0.0
2022-08-31 08:00:00,0.0,0.0,5.7602591820212385,8.171766461472032,0.0,54.859447498204545,0.0,0.0,0.0,54.859447498204545,0.0,0.0,0.0,0.0,14.035789642415635,14.035789642415635,0.0
2022-08-31 09:00:00,0.0,0.0,13.960563398162305,8.171766461472032,0.0,63.059751714345595,0.0,0.0,0.0,63.059751714345595,0.0,0.0,0.0,0.0,15.937091050766563,15.937091050766563,0.0
2022-08-31 10:00:00,0.0,0.0,17.97688802447347,8.171766461472032,0.0,67.07607634065677,0.0,0.0,0.0,67.07607634065677,0.0,0.0,0.0,0.0,17.06683686411671,17.06683686411671,0.0
2022-08-31 11:00:00,0.0,0.0,17.4979134189334,8.171766461472032,0.0,66.5971017351167,0.0,0.0,0.0,66.5971017351167,0.0,0.0,0.0,0.0,17.079492710988024,17.079492710988024,0.0
2022-08-31 12:00:00,0.0,0.0,17.412414092971567,8.171766461472032,0.0,66.51160240915488,0.0,0.0,0.0,66.51160240915488,0.0,0.0,0.0,0.0,17.448653776017686,17.448653776017686,0.0
2022-08-31 13:00:00,0.0,0.0,17.078033537142197,8.171766461472032,0.0,66.17722185332549,0.0,0.0,0.0,66.17722185332549,0.0,0.0,0.0,0.0,17.683215451427106,17.683215451427106,0.0
2022-08-31 14:00:00,0.0,0.0,17.952106478017157,8.171766461472032,0.0,67.05129479420046,0.0,0.0,0.0,67.05129479420046,0.0,0.0,0.0,0.0,17.93219827976097,17.93219827976097,0.0
2022-08-31 15:00:00,0.0,0.0,17.384414620262252,8.171766461472032,0.0,66.48360293644555,0.0,0.0,0.0,66.48360293644555,0.0,0.0,0.0,0.0,17.965199185486316,17.965199185486316,0.0
2022-08-31 16:00:00,0.0,0.0,14.222848999491488,8.171766461472032,0.0,63.32203731567479,0.0,0.0,0.0,63.32203731567479,0.0,0.0,0.0,0.0,17.326809070688093,17.326809070688093,0.0
2022-08-31 17:00:00,0.0,0.0,10.555386505899406,8.171766461472032,0.0,47.80977613265134,0.0,0.0,0.0,47.80977613265134,0.0,0.0,0.0,0.0,13.595187941080736,13.595187941080736,0.0
2022-08-31 18:00:00,0.0,0.0,6.7294577535368765,8.171766461472032,0.0,51.64052017228881,0.0,0.0,0.0,51.64052017228881,0.0,0.0,0.0,0.0,14.586897733066422,14.586897733066422,0.0
2022-08-31 19:00:00,0.0,0.0,4.282276515600528,8.171766461472032,0.0,48.47418401316231,0.0,0.0,0.0,48.47418401316231,0.0,0.0,0.0,0.0,13.520904146791363,13.520904146791363,0.0
2022-08-31 20:00:00,0.0,0.0,0.0,0.0,0.0,22.37766708451935,0.0,0.0,0.0,22.37766708451935,0.0,0.0,0.0,0.0,6.232404059709483,6.232404059709483,0.0
2022-08-31 21:00:00,0.0,0.0,0.0,0.0,0.0,15.107011293199369,0.0,0.0,0.0,15.107011293199369,0.0,0.0,0.0,0.0,4.123307662365836,4.123307662365836,0.0
2022-08-31 22:00:00,0.0,0.0,0.0,0.0,0.0,15.107011293199369,0.0,0.0,0.0,15.107011293199369,0.0,0.0,0.0,0.0,3.9785824941769863,3.9785824941769863,0.0
2022-08-31 23:00:00,0.0,0.0,0.0,0.0,0.0,14.657592477664597,0.0,0.0,0.0,14.657592477664597,0.0,0.0,0.0,0.0,3.887046949151874,3.887046949151874,0.0
2022-09-01 00:00:00,0.0,0.0,0.0,0.0,0.0,14.657592477664597,0.0,0.0,0.0,14.657592477664597,0.0,0.0,0.0,0.0,3.8783989695900525,3.8783989695900525,0.0
2022-09-01 01:00:00,0.0,0.0,0.0,0.0,0.0,14.657592477664597,0.0,0.0,0.0,14.657592477664597,0.0,0.0,0.0,0.0,3.7803396759144765,3.7803396759144765,0.0
2022-09-01 02:00:00,0.0,0.0,0.0,0.0,0.0,14.657592477664597,0.0,0.0,0.0,14.657592477664597,0.0,0.0,0.0,0.0,3.7857629851312113,3.7857629851312113,0.0
2022-09-01 03:00:00,0.0,0.0,0.0,0.0,0.0,14.657592477664597,0.0,0.0,0.0,14.657592477664597,0.0,0.0,0.0,0.0,3.775209518547294,3.775209518547294,0.0
2022-09-01 04:00:00,0.0,0.0,0.0,0.0,0.0,14.657592477664597,0.0,0.0,0.0,14.657592477664597,0.0,0.0,0.0,0.0,3.778434188892379,3.778434188892379,0.0
2022-09-01 05:00:00,0.0,0.0,0.0,8.171766461472032,42.70004035149474,15.172686147136638,0.0,0.0,0.0,15.172686147136638,0.0,0.0,0.0,0.0,11.640948143106545,11.640948143106545,0.0
2022-09-01 06:00:00,0.0,0.0,0.0,8.171766461472032,27.09570943833004,14.516933040801234,0.0,0.0,0.0,14.516933040801234,0.0,0.0,0.0,0.0,8.666351874142704,8.666351874142704,0.0
2022-09-01 07:00:00,0.0,0.0,0.0,8.171766461472032,4.530923485515324,23.611915675181518,0.0,0.0,0.0,23.611915675181518,0.0,0.0,0.0,0.0,7.100814364314545,7.100814364314545,0.0
2022-09-01 08:00:00,0.0,0.0,0.0,8.171766461472032,0.0,37.25438962675194,0.0,0.0,0.0,37.25438962675194,0.0,0.0,0.0,0.0,9.819139473923007,9.819139473923007,0.0
2022-09-01 09:00:00,0.0,0.0,0.05787988848790941,8.171766461472032,0.0,49.1570682046712,0.0,0.0,0.0,49.1570682046712,0.0,0.0,0.0,0.0,12.901764120998001,12.901764120998001,0.0
2022-09-01 10:00:00,0.0,0.0,3.0303648612013365,8.171766461472032,0.0,52.129553177384636,0.0,0.0,0.0,52.129553177384636,0.0,0.0,0.0,0.0,13.924846244742985,13.924846244742985,0.0
2022-09-01 11:00:00,0.0,0.0,6.191455293125488,8.171766461472032,0.0,55.29064360930879,0.0,0.0,0.0,55.29064360930879,0.0,0.0,0.0,0.0,14.774765785279495,14.774765785279495,0.0
2022-09-01 12:00:00,0.0,0.0,9.012340224644921,8.171766461472032,0.0,58.11152854082821,0.0,0.0,0.0,58.11152854082821,0.0,0.0,0.0,0.0,15.650015751330445,15.650015751330445,0.0
2022-09-01 13:00:00,0.0,0.0,11.745189778279197,8.171766461472032,0.0,60.84437809446249,0.0,0.0,0.0,60.84437809446249,0.0,0.0,0.0,0.0,16.757758614776858,16.757758614776858,0.0
2022-09-01 14:00:00,0.0,0.0,13.212556916687056,8.171766461472032,0.0,62.311745232870344,0.0,0.0,0.0,62.311745232870344,0.0,0.0,0.0,0.0,17.391831211946442,17.391831211946442,0.0
2022-09-01 15:00:00,0.0,0.0,14.007955763140645,8.171766461472032,0.0,63.107144079323945,0.0,0.0,0.0,63.107144079323945,0.0,0.0,0.0,0.0,17.67883534238181,17.67883534238181,0.0
2022-09-01 16:00:00,0.0,0.0,12.323742062270984,8.171766461472032,0.0,61.42293037845428,0.0,0.0,0.0,61.42293037845428,0.0,0.0,0.0,0.0,17.18367900267637,17.18367900267637,0.0
2022-09-01 17:00:00,0.0,0.0,6.401823525923678,8.171766461472032,0.0,39.10872183548546,0.0,0.0,0.0,39.10872183548546,0.0,0.0,0.0,0.0,10.944575805660609,10.944575805660609,0.0
2022-09-01 18:00:00,0.0,0.0,1.8740984259297062,8.171766461472032,0.0,33.142686893111225,0.0,0.0,0.0,33.142686893111225,0.0,0.0,0.0,0.0,9.206706992037368,9.206706992037368,0.0
2022-09-01 19:00:00,0.0,0.0,0.30707244141272244,8.171766461472032,0.0,35.40399730459423,0.0,0.0,0.0,35.40399730459423,0.0,0.0,0.0,0.0,9.796994134127315,9.796994134127315,0.0
2022-09-01 20:00:00,0.0,0.0,0.0,8.171766461472032,0.0,26.001942228801234,0.0,0.0,0.0,26.001942228801234,0.0,0.0,0.0,0.0,7.247521357433769,7.247521357433769,0.0
2022-09-01 21:00:00,0.0,0.0,0.0,0.0,0.0,14.657592477664597,0.0,0.0,0.0,14.657592477664597,0.0,0.0,0.0,0.0,3.940693737620127,3.940693737620127,0.0
2022-09-01 22:00:00,0.0,0.0,0.0,0.0,0.0,14.657592477664597,0.0,0.0,0.0,14.657592477664597,0.0,0.0,0.0,0.0,3.7869355925294257,3.7869355925294257,0.0
2022-09-01 23:00:00,0.0,0.0,0.0,0.0,0.0,14.657592477664597,0.0,0.0,0.0,14.657592477664597,0.0,0.0,0.0,0.0,3.816104201559978,3.816104201559978,0.0
2022-09-02 00:00:00,0.0,0.0,0.0,0.0,0.0,14.657592477664597,0.0,0.0,0.0,14.657592477664597,0.0,0.0,0.0,0.0,3.7316764688886295,3.7316764688886295,0.0
2022-09-02 01:00:00,0.0,0.0,0.0,0.0,0.0,14.657592477664597,0.0,0.0,0.0,14.657592477664597,0.0,0.0,0.0,0.0,3.7494121557866045,3.7494121557866045,0.0
2022-09-02 02:00:00,0.0,0.0,0.0,0.0,0.0,14.657592477664597,0.0,0.0,0.0,14.657592477664597,0.0,0.0,0.0,0.0,3.7263997355966705,3.7263997355966705,0.0
2022-09-02 03:00:00,0.0,0.0,0.0,0.0,0.0,14.657592477664597,0.0,0.0,0.0,14.657592477664597,0.0,0.0,0.0,0.0,3.717751756034848,3.717751756034848,0.0
2022-09-02 04:00:00,0.0,0.0,0.0,0.0,0.0,14.657592477664597,0.0,0.0,0.0,14.657592477664597,0.0,0.0,0.0,0.0,3.70324073948196,3.70324073948196,0.0
2022-09-02 05:00:00,0.0,0.0,0.0,0.0,0.0,7.000919685664599,0.0,0.0,0.0,7.000919685664599,0.0,0.0,0.0,0.0,1.7910452831835746,1.7910452831835746,0.0
2022-09-02 06:00:00,0.0,0.0,0.0,0.0,0.0,3.1725832896646002,0.0,0.0,0.0,3.1725832896646002,0.0,0.0,0.0,0.0,0.8262675919602485,0.8262675919602485,0.0
2022-09-02 07:00:00,0.0,0.0,0.0,8.171766461472032,3.808755583475861,14.516933040801234,0.0,0.0,0.0,14.516933040801234,0.0,0.0,0.0,0.0,4.548433563567667,4.548433563567667,0.0
2022-09-02 08:00:00,0.0,0.0,0.0,8.171766461472032,0.052848769079158905,14.516933040801234,0.0,0.0,0.0,14.516933040801234,0.0,0.0,0.0,0.0,3.9497014086924915,3.9497014086924915,0.0
2022-09-02 09:00:00,0.0,0.0,0.0,8.171766461472032,0.0,28.15940699237166,0.0,0.0,0.0,28.15940699237166,0.0,0.0,0.0,0.0,7.6357048000515,7.6357048000515,0.0
2022-09-02 10:00:00,0.0,0.0,0.0,8.171766461472032,0.0,28.15940699237166,0.0,0.0,0.0,28.15940699237166,0.0,0.0,0.0,0.0,7.790863132579468,7.790863132579468,0.0
2022-09-02 11:00:00,0.0,0.0,0.0,8.171766461472032,0.0,37.25438962675194,0.0,0.0,0.0,37.25438962675194,0.0,0.0,0.0,0.0,10.239368988912771,10.239368988912771,0.0
2022-09-02 12:00:00,0.0,0.0,0.28465644603712853,8.171766461472032,0.0,37.53904607278907,0.0,0.0,0.0,37.53904607278907,0.0,0.0,0.0,0.0,10.48052627306198,10.48052627306198,0.0
2022-09-02 13:00:00,0.0,0.0,0.4385231787664096,8.171766461472032,0.0,37.692912805518354,0.0,0.0,0.0,37.692912805518354,0.0,0.0,0.0,0.0,10.693102433797502,10.693102433797502,0.0
2022-09-02 14:00:00,0.0,0.0,0.8508717977882025,8.171766461472032,0.0,38.105261424540146,0.0,0.0,0.0,38.105261424540146,0.0,0.0,0.0,0.0,10.935066871000286,10.935066871000286,0.0
2022-09-02 15:00:00,0.0,0.0,0.9060442953189004,8.171766461472032,0.0,38.16043392207084,0.0,0.0,0.0,38.16043392207084,0.0,0.0,0.0,0.0,10.982572882771986,10.982572882771986,0.0
2022-09-02 16:00:00,0.0,0.0,0.0,8.171766461472032,0.0,28.15940699237166,0.0,0.0,0.0,28.15940699237166,0.0,0.0,0.0,0.0,8.027120557245466,8.027120557245466,0.0
2022-09-02 17:00:00,0.0,0.0,0.0,8.171766461472032,0.0,19.064424357991378,0.0,0.0,0.0,19.064424357991378,0.0,0.0,0.0,0.0,5.518197630420604,5.518197630420604,0.0
2022-09-02 18:00:00,0.0,0.0,0.0,0.0,0.0,10.829256081664601,0.0,0.0,0.0,10.829256081664601,0.0,0.0,0.0,0.0,3.131712566256586,3.131712566256586,0.0
2022-09-02 19:00:00,0.0,0.0,0.0,0.0,0.0,14.657592477664597,0.0,0.0,0.0,14.657592477664597,0.0,0.0,0.0,0.0,4.3149020735749035,4.3149020735749035,0.0
2022-09-02 20:00:00,0.0,0.0,0.0,0.0,0.0,14.657592477664597,0.0,0.0,0.0,14.657592477664597,0.0,0.0,0.0,0.0,4.345683017778,4.345683017778,0.0
2022-09-02 21:00:00,0.0,0.0,0.0,0.0,0.0,14.657592477664597,0.0,0.0,0.0,14.657592477664597,0.0,0.0,0.0,0.0,4.233699011248642,4.233699011248642,0.0
2022-09-02 22:00:00,0.0,0.0,0.0,0.0,0.0,14.657592477664597,0.0,0.0,0.0,14.657592477664597,0.0,0.0,0.0,0.0,4.139304115692482,4.139304115692482,0.0
2022-09-02 23:00:00,0.0,0.0,0.0,0.0,0.0,14.657592477664597,0.0,0.0,0.0,14.657592477664597,0.0,0.0,0.0,0.0,4.148245247103858,4.148245247103858,0.0
2022-09-03 00:00:00,0.0,0.0,0.0,0.0,0.0,14.657592477664597,0.0,0.0,0.0,14.657592477664597,0.0,0.0,0.0,0.0,4.128310921334233,4.128310921334233,0.0
2022-09-03 01:00:00,0.0,0.0,0.0,0.0,0.0,14.657592477664597,0.0,0.0,0.0,14.657592477664597,0.0,0.0,0.0,0.0,4.092399819763956,4.092399819763956,0.0
2022-09-03 02:00:00,0.0,0.0,0.0,0.0,0.0,14.657592477664597,0.0,0.0,0.0,14.657592477664597,0.0,0.0,0.0,0.0,4.139157539767705,4.139157539767705,0.0
2022-09-03 03:00:00,0.0,0.0,0.0,0.0,0.0,14.657592477664597,0.0,0.0,0.0,14.657592477664597,0.0,0.0,0.0,0.0,4.1351999897987355,4.1351999897987355,0.0
2022-09-03 04:00:00,0.0,0.0,0.0,0.0,0.0,14.657592477664597,0.0,0.0,0.0,14.657592477664597,0.0,0.0,0.0,0.0,4.209367407735718,4.209367407735718,0.0
2022-09-03 05:00:00,0.0,0.0,0.0,0.0,0.0,7.000919685664599,0.0,0.0,0.0,7.000919685664599,0.0,0.0,0.0,0.0,2.027466340968468,2.027466340968468,0.0
2022-09-03 06:00:00,0.0,0.0,0.0,0.0,0.0,3.1725832896646002,0.0,0.0,0.0,3.1725832896646002,0.0,0.0,0.0,0.0,0.9298524363677976,0.9298524363677976,0.0
2022-09-03 07:00:00,0.0,0.0,0.0,8.171766461472032,28.908276691974496,14.516933040801234,0.0,0.0,0.0,14.516933040801234,0.0,0.0,0.0,0.0,9.477570922337163,9.477570922337163,0.0
2022-09-03 08:00:00,0.0,0.0,0.0,8.171766461472032,1.5422526912694066,14.516933040801234,0.0,0.0,0.0,14.516933040801234,0.0,0.0,0.0,0.0,4.553500693572095,4.553500693572095,0.0
2022-09-03 09:00:00,0.0,0.0,0.0,8.171766461472032,0.0,28.15940699237166,0.0,0.0,0.0,28.15940699237166,0.0,0.0,0.0,0.0,8.248453496205506,8.248453496205506,0.0
2022-09-03 10:00:00,0.0,0.0,0.0,8.171766461472032,0.0,28.15940699237166,0.0,0.0,0.0,28.15940699237166,0.0,0.0,0.0,0.0,8.327018241714223,8.327018241714223,0.0
2022-09-03 11:00:00,0.0,0.0,0.23380656052843485,8.171766461472032,0.0,37.48819618728038,0.0,0.0,0.0,37.48819618728038,0.0,0.0,0.0,0.0,11.381416362458324,11.381416362458324,0.0
2022-09-03 12:00:00,0.0,0.0,2.128065912326618,8.171766461472032,0.0,39.382455539078556,0.0,0.0,0.0,39.382455539078556,0.0,0.0,0.0,0.0,12.065602903507498,12.065602903507498,0.0
2022-09-03 13:00:00,0.0,0.0,3.614141699928941,8.171766461472032,0.0,40.86853132668089,0.0,0.0,0.0,40.86853132668089,0.0,0.0,0.0,0.0,12.46858022245707,12.46858022245707,0.0
2022-09-03 14:00:00,0.0,0.0,4.005406323960659,8.171766461472032,0.0,41.2597959507126,0.0,0.0,0.0,41.2597959507126,0.0,0.0,0.0,0.0,12.500480379187398,12.500480379187398,0.0
2022-09-03 15:00:00,0.0,0.0,3.6178128430434846,8.171766461472032,0.0,40.872202469795425,0.0,0.0,0.0,40.872202469795425,0.0,0.0,0.0,0.0,12.336048149433655,12.336048149433655,0.0
2022-09-03 16:00:00,0.0,0.0,0.8367889392512065,8.171766461472032,0.0,28.996195931622864,0.0,0.0,0.0,28.996195931622864,0.0,0.0,0.0,0.0,8.850218922249931,8.850218922249931,0.0
2022-09-03 17:00:00,0.0,0.0,0.0022976706661353924,8.171766461472032,0.0,19.066722028657512,0.0,0.0,0.0,19.066722028657512,0.0,0.0,0.0,0.0,5.868737040420783,5.868737040420783,0.0
2022-09-03 18:00:00,0.0,0.0,0.0,0.0,0.0,12.743424279664596,0.0,0.0,0.0,12.743424279664596,0.0,0.0,0.0,0.0,3.9166914523549137,3.9166914523549137,0.0
2022-09-03 19:00:00,0.0,0.0,0.0,0.0,0.0,14.657592477664597,0.0,0.0,0.0,14.657592477664597,0.0,0.0,0.0,0.0,4.468806794590382,4.468806794590382,0.0
2022-09-03 20:00:00,0.0,0.0,0.0,0.0,0.0,14.657592477664597,0.0,0.0,0.0,14.657592477664597,0.0,0.0,0.0,0.0,4.392587313706526,4.392587313706526,0.0
2022-09-03 21:00:00,0.0,0.0,0.0,0.0,0.0,14.657592477664597,0.0,0.0,0.0,14.657592477664597,0.0,0.0,0.0,0.0,4.282069066424936,4.282069066424936,0.0
2022-09-03 22:00:00,0.0,0.0,0.0,0.0,0.0,14.657592477664597,0.0,0.0,0.0,14.657592477664597,0.0,0.0,0.0,0.0,4.188113898643106,4.188113898643106,0.0
2022-09-03 23:00:00,0.0,0.0,0.0,0.0,0.0,15.107011293199369,0.0,0.0,0.0,15.107011293199369,0.0,0.0,0.0,0.0,4.328611945840414,4.328611945840414,0.0
2022-09-04 00:00:00,0.0,0.0,0.0,0.0,0.0,15.107011293199369,0.0,0.0,0.0,15.107011293199369,0.0,0.0,0.0,0.0,4.266219989199501,4.266219989199501,0.0
2022-09-04 01:00:00,0.0,0.0,0.0,0.0,0.0,15.107011293199369,0.0,0.0,0.0,15.107011293199369,0.0,0.0,0.0,0.0,4.219992534642311,4.219992534642311,0.0
2022-09-04 02:00:00,0.0,0.0,0.0,0.0,0.0,15.107011293199369,0.0,0.0,0.0,15.107011293199369,0.0,0.0,0.0,0.0,4.194763825782669,4.194763825782669,0.0
2022-09-04 03:00:00,0.0,0.0,0.0,0.0,0.0,15.107011293199369,0.0,0.0,0.0,15.107011293199369,0.0,0.0,0.0,0.0,4.178448253586013,4.178448253586013,0.0
2022-09-04 04:00:00,0.0,0.0,0.0,0.0,0.0,15.107011293199369,0.0,0.0,0.0,15.107011293199369,0.0,0.0,0.0,0.0,4.362904861475978,4.362904861475978,0.0
2022-09-04 05:00:00,0.0,0.0,0.0,8.171766461472032,44.51898899595025,15.622104962671402,0.0,0.0,0.0,15.622104962671402,0.0,0.0,0.0,0.0,12.657927115451809,12.657927115451809,0.0
2022-09-04 06:00:00,0.0,0.0,0.0,8.171766461472032,23.494863450378077,19.064424357991378,0.0,0.0,0.0,19.064424357991378,0.0,0.0,0.0,0.0,9.893537793623246,9.893537793623246,0.0
2022-09-04 07:00:00,0.0,0.0,0.0,8.171766461472032,2.0182006374311405,32.706898309561794,0.0,0.0,0.0,32.706898309561794,0.0,0.0,0.0,0.0,10.298425291051046,10.298425291051046,0.0
2022-09-04 08:00:00,0.0,0.0,0.0,8.171766461472032,0.0,49.09918831618329,0.0,0.0,0.0,49.09918831618329,0.0,0.0,0.0,0.0,15.031716502999512,15.031716502999512,0.0
2022-09-04 09:00:00,0.0,0.0,0.6840681612318172,8.171766461472032,0.0,49.78325647741511,0.0,0.0,0.0,49.78325647741511,0.0,0.0,0.0,0.0,15.087811540610197,15.087811540610197,0.0
2022-09-04 10:00:00,0.0,0.0,6.5989954088238205,8.171766461472032,0.0,55.698183725007105,0.0,0.0,0.0,55.698183725007105,0.0,0.0,0.0,0.0,16.86986588663015,16.86986588663015,0.0
2022-09-04 11:00:00,0.0,0.0,11.59247971549392,8.171766461472032,0.0,60.6916680316772,0.0,0.0,0.0,60.6916680316772,0.0,0.0,0.0,0.0,18.723379587772417,18.723379587772417,0.0
2022-09-04 12:00:00,0.0,0.0,15.660668416283315,8.171766461472032,0.0,64.75985673246663,0.0,0.0,0.0,64.75985673246663,0.0,0.0,0.0,0.0,20.285377522877848,20.285377522877848,0.0
2022-09-04 13:00:00,0.0,0.0,19.39088373340311,8.171766461472032,0.0,68.49007204958639,0.0,0.0,0.0,68.49007204958639,0.0,0.0,0.0,0.0,21.450405665209964,21.450405665209964,0.0
2022-09-04 14:00:00,0.0,0.0,22.819708759636754,8.171766461472032,0.0,71.91889707582006,0.0,0.0,0.0,71.91889707582006,0.0,0.0,0.0,0.0,22.184822180978212,22.184822180978212,0.0
2022-09-04 15:00:00,0.0,0.0,21.895297071435365,8.171766461472032,0.0,70.99448538761867,0.0,0.0,0.0,70.99448538761867,0.0,0.0,0.0,0.0,21.55250587397327,21.55250587397327,0.0
2022-09-04 16:00:00,0.0,0.0,18.101809432741735,8.171766461472032,0.0,67.20099774892502,0.0,0.0,0.0,67.20099774892502,0.0,0.0,0.0,0.0,20.394158796843765,20.394158796843765,0.0
2022-09-04 17:00:00,0.0,0.0,14.124024478413446,8.171766461472032,0.0,51.3784141051654,0.0,0.0,0.0,51.3784141051654,0.0,0.0,0.0,0.0,15.315391460608751,15.315391460608751,0.0
2022-09-04 18:00:00,0.0,0.0,8.757224984522974,8.171766461472032,0.0,55.582455601274916,0.0,0.0,0.0,55.582455601274916,0.0,0.0,0.0,0.0,16.578023207636253,16.578023207636253,0.0
2022-09-04 19:00:00,0.0,0.0,4.689175780387406,8.171766461472032,0.0,48.881083277949195,0.0,0.0,0.0,48.881083277949195,0.0,0.0,0.0,0.0,14.342198644583073,14.342198644583073,0.0
2022-09-04 20:00:00,0.0,0.0,0.0,0.0,0.0,22.37766708451935,0.0,0.0,0.0,22.37766708451935,0.0,0.0,0.0,0.0,6.404712096260282,6.404712096260282,0.0
2022-09-04 21:00:00,0.0,0.0,0.0,0.0,0.0,15.107011293199369,0.0,0.0,0.0,15.107011293199369,0.0,0.0,0.0,0.0,4.0695267021620465,4.0695267021620465,0.0
2022-09-04 22:00:00,0.0,0.0,0.0,0.0,0.0,15.107011293199369,0.0,0.0,0.0,15.107011293199369,0.0,0.0,0.0,0.0,3.9143776961808885,3.9143776961808885,0.0
2022-09-04 23:00:00,0.0,0.0,0.0,0.0,0.0,15.107011293199369,0.0,0.0,0.0,15.107011293199369,0.0,0.0,0.0,0.0,3.8228292077441,3.8228292077441,0.0
2022-09-05 00:00:00,0.0,0.0,0.0,0.0,0.0,15.107011293199369,0.0,0.0,0.0,15.107011293199369,0.0,0.0,0.0,0.0,3.912262714599841,3.912262714599841,0.0
2022-09-05 01:00:00,0.0,0.0,0.0,0.0,0.0,15.107011293199369,0.0,0.0,0.0,15.107011293199369,0.0,0.0,0.0,0.0,3.83642551790798,3.83642551790798,0.0
2022-09-05 02:00:00,0.0,0.0,0.0,0.0,0.0,15.107011293199369,0.0,0.0,0.0,15.107011293199369,0.0,0.0,0.0,0.0,3.8136139308552486,3.8136139308552486,0.0
2022-09-05 03:00:00,0.0,0.0,0.0,0.0,0.0,15.107011293199369,0.0,0.0,0.0,15.107011293199369,0.0,0.0,0.0,0.0,3.8101393182578125,3.8101393182578125,0.0
2022-09-05 04:00:00,0.0,0.0,0.0,0.0,0.0,15.107011293199369,0.0,0.0,0.0,15.107011293199369,0.0,0.0,0.0,0.0,3.9237440431826722,3.9237440431826722,0.0
2022-09-05 05:00:00,0.0,0.0,0.0,8.171766461472032,12.10579459423445,15.622104962671402,0.0,0.0,0.0,15.622104962671402,0.0,0.0,0.0,0.0,6.372001417677069,6.372001417677069,0.0
2022-09-05 06:00:00,0.0,0.0,0.0,8.171766461472032,2.175063564099873,19.064424357991378,0.0,0.0,0.0,19.064424357991378,0.0,0.0,0.0,0.0,5.537681162397314,5.537681162397314,0.0
2022-09-05 07:00:00,0.0,0.0,0.0,8.171766461472032,0.0,32.706898309561794,0.0,0.0,0.0,32.706898309561794,0.0,0.0,0.0,0.0,8.967904447498748,8.967904447498748,0.0
2022-09-05 08:00:00,0.0,0.0,1.7101745338966492,8.171766461472032,0.0,50.809362850079935,0.0,0.0,0.0,50.809362850079935,0.0,0.0,0.0,0.0,14.019319397594055,14.019319397594055,0.0
2022-09-05 09:00:00,0.0,0.0,9.062744230614557,8.171766461472032,0.0,58.16193254679784,0.0,0.0,0.0,58.16193254679784,0.0,0.0,0.0,0.0,15.669987866758275,15.669987866758275,0.0
2022-09-05 10:00:00,0.0,0.0,15.68657520394592,8.171766461472032,0.0,64.78576352012922,0.0,0.0,0.0,64.78576352012922,0.0,0.0,0.0,0.0,17.672908430656054,17.672908430656054,0.0
2022-09-05 11:00:00,0.0,0.0,19.608449951224017,8.171766461472032,0.0,68.70763826740732,0.0,0.0,0.0,68.70763826740732,0.0,0.0,0.0,0.0,19.190043368086865,19.190043368086865,0.0
2022-09-05 12:00:00,0.0,0.0,22.770749318658346,8.171766461472032,0.0,71.86993763484163,0.0,0.0,0.0,71.86993763484163,0.0,0.0,0.0,0.0,19.957562981819173,19.957562981819173,0.0
2022-09-05 13:00:00,0.0,0.0,24.793230732763593,8.171766461472032,0.0,73.8924190489469,0.0,0.0,0.0,73.8924190489469,0.0,0.0,0.0,0.0,20.731996012563034,20.731996012563034,0.0
2022-09-05 14:00:00,0.0,0.0,25.889823447523987,8.171766461472032,0.0,74.98901176370728,0.0,0.0,0.0,74.98901176370728,0.0,0.0,0.0,0.0,21.00592197524968,21.00592197524968,0.0
2022-09-05 15:00:00,0.0,0.0,24.259191802005162,8.171766461472032,0.0,73.35838011818846,0.0,0.0,0.0,73.35838011818846,0.0,0.0,0.0,0.0,20.741348394616605,20.741348394616605,0.0
2022-09-05 16:00:00,0.0,0.0,20.03182606683,8.171766461472032,0.0,69.13101438301328,0.0,0.0,0.0,69.13101438301328,0.0,0.0,0.0,0.0,19.596568647152775,19.596568647152775,0.0
2022-09-05 17:00:00,0.0,0.0,14.906584791832262,8.171766461472032,0.0,52.1609744185842,0.0,0.0,0.0,52.1609744185842,0.0,0.0,0.0,0.0,15.003061072017374,15.003061072017374,0.0
2022-09-05 18:00:00,0.0,0.0,9.610170191266723,8.171766461472032,0.0,56.43540080801867,0.0,0.0,0.0,56.43540080801867,0.0,0.0,0.0,0.0,16.32224662169516,16.32224662169516,0.0
2022-09-05 19:00:00,0.0,0.0,6.334048991798628,8.171766461472032,0.0,50.525956489360425,0.0,0.0,0.0,50.525956489360425,0.0,0.0,0.0,0.0,14.580275264134738,14.580275264134738,0.0
2022-09-05 20:00:00,0.0,0.0,0.0,0.0,0.0,22.37766708451935,0.0,0.0,0.0,22.37766708451935,0.0,0.0,0.0,0.0,6.3201245146808,6.3201245146808,0.0
2022-09-05 21:00:00,0.0,0.0,0.0,0.0,0.0,15.107011293199369,0.0,0.0,0.0,15.107011293199369,0.0,0.0,0.0,0.0,4.158506998678989,4.158506998678989,0.0
2022-09-05 22:00:00,0.0,0.0,0.0,0.0,0.0,15.107011293199369,0.0,0.0,0.0,15.107011293199369,0.0,0.0,0.0,0.0,3.9237440431826722,3.9237440431826722,0.0
2022-09-05 23:00:00,0.0,0.0,0.0,0.0,0.0,15.107011293199369,0.0,0.0,0.0,15.107011293199369,0.0,0.0,0.0,0.0,3.9560730473501184,3.9560730473501184,0.0
2022-09-06 00:00:00,0.0,0.0,0.0,0.0,0.0,15.107011293199369,0.0,0.0,0.0,15.107011293199369,0.0,0.0,0.0,0.0,3.947764191138859,3.947764191138859,0.0
2022-09-06 01:00:00,0.0,0.0,0.0,0.0,0.0,15.107011293199369,0.0,0.0,0.0,15.107011293199369,0.0,0.0,0.0,0.0,4.090072237520798,4.090072237520798,0.0
2022-09-06 02:00:00,0.0,0.0,0.0,0.0,0.0,15.107011293199369,0.0,0.0,0.0,15.107011293199369,0.0,0.0,0.0,0.0,4.076324857243985,4.076324857243985,0.0
2022-09-06 03:00:00,0.0,0.0,0.0,0.0,0.0,15.107011293199369,0.0,0.0,0.0,15.107011293199369,0.0,0.0,0.0,0.0,4.0847847835681765,4.0847847835681765,0.0
2022-09-06 04:00:00,0.0,0.0,0.0,0.0,0.0,15.107011293199369,0.0,0.0,0.0,15.107011293199369,0.0,0.0,0.0,0.0,4.175426851327373,4.175426851327373,0.0
2022-09-06 05:00:00,0.0,0.0,0.0,8.171766461472032,0.0,15.622104962671402,0.0,0.0,0.0,15.622104962671402,0.0,0.0,0.0,0.0,4.3899677155602905,4.3899677155602905,0.0
2022-09-06 06:00:00,0.0,0.0,0.0,8.171766461472032,0.0,19.064424357991378,0.0,0.0,0.0,19.064424357991378,0.0,0.0,0.0,0.0,5.4213503546820085,5.4213503546820085,0.0
2022-09-06 07:00:00,0.0,0.0,0.0,8.171766461472032,0.0,32.706898309561794,0.0,0.0,0.0,32.706898309561794,0.0,0.0,0.0,0.0,9.258995842453846,9.258995842453846,0.0
2022-09-06 08:00:00,0.0,0.0,3.6633319274040836,8.171766461472032,0.0,52.762520243587375,0.0,0.0,0.0,52.762520243587375,0.0,0.0,0.0,0.0,15.150757687946113,15.150757687946113,0.0
2022-09-06 09:00:00,0.0,0.0,11.792117050100243,8.171766461472032,0.0,60.89130536628354,0.0,0.0,0.0,60.89130536628354,0.0,0.0,0.0,0.0,17.50442355364553,17.50442355364553,0.0
2022-09-06 10:00:00,0.0,0.0,19.370434367470324,8.171766461472032,0.0,68.46962268365361,0.0,0.0,0.0,68.46962268365361,0.0,0.0,0.0,0.0,19.625447949815634,19.625447949815634,0.0
2022-09-06 11:00:00,0.0,0.0,22.603696973361373,8.171766461472032,0.0,71.70288528954465,0.0,0.0,0.0,71.70288528954465,0.0,0.0,0.0,0.0,20.462569403930253,20.462569403930253,0.0
2022-09-06 12:00:00,0.0,0.0,23.394474420021034,8.171766461472032,0.0,72.49366273620433,0.0,0.0,0.0,72.49366273620433,0.0,0.0,0.0,0.0,20.462061243921035,20.462061243921035,0.0
2022-09-06 13:00:00,0.0,0.0,23.638313937592518,8.171766461472032,0.0,72.73750225377582,0.0,0.0,0.0,72.73750225377582,0.0,0.0,0.0,0.0,20.487972259821035,20.487972259821035,0.0
2022-09-06 14:00:00,0.0,0.0,21.86580217598497,8.171766461472032,0.0,70.96499049216828,0.0,0.0,0.0,70.96499049216828,0.0,0.0,0.0,0.0,19.96316147535186,19.96316147535186,0.0
2022-09-06 15:00:00,0.0,0.0,20.312980850899592,8.171766461472032,0.0,69.41216916708288,0.0,0.0,0.0,69.41216916708288,0.0,0.0,0.0,0.0,19.536055012075476,19.536055012075476,0.0
2022-09-06 16:00:00,0.0,0.0,18.921069222245517,8.171766461472032,0.0,68.02025753842882,0.0,0.0,0.0,68.02025753842882,0.0,0.0,0.0,0.0,19.1742303975077,19.1742303975077,0.0
2022-09-06 17:00:00,0.0,0.0,15.732526807652656,8.171766461472032,0.0,52.98691643440459,0.0,0.0,0.0,52.98691643440459,0.0,0.0,0.0,0.0,15.002715519237316,15.002715519237316,0.0
2022-09-06 18:00:00,0.0,0.0,11.351254291560027,8.171766461472032,0.0,58.17648490831197,0.0,0.0,0.0,58.17648490831197,0.0,0.0,0.0,0.0,16.16666339117081,16.16666339117081,0.0
2022-09-06 19:00:00,0.0,0.0,7.469506632533411,8.171766461472032,0.0,51.661414130095196,0.0,0.0,0.0,51.661414130095196,0.0,0.0,0.0,0.0,14.091683932266065,14.091683932266065,0.0
2022-09-06 20:00:00,0.0,0.0,0.0,0.0,0.0,22.37766708451935,0.0,0.0,0.0,22.37766708451935,0.0,0.0,0.0,0.0,6.149159138155072,6.149159138155072,0.0
2022-09-06 21:00:00,0.0,0.0,0.0,0.0,0.0,15.107011293199369,0.0,0.0,0.0,15.107011293199369,0.0,0.0,0.0,0.0,3.9252547443119923,3.9252547443119923,0.0
2022-09-06 22:00:00,0.0,0.0,0.0,0.0,0.0,15.107011293199369,0.0,0.0,0.0,15.107011293199369,0.0,0.0,0.0,0.0,3.6033243336539136,3.6033243336539136,0.0
2022-09-06 23:00:00,0.0,0.0,0.0,0.0,0.0,15.107011293199369,0.0,0.0,0.0,15.107011293199369,0.0,0.0,0.0,0.0,3.508754442958485,3.508754442958485,0.0
2022-09-07 00:00:00,0.0,0.0,0.0,0.0,0.0,15.107011293199369,0.0,0.0,0.0,15.107011293199369,0.0,0.0,0.0,0.0,3.524314664590481,3.524314664590481,0.0
2022-09-07 01:00:00,0.0,0.0,0.0,0.0,0.0,15.107011293199369,0.0,0.0,0.0,15.107011293199369,0.0,0.0,0.0,0.0,3.49697097414979,3.49697097414979,0.0
2022-09-07 02:00:00,0.0,0.0,0.0,0.0,0.0,15.107011293199369,0.0,0.0,0.0,15.107011293199369,0.0,0.0,0.0,0.0,3.5335299414793324,3.5335299414793324,0.0
2022-09-07 03:00:00,0.0,0.0,0.0,0.0,0.0,15.107011293199369,0.0,0.0,0.0,15.107011293199369,0.0,0.0,0.0,0.0,3.426874441749345,3.426874441749345,0.0
2022-09-07 04:00:00,0.0,0.0,0.0,0.0,0.0,15.107011293199369,0.0,0.0,0.0,15.107011293199369,0.0,0.0,0.0,0.0,3.416299533844105,3.416299533844105,0.0
2022-09-07 05:00:00,0.0,0.0,0.0,8.171766461472032,0.0,15.622104962671402,0.0,0.0,0.0,15.622104962671402,0.0,0.0,0.0,0.0,3.691034739530372,3.691034739530372,0.0
2022-09-07 06:00:00,0.0,0.0,0.0,8.171766461472032,0.0,19.064424357991378,0.0,0.0,0.0,19.064424357991378,0.0,0.0,0.0,0.0,4.584040836879026,4.584040836879026,0.0
2022-09-07 07:00:00,0.0,0.0,0.0,8.171766461472032,0.0,32.706898309561794,0.0,0.0,0.0,32.706898309561794,0.0,0.0,0.0,0.0,7.9065655973534685,7.9065655973534685,0.0
2022-09-07 08:00:00,0.0,0.0,1.0424806573962044,8.171766461472032,0.0,50.14166897357949,0.0,0.0,0.0,50.14166897357949,0.0,0.0,0.0,0.0,12.212003478515285,12.212003478515285,0.0
2022-09-07 09:00:00,0.0,0.0,4.7891674446254235,8.171766461472032,0.0,53.88835576080872,0.0,0.0,0.0,53.88835576080872,0.0,0.0,0.0,0.0,12.983860437009252,12.983860437009252,0.0
2022-09-07 10:00:00,0.0,0.0,9.341831798104055,8.171766461472032,0.0,58.44102011428735,0.0,0.0,0.0,58.44102011428735,0.0,0.0,0.0,0.0,14.095974051566108,14.095974051566108,0.0
2022-09-07 11:00:00,0.0,0.0,11.389874853324601,8.171766461472032,0.0,60.48906316950789,0.0,0.0,0.0,60.48906316950789,0.0,0.0,0.0,0.0,14.406680175081693,14.406680175081693,0.0
2022-09-07 12:00:00,0.0,0.0,12.441572866097491,8.171766461472032,0.0,61.540761182280775,0.0,0.0,0.0,61.540761182280775,0.0,0.0,0.0,0.0,14.628854340639963,14.628854340639963,0.0
2022-09-07 13:00:00,0.0,0.0,12.9198921339427,8.171766461472032,0.0,62.019080450126,0.0,0.0,0.0,62.019080450126,0.0,0.0,0.0,0.0,14.684257678176333,14.684257678176333,0.0
2022-09-07 14:00:00,0.0,0.0,13.079905565352112,8.171766461472032,0.0,62.17909388153542,0.0,0.0,0.0,62.17909388153542,0.0,0.0,0.0,0.0,14.836553591073168,14.836553591073168,0.0
2022-09-07 15:00:00,0.0,0.0,11.558158431478013,8.171766461472032,0.0,60.657346747661315,0.0,0.0,0.0,60.657346747661315,0.0,0.0,0.0,0.0,14.797966312559454,14.797966312559454,0.0
2022-09-07 16:00:00,0.0,0.0,9.678030125281975,8.171766461472032,0.0,58.77721844146527,0.0,0.0,0.0,58.77721844146527,0.0,0.0,0.0,0.0,14.542071614602923,14.542071614602923,0.0
2022-09-07 17:00:00,0.0,0.0,7.31118408168133,8.171766461472032,0.0,44.56557370843327,0.0,0.0,0.0,44.56557370843327,0.0,0.0,0.0,0.0,11.238992033529787,11.238992033529787,0.0
2022-09-07 18:00:00,0.0,0.0,4.026765582366182,8.171766461472032,0.0,50.851996199118126,0.0,0.0,0.0,50.851996199118126,0.0,0.0,0.0,0.0,12.763342526016658,12.763342526016658,0.0
2022-09-07 19:00:00,0.0,0.0,2.2976395714999707,8.171766461472032,0.0,46.48954706906176,0.0,0.0,0.0,46.48954706906176,0.0,0.0,0.0,0.0,11.635868735915468,11.635868735915468,0.0
2022-09-07 20:00:00,0.0,0.0,0.0,0.0,0.0,22.37766708451935,0.0,0.0,0.0,22.37766708451935,0.0,0.0,0.0,0.0,5.6199273116061885,5.6199273116061885,0.0
2022-09-07 21:00:00,0.0,0.0,0.0,0.0,0.0,15.107011293199369,0.0,0.0,0.0,15.107011293199369,0.0,0.0,0.0,0.0,3.704692379431281,3.704692379431281,0.0
2022-09-07 22:00:00,0.0,0.0,0.0,0.0,0.0,15.107011293199369,0.0,0.0,0.0,15.107011293199369,0.0,0.0,0.0,0.0,3.7840041887205778,3.7840041887205778,0.0
2022-09-07 23:00:00,0.0,0.0,0.0,0.0,0.0,14.657592477664597,0.0,0.0,0.0,14.657592477664597,0.0,0.0,0.0,0.0,3.682426958163677,3.682426958163677,0.0
2022-09-08 00:00:00,0.0,0.0,0.0,0.0,0.0,14.657592477664597,0.0,0.0,0.0,14.657592477664597,0.0,0.0,0.0,0.0,3.527496205674762,3.527496205674762,0.0
2022-09-08 01:00:00,0.0,0.0,0.0,0.0,0.0,14.657592477664597,0.0,0.0,0.0,14.657592477664597,0.0,0.0,0.0,0.0,3.4990604762680926,3.4990604762680926,0.0
2022-09-08 02:00:00,0.0,0.0,0.0,0.0,0.0,14.657592477664597,0.0,0.0,0.0,14.657592477664597,0.0,0.0,0.0,0.0,3.4863083708125244,3.4863083708125244,0.0
2022-09-08 03:00:00,0.0,0.0,0.0,0.0,0.0,14.657592477664597,0.0,0.0,0.0,14.657592477664597,0.0,0.0,0.0,0.0,3.4750220246047228,3.4750220246047228,0.0
2022-09-08 04:00:00,0.0,0.0,0.0,0.0,0.0,14.657592477664597,0.0,0.0,0.0,14.657592477664597,0.0,0.0,0.0,0.0,3.4593384006536216,3.4593384006536216,0.0
2022-09-08 05:00:00,0.0,0.0,0.0,8.171766461472032,0.0,15.172686147136638,0.0,0.0,0.0,15.172686147136638,0.0,0.0,0.0,0.0,3.5822711993389604,3.5822711993389604,0.0
2022-09-08 06:00:00,0.0,0.0,0.0,8.171766461472032,0.0,14.516933040801234,0.0,0.0,0.0,14.516933040801234,0.0,0.0,0.0,0.0,3.4608368369270144,3.4608368369270144,0.0
2022-09-08 07:00:00,0.0,0.0,0.0,8.171766461472032,0.0,23.611915675181518,0.0,0.0,0.0,23.611915675181518,0.0,0.0,0.0,0.0,5.550216898608167,5.550216898608167,0.0
2022-09-08 08:00:00,0.0,0.0,0.0,8.171766461472032,0.0,37.25438962675194,0.0,0.0,0.0,37.25438962675194,0.0,0.0,0.0,0.0,8.750311035531496,8.750311035531496,0.0
2022-09-08 09:00:00,0.0,0.0,1.0611346034880262,8.171766461472032,0.0,50.16032291967132,0.0,0.0,0.0,50.16032291967132,0.0,0.0,0.0,0.0,11.849874686543153,11.849874686543153,0.0
2022-09-08 10:00:00,0.0,0.0,6.827762433685588,8.171766461472032,0.0,55.92695074986888,0.0,0.0,0.0,55.92695074986888,0.0,0.0,0.0,0.0,13.308936469946296,13.308936469946296,0.0
2022-09-08 11:00:00,0.0,0.0,10.787198123181863,8.171766461472032,0.0,59.88638643936516,0.0,0.0,0.0,59.88638643936516,0.0,0.0,0.0,0.0,14.422438446192313,14.422438446192313,0.0
2022-09-08 12:00:00,0.0,0.0,14.059126474725842,8.171766461472032,0.0,63.15831479090913,0.0,0.0,0.0,63.15831479090913,0.0,0.0,0.0,0.0,15.525576941901281,15.525576941901281,0.0
2022-09-08 13:00:00,0.0,0.0,17.032844400846,8.171766461472032,0.0,66.13203271702929,0.0,0.0,0.0,66.13203271702929,0.0,0.0,0.0,0.0,16.199702734363495,16.199702734363495,0.0
2022-09-08 14:00:00,0.0,0.0,18.74528679663181,8.171766461472032,0.0,67.8444751128151,0.0,0.0,0.0,67.8444751128151,0.0,0.0,0.0,0.0,16.70398821752621,16.70398821752621,0.0
2022-09-08 15:00:00,0.0,0.0,19.787502570888066,8.171766461472032,0.0,68.88669088707135,0.0,0.0,0.0,68.88669088707135,0.0,0.0,0.0,0.0,17.143141894156578,17.143141894156578,0.0
2022-09-08 16:00:00,0.0,0.0,17.71543944927158,8.171766461472032,0.0,66.81462776545489,0.0,0.0,0.0,66.81462776545489,0.0,0.0,0.0,0.0,16.651541531706666,16.651541531706666,0.0
2022-09-08 17:00:00,0.0,0.0,11.33465614988807,8.171766461472032,0.0,44.04155445944986,0.0,0.0,0.0,44.04155445944986,0.0,0.0,0.0,0.0,11.149119511409733,11.149119511409733,0.0
2022-09-08 18:00:00,0.0,0.0,6.154422407896866,8.171766461472032,0.0,39.33717907307839,0.0,0.0,0.0,39.33717907307839,0.0,0.0,0.0,0.0,9.955846651605409,9.955846651605409,0.0
2022-09-08 19:00:00,0.0,0.0,2.221970393765217,8.171766461472032,0.0,37.31889525694672,0.0,0.0,0.0,37.31889525694672,0.0,0.0,0.0,0.0,9.514825534711136,9.514825534711136,0.0
2022-09-08 20:00:00,0.0,0.0,0.021259537320754564,8.171766461472032,0.0,26.023201766121986,0.0,0.0,0.0,26.023201766121986,0.0,0.0,0.0,0.0,6.691866334158268,6.691866334158268,0.0
2022-09-08 21:00:00,0.0,0.0,0.0,0.0,0.0,14.657592477664597,0.0,0.0,0.0,14.657592477664597,0.0,0.0,0.0,0.0,3.6523788935844643,3.6523788935844643,0.0
2022-09-08 22:00:00,0.0,0.0,0.0,0.0,0.0,14.657592477664597,0.0,0.0,0.0,14.657592477664597,0.0,0.0,0.0,0.0,3.5714689831077555,3.5714689831077555,0.0
2022-09-08 23:00:00,0.0,0.0,0.0,0.0,0.0,14.657592477664597,0.0,0.0,0.0,14.657592477664597,0.0,0.0,0.0,0.0,3.6602939935224033,3.6602939935224033,0.0
2022-09-09 00:00:00,0.0,0.0,0.0,0.0,0.0,14.657592477664597,0.0,0.0,0.0,14.657592477664597,0.0,0.0,0.0,0.0,3.6016636236117447,3.6016636236117447,0.0
2022-09-09 01:00:00,0.0,0.0,0.0,0.0,0.0,14.657592477664597,0.0,0.0,0.0,14.657592477664597,0.0,0.0,0.0,0.0,3.6010773199126382,3.6010773199126382,0.0
2022-09-09 02:00:00,0.0,0.0,0.0,0.0,0.0,14.657592477664597,0.0,0.0,0.0,14.657592477664597,0.0,0.0,0.0,0.0,3.623796588253018,3.623796588253018,0.0
2022-09-09 03:00:00,0.0,0.0,0.0,0.0,0.0,14.657592477664597,0.0,0.0,0.0,14.657592477664597,0.0,0.0,0.0,0.0,3.6132431216690994,3.6132431216690994,0.0
2022-09-09 04:00:00,0.0,0.0,0.0,0.0,0.0,14.657592477664597,0.0,0.0,0.0,14.657592477664597,0.0,0.0,0.0,0.0,3.9146032230098835,3.9146032230098835,0.0
2022-09-09 05:00:00,0.0,0.0,0.0,0.0,0.0,7.000919685664599,0.0,0.0,0.0,7.000919685664599,0.0,0.0,0.0,0.0,1.9341440815585587,1.9341440815585587,0.0
2022-09-09 06:00:00,0.0,0.0,0.0,0.0,0.0,3.1725832896646002,0.0,0.0,0.0,3.1725832896646002,0.0,0.0,0.0,0.0,0.8779489737488849,0.8779489737488849,0.0
2022-09-09 07:00:00,0.0,0.0,0.0,8.171766461472032,0.05818698908420247,14.516933040801234,0.0,0.0,0.0,14.516933040801234,0.0,0.0,0.0,0.0,3.9487753561197385,3.9487753561197385,0.0
2022-09-09 08:00:00,0.0,0.0,0.0,8.171766461472032,0.0,14.516933040801234,0.0,0.0,0.0,14.516933040801234,0.0,0.0,0.0,0.0,3.8613590195227205,3.8613590195227205,0.0
2022-09-09 09:00:00,0.0,0.0,0.0,8.171766461472032,0.0,28.15940699237166,0.0,0.0,0.0,28.15940699237166,0.0,0.0,0.0,0.0,7.428451564587645,7.428451564587645,0.0
2022-09-09 10:00:00,0.0,0.0,0.8110513522928102,8.171766461472032,0.0,28.970458344664472,0.0,0.0,0.0,28.970458344664472,0.0,0.0,0.0,0.0,7.659789186329285,7.659789186329285,0.0
2022-09-09 11:00:00,0.0,0.0,7.210444500325419,8.171766461472032,0.0,44.46483412707735,0.0,0.0,0.0,44.46483412707735,0.0,0.0,0.0,0.0,11.75027706642146,11.75027706642146,0.0
2022-09-09 12:00:00,0.0,0.0,9.228307703620231,8.171766461472032,0.0,46.482697330372176,0.0,0.0,0.0,46.482697330372176,0.0,0.0,0.0,0.0,12.195665298569747,12.195665298569747,0.0
2022-09-09 13:00:00,0.0,0.0,11.138779135784668,8.171766461472032,0.0,48.393168762536604,0.0,0.0,0.0,48.393168762536604,0.0,0.0,0.0,0.0,12.787410913812673,12.787410913812673,0.0
2022-09-09 14:00:00,0.0,0.0,9.875377071738756,8.171766461472032,0.0,47.1297666984907,0.0,0.0,0.0,47.1297666984907,0.0,0.0,0.0,0.0,12.725508306259472,12.725508306259472,0.0
2022-09-09 15:00:00,0.0,0.0,9.462484487950984,8.171766461472032,0.0,46.716874114702925,0.0,0.0,0.0,46.716874114702925,0.0,0.0,0.0,0.0,12.692974696964784,12.692974696964784,0.0
2022-09-09 16:00:00,0.0,0.0,6.234733849014158,8.171766461472032,0.0,34.39414084138582,0.0,0.0,0.0,34.39414084138582,0.0,0.0,0.0,0.0,9.529928544331183,9.529928544331183,0.0
2022-09-09 17:00:00,0.0,0.0,1.3828463617297844,8.171766461472032,0.0,20.447270719721164,0.0,0.0,0.0,20.447270719721164,0.0,0.0,0.0,0.0,5.706015367045388,5.706015367045388,0.0
2022-09-09 18:00:00,0.0,0.0,0.0,0.0,0.0,14.657592477664597,0.0,0.0,0.0,14.657592477664597,0.0,0.0,0.0,0.0,4.076569619888077,4.076569619888077,0.0
2022-09-09 19:00:00,0.0,0.0,0.0,0.0,0.0,14.657592477664597,0.0,0.0,0.0,14.657592477664597,0.0,0.0,0.0,0.0,4.051651712676048,4.051651712676048,0.0
2022-09-09 20:00:00,0.0,0.0,0.0,0.0,0.0,14.657592477664597,0.0,0.0,0.0,14.657592477664597,0.0,0.0,0.0,0.0,4.035235209101064,4.035235209101064,0.0
2022-09-09 21:00:00,0.0,0.0,0.0,0.0,0.0,14.657592477664597,0.0,0.0,0.0,14.657592477664597,0.0,0.0,0.0,0.0,3.9255964173681326,3.9255964173681326,0.0
2022-09-09 22:00:00,0.0,0.0,0.0,0.0,0.0,14.657592477664597,0.0,0.0,0.0,14.657592477664597,0.0,0.0,0.0,0.0,3.8597838271434184,3.8597838271434184,0.0
2022-09-09 23:00:00,0.0,0.0,0.0,0.0,0.0,15.107011293199369,0.0,0.0,0.0,15.107011293199369,0.0,0.0,0.0,0.0,3.9707268483045217,3.9707268483045217,0.0
2022-09-10 00:00:00,0.0,0.0,0.0,0.0,0.0,15.107011293199369,0.0,0.0,0.0,15.107011293199369,0.0,0.0,0.0,0.0,3.946102419896607,3.946102419896607,0.0
2022-09-10 01:00:00,0.0,0.0,0.0,0.0,0.0,15.107011293199369,0.0,0.0,0.0,15.107011293199369,0.0,0.0,0.0,0.0,3.9238951132956044,3.9238951132956044,0.0
2022-09-10 02:00:00,0.0,0.0,0.0,0.0,0.0,15.107011293199369,0.0,0.0,0.0,15.107011293199369,0.0,0.0,0.0,0.0,3.9734461103372976,3.9734461103372976,0.0
2022-09-10 03:00:00,0.0,0.0,0.0,0.0,0.0,15.107011293199369,0.0,0.0,0.0,15.107011293199369,0.0,0.0,0.0,0.0,3.9645329736743102,3.9645329736743102,0.0
2022-09-10 04:00:00,0.0,0.0,0.0,0.0,0.0,15.107011293199369,0.0,0.0,0.0,15.107011293199369,0.0,0.0,0.0,0.0,4.0752673664534615,4.0752673664534615,0.0
2022-09-10 05:00:00,0.0,0.0,0.0,8.171766461472032,39.45506500622205,17.536273160671403,0.0,0.0,0.0,17.536273160671403,0.0,0.0,0.0,0.0,12.083676282777962,12.083676282777962,0.0
2022-09-10 06:00:00,0.0,0.0,0.0,8.171766461472032,16.235670866193068,19.064424357991378,0.0,0.0,0.0,19.064424357991378,0.0,0.0,0.0,0.0,8.283964748131961,8.283964748131961,0.0
2022-09-10 07:00:00,0.0,0.0,0.0,8.171766461472032,0.0,32.706898309561794,0.0,0.0,0.0,32.706898309561794,0.0,0.0,0.0,0.0,9.175920320747561,9.175920320747561,0.0
2022-09-10 08:00:00,0.0,0.0,0.05823183131782263,8.171766461472032,0.0,49.157420147501114,0.0,0.0,0.0,49.157420147501114,0.0,0.0,0.0,0.0,13.990201773978818,13.990201773978818,0.0
2022-09-10 09:00:00,0.0,0.0,3.3944699559336695,8.171766461472032,0.0,52.49365827211696,0.0,0.0,0.0,52.49365827211696,0.0,0.0,0.0,0.0,14.944419573488977,14.944419573488977,0.0
2022-09-10 10:00:00,0.0,0.0,8.935288298887057,8.171766461472032,0.0,58.03447661507037,0.0,0.0,0.0,58.03447661507037,0.0,0.0,0.0,0.0,16.637904100774524,16.637904100774524,0.0
2022-09-10 11:00:00,0.0,0.0,12.421368073932175,8.171766461472032,0.0,61.52055639011547,0.0,0.0,0.0,61.52055639011547,0.0,0.0,0.0,0.0,17.922783693132338,17.922783693132338,0.0
2022-09-10 12:00:00,0.0,0.0,15.537129505818935,8.171766461472032,0.0,64.63631782200224,0.0,0.0,0.0,64.63631782200224,0.0,0.0,0.0,0.0,18.793009406747153,18.793009406747153,0.0
2022-09-10 13:00:00,0.0,0.0,14.951235895321892,8.171766461472032,0.0,64.05042421150517,0.0,0.0,0.0,64.05042421150517,0.0,0.0,0.0,0.0,18.404248892933897,18.404248892933897,0.0
2022-09-10 14:00:00,0.0,0.0,13.034441261589112,8.171766461472032,0.0,62.1336295777724,0.0,0.0,0.0,62.1336295777724,0.0,0.0,0.0,0.0,17.73480189038358,17.73480189038358,0.0
2022-09-10 15:00:00,0.0,0.0,10.521543900158031,8.171766461472032,0.0,59.62073221634131,0.0,0.0,0.0,59.62073221634131,0.0,0.0,0.0,0.0,17.09445634106938,17.09445634106938,0.0
2022-09-10 16:00:00,0.0,0.0,7.617066254267169,8.171766461472032,0.0,56.71625457045047,0.0,0.0,0.0,56.71625457045047,0.0,0.0,0.0,0.0,16.011565827783873,16.011565827783873,0.0
2022-09-10 17:00:00,0.0,0.0,5.063525601310844,8.171766461472032,0.0,42.31791522806279,0.0,0.0,0.0,42.31791522806279,0.0,0.0,0.0,0.0,11.883716954344592,11.883716954344592,0.0
2022-09-10 18:00:00,0.0,0.0,2.7344875824395647,8.171766461472032,0.0,51.47388639719151,0.0,0.0,0.0,51.47388639719151,0.0,0.0,0.0,0.0,14.413202930077594,14.413202930077594,0.0
2022-09-10 19:00:00,0.0,0.0,1.6014525302406735,8.171766461472032,0.0,45.79336002780248,0.0,0.0,0.0,45.79336002780248,0.0,0.0,0.0,0.0,12.68384486050073,12.68384486050073,0.0
2022-09-10 20:00:00,0.0,0.0,0.0,0.0,0.0,22.37766708451935,0.0,0.0,0.0,22.37766708451935,0.0,0.0,0.0,0.0,6.145354934750705,6.145354934750705,0.0
2022-09-10 21:00:00,0.0,0.0,0.0,0.0,0.0,15.107011293199369,0.0,0.0,0.0,15.107011293199369,0.0,0.0,0.0,0.0,4.019220354555692,4.019220354555692,0.0
2022-09-10 22:00:00,0.0,0.0,0.0,0.0,0.0,15.107011293199369,0.0,0.0,0.0,15.107011293199369,0.0,0.0,0.0,0.0,3.8683013117366305,3.8683013117366305,0.0
2022-09-10 23:00:00,0.0,0.0,0.0,0.0,0.0,15.107011293199369,0.0,0.0,0.0,15.107011293199369,0.0,0.0,0.0,0.0,3.9386999843629393,3.9386999843629393,0.0
2022-09-11 00:00:00,0.0,0.0,0.0,0.0,0.0,15.107011293199369,0.0,0.0,0.0,15.107011293199369,0.0,0.0,0.0,0.0,3.9958044870512333,3.9958044870512333,0.0
2022-09-11 01:00:00,0.0,0.0,0.0,0.0,0.0,15.107011293199369,0.0,0.0,0.0,15.107011293199369,0.0,0.0,0.0,0.0,3.9952002065995047,3.9952002065995047,0.0
2022-09-11 02:00:00,0.0,0.0,0.0,0.0,0.0,15.107011293199369,0.0,0.0,0.0,15.107011293199369,0.0,0.0,0.0,0.0,4.0032069225849005,4.0032069225849005,0.0
2022-09-11 03:00:00,0.0,0.0,0.0,0.0,0.0,15.107011293199369,0.0,0.0,0.0,15.107011293199369,0.0,0.0,0.0,0.0,4.044902273754131,4.044902273754131,0.0
2022-09-11 04:00:00,0.0,0.0,0.0,0.0,0.0,15.107011293199369,0.0,0.0,0.0,15.107011293199369,0.0,0.0,0.0,0.0,4.313656004660148,4.313656004660148,0.0
2022-09-11 05:00:00,0.0,0.0,0.0,8.171766461472032,18.05284516780786,17.536273160671403,0.0,0.0,0.0,17.536273160671403,0.0,0.0,0.0,0.0,8.474653385730594,8.474653385730594,0.0
2022-09-11 06:00:00,0.0,0.0,0.0,8.171766461472032,7.6767119549161364,19.064424357991378,0.0,0.0,0.0,19.064424357991378,0.0,0.0,0.0,0.0,7.181783700476091,7.181783700476091,0.0
2022-09-11 07:00:00,0.0,0.0,0.0,8.171766461472032,0.0,32.706898309561794,0.0,0.0,0.0,32.706898309561794,0.0,0.0,0.0,0.0,9.944859500005359,9.944859500005359,0.0
2022-09-11 08:00:00,0.0,0.0,0.10158566120813213,8.171766461472032,0.0,49.20077397739143,0.0,0.0,0.0,49.20077397739143,0.0,0.0,0.0,0.0,15.012140155981673,15.012140155981673,0.0
2022-09-11 09:00:00,0.0,0.0,3.5596090301138736,8.171766461472032,0.0,52.65879734629717,0.0,0.0,0.0,52.65879734629717,0.0,0.0,0.0,0.0,16.078310593744913,16.078310593744913,0.0
2022-09-11 10:00:00,0.0,0.0,8.35040491384511,8.171766461472032,0.0,57.449593230028405,0.0,0.0,0.0,57.449593230028405,0.0,0.0,0.0,0.0,17.46869781345474,17.46869781345474,0.0
2022-09-11 11:00:00,0.0,0.0,11.821138241794351,8.171766461472032,0.0,60.920326557977646,0.0,0.0,0.0,60.920326557977646,0.0,0.0,0.0,0.0,18.137199622841106,18.137199622841106,0.0
2022-09-11 12:00:00,0.0,0.0,15.849129722278082,8.171766461472032,0.0,64.94831803846138,0.0,0.0,0.0,64.94831803846138,0.0,0.0,0.0,0.0,19.2487330170588,19.2487330170588,0.0
2022-09-11 13:00:00,0.0,0.0,18.236818062671382,8.171766461472032,0.0,67.33600637885469,0.0,0.0,0.0,67.33600637885469,0.0,0.0,0.0,0.0,20.010914375668037,20.010914375668037,0.0
2022-09-11 14:00:00,0.0,0.0,20.18254402438894,8.171766461472032,0.0,69.28173234057223,0.0,0.0,0.0,69.28173234057223,0.0,0.0,0.0,0.0,20.430490049911345,20.430490049911345,0.0
2022-09-11 15:00:00,0.0,0.0,19.60428561354133,8.171766461472032,0.0,68.70347392972461,0.0,0.0,0.0,68.70347392972461,0.0,0.0,0.0,0.0,20.426229834046424,20.426229834046424,0.0
2022-09-11 16:00:00,0.0,0.0,16.480519756736136,8.171766461472032,0.0,65.57970807291942,0.0,0.0,0.0,65.57970807291942,0.0,0.0,0.0,0.0,19.7788399547925,19.7788399547925,0.0
2022-09-11 17:00:00,0.0,0.0,12.096151470355307,8.171766461472032,0.0,49.35054109710725,0.0,0.0,0.0,49.35054109710725,0.0,0.0,0.0,0.0,15.035629356055665,15.035629356055665,0.0
2022-09-11 18:00:00,0.0,0.0,8.65299223027115,8.171766461472032,0.0,57.3923910450231,0.0,0.0,0.0,57.3923910450231,0.0,0.0,0.0,0.0,17.41285144306001,17.41285144306001,0.0
2022-09-11 19:00:00,0.0,0.0,4.344642473802054,8.171766461472032,0.0,48.53654997136385,0.0,0.0,0.0,48.53654997136385,0.0,0.0,0.0,0.0,14.895867186211563,14.895867186211563,0.0
2022-09-11 20:00:00,0.0,0.0,0.0,0.0,0.0,22.37766708451935,0.0,0.0,0.0,22.37766708451935,0.0,0.0,0.0,0.0,6.899929868840695,6.899929868840695,0.0
2022-09-11 21:00:00,0.0,0.0,0.0,0.0,0.0,15.107011293199369,0.0,0.0,0.0,15.107011293199369,0.0,0.0,0.0,0.0,4.667613279259809,4.667613279259809,0.0
2022-09-11 22:00:00,0.0,0.0,0.0,0.0,0.0,15.107011293199369,0.0,0.0,0.0,15.107011293199369,0.0,0.0,0.0,0.0,4.519715638699387,4.519715638699387,0.0
2022-09-11 23:00:00,0.0,0.0,0.0,0.0,0.0,15.107011293199369,0.0,0.0,0.0,15.107011293199369,0.0,0.0,0.0,0.0,4.464272907253346,4.464272907253346,0.0
2022-09-12 00:00:00,0.0,0.0,0.0,0.0,0.0,15.107011293199369,0.0,0.0,0.0,15.107011293199369,0.0,0.0,0.0,0.0,4.401427740273636,4.401427740273636,0.0
2022-09-12 01:00:00,0.0,0.0,0.0,0.0,0.0,15.107011293199369,0.0,0.0,0.0,15.107011293199369,0.0,0.0,0.0,0.0,4.40021917937018,4.40021917937018,0.0
2022-09-12 02:00:00,0.0,0.0,0.0,0.0,0.0,15.107011293199369,0.0,0.0,0.0,15.107011293199369,0.0,0.0,0.0,0.0,4.384810027851117,4.384810027851117,0.0
2022-09-12 03:00:00,0.0,0.0,0.0,0.0,0.0,15.107011293199369,0.0,0.0,0.0,15.107011293199369,0.0,0.0,0.0,0.0,4.366077333847549,4.366077333847549,0.0
2022-09-12 04:00:00,0.0,0.0,0.0,0.0,0.0,15.107011293199369,0.0,0.0,0.0,15.107011293199369,0.0,0.0,0.0,0.0,4.421671135406523,4.421671135406523,0.0
2022-09-12 05:00:00,0.0,0.0,0.0,8.171766461472032,5.263994746705463,17.536273160671403,0.0,0.0,0.0,17.536273160671403,0.0,0.0,0.0,0.0,6.2840723568408245,6.2840723568408245,0.0
2022-09-12 06:00:00,0.0,0.0,0.0,8.171766461472032,3.505317480407271,19.064424357991378,0.0,0.0,0.0,19.064424357991378,0.0,0.0,0.0,0.0,6.50297656621656,6.50297656621656,0.0
2022-09-12 07:00:00,0.0,0.0,0.0,8.171766461472032,0.0,32.706898309561794,0.0,0.0,0.0,32.706898309561794,0.0,0.0,0.0,0.0,10.12998054443748,10.12998054443748,0.0
2022-09-12 08:00:00,0.0,0.0,0.021504236813860513,8.171766461472032,0.0,49.120692552997156,0.0,0.0,0.0,49.120692552997156,0.0,0.0,0.0,0.0,15.240677278418428,15.240677278418428,0.0
2022-09-12 09:00:00,0.0,0.0,1.984021412433633,8.171766461472032,0.0,51.08320972861692,0.0,0.0,0.0,51.08320972861692,0.0,0.0,0.0,0.0,15.724944450760146,15.724944450760146,0.0
2022-09-12 10:00:00,0.0,0.0,7.597698753402247,8.171766461472032,0.0,56.696887069585536,0.0,0.0,0.0,56.696887069585536,0.0,0.0,0.0,0.0,17.468877875009998,17.468877875009998,0.0
2022-09-12 11:00:00,0.0,0.0,11.924270721438102,8.171766461472032,0.0,61.02345903762139,0.0,0.0,0.0,61.02345903762139,0.0,0.0,0.0,0.0,18.69880831830795,18.69880831830795,0.0
2022-09-12 12:00:00,0.0,0.0,12.694384480421673,8.171766461472032,0.0,61.79357279660497,0.0,0.0,0.0,61.79357279660497,0.0,0.0,0.0,0.0,18.8637239676196,18.8637239676196,0.0
2022-09-12 13:00:00,0.0,0.0,13.297993345912202,8.171766461472032,0.0,62.397181662095505,0.0,0.0,0.0,62.397181662095505,0.0,0.0,0.0,0.0,18.927561085380052,18.927561085380052,0.0
2022-09-12 14:00:00,0.0,0.0,15.133775810295353,8.171766461472032,0.0,64.23296412647865,0.0,0.0,0.0,64.23296412647865,0.0,0.0,0.0,0.0,19.426617670412202,19.426617670412202,0.0
2022-09-12 15:00:00,0.0,0.0,13.520902616636663,8.171766461472032,0.0,62.62009093281996,0.0,0.0,0.0,62.62009093281996,0.0,0.0,0.0,0.0,19.044022054489208,19.044022054489208,0.0
2022-09-12 16:00:00,0.0,0.0,9.868067024202244,8.171766461472032,0.0,58.967255340385535,0.0,0.0,0.0,58.967255340385535,0.0,0.0,0.0,0.0,18.043980134157973,18.043980134157973,0.0
2022-09-12 17:00:00,0.0,0.0,5.080080237430293,8.171766461472032,0.0,42.33446986418223,0.0,0.0,0.0,42.33446986418223,0.0,0.0,0.0,0.0,12.991178767221603,12.991178767221603,0.0
2022-09-12 18:00:00,0.0,0.0,1.132570437915836,8.171766461472032,0.0,49.871969252667775,0.0,0.0,0.0,49.871969252667775,0.0,0.0,0.0,0.0,15.170055607276485,15.170055607276485,0.0
2022-09-12 19:00:00,0.0,0.0,0.05653931351966284,8.171766461472032,0.0,44.24844681108146,0.0,0.0,0.0,44.24844681108146,0.0,0.0,0.0,0.0,13.34090671354106,13.34090671354106,0.0
2022-09-12 20:00:00,0.0,0.0,0.0,0.0,0.0,22.37766708451935,0.0,0.0,0.0,22.37766708451935,0.0,0.0,0.0,0.0,6.45841849726313,6.45841849726313,0.0
2022-09-12 21:00:00,0.0,0.0,0.0,0.0,0.0,15.107011293199369,0.0,0.0,0.0,15.107011293199369,0.0,0.0,0.0,0.0,4.3181881080481075,4.3181881080481075,0.0
2022-09-12 22:00:00,0.0,0.0,0.0,0.0,0.0,15.107011293199369,0.0,0.0,0.0,15.107011293199369,0.0,0.0,0.0,0.0,4.119833049768399,4.119833049768399,0.0
2022-09-12 23:00:00,0.0,0.0,0.0,0.0,0.0,15.107011293199369,0.0,0.0,0.0,15.107011293199369,0.0,0.0,0.0,0.0,3.9787335642899175,3.9787335642899175,0.0
2022-09-13 00:00:00,0.0,0.0,0.0,0.0,0.0,15.107011293199369,0.0,0.0,0.0,15.107011293199369,0.0,0.0,0.0,0.0,4.03417629573596,4.03417629573596,0.0
2022-09-13 01:00:00,0.0,0.0,0.0,0.0,0.0,15.107011293199369,0.0,0.0,0.0,15.107011293199369,0.0,0.0,0.0,0.0,4.009551867328045,4.009551867328045,0.0
2022-09-13 02:00:00,0.0,0.0,0.0,0.0,0.0,15.107011293199369,0.0,0.0,0.0,15.107011293199369,0.0,0.0,0.0,0.0,3.997617328406417,3.997617328406417,0.0
2022-09-13 03:00:00,0.0,0.0,0.0,0.0,0.0,15.107011293199369,0.0,0.0,0.0,15.107011293199369,0.0,0.0,0.0,0.0,4.012422199473752,4.012422199473752,0.0
2022-09-13 04:00:00,0.0,0.0,0.0,0.0,0.0,15.107011293199369,0.0,0.0,0.0,15.107011293199369,0.0,0.0,0.0,0.0,3.987646700952905,3.987646700952905,0.0
2022-09-13 05:00:00,0.0,0.0,0.0,8.171766461472032,63.95840880062821,17.536273160671403,0.0,0.0,0.0,17.536273160671403,0.0,0.0,0.0,0.0,16.217738913321313,16.217738913321313,0.0
2022-09-13 06:00:00,0.0,0.0,0.0,8.171766461472032,38.46688877038809,19.064424357991378,0.0,0.0,0.0,19.064424357991378,0.0,0.0,0.0,0.0,12.107499149119134,12.107499149119134,0.0
2022-09-13 07:00:00,0.0,0.0,0.0,8.171766461472032,7.459290082133416,32.706898309561794,0.0,0.0,0.0,32.706898309561794,0.0,0.0,0.0,0.0,10.21610271070016,10.21610271070016,0.0
2022-09-13 08:00:00,0.0,0.0,0.0,8.171766461472032,0.0,49.09918831618329,0.0,0.0,0.0,49.09918831618329,0.0,0.0,0.0,0.0,13.27642052069596,13.27642052069596,0.0
2022-09-13 09:00:00,0.0,0.0,0.0,8.171766461472032,0.0,49.09918831618329,0.0,0.0,0.0,49.09918831618329,0.0,0.0,0.0,0.0,13.235668194393527,13.235668194393527,0.0
2022-09-13 10:00:00,0.0,0.0,0.0,8.171766461472032,0.0,49.09918831618329,0.0,0.0,0.0,49.09918831618329,0.0,0.0,0.0,0.0,13.346141368104941,13.346141368104941,0.0
2022-09-13 11:00:00,0.0,0.0,0.0,8.171766461472032,0.0,49.09918831618329,0.0,0.0,0.0,49.09918831618329,0.0,0.0,0.0,0.0,13.414389239864434,13.414389239864434,0.0
2022-09-13 12:00:00,0.0,0.0,0.0,8.171766461472032,0.0,49.09918831618329,0.0,0.0,0.0,49.09918831618329,0.0,0.0,0.0,0.0,13.391312621355828,13.391312621355828,0.0
2022-09-13 13:00:00,0.0,0.0,1.4631652730040765,8.171766461472032,0.0,50.562353589187374,0.0,0.0,0.0,50.562353589187374,0.0,0.0,0.0,0.0,13.740319587861668,13.740319587861668,0.0
2022-09-13 14:00:00,0.0,0.0,4.268847815406384,8.171766461472032,0.0,53.368036131589655,0.0,0.0,0.0,53.368036131589655,0.0,0.0,0.0,0.0,14.555598174529761,14.555598174529761,0.0
2022-09-13 15:00:00,0.0,0.0,3.826119970527482,8.171766461472032,0.0,52.92530828671078,0.0,0.0,0.0,52.92530828671078,0.0,0.0,0.0,0.0,14.56292782817134,14.56292782817134,0.0
2022-09-13 16:00:00,0.0,0.0,3.3417486551566715,8.171766461472032,0.0,52.44093697133997,0.0,0.0,0.0,52.44093697133997,0.0,0.0,0.0,0.0,13.970790018534684,13.970790018534684,0.0
2022-09-13 17:00:00,0.0,0.0,1.6023756492201822,8.171766461472032,0.0,38.85676527597212,0.0,0.0,0.0,38.85676527597212,0.0,0.0,0.0,0.0,10.471898241874488,10.471898241874488,0.0
2022-09-13 18:00:00,0.0,0.0,0.04749180587766823,8.171766461472032,0.0,48.786890620629606,0.0,0.0,0.0,48.786890620629606,0.0,0.0,0.0,0.0,13.050981109924624,13.050981109924624,0.0
2022-09-13 19:00:00,0.0,0.0,0.0,8.171766461472032,0.0,44.191907497561786,0.0,0.0,0.0,44.191907497561786,0.0,0.0,0.0,0.0,11.930489267116757,11.930489267116757,0.0
2022-09-13 20:00:00,0.0,0.0,0.0,0.0,0.0,22.37766708451935,0.0,0.0,0.0,22.37766708451935,0.0,0.0,0.0,0.0,5.861829892789844,5.861829892789844,0.0
2022-09-13 21:00:00,0.0,0.0,0.0,0.0,0.0,15.107011293199369,0.0,0.0,0.0,15.107011293199369,0.0,0.0,0.0,0.0,3.7846084691723063,3.7846084691723063,0.0
2022-09-13 22:00:00,0.0,0.0,0.0,0.0,0.0,15.107011293199369,0.0,0.0,0.0,15.107011293199369,0.0,0.0,0.0,0.0,3.666471640859487,3.666471640859487,0.0
2022-09-13 23:00:00,0.0,0.0,0.0,0.0,0.0,15.107011293199369,0.0,0.0,0.0,15.107011293199369,0.0,0.0,0.0,0.0,3.6206973966410927,3.6206973966410927,0.0
2022-09-14 00:00:00,0.0,0.0,0.0,0.0,0.0,15.107011293199369,0.0,0.0,0.0,15.107011293199369,0.0,0.0,0.0,0.0,3.5759806432132226,3.5759806432132226,0.0
2022-09-14 01:00:00,0.0,0.0,0.0,0.0,0.0,15.107011293199369,0.0,0.0,0.0,15.107011293199369,0.0,0.0,0.0,0.0,3.575678502987359,3.575678502987359,0.0
2022-09-14 02:00:00,0.0,0.0,0.0,0.0,0.0,15.107011293199369,0.0,0.0,0.0,15.107011293199369,0.0,0.0,0.0,0.0,3.5607225618070912,3.5607225618070912,0.0
2022-09-14 03:00:00,0.0,0.0,0.0,0.0,0.0,15.107011293199369,0.0,0.0,0.0,15.107011293199369,0.0,0.0,0.0,0.0,3.53564492306038,3.53564492306038,0.0
2022-09-14 04:00:00,0.0,0.0,0.0,0.0,0.0,15.107011293199369,0.0,0.0,0.0,15.107011293199369,0.0,0.0,0.0,0.0,3.5561904584191315,3.5561904584191315,0.0
2022-09-14 05:00:00,0.0,0.0,0.0,8.171766461472032,70.42667308790384,17.536273160671403,0.0,0.0,0.0,17.536273160671403,0.0,0.0,0.0,0.0,16.84048173619197,16.84048173619197,0.0
2022-09-14 06:00:00,0.0,0.0,0.0,8.171766461472032,43.928086411087584,19.064424357991378,0.0,0.0,0.0,19.064424357991378,0.0,0.0,0.0,0.0,12.448128300788252,12.448128300788252,0.0
2022-09-14 07:00:00,0.0,0.0,0.0,8.171766461472032,8.604601494771257,32.706898309561794,0.0,0.0,0.0,32.706898309561794,0.0,0.0,0.0,0.0,9.560489734380374,9.560489734380374,0.0
2022-09-14 08:00:00,0.0,0.0,0.0,8.171766461472032,0.0,49.09918831618329,0.0,0.0,0.0,49.09918831618329,0.0,0.0,0.0,0.0,12.309166510867149,12.309166510867149,0.0
2022-09-14 09:00:00,0.0,0.0,0.13676913091863316,8.171766461472032,0.0,49.23595744710193,0.0,0.0,0.0,49.23595744710193,0.0,0.0,0.0,0.0,12.561569823479115,12.561569823479115,0.0
2022-09-14 10:00:00,0.0,0.0,3.9708281033903967,8.171766461472032,0.0,53.07001641957369,0.0,0.0,0.0,53.07001641957369,0.0,0.0,0.0,0.0,13.84172168255321,13.84172168255321,0.0
2022-09-14 11:00:00,0.0,0.0,7.703688748334415,8.171766461472032,0.0,56.802877064517716,0.0,0.0,0.0,56.802877064517716,0.0,0.0,0.0,0.0,15.028337184959451,15.028337184959451,0.0
2022-09-14 12:00:00,0.0,0.0,9.99755730798825,8.171766461472032,0.0,59.09674562417153,0.0,0.0,0.0,59.09674562417153,0.0,0.0,0.0,0.0,16.012263226869276,16.012263226869276,0.0
2022-09-14 13:00:00,0.0,0.0,11.893897056645644,8.171766461472032,0.0,60.99308537282892,0.0,0.0,0.0,60.99308537282892,0.0,0.0,0.0,0.0,16.276614762593127,16.276614762593127,0.0
2022-09-14 14:00:00,0.0,0.0,13.248359781249304,8.171766461472032,0.0,62.347548097432586,0.0,0.0,0.0,62.347548097432586,0.0,0.0,0.0,0.0,16.757150502146956,16.757150502146956,0.0
2022-09-14 15:00:00,0.0,0.0,12.694760034777195,8.171766461472032,0.0,61.79394835096048,0.0,0.0,0.0,61.79394835096048,0.0,0.0,0.0,0.0,16.824638317516005,16.824638317516005,0.0
2022-09-14 16:00:00,0.0,0.0,9.882207363957018,8.171766461472032,0.0,58.98139568014031,0.0,0.0,0.0,58.98139568014031,0.0,0.0,0.0,0.0,16.068301625140624,16.068301625140624,0.0
2022-09-14 17:00:00,0.0,0.0,6.3477575936741415,8.171766461472032,0.0,43.60214722042608,0.0,0.0,0.0,43.60214722042608,0.0,0.0,0.0,0.0,12.100031875140441,12.100031875140441,0.0
2022-09-14 18:00:00,0.0,0.0,3.0257505002502554,8.171766461472032,0.0,51.7651493150022,0.0,0.0,0.0,51.7651493150022,0.0,0.0,0.0,0.0,14.313581437091257,14.313581437091257,0.0
2022-09-14 19:00:00,0.0,0.0,1.3341728000762854,8.171766461472032,0.0,45.52608029763808,0.0,0.0,0.0,45.52608029763808,0.0,0.0,0.0,0.0,12.907099025183372,12.907099025183372,0.0
2022-09-14 20:00:00,0.0,0.0,0.0,0.0,0.0,22.37766708451935,0.0,0.0,0.0,22.37766708451935,0.0,0.0,0.0,0.0,6.513243781620202,6.513243781620202,0.0
2022-09-14 21:00:00,0.0,0.0,0.0,0.0,0.0,15.107011293199369,0.0,0.0,0.0,15.107011293199369,0.0,0.0,0.0,0.0,4.331482277986123,4.331482277986123,0.0
2022-09-14 22:00:00,0.0,0.0,0.0,0.0,0.0,15.107011293199369,0.0,0.0,0.0,15.107011293199369,0.0,0.0,0.0,0.0,4.048074746125702,4.048074746125702,0.0
2022-09-14 23:00:00,0.0,0.0,0.0,0.0,0.0,14.657592477664597,0.0,0.0,0.0,14.657592477664597,0.0,0.0,0.0,0.0,3.900531934231326,3.900531934231326,0.0
2022-09-15 00:00:00,0.0,0.0,0.0,0.0,0.0,14.657592477664597,0.0,0.0,0.0,14.657592477664597,0.0,0.0,0.0,0.0,3.752929977981244,3.752929977981244,0.0
2022-09-15 01:00:00,0.0,0.0,0.0,0.0,0.0,14.657592477664597,0.0,0.0,0.0,14.657592477664597,0.0,0.0,0.0,0.0,3.7842972258834457,3.7842972258834457,0.0
2022-09-15 02:00:00,0.0,0.0,0.0,0.0,0.0,14.657592477664597,0.0,0.0,0.0,14.657592477664597,0.0,0.0,0.0,0.0,3.7769684296446138,3.7769684296446138,0.0
2022-09-15 03:00:00,0.0,0.0,0.0,0.0,0.0,14.657592477664597,0.0,0.0,0.0,14.657592477664597,0.0,0.0,0.0,0.0,3.782391738861349,3.782391738861349,0.0
2022-09-15 04:00:00,0.0,0.0,0.0,0.0,0.0,14.657592477664597,0.0,0.0,0.0,14.657592477664597,0.0,0.0,0.0,0.0,3.774330062998634,3.774330062998634,0.0
2022-09-15 05:00:00,0.0,0.0,0.0,8.171766461472032,0.0,17.086854345136636,0.0,0.0,0.0,17.086854345136636,0.0,0.0,0.0,0.0,4.43438043964986,4.43438043964986,0.0
2022-09-15 06:00:00,0.0,0.0,0.0,8.171766461472032,0.0,14.516933040801234,0.0,0.0,0.0,14.516933040801234,0.0,0.0,0.0,0.0,3.7202544303661322,3.7202544303661322,0.0
2022-09-15 07:00:00,0.0,0.0,0.0,8.171766461472032,0.0,23.611915675181518,0.0,0.0,0.0,23.611915675181518,0.0,0.0,0.0,0.0,6.006162990295922,6.006162990295922,0.0
2022-09-15 08:00:00,0.0,0.0,0.11413231230655306,8.171766461472032,0.0,37.36852193905849,0.0,0.0,0.0,37.36852193905849,0.0,0.0,0.0,0.0,9.32793044642778,9.32793044642778,0.0
2022-09-15 09:00:00,0.0,0.0,5.554910174860002,8.171766461472032,0.0,54.6540984910433,0.0,0.0,0.0,54.6540984910433,0.0,0.0,0.0,0.0,13.489724589559307,13.489724589559307,0.0
2022-09-15 10:00:00,0.0,0.0,11.711710847022262,8.171766461472032,0.0,60.81089916320555,0.0,0.0,0.0,60.81089916320555,0.0,0.0,0.0,0.0,15.123062512897587,15.123062512897587,0.0
2022-09-15 11:00:00,0.0,0.0,15.277697495689765,8.171766461472032,0.0,64.37688581187307,0.0,0.0,0.0,64.37688581187307,0.0,0.0,0.0,0.0,16.304090100714973,16.304090100714973,0.0
2022-09-15 12:00:00,0.0,0.0,17.1264069123828,8.171766461472032,0.0,66.22559522856608,0.0,0.0,0.0,66.22559522856608,0.0,0.0,0.0,0.0,17.176932634433182,17.176932634433182,0.0
2022-09-15 13:00:00,0.0,0.0,17.771762638605413,8.171766461472032,0.0,66.87095095478871,0.0,0.0,0.0,66.87095095478871,0.0,0.0,0.0,0.0,17.432588204403867,17.432588204403867,0.0
2022-09-15 14:00:00,0.0,0.0,18.25412420837687,8.171766461472032,0.0,67.35331252456015,0.0,0.0,0.0,67.35331252456015,0.0,0.0,0.0,0.0,18.326836337932818,18.326836337932818,0.0
2022-09-15 15:00:00,0.0,0.0,18.201678599861374,8.171766461472032,0.0,67.30086691604467,0.0,0.0,0.0,67.30086691604467,0.0,0.0,0.0,0.0,19.563015995155865,19.563015995155865,0.0
2022-09-15 16:00:00,0.0,0.0,15.618783859288397,8.171766461472032,0.0,64.71797217547169,0.0,0.0,0.0,64.71797217547169,0.0,0.0,0.0,0.0,19.812112822077147,19.812112822077147,0.0
2022-09-15 17:00:00,0.0,0.0,9.881087951956324,8.171766461472032,0.0,44.50215445951812,0.0,0.0,0.0,44.50215445951812,0.0,0.0,0.0,0.0,13.719124176780245,13.719124176780245,0.0
2022-09-15 18:00:00,0.0,0.0,6.207762761505039,8.171766461472032,0.0,41.304687624686544,0.0,0.0,0.0,41.304687624686544,0.0,0.0,0.0,0.0,12.633451756886627,12.633451756886627,0.0
2022-09-15 19:00:00,0.0,0.0,3.2178396872203336,8.171766461472032,0.0,38.31476455040184,0.0,0.0,0.0,38.31476455040184,0.0,0.0,0.0,0.0,11.635044551020526,11.635044551020526,0.0
2022-09-15 20:00:00,0.0,0.0,0.16375128727194166,8.171766461472032,0.0,26.165693516073176,0.0,0.0,0.0,26.165693516073176,0.0,0.0,0.0,0.0,7.908319208297957,7.908319208297957,0.0
2022-09-15 21:00:00,0.0,0.0,0.0,0.0,0.0,14.657592477664597,0.0,0.0,0.0,14.657592477664597,0.0,0.0,0.0,0.0,4.308892460659061,4.308892460659061,0.0
2022-09-15 22:00:00,0.0,0.0,0.0,0.0,0.0,14.657592477664597,0.0,0.0,0.0,14.657592477664597,0.0,0.0,0.0,0.0,4.146926063780868,4.146926063780868,0.0
2022-09-15 23:00:00,0.0,0.0,0.0,0.0,0.0,14.657592477664597,0.0,0.0,0.0,14.657592477664597,0.0,0.0,0.0,0.0,4.104272469670864,4.104272469670864,0.0
2022-09-16 00:00:00,0.0,0.0,0.0,0.0,0.0,14.657592477664597,0.0,0.0,0.0,14.657592477664597,0.0,0.0,0.0,0.0,4.130949287980213,4.130949287980213,0.0
2022-09-16 01:00:00,0.0,0.0,0.0,0.0,0.0,14.657592477664597,0.0,0.0,0.0,14.657592477664597,0.0,0.0,0.0,0.0,4.172430274692005,4.172430274692005,0.0
2022-09-16 02:00:00,0.0,0.0,0.0,0.0,0.0,14.657592477664597,0.0,0.0,0.0,14.657592477664597,0.0,0.0,0.0,0.0,3.9963925890352523,3.9963925890352523,0.0
2022-09-16 03:00:00,0.0,0.0,0.0,0.0,0.0,14.657592477664597,0.0,0.0,0.0,14.657592477664597,0.0,0.0,0.0,0.0,3.8007137294584306,3.8007137294584306,0.0
2022-09-16 04:00:00,0.0,0.0,0.0,0.0,0.0,14.657592477664597,0.0,0.0,0.0,14.657592477664597,0.0,0.0,0.0,0.0,3.9695691948011262,3.9695691948011262,0.0
2022-09-16 05:00:00,0.0,0.0,0.0,0.0,0.0,8.915087883664599,0.0,0.0,0.0,8.915087883664599,0.0,0.0,0.0,0.0,2.4862397089963837,2.4862397089963837,0.0
2022-09-16 06:00:00,0.0,0.0,0.0,0.0,0.0,3.1725832896646002,0.0,0.0,0.0,3.1725832896646002,0.0,0.0,0.0,0.0,0.9043131408859977,0.9043131408859977,0.0
2022-09-16 07:00:00,0.0,0.0,0.0,8.171766461472032,0.0,14.516933040801234,0.0,0.0,0.0,14.516933040801234,0.0,0.0,0.0,0.0,4.174924773204026,4.174924773204026,0.0
2022-09-16 08:00:00,0.0,0.0,0.0,8.171766461472032,0.0,14.516933040801234,0.0,0.0,0.0,14.516933040801234,0.0,0.0,0.0,0.0,4.077951660491475,4.077951660491475,0.0
2022-09-16 09:00:00,0.0,0.0,0.0,8.171766461472032,0.0,28.15940699237166,0.0,0.0,0.0,28.15940699237166,0.0,0.0,0.0,0.0,7.9282810387022415,7.9282810387022415,0.0
2022-09-16 10:00:00,0.0,0.0,0.0,8.171766461472032,0.0,28.15940699237166,0.0,0.0,0.0,28.15940699237166,0.0,0.0,0.0,0.0,7.911948582646667,7.911948582646667,0.0
2022-09-16 11:00:00,0.0,0.0,0.0,8.171766461472032,0.0,37.25438962675194,0.0,0.0,0.0,37.25438962675194,0.0,0.0,0.0,0.0,10.495306645648556,10.495306645648556,0.0
2022-09-16 12:00:00,0.0,0.0,0.07572190723183418,8.171766461472032,0.0,37.330111533983775,0.0,0.0,0.0,37.330111533983775,0.0,0.0,0.0,0.0,10.618176924726344,10.618176924726344,0.0
2022-09-16 13:00:00,0.0,0.0,0.6416536863514053,8.171766461472032,0.0,37.89604331310335,0.0,0.0,0.0,37.89604331310335,0.0,0.0,0.0,0.0,11.481364242570923,11.481364242570923,0.0
2022-09-16 14:00:00,0.0,0.0,1.9587474221512302,8.171766461472032,0.0,39.21313704890316,0.0,0.0,0.0,39.21313704890316,0.0,0.0,0.0,0.0,12.097644910957113,12.097644910957113,0.0
2022-09-16 15:00:00,0.0,0.0,3.501230682350906,8.171766461472032,0.0,40.75562030910285,0.0,0.0,0.0,40.75562030910285,0.0,0.0,0.0,0.0,12.590633782091144,12.590633782091144,0.0
2022-09-16 16:00:00,0.0,0.0,1.1667877776107665,8.171766461472032,0.0,29.326194769982425,0.0,0.0,0.0,29.326194769982425,0.0,0.0,0.0,0.0,9.135109670849525,9.135109670849525,0.0
2022-09-16 17:00:00,0.0,0.0,0.19241546948931082,8.171766461472032,0.0,21.17100802548069,0.0,0.0,0.0,21.17100802548069,0.0,0.0,0.0,0.0,6.53379649682385,6.53379649682385,0.0
2022-09-16 18:00:00,0.0,0.0,0.0,0.0,0.0,14.657592477664597,0.0,0.0,0.0,14.657592477664597,0.0,0.0,0.0,0.0,4.497095948072276,4.497095948072276,0.0
2022-09-16 19:00:00,0.0,0.0,0.0,0.0,0.0,14.657592477664597,0.0,0.0,0.0,14.657592477664597,0.0,0.0,0.0,0.0,4.4869822092626865,4.4869822092626865,0.0
2022-09-16 20:00:00,0.0,0.0,0.0,0.0,0.0,14.657592477664597,0.0,0.0,0.0,14.657592477664597,0.0,0.0,0.0,0.0,4.452243715090622,4.452243715090622,0.0
2022-09-16 21:00:00,0.0,0.0,0.0,0.0,0.0,14.657592477664597,0.0,0.0,0.0,14.657592477664597,0.0,0.0,0.0,0.0,4.270636144292357,4.270636144292357,0.0
2022-09-16 22:00:00,0.0,0.0,0.0,0.0,0.0,14.657592477664597,0.0,0.0,0.0,14.657592477664597,0.0,0.0,0.0,0.0,3.913137463762118,3.913137463762118,0.0
2022-09-16 23:00:00,0.0,0.0,0.0,0.0,0.0,15.107011293199369,0.0,0.0,0.0,15.107011293199369,0.0,0.0,0.0,0.0,3.8758548173832303,3.8758548173832303,0.0
2022-09-17 00:00:00,0.0,0.0,0.0,0.0,0.0,15.107011293199369,0.0,0.0,0.0,15.107011293199369,0.0,0.0,0.0,0.0,3.954562346220799,3.954562346220799,0.0
2022-09-17 01:00:00,0.0,0.0,0.0,0.0,0.0,15.107011293199369,0.0,0.0,0.0,15.107011293199369,0.0,0.0,0.0,0.0,3.9669500954812222,3.9669500954812222,0.0
2022-09-17 02:00:00,0.0,0.0,0.0,0.0,0.0,15.107011293199369,0.0,0.0,0.0,15.107011293199369,0.0,0.0,0.0,0.0,3.879782640319462,3.879782640319462,0.0
2022-09-17 03:00:00,0.0,0.0,0.0,0.0,0.0,15.107011293199369,0.0,0.0,0.0,15.107011293199369,0.0,0.0,0.0,0.0,3.892019319466953,3.892019319466953,0.0
2022-09-17 04:00:00,0.0,0.0,0.0,0.0,0.0,15.107011293199369,0.0,0.0,0.0,15.107011293199369,0.0,0.0,0.0,0.0,4.08659762492336,4.08659762492336,0.0
2022-09-17 05:00:00,0.0,0.0,0.0,8.171766461472032,0.0,17.536273160671403,0.0,0.0,0.0,17.536273160671403,0.0,0.0,0.0,0.0,4.85105924443653,4.85105924443653,0.0
2022-09-17 06:00:00,0.0,0.0,0.0,8.171766461472032,0.0,19.064424357991378,0.0,0.0,0.0,19.064424357991378,0.0,0.0,0.0,0.0,5.400188843644638,5.400188843644638,0.0
2022-09-17 07:00:00,0.0,0.0,0.0,8.171766461472032,0.0,32.706898309561794,0.0,0.0,0.0,32.706898309561794,0.0,0.0,0.0,0.0,9.049017555306463,9.049017555306463,0.0
2022-09-17 08:00:00,0.0,0.0,0.0,8.171766461472032,0.0,49.09918831618329,0.0,0.0,0.0,49.09918831618329,0.0,0.0,0.0,0.0,13.46938033077856,13.46938033077856,0.0
2022-09-17 09:00:00,0.0,0.0,0.0,8.171766461472032,0.0,49.09918831618329,0.0,0.0,0.0,49.09918831618329,0.0,0.0,0.0,0.0,13.481655127857607,13.481655127857607,0.0
2022-09-17 10:00:00,0.0,0.0,1.760990555269602,8.171766461472032,0.0,50.8601788714529,0.0,0.0,0.0,50.8601788714529,0.0,0.0,0.0,0.0,14.237289871485812,14.237289871485812,0.0
2022-09-17 11:00:00,0.0,0.0,4.372313400559946,8.171766461472032,0.0,53.47150171674325,0.0,0.0,0.0,53.47150171674325,0.0,0.0,0.0,0.0,15.197135502915597,15.197135502915597,0.0
2022-09-17 12:00:00,0.0,0.0,4.952548034839252,8.171766461472032,0.0,54.05173635102255,0.0,0.0,0.0,54.05173635102255,0.0,0.0,0.0,0.0,15.45771556166543,15.45771556166543,0.0
2022-09-17 13:00:00,0.0,0.0,6.473382781528396,8.171766461472032,0.0,55.57257109771168,0.0,0.0,0.0,55.57257109771168,0.0,0.0,0.0,0.0,16.009902007539754,16.009902007539754,0.0
2022-09-17 14:00:00,0.0,0.0,7.383554645169664,8.171766461472032,0.0,56.48274296135296,0.0,0.0,0.0,56.48274296135296,0.0,0.0,0.0,0.0,16.42800579030951,16.42800579030951,0.0
2022-09-17 15:00:00,0.0,0.0,5.823764304955423,8.171766461472032,0.0,54.92295262113873,0.0,0.0,0.0,54.92295262113873,0.0,0.0,0.0,0.0,16.230830958598915,16.230830958598915,0.0
2022-09-17 16:00:00,0.0,0.0,4.370426184172841,8.171766461472032,0.0,53.469614500356144,0.0,0.0,0.0,53.469614500356144,0.0,0.0,0.0,0.0,15.811499703900314,15.811499703900314,0.0
2022-09-17 17:00:00,0.0,0.0,2.6741821625398026,8.171766461472032,0.0,41.84273998729174,0.0,0.0,0.0,41.84273998729174,0.0,0.0,0.0,0.0,12.310970959060977,12.310970959060977,0.0
2022-09-17 18:00:00,0.0,0.0,0.47959730267802714,8.171766461472032,0.0,49.21899611742997,0.0,0.0,0.0,49.21899611742997,0.0,0.0,0.0,0.0,14.256774415374766,14.256774415374766,0.0
2022-09-17 19:00:00,0.0,0.0,0.0358437897390106,8.171766461472032,0.0,44.22775128730079,0.0,0.0,0.0,44.22775128730079,0.0,0.0,0.0,0.0,12.619504274805534,12.619504274805534,0.0
2022-09-17 20:00:00,0.0,0.0,0.0,0.0,0.0,22.37766708451935,0.0,0.0,0.0,22.37766708451935,0.0,0.0,0.0,0.0,5.994305681930197,5.994305681930197,0.0
2022-09-17 21:00:00,0.0,0.0,0.0,0.0,0.0,15.107011293199369,0.0,0.0,0.0,15.107011293199369,0.0,0.0,0.0,0.0,3.996710907728825,3.996710907728825,0.0
2022-09-17 22:00:00,0.0,0.0,0.0,0.0,0.0,15.107011293199369,0.0,0.0,0.0,15.107011293199369,0.0,0.0,0.0,0.0,3.8125564400647245,3.8125564400647245,0.0
2022-09-17 23:00:00,0.0,0.0,0.0,0.0,0.0,15.107011293199369,0.0,0.0,0.0,15.107011293199369,0.0,0.0,0.0,0.0,3.762099022345439,3.762099022345439,0.0
2022-09-18 00:00:00,0.0,0.0,0.0,0.0,0.0,15.107011293199369,0.0,0.0,0.0,15.107011293199369,0.0,0.0,0.0,0.0,3.7622500924583706,3.7622500924583706,0.0
2022-09-18 01:00:00,0.0,0.0,0.0,0.0,0.0,15.107011293199369,0.0,0.0,0.0,15.107011293199369,0.0,0.0,0.0,0.0,3.7725228601377463,3.7725228601377463,0.0
2022-09-18 02:00:00,0.0,0.0,0.0,0.0,0.0,15.107011293199369,0.0,0.0,0.0,15.107011293199369,0.0,0.0,0.0,0.0,3.749862343197947,3.749862343197947,0.0
2022-09-18 03:00:00,0.0,0.0,0.0,0.0,0.0,15.107011293199369,0.0,0.0,0.0,15.107011293199369,0.0,0.0,0.0,0.0,3.7515241144401994,3.7515241144401994,0.0
2022-09-18 04:00:00,0.0,0.0,0.0,0.0,0.0,15.107011293199369,0.0,0.0,0.0,15.107011293199369,0.0,0.0,0.0,0.0,3.812254299838861,3.812254299838861,0.0
2022-09-18 05:00:00,0.0,0.0,0.0,8.171766461472032,0.3220879512472865,17.536273160671403,0.0,0.0,0.0,17.536273160671403,0.0,0.0,0.0,0.0,4.6044462486395,4.6044462486395,0.0
2022-09-18 06:00:00,0.0,0.0,0.0,8.171766461472032,0.11181719848107126,19.064424357991378,0.0,0.0,0.0,19.064424357991378,0.0,0.0,0.0,0.0,5.050090455504247,5.050090455504247,0.0
2022-09-18 07:00:00,0.0,0.0,0.0,8.171766461472032,0.0,32.706898309561794,0.0,0.0,0.0,32.706898309561794,0.0,0.0,0.0,0.0,8.719332020346078,8.719332020346078,0.0
2022-09-18 08:00:00,0.0,0.0,0.0,8.171766461472032,0.0,49.09918831618329,0.0,0.0,0.0,49.09918831618329,0.0,0.0,0.0,0.0,12.632239169987633,12.632239169987633,0.0
2022-09-18 09:00:00,0.0,0.0,0.0,8.171766461472032,0.0,49.09918831618329,0.0,0.0,0.0,49.09918831618329,0.0,0.0,0.0,0.0,12.401472984901575,12.401472984901575,0.0
2022-09-18 10:00:00,0.0,0.0,0.007988163610577172,8.171766461472032,0.0,49.107176479793864,0.0,0.0,0.0,49.107176479793864,0.0,0.0,0.0,0.0,12.478624615280419,12.478624615280419,0.0
2022-09-18 11:00:00,0.0,0.0,0.6482435725043055,8.171766461472032,0.0,49.7474318886876,0.0,0.0,0.0,49.7474318886876,0.0,0.0,0.0,0.0,12.591572485345718,12.591572485345718,0.0
2022-09-18 12:00:00,0.0,0.0,2.1724870078130967,8.171766461472032,0.0,51.27167532399639,0.0,0.0,0.0,51.27167532399639,0.0,0.0,0.0,0.0,12.91892403138737,12.91892403138737,0.0
2022-09-18 13:00:00,0.0,0.0,2.2429470562304594,8.171766461472032,0.0,51.34213537241374,0.0,0.0,0.0,51.34213537241374,0.0,0.0,0.0,0.0,12.966969709656816,12.966969709656816,0.0
2022-09-18 14:00:00,0.0,0.0,2.1710194506190996,8.171766461472032,0.0,51.2702077668024,0.0,0.0,0.0,51.2702077668024,0.0,0.0,0.0,0.0,13.174905289835214,13.174905289835214,0.0
2022-09-18 15:00:00,0.0,0.0,1.5005843116404687,8.171766461472032,0.0,50.59977262782375,0.0,0.0,0.0,50.59977262782375,0.0,0.0,0.0,0.0,13.226780564913126,13.226780564913126,0.0
2022-09-18 16:00:00,0.0,0.0,0.6511018894452694,8.171766461472032,0.0,49.75029020562856,0.0,0.0,0.0,49.75029020562856,0.0,0.0,0.0,0.0,13.251487299171226,13.251487299171226,0.0
2022-09-18 17:00:00,0.0,0.0,0.03251452936037698,8.171766461472032,0.0,39.20107235411232,0.0,0.0,0.0,39.20107235411232,0.0,0.0,0.0,0.0,10.703460795566828,10.703460795566828,0.0
2022-09-18 18:00:00,0.0,0.0,0.0,8.171766461472032,0.0,48.73939881475194,0.0,0.0,0.0,48.73939881475194,0.0,0.0,0.0,0.0,13.289771874818411,13.289771874818411,0.0
2022-09-18 19:00:00,0.0,0.0,0.0,8.171766461472032,0.0,44.191907497561786,0.0,0.0,0.0,44.191907497561786,0.0,0.0,0.0,0.0,11.859782215120656,11.859782215120656,0.0
2022-09-18 20:00:00,0.0,0.0,0.0,0.0,0.0,22.37766708451935,0.0,0.0,0.0,22.37766708451935,0.0,0.0,0.0,0.0,6.046445646237128,6.046445646237128,0.0
2022-09-18 21:00:00,0.0,0.0,0.0,0.0,0.0,15.107011293199369,0.0,0.0,0.0,15.107011293199369,0.0,0.0,0.0,0.0,3.9698204276269293,3.9698204276269293,0.0
2022-09-18 22:00:00,0.0,0.0,0.0,0.0,0.0,15.107011293199369,0.0,0.0,0.0,15.107011293199369,0.0,0.0,0.0,0.0,3.5790020454718627,3.5790020454718627,0.0
2022-09-18 23:00:00,0.0,0.0,0.0,0.0,0.0,15.107011293199369,0.0,0.0,0.0,15.107011293199369,0.0,0.0,0.0,0.0,3.569031418018351,3.569031418018351,0.0
2022-09-19 00:00:00,0.0,0.0,0.0,0.0,0.0,15.107011293199369,0.0,0.0,0.0,15.107011293199369,0.0,0.0,0.0,0.0,3.6143524518979486,3.6143524518979486,0.0
2022-09-19 01:00:00,0.0,0.0,0.0,0.0,0.0,15.107011293199369,0.0,0.0,0.0,15.107011293199369,0.0,0.0,0.0,0.0,3.590634444167626,3.590634444167626,0.0
2022-09-19 02:00:00,0.0,0.0,0.0,0.0,0.0,15.107011293199369,0.0,0.0,0.0,15.107011293199369,0.0,0.0,0.0,0.0,3.5785488351330668,3.5785488351330668,0.0
2022-09-19 03:00:00,0.0,0.0,0.0,0.0,0.0,15.107011293199369,0.0,0.0,0.0,15.107011293199369,0.0,0.0,0.0,0.0,3.54621983096562,3.54621983096562,0.0
2022-09-19 04:00:00,0.0,0.0,0.0,0.0,0.0,15.107011293199369,0.0,0.0,0.0,15.107011293199369,0.0,0.0,0.0,0.0,3.6083096473806693,3.6083096473806693,0.0
2022-09-19 05:00:00,0.0,0.0,0.0,8.171766461472032,54.13957630873751,17.536273160671403,0.0,0.0,0.0,17.536273160671403,0.0,0.0,0.0,0.0,13.990754425674844,13.990754425674844,0.0
2022-09-19 06:00:00,0.0,0.0,0.0,8.171766461472032,40.14616454125832,19.064424357991378,0.0,0.0,0.0,19.064424357991378,0.0,0.0,0.0,0.0,11.807989570097416,11.807989570097416,0.0
2022-09-19 07:00:00,0.0,0.0,0.0,8.171766461472032,17.8104901197812,32.706898309561794,0.0,0.0,0.0,32.706898309561794,0.0,0.0,0.0,0.0,10.99560688511373,10.99560688511373,0.0
2022-09-19 08:00:00,0.0,0.0,0.0,8.171766461472032,0.015885649425775496,49.09918831618329,0.0,0.0,0.0,49.09918831618329,0.0,0.0,0.0,0.0,11.399272817826915,11.399272817826915,0.0
2022-09-19 09:00:00,0.0,0.0,0.0,8.171766461472032,0.0,49.09918831618329,0.0,0.0,0.0,49.09918831618329,0.0,0.0,0.0,0.0,11.354187298117386,11.354187298117386,0.0
2022-09-19 10:00:00,0.0,0.0,0.14378448727545295,8.171766461472032,0.0,49.242972803458755,0.0,0.0,0.0,49.242972803458755,0.0,0.0,0.0,0.0,11.116601110380815,11.116601110380815,0.0
2022-09-19 11:00:00,0.0,0.0,2.019786107208779,8.171766461472032,0.0,51.11897442339207,0.0,0.0,0.0,51.11897442339207,0.0,0.0,0.0,0.0,11.666372342906538,11.666372342906538,0.0
2022-09-19 12:00:00,0.0,0.0,3.91953865558846,8.171766461472032,0.0,53.018726971771756,0.0,0.0,0.0,53.018726971771756,0.0,0.0,0.0,0.0,12.565968479579624,12.565968479579624,0.0
2022-09-19 13:00:00,0.0,0.0,5.257025937090182,8.171766461472032,0.0,54.35621425327347,0.0,0.0,0.0,54.35621425327347,0.0,0.0,0.0,0.0,12.98896095796223,12.98896095796223,0.0
2022-09-19 14:00:00,0.0,0.0,4.9146244548129046,8.171766461472032,0.0,54.0138127709962,0.0,0.0,0.0,54.0138127709962,0.0,0.0,0.0,0.0,13.094028491944899,13.094028491944899,0.0
2022-09-19 15:00:00,0.0,0.0,2.6122754716430694,8.171766461472032,0.0,51.71146378782637,0.0,0.0,0.0,51.71146378782637,0.0,0.0,0.0,0.0,12.90407867361419,12.90407867361419,0.0
2022-09-19 16:00:00,0.0,0.0,0.6815112518670647,8.171766461472032,0.0,49.78069956805036,0.0,0.0,0.0,49.78069956805036,0.0,0.0,0.0,0.0,12.408337174332232,12.408337174332232,0.0
2022-09-19 17:00:00,0.0,0.0,0.01067825618807275,8.171766461472032,0.0,39.17923608094001,0.0,0.0,0.0,39.17923608094001,0.0,0.0,0.0,0.0,9.758764123040539,9.758764123040539,0.0
2022-09-19 18:00:00,0.0,0.0,0.0,8.171766461472032,0.0,48.73939881475194,0.0,0.0,0.0,48.73939881475194,0.0,0.0,0.0,0.0,12.194110189462789,12.194110189462789,0.0
2022-09-19 19:00:00,0.0,0.0,0.0,8.171766461472032,0.0,44.191907497561786,0.0,0.0,0.0,44.191907497561786,0.0,0.0,0.0,0.0,11.186297544857815,11.186297544857815,0.0
2022-09-19 20:00:00,0.0,0.0,0.0,0.0,0.0,22.37766708451935,0.0,0.0,0.0,22.37766708451935,0.0,0.0,0.0,0.0,5.517885149700781,5.517885149700781,0.0
2022-09-19 21:00:00,0.0,0.0,0.0,0.0,0.0,15.107011293199369,0.0,0.0,0.0,15.107011293199369,0.0,0.0,0.0,0.0,3.6129928208815607,3.6129928208815607,0.0
2022-09-19 22:00:00,0.0,0.0,0.0,0.0,0.0,15.107011293199369,0.0,0.0,0.0,15.107011293199369,0.0,0.0,0.0,0.0,3.425061600394161,3.425061600394161,0.0
2022-09-19 23:00:00,0.0,0.0,0.0,0.0,0.0,15.107011293199369,0.0,0.0,0.0,15.107011293199369,0.0,0.0,0.0,0.0,3.5096608636360775,3.5096608636360775,0.0
2022-09-20 00:00:00,0.0,0.0,0.0,0.0,0.0,15.107011293199369,0.0,0.0,0.0,15.107011293199369,0.0,0.0,0.0,0.0,3.486244996131618,3.486244996131618,0.0
2022-09-20 01:00:00,0.0,0.0,0.0,0.0,0.0,15.107011293199369,0.0,0.0,0.0,15.107011293199369,0.0,0.0,0.0,0.0,3.480957542178998,3.480957542178998,0.0
2022-09-20 02:00:00,0.0,0.0,0.0,0.0,0.0,15.107011293199369,0.0,0.0,0.0,15.107011293199369,0.0,0.0,0.0,0.0,3.4394132611227,3.4394132611227,0.0
2022-09-20 03:00:00,0.0,0.0,0.0,0.0,0.0,15.107011293199369,0.0,0.0,0.0,15.107011293199369,0.0,0.0,0.0,0.0,3.4252126705070927,3.4252126705070927,0.0
2022-09-20 04:00:00,0.0,0.0,0.0,0.0,0.0,15.107011293199369,0.0,0.0,0.0,15.107011293199369,0.0,0.0,0.0,0.0,3.592749425748674,3.592749425748674,0.0
2022-09-20 05:00:00,0.0,0.0,0.0,8.171766461472032,49.585625926267085,19.4504413586714,0.0,0.0,0.0,19.4504413586714,0.0,0.0,0.0,0.0,13.732171497814935,13.732171497814935,0.0
2022-09-20 06:00:00,0.0,0.0,0.0,8.171766461472034,37.23814414210961,19.064424357991378,0.0,0.0,0.0,19.064424357991378,0.0,0.0,0.0,0.0,11.437486620567725,11.437486620567725,0.0
2022-09-20 07:00:00,0.0,0.0,0.0,8.171766461472032,24.171995071711983,32.706898309561794,0.0,0.0,0.0,32.706898309561794,0.0,0.0,0.0,0.0,12.484747987343045,12.484747987343045,0.0
2022-09-20 08:00:00,0.0,0.0,0.0,8.171766461472032,3.4334160273132275,49.09918831618329,0.0,0.0,0.0,49.09918831618329,0.0,0.0,0.0,0.0,12.855669673475619,12.855669673475619,0.0
2022-09-20 09:00:00,0.0,0.0,0.0,8.171766461472032,0.032458935575261784,49.09918831618329,0.0,0.0,0.0,49.09918831618329,0.0,0.0,0.0,0.0,12.117632018628182,12.117632018628182,0.0
2022-09-20 10:00:00,0.0,0.0,0.0,8.171766461472032,0.0,49.09918831618329,0.0,0.0,0.0,49.09918831618329,0.0,0.0,0.0,0.0,12.287071876124866,12.287071876124866,0.0
2022-09-20 11:00:00,0.0,0.0,0.0,8.171766461472032,0.0,49.09918831618329,0.0,0.0,0.0,49.09918831618329,0.0,0.0,0.0,0.0,12.47806771867482,12.47806771867482,0.0
2022-09-20 12:00:00,0.0,0.0,0.0,8.171766461472032,0.0,49.09918831618329,0.0,0.0,0.0,49.09918831618329,0.0,0.0,0.0,0.0,12.684284309602788,12.684284309602788,0.0
2022-09-20 13:00:00,0.0,0.0,0.0,8.171766461472032,0.0,49.09918831618329,0.0,0.0,0.0,49.09918831618329,0.0,0.0,0.0,0.0,12.74320333558221,12.74320333558221,0.0
2022-09-20 14:00:00,0.0,0.0,0.0,8.171766461472032,0.0,49.09918831618329,0.0,0.0,0.0,49.09918831618329,0.0,0.0,0.0,0.0,12.718162749540957,12.718162749540957,0.0
2022-09-20 15:00:00,0.0,0.0,0.0,8.171766461472032,0.0,49.09918831618329,0.0,0.0,0.0,49.09918831618329,0.0,0.0,0.0,0.0,12.827653939486046,12.827653939486046,0.0
2022-09-20 16:00:00,0.0,0.0,0.0,8.171766461472032,0.0,49.09918831618329,0.0,0.0,0.0,49.09918831618329,0.0,0.0,0.0,0.0,12.837473777149281,12.837473777149281,0.0
2022-09-20 17:00:00,0.0,0.0,0.0,8.171766461472032,0.0,39.168557824751936,0.0,0.0,0.0,39.168557824751936,0.0,0.0,0.0,0.0,10.36439208600761,10.36439208600761,0.0
2022-09-20 18:00:00,0.0,0.0,0.0,8.171766461472032,0.0,48.73939881475194,0.0,0.0,0.0,48.73939881475194,0.0,0.0,0.0,0.0,12.631302596831112,12.631302596831112,0.0
2022-09-20 19:00:00,0.0,0.0,0.0,8.171766461472032,2.1970094510801474,44.191907497561786,0.0,0.0,0.0,44.191907497561786,0.0,0.0,0.0,0.0,11.653460896487505,11.653460896487505,0.0
2022-09-20 20:00:00,0.0,0.0,0.0,0.0,0.0,22.37766708451935,0.0,0.0,0.0,22.37766708451935,0.0,0.0,0.0,0.0,5.682808556113689,5.682808556113689,0.0
2022-09-20 21:00:00,0.0,0.0,0.0,0.0,0.0,15.107011293199369,0.0,0.0,0.0,15.107011293199369,0.0,0.0,0.0,0.0,3.5502987240147834,3.5502987240147834,0.0
2022-09-20 22:00:00,0.0,0.0,0.0,0.0,0.0,15.107011293199369,0.0,0.0,0.0,15.107011293199369,0.0,0.0,0.0,0.0,3.372791341319691,3.372791341319691,0.0
2022-09-20 23:00:00,0.0,0.0,0.0,0.0,0.0,15.107011293199369,0.0,0.0,0.0,15.107011293199369,0.0,0.0,0.0,0.0,3.3922793858879183,3.3922793858879183,0.0
2022-09-21 00:00:00,0.0,0.0,0.0,0.0,0.0,15.107011293199369,0.0,0.0,0.0,15.107011293199369,0.0,0.0,0.0,0.0,3.3836683894507944,3.3836683894507944,0.0
2022-09-21 01:00:00,0.0,0.0,0.0,0.0,0.0,15.107011293199369,0.0,0.0,0.0,15.107011293199369,0.0,0.0,0.0,0.0,3.3634249943179073,3.3634249943179073,0.0
2022-09-21 02:00:00,0.0,0.0,0.0,0.0,0.0,15.107011293199369,0.0,0.0,0.0,15.107011293199369,0.0,0.0,0.0,0.0,3.3987754007439936,3.3987754007439936,0.0
2022-09-21 03:00:00,0.0,0.0,0.0,0.0,0.0,15.107011293199369,0.0,0.0,0.0,15.107011293199369,0.0,0.0,0.0,0.0,3.454520272415899,3.454520272415899,0.0
2022-09-21 04:00:00,0.0,0.0,0.0,0.0,0.0,15.107011293199369,0.0,0.0,0.0,15.107011293199369,0.0,0.0,0.0,0.0,3.496064553472198,3.496064553472198,0.0
2022-09-21 05:00:00,0.0,0.0,0.0,8.171766461472032,69.02615177597431,19.4504413586714,0.0,0.0,0.0,19.4504413586714,0.0,0.0,0.0,0.0,17.074703148267773,17.074703148267773,0.0
2022-09-21 06:00:00,0.0,0.0,0.0,8.171766461472032,48.04908404625381,19.064424357991378,0.0,0.0,0.0,19.064424357991378,0.0,0.0,0.0,0.0,13.207654901980142,13.207654901980142,0.0
2022-09-21 07:00:00,0.0,0.0,0.0,8.171766461472034,32.92073220184583,32.706898309561794,0.0,0.0,0.0,32.706898309561794,0.0,0.0,0.0,0.0,13.980811036706111,13.980811036706111,0.0
2022-09-21 08:00:00,0.0,0.0,0.0,8.171766461472032,8.738158194739498,49.09918831618329,0.0,0.0,0.0,49.09918831618329,0.0,0.0,0.0,0.0,13.618321879299634,13.618321879299634,0.0
2022-09-21 09:00:00,0.0,0.0,0.0,8.171766461472032,0.9516090669674954,49.09918831618329,0.0,0.0,0.0,49.09918831618329,0.0,0.0,0.0,0.0,12.167251295993893,12.167251295993893,0.0
2022-09-21 10:00:00,0.0,0.0,0.0,8.171766461472032,0.0,49.09918831618329,0.0,0.0,0.0,49.09918831618329,0.0,0.0,0.0,0.0,12.155486051437496,12.155486051437496,0.0
2022-09-21 11:00:00,0.0,0.0,0.0,8.171766461472032,0.0,49.09918831618329,0.0,0.0,0.0,49.09918831618329,0.0,0.0,0.0,0.0,12.356792723533848,12.356792723533848,0.0
2022-09-21 12:00:00,0.0,0.0,0.0,8.171766461472032,0.0,49.09918831618329,0.0,0.0,0.0,49.09918831618329,0.0,0.0,0.0,0.0,12.554171460564904,12.554171460564904,0.0
2022-09-21 13:00:00,0.0,0.0,0.0,8.171766461472032,0.0,49.09918831618329,0.0,0.0,0.0,49.09918831618329,0.0,0.0,0.0,0.0,12.964149683005035,12.964149683005035,0.0
2022-09-21 14:00:00,0.0,0.0,0.0,8.171766461472032,0.0,49.09918831618329,0.0,0.0,0.0,49.09918831618329,0.0,0.0,0.0,0.0,12.852203533644136,12.852203533644136,0.0
2022-09-21 15:00:00,0.0,0.0,0.0,8.171766461472032,0.0,49.09918831618329,0.0,0.0,0.0,49.09918831618329,0.0,0.0,0.0,0.0,13.05940210833843,13.05940210833843,0.0
2022-09-21 16:00:00,0.0,0.0,0.0,8.171766461472032,0.0,49.09918831618329,0.0,0.0,0.0,49.09918831618329,0.0,0.0,0.0,0.0,13.382965759342078,13.382965759342078,0.0
2022-09-21 17:00:00,0.0,0.0,0.0,8.171766461472032,0.0,41.08272602275194,0.0,0.0,0.0,41.08272602275194,0.0,0.0,0.0,0.0,11.38114759008297,11.38114759008297,0.0
2022-09-21 18:00:00,0.0,0.0,0.0,8.171766461472032,0.0,48.73939881475194,0.0,0.0,0.0,48.73939881475194,0.0,0.0,0.0,0.0,13.456460618764861,13.456460618764861,0.0
2022-09-21 19:00:00,0.0,0.0,0.0,8.171766461472032,0.2429682334174066,44.191907497561786,0.0,0.0,0.0,44.191907497561786,0.0,0.0,0.0,0.0,11.871710572766238,11.871710572766238,0.0
2022-09-21 20:00:00,0.0,0.0,0.0,0.0,0.0,22.37766708451935,0.0,0.0,0.0,22.37766708451935,0.0,0.0,0.0,0.0,6.038837239428391,6.038837239428391,0.0
2022-09-21 21:00:00,0.0,0.0,0.0,0.0,0.0,15.107011293199369,0.0,0.0,0.0,15.107011293199369,0.0,0.0,0.0,0.0,3.898062123984233,3.898062123984233,0.0
2022-09-21 22:00:00,0.0,0.0,0.0,0.0,0.0,15.107011293199369,0.0,0.0,0.0,15.107011293199369,0.0,0.0,0.0,0.0,3.7290146676133324,3.7290146676133324,0.0
2022-09-21 23:00:00,0.0,0.0,0.0,0.0,0.0,14.657592477664597,0.0,0.0,0.0,14.657592477664597,0.0,0.0,0.0,0.0,3.529108540847305,3.529108540847305,0.0
2022-09-22 00:00:00,0.0,0.0,0.0,0.0,0.0,14.657592477664597,0.0,0.0,0.0,14.657592477664597,0.0,0.0,0.0,0.0,3.5654593701919133,3.5654593701919133,0.0
2022-09-22 01:00:00,0.0,0.0,0.0,0.0,0.0,14.657592477664597,0.0,0.0,0.0,14.657592477664597,0.0,0.0,0.0,0.0,3.4672535005915606,3.4672535005915606,0.0
2022-09-22 02:00:00,0.0,0.0,0.0,0.0,0.0,14.657592477664597,0.0,0.0,0.0,14.657592477664597,0.0,0.0,0.0,0.0,3.4547945469855454,3.4547945469855454,0.0
2022-09-22 03:00:00,0.0,0.0,0.0,0.0,0.0,14.657592477664597,0.0,0.0,0.0,14.657592477664597,0.0,0.0,0.0,0.0,3.369633934690314,3.369633934690314,0.0
2022-09-22 04:00:00,0.0,0.0,0.0,0.0,0.0,14.657592477664597,0.0,0.0,0.0,14.657592477664597,0.0,0.0,0.0,0.0,3.322436486912234,3.322436486912234,0.0
2022-09-22 05:00:00,0.0,0.0,0.0,8.171766461472032,40.18342874159234,19.001022543136635,0.0,0.0,0.0,19.001022543136635,0.0,0.0,0.0,0.0,11.686412536703187,11.686412536703187,0.0
2022-09-22 06:00:00,0.0,0.0,0.0,8.171766461472032,29.119642927534336,14.516933040801234,0.0,0.0,0.0,14.516933040801234,0.0,0.0,0.0,0.0,8.683371729350707,8.683371729350707,0.0
2022-09-22 07:00:00,0.0,0.0,0.0,8.171766461472032,18.50082461417531,23.611915675181518,0.0,0.0,0.0,23.611915675181518,0.0,0.0,0.0,0.0,9.078457527764805,9.078457527764805,0.0
2022-09-22 08:00:00,0.0,0.0,0.0,8.171766461472032,0.6184197152389558,37.25438962675194,0.0,0.0,0.0,37.25438962675194,0.0,0.0,0.0,0.0,9.179437704873932,9.179437704873932,0.0
2022-09-22 09:00:00,0.0,0.0,0.0,8.171766461472032,0.0,49.09918831618329,0.0,0.0,0.0,49.09918831618329,0.0,0.0,0.0,0.0,12.241900622873981,12.241900622873981,0.0
2022-09-22 10:00:00,0.0,0.0,0.0,8.171766461472032,0.0,49.09918831618329,0.0,0.0,0.0,49.09918831618329,0.0,0.0,0.0,0.0,12.428477538475477,12.428477538475477,0.0
2022-09-22 11:00:00,0.0,0.0,0.1864682657691035,8.171766461472032,0.0,49.2856565819524,0.0,0.0,0.0,49.2856565819524,0.0,0.0,0.0,0.0,12.70584226682733,12.70584226682733,0.0
2022-09-22 12:00:00,0.0,0.0,0.5818357239094266,8.171766461472032,0.0,49.68102404009272,0.0,0.0,0.0,49.68102404009272,0.0,0.0,0.0,0.0,12.947868485328966,12.947868485328966,0.0
2022-09-22 13:00:00,0.0,0.0,2.8843972106590225,8.171766461472032,0.0,51.983585526842305,0.0,0.0,0.0,51.983585526842305,0.0,0.0,0.0,0.0,13.982024999154778,13.982024999154778,0.0
2022-09-22 14:00:00,0.0,0.0,1.4526299677706762,8.171766461472032,0.0,50.55181828395397,0.0,0.0,0.0,50.55181828395397,0.0,0.0,0.0,0.0,13.832494037038325,13.832494037038325,0.0
2022-09-22 15:00:00,0.0,0.0,0.3590760779444831,8.171766461472032,0.0,49.45826439412778,0.0,0.0,0.0,49.45826439412778,0.0,0.0,0.0,0.0,13.454626245778522,13.454626245778522,0.0
2022-09-22 16:00:00,0.0,0.0,0.19143970626909398,8.171766461472032,0.0,49.29062802245239,0.0,0.0,0.0,49.29062802245239,0.0,0.0,0.0,0.0,13.444511699404114,13.444511699404114,0.0
2022-09-22 17:00:00,0.0,0.0,0.0,8.171766461472032,0.0,36.53523470556179,0.0,0.0,0.0,36.53523470556179,0.0,0.0,0.0,0.0,10.018326708612097,10.018326708612097,0.0
2022-09-22 18:00:00,0.0,0.0,0.0,8.171766461472032,0.0,35.096924863181506,0.0,0.0,0.0,35.096924863181506,0.0,0.0,0.0,0.0,9.607081242798674,9.607081242798674,0.0
2022-09-22 19:00:00,0.0,0.0,0.0,8.171766461472032,0.7976992619083659,35.096924863181506,0.0,0.0,0.0,35.096924863181506,0.0,0.0,0.0,0.0,9.72824529333283,9.72824529333283,0.0
2022-09-22 20:00:00,0.0,0.0,0.0,8.171766461472032,12.478418696002263,26.001942228801234,0.0,0.0,0.0,26.001942228801234,0.0,0.0,0.0,0.0,9.344494623923325,9.344494623923325,0.0
2022-09-22 21:00:00,0.0,0.0,0.0,0.0,0.0,14.657592477664597,0.0,0.0,0.0,14.657592477664597,0.0,0.0,0.0,0.0,3.807749373847708,3.807749373847708,0.0
2022-09-22 22:00:00,0.0,0.0,0.0,0.0,0.0,14.657592477664597,0.0,0.0,0.0,14.657592477664597,0.0,0.0,0.0,0.0,3.644610369571302,3.644610369571302,0.0
2022-09-22 23:00:00,0.0,0.0,0.0,0.0,0.0,14.657592477664597,0.0,0.0,0.0,14.657592477664597,0.0,0.0,0.0,0.0,3.6554569880047736,3.6554569880047736,0.0
2022-09-23 00:00:00,0.0,0.0,0.0,0.0,0.0,14.657592477664597,0.0,0.0,0.0,14.657592477664597,0.0,0.0,0.0,0.0,3.6709940360310984,3.6709940360310984,0.0
2022-09-23 01:00:00,0.0,0.0,0.0,0.0,0.0,14.657592477664597,0.0,0.0,0.0,14.657592477664597,0.0,0.0,0.0,0.0,3.7036804672562904,3.7036804672562904,0.0
2022-09-23 02:00:00,0.0,0.0,0.0,0.0,0.0,14.657592477664597,0.0,0.0,0.0,14.657592477664597,0.0,0.0,0.0,0.0,3.639626788128896,3.639626788128896,0.0
2022-09-23 03:00:00,0.0,0.0,0.0,0.0,0.0,14.657592477664597,0.0,0.0,0.0,14.657592477664597,0.0,0.0,0.0,0.0,3.6825735340884536,3.6825735340884536,0.0
2022-09-23 04:00:00,0.0,0.0,0.0,0.0,0.0,14.657592477664597,0.0,0.0,0.0,14.657592477664597,0.0,0.0,0.0,0.0,3.8713633252007735,3.8713633252007735,0.0
2022-09-23 05:00:00,0.0,0.0,0.0,0.0,0.0,10.829256081664601,0.0,0.0,0.0,10.829256081664601,0.0,0.0,0.0,0.0,2.968082506862634,2.968082506862634,0.0
2022-09-23 06:00:00,0.0,0.0,0.0,0.0,0.0,3.1725832896646002,0.0,0.0,0.0,3.1725832896646002,0.0,0.0,0.0,0.0,0.8971431026513556,0.8971431026513556,0.0
2022-09-23 07:00:00,0.0,0.0,0.0,8.171766461472032,43.130531130076854,14.516933040801234,0.0,0.0,0.0,14.516933040801234,0.0,0.0,0.0,0.0,11.938562393589631,11.938562393589631,0.0
2022-09-23 08:00:00,0.0,0.0,0.0,8.171766461472032,10.697380439377953,14.516933040801234,0.0,0.0,0.0,14.516933040801234,0.0,0.0,0.0,0.0,6.0249238221361185,6.0249238221361185,0.0
2022-09-23 09:00:00,0.0,0.0,0.0,8.171766461472032,0.0,28.15940699237166,0.0,0.0,0.0,28.15940699237166,0.0,0.0,0.0,0.0,7.976996812799044,7.976996812799044,0.0
2022-09-23 10:00:00,0.0,0.0,0.0,8.171766461472032,0.0,28.15940699237166,0.0,0.0,0.0,28.15940699237166,0.0,0.0,0.0,0.0,8.08963444076853,8.08963444076853,0.0
2022-09-23 11:00:00,0.0,0.0,0.20310539650058157,8.171766461472032,0.0,37.45749502325252,0.0,0.0,0.0,37.45749502325252,0.0,0.0,0.0,0.0,10.965681668057176,10.965681668057176,0.0
2022-09-23 12:00:00,0.0,0.0,2.129118885053684,8.171766461472032,0.0,39.38350851180562,0.0,0.0,0.0,39.38350851180562,0.0,0.0,0.0,0.0,11.588597379598806,11.588597379598806,0.0
2022-09-23 13:00:00,0.0,0.0,4.3223327721061,8.171766461472032,0.0,41.57672239885803,0.0,0.0,0.0,41.57672239885803,0.0,0.0,0.0,0.0,12.369074913660263,12.369074913660263,0.0
2022-09-23 14:00:00,0.0,0.0,6.54525204221635,8.171766461472032,0.0,43.79964166896829,0.0,0.0,0.0,43.79964166896829,0.0,0.0,0.0,0.0,13.040029317685242,13.040029317685242,0.0
2022-09-23 15:00:00,0.0,0.0,6.892488672610693,8.171766461472032,0.0,44.14687829936264,0.0,0.0,0.0,44.14687829936264,0.0,0.0,0.0,0.0,13.08645913428007,13.08645913428007,0.0
2022-09-23 16:00:00,0.0,0.0,3.334015414075509,8.171766461472032,0.0,31.493422406447166,0.0,0.0,0.0,31.493422406447166,0.0,0.0,0.0,0.0,9.517627185452397,9.517627185452397,0.0
2022-09-23 17:00:00,0.0,0.0,0.6337371565561959,8.171766461472032,0.0,23.526497910547572,0.0,0.0,0.0,23.526497910547572,0.0,0.0,0.0,0.0,7.16311281882442,7.16311281882442,0.0
2022-09-23 18:00:00,0.0,0.0,0.0,0.0,0.0,14.657592477664597,0.0,0.0,0.0,14.657592477664597,0.0,0.0,0.0,0.0,4.529782379297467,4.529782379297467,0.0
2022-09-23 19:00:00,0.0,0.0,0.0,0.0,0.0,14.657592477664597,0.0,0.0,0.0,14.657592477664597,0.0,0.0,0.0,0.0,4.486835633337909,4.486835633337909,0.0
2022-09-23 20:00:00,0.0,0.0,0.0,0.0,0.0,14.657592477664597,0.0,0.0,0.0,14.657592477664597,0.0,0.0,0.0,0.0,4.3991832303214755,4.3991832303214755,0.0
2022-09-23 21:00:00,0.0,0.0,0.0,0.0,0.0,14.657592477664597,0.0,0.0,0.0,14.657592477664597,0.0,0.0,0.0,0.0,4.240881231562698,4.240881231562698,0.0
2022-09-23 22:00:00,0.0,0.0,0.0,0.0,0.0,14.657592477664597,0.0,0.0,0.0,14.657592477664597,0.0,0.0,0.0,0.0,4.106910836316843,4.106910836316843,0.0
2022-09-23 23:00:00,0.0,0.0,0.0,0.0,0.0,15.107011293199369,0.0,0.0,0.0,15.107011293199369,0.0,0.0,0.0,0.0,4.127537625527932,4.127537625527932,0.0
2022-09-24 00:00:00,0.0,0.0,0.0,0.0,0.0,15.107011293199369,0.0,0.0,0.0,15.107011293199369,0.0,0.0,0.0,0.0,3.9616626415286027,3.9616626415286027,0.0
2022-09-24 01:00:00,0.0,0.0,0.0,0.0,0.0,15.107011293199369,0.0,0.0,0.0,15.107011293199369,0.0,0.0,0.0,0.0,3.9352253717655037,3.9352253717655037,0.0
2022-09-24 02:00:00,0.0,0.0,0.0,0.0,0.0,15.107011293199369,0.0,0.0,0.0,15.107011293199369,0.0,0.0,0.0,0.0,3.9101477330187926,3.9101477330187926,0.0
2022-09-24 03:00:00,0.0,0.0,0.0,0.0,0.0,15.107011293199369,0.0,0.0,0.0,15.107011293199369,0.0,0.0,0.0,0.0,3.9454981394448794,3.9454981394448794,0.0
2022-09-24 04:00:00,0.0,0.0,0.0,0.0,0.0,15.107011293199369,0.0,0.0,0.0,15.107011293199369,0.0,0.0,0.0,0.0,4.032212384267844,4.032212384267844,0.0
2022-09-24 05:00:00,0.0,0.0,0.0,8.171766461472032,59.013799080178615,19.4504413586714,0.0,0.0,0.0,19.4504413586714,0.0,0.0,0.0,0.0,16.132462424822407,16.132462424822407,0.0
2022-09-24 06:00:00,0.0,0.0,0.0,8.171766461472032,36.534774985467145,19.064424357991378,0.0,0.0,0.0,19.064424357991378,0.0,0.0,0.0,0.0,11.972761526347323,11.972761526347323,0.0
2022-09-24 07:00:00,0.0,0.0,0.0,8.171766461472032,6.3782638989573845,32.706898309561794,0.0,0.0,0.0,32.706898309561794,0.0,0.0,0.0,0.0,10.297836789464924,10.297836789464924,0.0
2022-09-24 08:00:00,0.0,0.0,0.0,8.171766461472032,0.0,49.09918831618329,0.0,0.0,0.0,49.09918831618329,0.0,0.0,0.0,0.0,13.57396160189203,13.57396160189203,0.0
2022-09-24 09:00:00,0.0,0.0,0.0,8.171766461472032,0.0,49.09918831618329,0.0,0.0,0.0,49.09918831618329,0.0,0.0,0.0,0.0,13.382474767458918,13.382474767458918,0.0
2022-09-24 10:00:00,0.0,0.0,0.29524576100185934,8.171766461472032,0.0,49.39443407718515,0.0,0.0,0.0,49.39443407718515,0.0,0.0,0.0,0.0,13.529629438081788,13.529629438081788,0.0
2022-09-24 11:00:00,0.0,0.0,1.317632159001941,8.171766461472032,0.0,50.41682047518523,0.0,0.0,0.0,50.41682047518523,0.0,0.0,0.0,0.0,13.795554586624935,13.795554586624935,0.0
2022-09-24 12:00:00,0.0,0.0,3.85140697994661,8.171766461472032,0.0,52.95059529612991,0.0,0.0,0.0,52.95059529612991,0.0,0.0,0.0,0.0,14.708086855406004,14.708086855406004,0.0
2022-09-24 13:00:00,0.0,0.0,4.776697348865643,8.171766461472032,0.0,53.87588566504893,0.0,0.0,0.0,53.87588566504893,0.0,0.0,0.0,0.0,15.10410454619647,15.10410454619647,0.0
2022-09-24 14:00:00,0.0,0.0,4.983975000042538,8.171766461472032,0.0,54.08316331622584,0.0,0.0,0.0,54.08316331622584,0.0,0.0,0.0,0.0,15.074059279498469,15.074059279498469,0.0
2022-09-24 15:00:00,0.0,0.0,3.7049695928577795,8.171766461472032,0.0,52.80415790904109,0.0,0.0,0.0,52.80415790904109,0.0,0.0,0.0,0.0,14.736584389255187,14.736584389255187,0.0
2022-09-24 16:00:00,0.0,0.0,1.190542048101109,8.171766461472032,0.0,50.28973036428442,0.0,0.0,0.0,50.28973036428442,0.0,0.0,0.0,0.0,14.208860417124919,14.208860417124919,0.0
2022-09-24 17:00:00,0.0,0.0,0.04394046214842359,8.171766461472032,0.0,41.12666648490037,0.0,0.0,0.0,41.12666648490037,0.0,0.0,0.0,0.0,11.581680548812795,11.581680548812795,0.0
2022-09-24 18:00:00,0.0,0.0,0.0,8.171766461472032,0.0,48.73939881475194,0.0,0.0,0.0,48.73939881475194,0.0,0.0,0.0,0.0,13.764493619274097,13.764493619274097,0.0
2022-09-24 19:00:00,0.0,0.0,0.0,8.171766461472032,0.0,44.191907497561786,0.0,0.0,0.0,44.191907497561786,0.0,0.0,0.0,0.0,12.49349416863569,12.49349416863569,0.0
2022-09-24 20:00:00,0.0,0.0,0.0,0.0,0.0,22.37766708451935,0.0,0.0,0.0,22.37766708451935,0.0,0.0,0.0,0.0,6.101942260606736,6.101942260606736,0.0
2022-09-24 21:00:00,0.0,0.0,0.0,0.0,0.0,15.107011293199369,0.0,0.0,0.0,15.107011293199369,0.0,0.0,0.0,0.0,3.975410021805414,3.975410021805414,0.0
2022-09-24 22:00:00,0.0,0.0,0.0,0.0,0.0,15.107011293199369,0.0,0.0,0.0,15.107011293199369,0.0,0.0,0.0,0.0,3.6471346664041917,3.6471346664041917,0.0
2022-09-24 23:00:00,0.0,0.0,0.0,0.0,0.0,15.107011293199369,0.0,0.0,0.0,15.107011293199369,0.0,0.0,0.0,0.0,3.699404925478661,3.699404925478661,0.0
2022-09-25 00:00:00,0.0,0.0,0.0,0.0,0.0,15.107011293199369,0.0,0.0,0.0,15.107011293199369,0.0,0.0,0.0,0.0,3.6445664744843476,3.6445664744843476,0.0
2022-09-25 01:00:00,0.0,0.0,0.0,0.0,0.0,15.107011293199369,0.0,0.0,0.0,15.107011293199369,0.0,0.0,0.0,0.0,3.5626864732752073,3.5626864732752073,0.0
2022-09-25 02:00:00,0.0,0.0,0.0,0.0,0.0,15.107011293199369,0.0,0.0,0.0,15.107011293199369,0.0,0.0,0.0,0.0,3.5790020454718627,3.5790020454718627,0.0
2022-09-25 03:00:00,0.0,0.0,0.0,0.0,0.0,15.107011293199369,0.0,0.0,0.0,15.107011293199369,0.0,0.0,0.0,0.0,3.6211506069798887,3.6211506069798887,0.0
2022-09-25 04:00:00,0.0,0.0,0.0,0.0,0.0,15.107011293199369,0.0,0.0,0.0,15.107011293199369,0.0,0.0,0.0,0.0,3.7604372511031863,3.7604372511031863,0.0
2022-09-25 05:00:00,0.0,0.0,0.0,8.171766461472032,91.31187201726465,19.4504413586714,0.0,0.0,0.0,19.4504413586714,0.0,0.0,0.0,0.0,21.4614827983252,21.4614827983252,0.0
2022-09-25 06:00:00,0.0,0.0,0.0,8.171766461472032,70.59444903557683,19.064424357991378,0.0,0.0,0.0,19.064424357991378,0.0,0.0,0.0,0.0,17.59143370727606,17.59143370727606,0.0
2022-09-25 07:00:00,0.0,0.0,0.0,8.171766461472032,41.82172935012745,32.706898309561794,0.0,0.0,0.0,32.706898309561794,0.0,0.0,0.0,0.0,15.886959275611865,15.886959275611865,0.0
2022-09-25 08:00:00,0.0,0.0,0.0,8.171766461472032,3.8254374209591444,49.09918831618329,0.0,0.0,0.0,49.09918831618329,0.0,0.0,0.0,0.0,12.971915532877928,12.971915532877928,0.0
2022-09-25 09:00:00,0.0,0.0,0.0,8.171766461472032,0.0,49.09918831618329,0.0,0.0,0.0,49.09918831618329,0.0,0.0,0.0,0.0,12.217351028715889,12.217351028715889,0.0
2022-09-25 10:00:00,0.0,0.0,0.0,8.171766461472032,0.0,49.09918831618329,0.0,0.0,0.0,49.09918831618329,0.0,0.0,0.0,0.0,12.31211246216612,12.31211246216612,0.0
2022-09-25 11:00:00,0.0,0.0,0.2538276190722917,8.171766461472032,0.0,49.353015935255584,0.0,0.0,0.0,49.353015935255584,0.0,0.0,0.0,0.0,12.54948489201679,12.54948489201679,0.0
2022-09-25 12:00:00,0.0,0.0,2.3741124268939116,8.171766461472032,0.0,51.4733007430772,0.0,0.0,0.0,51.4733007430772,0.0,0.0,0.0,0.0,13.510197246035476,13.510197246035476,0.0
2022-09-25 13:00:00,0.0,0.0,4.658711130614869,8.171766461472032,0.0,53.75789944679816,0.0,0.0,0.0,53.75789944679816,0.0,0.0,0.0,0.0,14.375937470062764,14.375937470062764,0.0
2022-09-25 14:00:00,0.0,0.0,6.084117898226742,8.171766461472032,0.0,55.18330621441004,0.0,0.0,0.0,55.18330621441004,0.0,0.0,0.0,0.0,14.920462334252187,14.920462334252187,0.0
2022-09-25 15:00:00,0.0,0.0,5.843079847701538,8.171766461472032,0.0,54.94226816388484,0.0,0.0,0.0,54.94226816388484,0.0,0.0,0.0,0.0,15.273401126878348,15.273401126878348,0.0
2022-09-25 16:00:00,0.0,0.0,3.9117878742418712,8.171766461472032,0.0,53.01097619042516,0.0,0.0,0.0,53.01097619042516,0.0,0.0,0.0,0.0,14.927890895223726,14.927890895223726,0.0
2022-09-25 17:00:00,0.0,0.0,0.6009279719488392,8.171766461472032,0.0,41.683653994700784,0.0,0.0,0.0,41.683653994700784,0.0,0.0,0.0,0.0,11.719776157150074,11.719776157150074,0.0
2022-09-25 18:00:00,0.0,0.0,0.0,8.171766461472032,0.0,48.73939881475194,0.0,0.0,0.0,48.73939881475194,0.0,0.0,0.0,0.0,13.694308884980854,13.694308884980854,0.0
2022-09-25 19:00:00,0.0,0.0,0.0,8.171766461472032,0.0,44.191907497561786,0.0,0.0,0.0,44.191907497561786,0.0,0.0,0.0,0.0,12.56641081600667,12.56641081600667,0.0
2022-09-25 20:00:00,0.0,0.0,0.0,0.0,0.0,22.37766708451935,0.0,0.0,0.0,22.37766708451935,0.0,0.0,0.0,0.0,6.290809770800079,6.290809770800079,0.0
2022-09-25 21:00:00,0.0,0.0,0.0,0.0,0.0,15.107011293199369,0.0,0.0,0.0,15.107011293199369,0.0,0.0,0.0,0.0,4.171650098504074,4.171650098504074,0.0
2022-09-25 22:00:00,0.0,0.0,0.0,0.0,0.0,15.107011293199369,0.0,0.0,0.0,15.107011293199369,0.0,0.0,0.0,0.0,3.8127075101776566,3.8127075101776566,0.0
2022-09-25 23:00:00,0.0,0.0,0.0,0.0,0.0,15.107011293199369,0.0,0.0,0.0,15.107011293199369,0.0,0.0,0.0,0.0,3.798960129900845,3.798960129900845,0.0
2022-09-26 00:00:00,0.0,0.0,0.0,0.0,0.0,15.107011293199369,0.0,0.0,0.0,15.107011293199369,0.0,0.0,0.0,0.0,3.685204334863054,3.685204334863054,0.0
2022-09-26 01:00:00,0.0,0.0,0.0,0.0,0.0,15.107011293199369,0.0,0.0,0.0,15.107011293199369,0.0,0.0,0.0,0.0,3.631725514885128,3.631725514885128,0.0
2022-09-26 02:00:00,0.0,0.0,0.0,0.0,0.0,15.107011293199369,0.0,0.0,0.0,15.107011293199369,0.0,0.0,0.0,0.0,3.588821602812442,3.588821602812442,0.0
2022-09-26 03:00:00,0.0,0.0,0.0,0.0,0.0,15.107011293199369,0.0,0.0,0.0,15.107011293199369,0.0,0.0,0.0,0.0,3.614050311672085,3.614050311672085,0.0
2022-09-26 04:00:00,0.0,0.0,0.0,0.0,0.0,15.107011293199369,0.0,0.0,0.0,15.107011293199369,0.0,0.0,0.0,0.0,3.7698035981049705,3.7698035981049705,0.0
2022-09-26 05:00:00,0.0,0.0,0.0,8.171766461472032,83.56875325875752,19.4504413586714,0.0,0.0,0.0,19.4504413586714,0.0,0.0,0.0,0.0,20.104286897888468,20.104286897888468,0.0
2022-09-26 06:00:00,0.0,0.0,0.0,8.171766461472032,57.615982084738285,19.064424357991378,0.0,0.0,0.0,19.064424357991378,0.0,0.0,0.0,0.0,15.357603249720533,15.357603249720533,0.0
2022-09-26 07:00:00,0.0,0.0,0.0,8.171766461472032,23.422059641282445,32.706898309561794,0.0,0.0,0.0,32.706898309561794,0.0,0.0,0.0,0.0,12.838035794295738,12.838035794295738,0.0
2022-09-26 08:00:00,0.0,0.0,0.0,8.171766461472032,0.002936183079576684,49.09918831618329,0.0,0.0,0.0,49.09918831618329,0.0,0.0,0.0,0.0,12.870407902417362,12.870407902417362,0.0
2022-09-26 09:00:00,0.0,0.0,0.02797613381914659,8.171766461472032,0.0,49.12716445000243,0.0,0.0,0.0,49.12716445000243,0.0,0.0,0.0,0.0,12.682668774412628,12.682668774412628,0.0
2022-09-26 10:00:00,0.0,0.0,3.4881895529355473,8.171766461472032,0.0,52.58737786911885,0.0,0.0,0.0,52.58737786911885,0.0,0.0,0.0,0.0,13.399263881051485,13.399263881051485,0.0
2022-09-26 11:00:00,0.0,0.0,8.520160313953449,8.171766461472032,0.0,57.61934863013675,0.0,0.0,0.0,57.61934863013675,0.0,0.0,0.0,0.0,15.118164693575281,15.118164693575281,0.0
2022-09-26 12:00:00,0.0,0.0,12.058431556012104,8.171766461472032,0.0,61.15761987219541,0.0,0.0,0.0,61.15761987219541,0.0,0.0,0.0,0.0,16.5553676994033,16.5553676994033,0.0
2022-09-26 13:00:00,0.0,0.0,15.321557091859765,8.171766461472032,0.0,64.42074540804305,0.0,0.0,0.0,64.42074540804305,0.0,0.0,0.0,0.0,17.49603024537041,17.49603024537041,0.0
2022-09-26 14:00:00,0.0,0.0,17.967874585535085,8.171766461472032,0.0,67.06706290171839,0.0,0.0,0.0,67.06706290171839,0.0,0.0,0.0,0.0,18.04975863873947,18.04975863873947,0.0
2022-09-26 15:00:00,0.0,0.0,18.321804713353146,8.171766461472032,0.0,67.42099302953645,0.0,0.0,0.0,67.42099302953645,0.0,0.0,0.0,0.0,18.02500248644657,18.02500248644657,0.0
2022-09-26 16:00:00,0.0,0.0,15.522301151055437,8.171766461472032,0.0,64.62148946723873,0.0,0.0,0.0,64.62148946723873,0.0,0.0,0.0,0.0,17.562182192511468,17.562182192511468,0.0
2022-09-26 17:00:00,0.0,0.0,11.23308353180444,8.171766461472032,0.0,54.22997775255639,0.0,0.0,0.0,54.22997775255639,0.0,0.0,0.0,0.0,14.830814315769121,14.830814315769121,0.0
2022-09-26 18:00:00,0.0,0.0,8.24103528400201,8.171766461472032,0.0,56.98043409875394,0.0,0.0,0.0,56.98043409875394,0.0,0.0,0.0,0.0,15.757939050010403,15.757939050010403,0.0
2022-09-26 19:00:00,0.0,0.0,6.632080748327688,8.171766461472032,0.0,50.82398824588948,0.0,0.0,0.0,50.82398824588948,0.0,0.0,0.0,0.0,14.314068049572313,14.314068049572313,0.0
2022-09-26 20:00:00,0.0,0.0,0.0,0.0,0.0,22.37766708451935,0.0,0.0,0.0,22.37766708451935,0.0,0.0,0.0,0.0,6.116935297553365,6.116935297553365,0.0
2022-09-26 21:00:00,0.0,0.0,0.0,0.0,0.0,15.107011293199369,0.0,0.0,0.0,15.107011293199369,0.0,0.0,0.0,0.0,3.9003281756782133,3.9003281756782133,0.0
2022-09-26 22:00:00,0.0,0.0,0.0,0.0,0.0,15.107011293199369,0.0,0.0,0.0,15.107011293199369,0.0,0.0,0.0,0.0,3.566765366324371,3.566765366324371,0.0
2022-09-26 23:00:00,0.0,0.0,0.0,0.0,0.0,15.107011293199369,0.0,0.0,0.0,15.107011293199369,0.0,0.0,0.0,0.0,3.4385068404451085,3.4385068404451085,0.0
2022-09-27 00:00:00,0.0,0.0,0.0,0.0,0.0,15.107011293199369,0.0,0.0,0.0,15.107011293199369,0.0,0.0,0.0,0.0,3.419925216554473,3.419925216554473,0.0
2022-09-27 01:00:00,0.0,0.0,0.0,0.0,0.0,15.107011293199369,0.0,0.0,0.0,15.107011293199369,0.0,0.0,0.0,0.0,3.3483179830247076,3.3483179830247076,0.0
2022-09-27 02:00:00,0.0,0.0,0.0,0.0,0.0,15.107011293199369,0.0,0.0,0.0,15.107011293199369,0.0,0.0,0.0,0.0,3.314478277727942,3.314478277727942,0.0
2022-09-27 03:00:00,0.0,0.0,0.0,0.0,0.0,15.107011293199369,0.0,0.0,0.0,15.107011293199369,0.0,0.0,0.0,0.0,3.3520947358480075,3.3520947358480075,0.0
2022-09-27 04:00:00,0.0,0.0,0.0,0.0,0.0,15.107011293199369,0.0,0.0,0.0,15.107011293199369,0.0,0.0,0.0,0.0,3.6030221934280493,3.6030221934280493,0.0
2022-09-27 05:00:00,0.0,0.0,0.0,8.171766461472032,0.0,19.4504413586714,0.0,0.0,0.0,19.4504413586714,0.0,0.0,0.0,0.0,4.911430947478116,4.911430947478116,0.0
2022-09-27 06:00:00,0.0,0.0,0.0,8.171766461472032,0.0,19.064424357991378,0.0,0.0,0.0,19.064424357991378,0.0,0.0,0.0,0.0,4.871913644684697,4.871913644684697,0.0
2022-09-27 07:00:00,0.0,0.0,0.0,8.171766461472032,0.0,32.706898309561794,0.0,0.0,0.0,32.706898309561794,0.0,0.0,0.0,0.0,8.297085963169636,8.297085963169636,0.0
2022-09-27 08:00:00,0.0,0.0,1.5339432103201873,8.171766461472032,0.0,50.63313152650348,0.0,0.0,0.0,50.63313152650348,0.0,0.0,0.0,0.0,12.049672640677299,12.049672640677299,0.0
2022-09-27 09:00:00,0.0,0.0,6.794992598210531,8.171766461472032,0.0,55.89418091439382,0.0,0.0,0.0,55.89418091439382,0.0,0.0,0.0,0.0,13.201646590170677,13.201646590170677,0.0
2022-09-27 10:00:00,0.0,0.0,9.401848273990339,8.171766461472032,0.0,58.501036590173634,0.0,0.0,0.0,58.501036590173634,0.0,0.0,0.0,0.0,14.046683895666591,14.046683895666591,0.0
2022-09-27 11:00:00,0.0,0.0,12.003218399988688,8.171766461472032,0.0,61.102406716171984,0.0,0.0,0.0,61.102406716171984,0.0,0.0,0.0,0.0,14.978032958335238,14.978032958335238,0.0
2022-09-27 12:00:00,0.0,0.0,17.696320210220826,8.171766461472032,0.0,66.7955085264041,0.0,0.0,0.0,66.7955085264041,0.0,0.0,0.0,0.0,16.821112912204345,16.821112912204345,0.0
2022-09-27 13:00:00,0.0,0.0,20.972534649575554,8.171766461472032,0.0,70.07172296575885,0.0,0.0,0.0,70.07172296575885,0.0,0.0,0.0,0.0,18.17520350285853,18.17520350285853,0.0
2022-09-27 14:00:00,0.0,0.0,23.965401743857228,8.171766461472032,0.0,73.06459006004053,0.0,0.0,0.0,73.06459006004053,0.0,0.0,0.0,0.0,19.25763400212488,19.25763400212488,0.0
2022-09-27 15:00:00,0.0,0.0,24.78983701604559,8.171766461472032,0.0,73.88902533222887,0.0,0.0,0.0,73.88902533222887,0.0,0.0,0.0,0.0,20.078603743779873,20.078603743779873,0.0
2022-09-27 16:00:00,0.0,0.0,21.181597216976506,8.171766461472032,0.0,70.28078553315979,0.0,0.0,0.0,70.28078553315979,0.0,0.0,0.0,0.0,19.182437603420635,19.182437603420635,0.0
2022-09-27 17:00:00,0.0,0.0,14.567979774358667,8.171766461472032,0.0,57.5648739951106,0.0,0.0,0.0,57.5648739951106,0.0,0.0,0.0,0.0,15.908052928548818,15.908052928548818,0.0
2022-09-27 18:00:00,0.0,0.0,9.245680727967793,8.171766461472032,0.0,57.985079542719745,0.0,0.0,0.0,57.985079542719745,0.0,0.0,0.0,0.0,16.174937938441673,16.174937938441673,0.0
2022-09-27 19:00:00,0.0,0.0,4.975135639301125,8.171766461472032,0.0,49.16704313686291,0.0,0.0,0.0,49.16704313686291,0.0,0.0,0.0,0.0,13.678763071106628,13.678763071106628,0.0
2022-09-27 20:00:00,0.0,0.0,0.0,0.0,0.0,22.37766708451935,0.0,0.0,0.0,22.37766708451935,0.0,0.0,0.0,0.0,6.013998028964575,6.013998028964575,0.0
2022-09-27 21:00:00,0.0,0.0,0.0,0.0,0.0,15.107011293199369,0.0,0.0,0.0,15.107011293199369,0.0,0.0,0.0,0.0,3.819354595146664,3.819354595146664,0.0
2022-09-27 22:00:00,0.0,0.0,0.0,0.0,0.0,15.107011293199369,0.0,0.0,0.0,15.107011293199369,0.0,0.0,0.0,0.0,3.5844405695374144,3.5844405695374144,0.0
2022-09-27 23:00:00,0.0,0.0,0.0,0.0,0.0,15.107011293199369,0.0,0.0,0.0,15.107011293199369,0.0,0.0,0.0,0.0,3.4247594601682967,3.4247594601682967,0.0
2022-09-28 00:00:00,0.0,0.0,0.0,0.0,0.0,15.107011293199369,0.0,0.0,0.0,15.107011293199369,0.0,0.0,0.0,0.0,3.4685697929185753,3.4685697929185753,0.0
2022-09-28 01:00:00,0.0,0.0,0.0,0.0,0.0,15.107011293199369,0.0,0.0,0.0,15.107011293199369,0.0,0.0,0.0,0.0,3.44470071507532,3.44470071507532,0.0
2022-09-28 02:00:00,0.0,0.0,0.0,0.0,0.0,15.107011293199369,0.0,0.0,0.0,15.107011293199369,0.0,0.0,0.0,0.0,3.5288467679784405,3.5288467679784405,0.0
2022-09-28 03:00:00,0.0,0.0,0.0,0.0,0.0,15.107011293199369,0.0,0.0,0.0,15.107011293199369,0.0,0.0,0.0,0.0,3.3966604191629464,3.3966604191629464,0.0
2022-09-28 04:00:00,0.0,0.0,0.0,0.0,0.0,15.107011293199369,0.0,0.0,0.0,15.107011293199369,0.0,0.0,0.0,0.0,3.5502987240147834,3.5502987240147834,0.0
2022-09-28 05:00:00,0.0,0.0,0.0,8.171766461472032,14.689735288862323,19.4504413586714,0.0,0.0,0.0,19.4504413586714,0.0,0.0,0.0,0.0,7.337895413033618,7.337895413033618,0.0
2022-09-28 06:00:00,0.0,0.0,0.0,8.171766461472032,3.5169650107625317,19.064424357991378,0.0,0.0,0.0,19.064424357991378,0.0,0.0,0.0,0.0,5.280565732366668,5.280565732366668,0.0
2022-09-28 07:00:00,0.0,0.0,0.0,8.171766461472032,0.0,32.706898309561794,0.0,0.0,0.0,32.706898309561794,0.0,0.0,0.0,0.0,7.999453188552624,7.999453188552624,0.0
2022-09-28 08:00:00,0.0,0.0,0.18253359512035552,8.171766461472032,0.0,49.28172191130365,0.0,0.0,0.0,49.28172191130365,0.0,0.0,0.0,0.0,12.098169912005933,12.098169912005933,0.0
2022-09-28 09:00:00,0.0,0.0,1.986701557790118,8.171766461472032,0.0,51.08588987397342,0.0,0.0,0.0,51.08588987397342,0.0,0.0,0.0,0.0,12.704039093859711,12.704039093859711,0.0
2022-09-28 10:00:00,0.0,0.0,8.487572082801279,8.171766461472032,0.0,57.586760398984566,0.0,0.0,0.0,57.586760398984566,0.0,0.0,0.0,0.0,14.37250366037857,14.37250366037857,0.0
2022-09-28 11:00:00,0.0,0.0,12.140905459907168,8.171766461472032,0.0,61.24009377609047,0.0,0.0,0.0,61.24009377609047,0.0,0.0,0.0,0.0,15.134876775822999,15.134876775822999,0.0
2022-09-28 12:00:00,0.0,0.0,15.678824438382991,8.171766461472032,0.0,64.77801275456629,0.0,0.0,0.0,64.77801275456629,0.0,0.0,0.0,0.0,16.39661058843582,16.39661058843582,0.0
2022-09-28 13:00:00,0.0,0.0,17.407654162796977,8.171766461472032,0.0,66.50684247898027,0.0,0.0,0.0,66.50684247898027,0.0,0.0,0.0,0.0,17.33700369742058,17.33700369742058,0.0
2022-09-28 14:00:00,0.0,0.0,18.756596458971693,8.171766461472032,0.0,67.85578477515499,0.0,0.0,0.0,67.85578477515499,0.0,0.0,0.0,0.0,18.348204203201906,18.348204203201906,0.0
2022-09-28 15:00:00,0.0,0.0,16.900520293590077,8.171766461472032,0.0,65.99970860977336,0.0,0.0,0.0,65.99970860977336,0.0,0.0,0.0,0.0,18.233739497622086,18.233739497622086,0.0
2022-09-28 16:00:00,0.0,0.0,13.276812565513982,8.171766461472032,0.0,62.37600088169729,0.0,0.0,0.0,62.37600088169729,0.0,0.0,0.0,0.0,17.684843769978816,17.684843769978816,0.0
2022-09-28 17:00:00,0.0,0.0,9.98008503482807,8.171766461472032,0.0,52.97697925558001,0.0,0.0,0.0,52.97697925558001,0.0,0.0,0.0,0.0,15.198565578633348,15.198565578633348,0.0
2022-09-28 18:00:00,0.0,0.0,3.8969437483057736,8.171766461472032,0.0,52.63634256305772,0.0,0.0,0.0,52.63634256305772,0.0,0.0,0.0,0.0,15.238221172005208,15.238221172005208,0.0
2022-09-28 19:00:00,0.0,0.0,0.27747470767907023,8.171766461472032,0.0,44.46938220524086,0.0,0.0,0.0,44.46938220524086,0.0,0.0,0.0,0.0,12.980612665709808,12.980612665709808,0.0
2022-09-28 20:00:00,0.0,0.0,0.0,0.0,0.0,22.37766708451935,0.0,0.0,0.0,22.37766708451935,0.0,0.0,0.0,0.0,6.409411406348032,6.409411406348032,0.0
2022-09-28 21:00:00,0.0,0.0,0.0,0.0,0.0,15.107011293199369,0.0,0.0,0.0,15.107011293199369,0.0,0.0,0.0,0.0,4.2681839006676165,4.2681839006676165,0.0
2022-09-28 22:00:00,0.0,0.0,0.0,0.0,0.0,15.107011293199369,0.0,0.0,0.0,15.107011293199369,0.0,0.0,0.0,0.0,4.204885523349112,4.204885523349112,0.0
2022-09-28 23:00:00,0.0,0.0,0.0,0.0,0.0,14.657592477664597,0.0,0.0,0.0,14.657592477664597,0.0,0.0,0.0,0.0,3.9203196840761727,3.9203196840761727,0.0
2022-09-29 00:00:00,0.0,0.0,0.0,0.0,0.0,14.657592477664597,0.0,0.0,0.0,14.657592477664597,0.0,0.0,0.0,0.0,3.6185198549610593,3.6185198549610593,0.0
2022-09-29 01:00:00,0.0,0.0,0.0,0.0,0.0,14.657592477664597,0.0,0.0,0.0,14.657592477664597,0.0,0.0,0.0,0.0,3.615441760540749,3.615441760540749,0.0
2022-09-29 02:00:00,0.0,0.0,0.0,0.0,0.0,14.657592477664597,0.0,0.0,0.0,14.657592477664597,0.0,0.0,0.0,0.0,3.6281938659963178,3.6281938659963178,0.0
2022-09-29 03:00:00,0.0,0.0,0.0,0.0,0.0,14.657592477664597,0.0,0.0,0.0,14.657592477664597,0.0,0.0,0.0,0.0,3.6150020327664194,3.6150020327664194,0.0
2022-09-29 04:00:00,0.0,0.0,0.0,0.0,0.0,14.657592477664597,0.0,0.0,0.0,14.657592477664597,0.0,0.0,0.0,0.0,3.5597429091256245,3.5597429091256245,0.0
2022-09-29 05:00:00,0.0,0.0,0.0,8.171766461472032,10.608497153684674,19.001022543136635,0.0,0.0,0.0,19.001022543136635,0.0,0.0,0.0,0.0,6.485890554506993,6.485890554506993,0.0
2022-09-29 06:00:00,0.0,0.0,0.0,8.171766461472032,12.984253651948437,14.516933040801234,0.0,0.0,0.0,14.516933040801234,0.0,0.0,0.0,0.0,5.913631193630044,5.913631193630044,0.0
2022-09-29 07:00:00,0.0,0.0,0.0,8.171766461472032,1.7892638002774046,23.611915675181518,0.0,0.0,0.0,23.611915675181518,0.0,0.0,0.0,0.0,6.176023822393631,6.176023822393631,0.0
2022-09-29 08:00:00,0.0,0.0,0.0,8.171766461472032,0.0,37.25438962675194,0.0,0.0,0.0,37.25438962675194,0.0,0.0,0.0,0.0,8.960798336922643,8.960798336922643,0.0
2022-09-29 09:00:00,0.0,0.0,0.0,8.171766461472032,0.0,49.09918831618329,0.0,0.0,0.0,49.09918831618329,0.0,0.0,0.0,0.0,11.723904186138245,11.723904186138245,0.0
2022-09-29 10:00:00,0.0,0.0,0.0,8.171766461472032,0.0,49.09918831618329,0.0,0.0,0.0,49.09918831618329,0.0,0.0,0.0,0.0,11.892314402062754,11.892314402062754,0.0
2022-09-29 11:00:00,0.0,0.0,0.07836619338741323,8.171766461472032,0.0,49.177554509570705,0.0,0.0,0.0,49.177554509570705,0.0,0.0,0.0,0.0,12.22062229562832,12.22062229562832,0.0
2022-09-29 12:00:00,0.0,0.0,1.124741348158987,8.171766461472032,0.0,50.22392966434228,0.0,0.0,0.0,50.22392966434228,0.0,0.0,0.0,0.0,12.421884523881777,12.421884523881777,0.0
2022-09-29 13:00:00,0.0,0.0,1.5569501495729636,8.171766461472032,0.0,50.65613846575626,0.0,0.0,0.0,50.65613846575626,0.0,0.0,0.0,0.0,13.083467442935524,13.083467442935524,0.0
2022-09-29 14:00:00,0.0,0.0,2.606518986943522,8.171766461472032,0.0,51.70570730312682,0.0,0.0,0.0,51.70570730312682,0.0,0.0,0.0,0.0,13.736655259221704,13.736655259221704,0.0
2022-09-29 15:00:00,0.0,0.0,3.4925978212393556,8.171766461472032,0.0,52.59178613742265,0.0,0.0,0.0,52.59178613742265,0.0,0.0,0.0,0.0,14.444859980504507,14.444859980504507,0.0
2022-09-29 16:00:00,0.0,0.0,1.904779133335896,8.171766461472032,0.0,51.00396744951919,0.0,0.0,0.0,51.00396744951919,0.0,0.0,0.0,0.0,14.389749336532848,14.389749336532848,0.0
2022-09-29 17:00:00,0.0,0.0,0.005848648674251896,8.171766461472032,0.0,38.45525155223604,0.0,0.0,0.0,38.45525155223604,0.0,0.0,0.0,0.0,10.740551758539526,10.740551758539526,0.0
2022-09-29 18:00:00,0.0,0.0,0.0,8.171766461472032,0.0,35.096924863181506,0.0,0.0,0.0,35.096924863181506,0.0,0.0,0.0,0.0,9.72816563357665,9.72816563357665,0.0
2022-09-29 19:00:00,0.0,0.0,0.0,8.171766461472032,0.0,35.096924863181506,0.0,0.0,0.0,35.096924863181506,0.0,0.0,0.0,0.0,9.55619070174706,9.55619070174706,0.0
2022-09-29 20:00:00,0.0,0.0,0.0,8.171766461472032,0.0,26.001942228801234,0.0,0.0,0.0,26.001942228801234,0.0,0.0,0.0,0.0,6.977621197098812,6.977621197098812,0.0
2022-09-29 21:00:00,0.0,0.0,0.0,0.0,0.0,14.657592477664597,0.0,0.0,0.0,14.657592477664597,0.0,0.0,0.0,0.0,3.842634443944551,3.842634443944551,0.0
2022-09-29 22:00:00,0.0,0.0,0.0,0.0,0.0,14.657592477664597,0.0,0.0,0.0,14.657592477664597,0.0,0.0,0.0,0.0,3.666303606438246,3.666303606438246,0.0
2022-09-29 23:00:00,0.0,0.0,0.0,0.0,0.0,14.657592477664597,0.0,0.0,0.0,14.657592477664597,0.0,0.0,0.0,0.0,3.560182636899954,3.560182636899954,0.0
2022-09-30 00:00:00,0.0,0.0,0.0,0.0,0.0,14.657592477664597,0.0,0.0,0.0,14.657592477664597,0.0,0.0,0.0,0.0,3.596533466244562,3.596533466244562,0.0
2022-09-30 01:00:00,0.0,0.0,0.0,0.0,0.0,14.657592477664597,0.0,0.0,0.0,14.657592477664597,0.0,0.0,0.0,0.0,3.6040088384081708,3.6040088384081708,0.0
2022-09-30 02:00:00,0.0,0.0,0.0,0.0,0.0,14.657592477664597,0.0,0.0,0.0,14.657592477664597,0.0,0.0,0.0,0.0,3.543912709249746,3.543912709249746,0.0
2022-09-30 03:00:00,0.0,0.0,0.0,0.0,0.0,14.657592477664597,0.0,0.0,0.0,14.657592477664597,0.0,0.0,0.0,0.0,3.643584338097866,3.643584338097866,0.0
2022-09-30 04:00:00,0.0,0.0,0.0,0.0,0.0,14.657592477664597,0.0,0.0,0.0,14.657592477664597,0.0,0.0,0.0,0.0,4.2364839538193975,4.2364839538193975,0.0
2022-09-30 05:00:00,0.0,0.0,0.0,0.0,0.0,12.743424279664602,0.0,0.0,0.0,12.743424279664602,0.0,0.0,0.0,0.0,3.961038568848148,3.961038568848148,0.0
2022-09-30 06:00:00,0.0,0.0,0.0,0.0,0.0,3.1725832896646002,0.0,0.0,0.0,3.1725832896646002,0.0,0.0,0.0,0.0,0.997936073764,0.997936073764,0.0
2022-09-30 07:00:00,0.0,0.0,0.0,8.171766461472032,50.6462571302977,14.516933040801234,0.0,0.0,0.0,14.516933040801234,0.0,0.0,0.0,0.0,13.697955758793043,13.697955758793043,0.0
2022-09-30 08:00:00,0.0,0.0,0.0,8.171766461472032,35.48704440803986,14.516933040801234,0.0,0.0,0.0,14.516933040801234,0.0,0.0,0.0,0.0,10.929337511268542,10.929337511268542,0.0
2022-09-30 09:00:00,0.0,0.0,0.0,8.171766461472032,18.53467441193569,28.15940699237166,0.0,0.0,0.0,28.15940699237166,0.0,0.0,0.0,0.0,12.081234862644616,12.081234862644616,0.0
2022-09-30 10:00:00,0.0,0.0,0.0,8.171766461472032,2.3561155416351216,28.15940699237166,0.0,0.0,0.0,28.15940699237166,0.0,0.0,0.0,0.0,9.227694987001588,9.227694987001588,0.0
2022-09-30 11:00:00,0.0,0.0,0.0,8.171766461472032,0.0,37.25438962675194,0.0,0.0,0.0,37.25438962675194,0.0,0.0,0.0,0.0,11.754877558929039,11.754877558929039,0.0
2022-09-30 12:00:00,0.0,0.0,0.0,8.171766461472032,0.0,37.25438962675194,0.0,0.0,0.0,37.25438962675194,0.0,0.0,0.0,0.0,11.703093957347853,11.703093957347853,0.0
2022-09-30 13:00:00,0.0,0.0,0.0,8.171766461472032,0.0,37.25438962675194,0.0,0.0,0.0,37.25438962675194,0.0,0.0,0.0,0.0,11.73997580307834,11.73997580307834,0.0
2022-09-30 14:00:00,0.0,0.0,0.0,8.171766461472032,0.0,37.25438962675194,0.0,0.0,0.0,37.25438962675194,0.0,0.0,0.0,0.0,11.891601168859218,11.891601168859218,0.0
2022-09-30 15:00:00,0.0,0.0,0.0,8.171766461472032,0.0,37.25438962675194,0.0,0.0,0.0,37.25438962675194,0.0,0.0,0.0,0.0,12.115872594412265,12.115872594412265,0.0
2022-09-30 16:00:00,0.0,0.0,0.0,8.171766461472032,0.0,28.15940699237166,0.0,0.0,0.0,28.15940699237166,0.0,0.0,0.0,0.0,9.159128718338806,9.159128718338806,0.0
2022-09-30 17:00:00,0.0,0.0,0.0,8.171766461472032,0.3586088843643857,24.806928951991377,0.0,0.0,0.0,24.806928951991377,0.0,0.0,0.0,0.0,8.155843694406496,8.155843694406496,0.0
2022-09-30 18:00:00,0.0,0.0,0.0,0.0,0.0,14.657592477664597,0.0,0.0,0.0,14.657592477664597,0.0,0.0,0.0,0.0,4.781306666214191,4.781306666214191,0.0
2022-09-30 19:00:00,0.0,0.0,0.0,0.0,0.0,14.657592477664597,0.0,0.0,0.0,14.657592477664597,0.0,0.0,0.0,0.0,4.785703943957491,4.785703943957491,0.0
2022-09-30 20:00:00,0.0,0.0,0.0,0.0,0.0,14.657592477664597,0.0,0.0,0.0,14.657592477664597,0.0,0.0,0.0,0.0,4.874675530296915,4.874675530296915,0.0
2022-09-30 21:00:00,0.0,0.0,0.0,0.0,0.0,14.657592477664597,0.0,0.0,0.0,14.657592477664597,0.0,0.0,0.0,0.0,4.790540949475121,4.790540949475121,0.0
2022-09-30 22:00:00,0.0,0.0,0.0,0.0,0.0,14.657592477664597,0.0,0.0,0.0,14.657592477664597,0.0,0.0,0.0,0.0,4.620366300809434,4.620366300809434,0.0
2022-09-30 23:00:00,0.0,0.0,0.0,0.0,0.0,15.107011293199369,0.0,0.0,0.0,15.107011293199369,0.0,0.0,0.0,0.0,4.338733643406859,4.338733643406859,0.0
2022-10-01 00:00:00,0.0,0.0,0.0,0.0,0.0,15.107011293199369,0.0,0.0,0.0,15.107011293199369,0.0,0.0,0.0,0.0,4.256098291633059,4.256098291633059,0.0
2022-10-01 01:00:00,0.0,0.0,0.0,0.0,0.0,15.107011293199369,0.0,0.0,0.0,15.107011293199369,0.0,0.0,0.0,0.0,4.26002611456929,4.26002611456929,0.0
2022-10-01 02:00:00,0.0,0.0,0.0,0.0,0.0,15.107011293199369,0.0,0.0,0.0,15.107011293199369,0.0,0.0,0.0,0.0,4.221805375997495,4.221805375997495,0.0
2022-10-01 03:00:00,0.0,0.0,0.0,0.0,0.0,15.107011293199369,0.0,0.0,0.0,15.107011293199369,0.0,0.0,0.0,0.0,4.31380707477308,4.31380707477308,0.0
2022-10-01 04:00:00,0.0,0.0,0.0,0.0,0.0,15.107011293199369,0.0,0.0,0.0,15.107011293199369,0.0,0.0,0.0,0.0,4.394327444965832,4.394327444965832,0.0
2022-10-01 05:00:00,0.0,0.0,0.0,8.171766461472032,81.09668035895629,21.3646095566714,0.0,0.0,0.0,21.3646095566714,0.0,0.0,0.0,0.0,20.83119738268892,20.83119738268892,0.0
2022-10-01 06:00:00,0.0,0.0,0.0,8.171766461472032,58.142086647380914,19.064424357991378,0.0,0.0,0.0,19.064424357991378,0.0,0.0,0.0,0.0,16.08679263672658,16.08679263672658,0.0
2022-10-01 07:00:00,0.0,0.0,0.0,8.171766461472032,31.24216787347297,32.706898309561794,0.0,0.0,0.0,32.706898309561794,0.0,0.0,0.0,0.0,15.276316816684409,15.276316816684409,0.0
2022-10-01 08:00:00,0.0,0.0,0.0,8.171766461472032,2.2697007548512467,49.09918831618329,0.0,0.0,0.0,49.09918831618329,0.0,0.0,0.0,0.0,15.020579003726404,15.020579003726404,0.0
2022-10-01 09:00:00,0.0,0.0,0.0,8.171766461472032,0.0,49.09918831618329,0.0,0.0,0.0,49.09918831618329,0.0,0.0,0.0,0.0,14.686549209136745,14.686549209136745,0.0
2022-10-01 10:00:00,0.0,0.0,0.0,8.171766461472032,0.0,49.09918831618329,0.0,0.0,0.0,49.09918831618329,0.0,0.0,0.0,0.0,14.756761048428887,14.756761048428887,0.0
2022-10-01 11:00:00,0.0,0.0,0.04885961814841812,8.171766461472032,0.0,49.14804793433171,0.0,0.0,0.0,49.14804793433171,0.0,0.0,0.0,0.0,15.017677526814396,15.017677526814396,0.0
2022-10-01 12:00:00,0.0,0.0,0.6222918056048893,8.171766461472032,0.0,49.72148012178819,0.0,0.0,0.0,49.72148012178819,0.0,0.0,0.0,0.0,15.42260870417626,15.42260870417626,0.0
2022-10-01 13:00:00,0.0,0.0,1.372546937870554,8.171766461472032,0.0,50.471735254053854,0.0,0.0,0.0,50.471735254053854,0.0,0.0,0.0,0.0,15.628572821417775,15.628572821417775,0.0
2022-10-01 14:00:00,0.0,0.0,2.5732548229807786,8.171766461472032,0.0,51.672443139164066,0.0,0.0,0.0,51.672443139164066,0.0,0.0,0.0,0.0,16.12800295259589,16.12800295259589,0.0
2022-10-01 15:00:00,0.0,0.0,1.3569168888783172,8.171766461472032,0.0,50.45610520506161,0.0,0.0,0.0,50.45610520506161,0.0,0.0,0.0,0.0,15.563690211553302,15.563690211553302,0.0
2022-10-01 16:00:00,0.0,0.0,0.15957421062343544,8.171766461472032,0.0,49.258762526806734,0.0,0.0,0.0,49.258762526806734,0.0,0.0,0.0,0.0,15.218002095031672,15.218002095031672,0.0
2022-10-01 17:00:00,0.0,0.0,0.0,8.171766461472032,0.0,42.99689422075194,0.0,0.0,0.0,42.99689422075194,0.0,0.0,0.0,0.0,13.412881152163568,13.412881152163568,0.0
2022-10-01 18:00:00,0.0,0.0,0.0,8.171766461472032,0.0,48.73939881475194,0.0,0.0,0.0,48.73939881475194,0.0,0.0,0.0,0.0,15.138457271861954,15.138457271861954,0.0
2022-10-01 19:00:00,0.0,0.0,0.0,8.171766461472032,0.7112562430056529,44.191907497561786,0.0,0.0,0.0,44.191907497561786,0.0,0.0,0.0,0.0,14.55230058829989,14.55230058829989,0.0
2022-10-01 20:00:00,0.0,0.0,0.0,0.0,0.0,22.37766708451935,0.0,0.0,0.0,22.37766708451935,0.0,0.0,0.0,0.0,7.224853594907918,7.224853594907918,0.0
2022-10-01 21:00:00,0.0,0.0,0.0,0.0,0.0,15.107011293199369,0.0,0.0,0.0,15.107011293199369,0.0,0.0,0.0,0.0,4.630450031478539,4.630450031478539,0.0
2022-10-01 22:00:00,0.0,0.0,0.0,0.0,0.0,15.107011293199369,0.0,0.0,0.0,15.107011293199369,0.0,0.0,0.0,0.0,4.472279623238742,4.472279623238742,0.0
2022-10-01 23:00:00,0.0,0.0,0.0,0.0,0.0,15.107011293199369,0.0,0.0,0.0,15.107011293199369,0.0,0.0,0.0,0.0,4.541016524622798,4.541016524622798,0.0
2022-10-02 00:00:00,0.0,0.0,0.0,0.0,0.0,15.107011293199369,0.0,0.0,0.0,15.107011293199369,0.0,0.0,0.0,0.0,4.515636745650223,4.515636745650223,0.0
2022-10-02 01:00:00,0.0,0.0,0.0,0.0,0.0,15.107011293199369,0.0,0.0,0.0,15.107011293199369,0.0,0.0,0.0,0.0,4.388737850787349,4.388737850787349,0.0
2022-10-02 02:00:00,0.0,0.0,0.0,0.0,0.0,15.107011293199369,0.0,0.0,0.0,15.107011293199369,0.0,0.0,0.0,0.0,4.382543976157137,4.382543976157137,0.0
2022-10-02 03:00:00,0.0,0.0,0.0,0.0,0.0,15.107011293199369,0.0,0.0,0.0,15.107011293199369,0.0,0.0,0.0,0.0,4.439346338619567,4.439346338619567,0.0
2022-10-02 04:00:00,0.0,0.0,0.0,0.0,0.0,15.107011293199369,0.0,0.0,0.0,15.107011293199369,0.0,0.0,0.0,0.0,4.528628775362375,4.528628775362375,0.0
2022-10-02 05:00:00,0.0,0.0,0.0,8.171766461472032,95.57586214548687,21.3646095566714,0.0,0.0,0.0,21.3646095566714,0.0,0.0,0.0,0.0,24.04472132472781,24.04472132472781,0.0
2022-10-02 06:00:00,0.0,0.0,0.0,8.171766461472032,65.97601001606853,19.064424357991378,0.0,0.0,0.0,19.064424357991378,0.0,0.0,0.0,0.0,18.037388925473323,18.037388925473323,0.0
2022-10-02 07:00:00,0.0,0.0,0.0,8.171766461472032,35.78142044077069,32.706898309561794,0.0,0.0,0.0,32.706898309561794,0.0,0.0,0.0,0.0,16.730087362307337,16.730087362307337,0.0
2022-10-02 08:00:00,0.0,0.0,0.0,8.171766461472032,2.5501100682963345,49.09918831618329,0.0,0.0,0.0,49.09918831618329,0.0,0.0,0.0,0.0,15.770730250239774,15.770730250239774,0.0
2022-10-02 09:00:00,0.0,0.0,0.0,8.171766461472032,0.0,49.09918831618329,0.0,0.0,0.0,49.09918831618329,0.0,0.0,0.0,0.0,15.28752327412683,15.28752327412683,0.0
2022-10-02 10:00:00,0.0,0.0,0.0,8.171766461472032,0.0,49.09918831618329,0.0,0.0,0.0,49.09918831618329,0.0,0.0,0.0,0.0,15.406343309851989,15.406343309851989,0.0
2022-10-02 11:00:00,0.0,0.0,0.893537475829693,8.171766461472032,0.0,49.99272579201299,0.0,0.0,0.0,49.99272579201299,0.0,0.0,0.0,0.0,15.784203314312261,15.784203314312261,0.0
2022-10-02 12:00:00,0.0,0.0,4.075362217262749,8.171766461472032,0.0,53.17455053344605,0.0,0.0,0.0,53.17455053344605,0.0,0.0,0.0,0.0,16.720737415242112,16.720737415242112,0.0
2022-10-02 13:00:00,0.0,0.0,5.207302863218057,8.171766461472032,0.0,54.30649117940134,0.0,0.0,0.0,54.30649117940134,0.0,0.0,0.0,0.0,17.387309280908926,17.387309280908926,0.0
2022-10-02 14:00:00,0.0,0.0,5.127903579829102,8.171766461472032,0.0,54.227091896012396,0.0,0.0,0.0,54.227091896012396,0.0,0.0,0.0,0.0,17.54246422836001,17.54246422836001,0.0
2022-10-02 15:00:00,0.0,0.0,3.4319342371132717,8.171766461472032,0.0,52.53112255329657,0.0,0.0,0.0,52.53112255329657,0.0,0.0,0.0,0.0,16.88928121211038,16.88928121211038,0.0
2022-10-02 16:00:00,0.0,0.0,1.3067232796643482,8.171766461472032,0.0,50.40591159584764,0.0,0.0,0.0,50.40591159584764,0.0,0.0,0.0,0.0,16.302783987445004,16.302783987445004,0.0
2022-10-02 17:00:00,0.0,0.0,0.0672782931158942,8.171766461472032,0.0,44.97834071186784,0.0,0.0,0.0,44.97834071186784,0.0,0.0,0.0,0.0,14.569384123388232,14.569384123388232,0.0
2022-10-02 18:00:00,0.0,0.0,0.0,8.171766461472032,0.0,48.73939881475194,0.0,0.0,0.0,48.73939881475194,0.0,0.0,0.0,0.0,15.68287635662273,15.68287635662273,0.0
2022-10-02 19:00:00,0.0,0.0,0.0,8.171766461472032,0.0,44.191907497561786,0.0,0.0,0.0,44.191907497561786,0.0,0.0,0.0,0.0,13.820135231712499,13.820135231712499,0.0
2022-10-02 20:00:00,0.0,0.0,0.0,0.0,0.0,22.37766708451935,0.0,0.0,0.0,22.37766708451935,0.0,0.0,0.0,0.0,6.8639018248346195,6.8639018248346195,0.0
2022-10-02 21:00:00,0.0,0.0,0.0,0.0,0.0,15.107011293199369,0.0,0.0,0.0,15.107011293199369,0.0,0.0,0.0,0.0,4.497659402211316,4.497659402211316,0.0
2022-10-02 22:00:00,0.0,0.0,0.0,0.0,0.0,15.107011293199369,0.0,0.0,0.0,15.107011293199369,0.0,0.0,0.0,0.0,4.435267445570402,4.435267445570402,0.0
2022-10-02 23:00:00,0.0,0.0,0.0,0.0,0.0,15.107011293199369,0.0,0.0,0.0,15.107011293199369,0.0,0.0,0.0,0.0,4.316677406918788,4.316677406918788,0.0
2022-10-03 00:00:00,0.0,0.0,0.0,0.0,0.0,15.107011293199369,0.0,0.0,0.0,15.107011293199369,0.0,0.0,0.0,0.0,4.436324936360927,4.436324936360927,0.0
2022-10-03 01:00:00,0.0,0.0,0.0,0.0,0.0,15.107011293199369,0.0,0.0,0.0,15.107011293199369,0.0,0.0,0.0,0.0,4.461855785446434,4.461855785446434,0.0
2022-10-03 02:00:00,0.0,0.0,0.0,0.0,0.0,15.107011293199369,0.0,0.0,0.0,15.107011293199369,0.0,0.0,0.0,0.0,4.490559106903513,4.490559106903513,0.0
2022-10-03 03:00:00,0.0,0.0,0.0,0.0,0.0,15.107011293199369,0.0,0.0,0.0,15.107011293199369,0.0,0.0,0.0,0.0,4.621234754589686,4.621234754589686,0.0
2022-10-03 04:00:00,0.0,0.0,0.0,0.0,0.0,15.107011293199369,0.0,0.0,0.0,15.107011293199369,0.0,0.0,0.0,0.0,4.728796674997266,4.728796674997266,0.0
2022-10-03 05:00:00,0.0,0.0,0.0,8.171766461472032,35.48696851188643,21.3646095566714,0.0,0.0,0.0,21.3646095566714,0.0,0.0,0.0,0.0,13.069302200273798,13.069302200273798,0.0
2022-10-03 06:00:00,0.0,0.0,0.0,8.171766461472032,22.262097446390914,19.064424357991378,0.0,0.0,0.0,19.064424357991378,0.0,0.0,0.0,0.0,10.009208719477318,10.009208719477318,0.0
2022-10-03 07:00:00,0.0,0.0,0.0,8.171766461472032,11.445529574977614,32.706898309561794,0.0,0.0,0.0,32.706898309561794,0.0,0.0,0.0,0.0,12.415776344558367,12.415776344558367,0.0
2022-10-03 08:00:00,0.0,0.0,0.0,8.171766461472032,0.20276736714796967,49.09918831618329,0.0,0.0,0.0,49.09918831618329,0.0,0.0,0.0,0.0,15.543014002441199,15.543014002441199,0.0
2022-10-03 09:00:00,0.0,0.0,0.0,8.171766461472032,0.0,49.09918831618329,0.0,0.0,0.0,49.09918831618329,0.0,0.0,0.0,0.0,15.610104941364153,15.610104941364153,0.0
2022-10-03 10:00:00,0.0,0.0,0.0,8.171766461472032,0.0,49.09918831618329,0.0,0.0,0.0,49.09918831618329,0.0,0.0,0.0,0.0,15.508960613432814,15.508960613432814,0.0
2022-10-03 11:00:00,0.0,0.0,0.0,8.171766461472032,0.0,49.09918831618329,0.0,0.0,0.0,49.09918831618329,0.0,0.0,0.0,0.0,15.432365879659567,15.432365879659567,0.0
2022-10-03 12:00:00,0.0,0.0,0.0,8.171766461472032,0.0,49.09918831618329,0.0,0.0,0.0,49.09918831618329,0.0,0.0,0.0,0.0,15.53694715077304,15.53694715077304,0.0
2022-10-03 13:00:00,0.0,0.0,0.16891976189816166,8.171766461472032,0.0,49.268108078081454,0.0,0.0,0.0,49.268108078081454,0.0,0.0,0.0,0.0,15.60715127697464,15.60715127697464,0.0
2022-10-03 14:00:00,0.0,0.0,0.4912978414540113,8.171766461472032,0.0,49.59048615763731,0.0,0.0,0.0,49.59048615763731,0.0,0.0,0.0,0.0,15.76233602520502,15.76233602520502,0.0
2022-10-03 15:00:00,0.0,0.0,0.09139939515483167,8.171766461472032,0.0,49.190587711338125,0.0,0.0,0.0,49.190587711338125,0.0,0.0,0.0,0.0,15.504873246613776,15.504873246613776,0.0
2022-10-03 16:00:00,0.0,0.0,0.0,8.171766461472032,0.0,49.09918831618329,0.0,0.0,0.0,49.09918831618329,0.0,0.0,0.0,0.0,15.508960613432814,15.508960613432814,0.0
2022-10-03 17:00:00,0.0,0.0,0.0,8.171766461472032,0.0,44.91106241875194,0.0,0.0,0.0,44.91106241875194,0.0,0.0,0.0,0.0,14.076025183285234,14.076025183285234,0.0
2022-10-03 18:00:00,0.0,0.0,0.0,8.171766461472032,0.0,48.73939881475194,0.0,0.0,0.0,48.73939881475194,0.0,0.0,0.0,0.0,15.325129169322452,15.325129169322452,0.0
2022-10-03 19:00:00,0.0,0.0,0.0,8.171766461472032,4.594303074190727,44.191907497561786,0.0,0.0,0.0,44.191907497561786,0.0,0.0,0.0,0.0,14.619942420146241,14.619942420146241,0.0
2022-10-03 20:00:00,0.0,0.0,0.0,0.0,0.0,22.37766708451935,0.0,0.0,0.0,22.37766708451935,0.0,0.0,0.0,0.0,6.752461042753714,6.752461042753714,0.0
2022-10-03 21:00:00,0.0,0.0,0.0,0.0,0.0,15.107011293199369,0.0,0.0,0.0,15.107011293199369,0.0,0.0,0.0,0.0,4.376652241752788,4.376652241752788,0.0
2022-10-03 22:00:00,0.0,0.0,0.0,0.0,0.0,15.107011293199369,0.0,0.0,0.0,15.107011293199369,0.0,0.0,0.0,0.0,4.161226260711766,4.161226260711766,0.0
2022-10-03 23:00:00,0.0,0.0,0.0,0.0,0.0,15.107011293199369,0.0,0.0,0.0,15.107011293199369,0.0,0.0,0.0,0.0,4.122099101462379,4.122099101462379,0.0
2022-10-04 00:00:00,0.0,0.0,0.0,0.0,0.0,15.107011293199369,0.0,0.0,0.0,15.107011293199369,0.0,0.0,0.0,0.0,4.066656370016338,4.066656370016338,0.0
2022-10-04 01:00:00,0.0,0.0,0.0,0.0,0.0,15.107011293199369,0.0,0.0,0.0,15.107011293199369,0.0,0.0,0.0,0.0,4.154125965403963,4.154125965403963,0.0
2022-10-04 02:00:00,0.0,0.0,0.0,0.0,0.0,15.107011293199369,0.0,0.0,0.0,15.107011293199369,0.0,0.0,0.0,0.0,4.252170468696827,4.252170468696827,0.0
2022-10-04 03:00:00,0.0,0.0,0.0,0.0,0.0,15.107011293199369,0.0,0.0,0.0,15.107011293199369,0.0,0.0,0.0,0.0,4.298246853141085,4.298246853141085,0.0
2022-10-04 04:00:00,0.0,0.0,0.0,0.0,0.0,15.107011293199369,0.0,0.0,0.0,15.107011293199369,0.0,0.0,0.0,0.0,4.425296818116891,4.425296818116891,0.0
2022-10-04 05:00:00,0.0,0.0,0.0,8.171766461472032,97.2343347490188,21.3646095566714,0.0,0.0,0.0,21.3646095566714,0.0,0.0,0.0,0.0,23.741275306486695,23.741275306486695,0.0
2022-10-04 06:00:00,0.0,0.0,0.0,8.171766461472032,70.83396418501309,19.064424357991378,0.0,0.0,0.0,19.064424357991378,0.0,0.0,0.0,0.0,18.204394153179464,18.204394153179464,0.0
2022-10-04 07:00:00,0.0,0.0,0.0,8.171766461472032,53.08504955119122,32.706898309561794,0.0,0.0,0.0,32.706898309561794,0.0,0.0,0.0,0.0,18.81632685954549,18.81632685954549,0.0
2022-10-04 08:00:00,0.0,0.0,0.0,8.171766461472032,25.64413947400928,49.09918831618329,0.0,0.0,0.0,49.09918831618329,0.0,0.0,0.0,0.0,18.502488387759247,18.502488387759247,0.0
2022-10-04 09:00:00,0.0,0.0,0.0,8.171766461472032,11.71249326992244,49.09918831618329,0.0,0.0,0.0,49.09918831618329,0.0,0.0,0.0,0.0,15.921913912571684,15.921913912571684,0.0
2022-10-04 10:00:00,0.0,0.0,0.0,8.171766461472032,1.7419524585757877,49.09918831618329,0.0,0.0,0.0,49.09918831618329,0.0,0.0,0.0,0.0,13.885145904013097,13.885145904013097,0.0
2022-10-04 11:00:00,0.0,0.0,0.0,8.171766461472032,0.10933442105554662,49.09918831618329,0.0,0.0,0.0,49.09918831618329,0.0,0.0,0.0,0.0,13.313781936277966,13.313781936277966,0.0
2022-10-04 12:00:00,0.0,0.0,0.0,8.171766461472032,0.0,49.09918831618329,0.0,0.0,0.0,49.09918831618329,0.0,0.0,0.0,0.0,13.272001593747504,13.272001593747504,0.0
2022-10-04 13:00:00,0.0,0.0,0.0,8.171766461472032,0.0,49.09918831618329,0.0,0.0,0.0,49.09918831618329,0.0,0.0,0.0,0.0,13.131577915163218,13.131577915163218,0.0
2022-10-04 14:00:00,0.0,0.0,0.0,8.171766461472032,0.0,49.09918831618329,0.0,0.0,0.0,49.09918831618329,0.0,0.0,0.0,0.0,13.11046526418726,13.11046526418726,0.0
2022-10-04 15:00:00,0.0,0.0,0.0,8.171766461472032,0.0,49.09918831618329,0.0,0.0,0.0,49.09918831618329,0.0,0.0,0.0,0.0,13.61913285514292,13.61913285514292,0.0
2022-10-04 16:00:00,0.0,0.0,0.0,8.171766461472032,0.0,49.09918831618329,0.0,0.0,0.0,49.09918831618329,0.0,0.0,0.0,0.0,13.980502881150029,13.980502881150029,0.0
2022-10-04 17:00:00,0.0,0.0,0.0,8.171766461472032,0.0,44.91106241875194,0.0,0.0,0.0,44.91106241875194,0.0,0.0,0.0,0.0,12.974356822153247,12.974356822153247,0.0
2022-10-04 18:00:00,0.0,0.0,0.0,8.171766461472032,1.4384188605551531,48.73939881475194,0.0,0.0,0.0,48.73939881475194,0.0,0.0,0.0,0.0,14.312018771772577,14.312018771772577,0.0
2022-10-04 19:00:00,0.0,0.0,0.0,8.171766461472032,5.937527641860927,44.191907497561786,0.0,0.0,0.0,44.191907497561786,0.0,0.0,0.0,0.0,13.870566074635672,13.870566074635672,0.0
2022-10-04 20:00:00,0.0,0.0,0.0,0.0,0.0,22.37766708451935,0.0,0.0,0.0,22.37766708451935,0.0,0.0,0.0,0.0,6.394865922743094,6.394865922743094,0.0
2022-10-04 21:00:00,0.0,0.0,0.0,0.0,0.0,15.107011293199369,0.0,0.0,0.0,15.107011293199369,0.0,0.0,0.0,0.0,4.248997996325254,4.248997996325254,0.0
2022-10-04 22:00:00,0.0,0.0,0.0,0.0,0.0,15.107011293199369,0.0,0.0,0.0,15.107011293199369,0.0,0.0,0.0,0.0,4.151859913709982,4.151859913709982,0.0
2022-10-04 23:00:00,0.0,0.0,0.0,0.0,0.0,15.107011293199369,0.0,0.0,0.0,15.107011293199369,0.0,0.0,0.0,0.0,3.9717843390950467,3.9717843390950467,0.0
2022-10-05 00:00:00,0.0,0.0,0.0,0.0,0.0,15.107011293199369,0.0,0.0,0.0,15.107011293199369,0.0,0.0,0.0,0.0,3.9551666266725265,3.9551666266725265,0.0
2022-10-05 01:00:00,0.0,0.0,0.0,0.0,0.0,15.107011293199369,0.0,0.0,0.0,15.107011293199369,0.0,0.0,0.0,0.0,3.999128029535737,3.999128029535737,0.0
2022-10-05 02:00:00,0.0,0.0,0.0,0.0,0.0,15.107011293199369,0.0,0.0,0.0,15.107011293199369,0.0,0.0,0.0,0.0,4.138716813884899,4.138716813884899,0.0
2022-10-05 03:00:00,0.0,0.0,0.0,0.0,0.0,15.107011293199369,0.0,0.0,0.0,15.107011293199369,0.0,0.0,0.0,0.0,4.233588844806191,4.233588844806191,0.0
2022-10-05 04:00:00,0.0,0.0,0.0,0.0,0.0,15.107011293199369,0.0,0.0,0.0,15.107011293199369,0.0,0.0,0.0,0.0,4.332388698663714,4.332388698663714,0.0
2022-10-05 05:00:00,0.0,0.0,0.0,8.171766461472032,50.09476654688819,21.3646095566714,0.0,0.0,0.0,21.3646095566714,0.0,0.0,0.0,0.0,15.237753073278391,15.237753073278391,0.0
2022-10-05 06:00:00,0.0,0.0,0.0,8.171766461472032,34.78233349392564,19.064424357991378,0.0,0.0,0.0,19.064424357991378,0.0,0.0,0.0,0.0,11.880668763556955,11.880668763556955,0.0
2022-10-05 07:00:00,0.0,0.0,0.0,8.171766461472032,20.151067048941627,32.706898309561794,0.0,0.0,0.0,32.706898309561794,0.0,0.0,0.0,0.0,13.298656590228399,13.298656590228399,0.0
2022-10-05 08:00:00,0.0,0.0,0.0,8.171766461472032,0.9480503295783232,49.09918831618329,0.0,0.0,0.0,49.09918831618329,0.0,0.0,0.0,0.0,14.48261925672761,14.48261925672761,0.0
2022-10-05 09:00:00,0.0,0.0,0.0,8.171766461472032,0.0,49.09918831618329,0.0,0.0,0.0,49.09918831618329,0.0,0.0,0.0,0.0,13.942205514263406,13.942205514263406,0.0
2022-10-05 10:00:00,0.0,0.0,0.0,8.171766461472032,0.0,49.09918831618329,0.0,0.0,0.0,49.09918831618329,0.0,0.0,0.0,0.0,14.062989517521217,14.062989517521217,0.0
2022-10-05 11:00:00,0.0,0.0,0.0,8.171766461472032,0.0,49.09918831618329,0.0,0.0,0.0,49.09918831618329,0.0,0.0,0.0,0.0,14.003579499658633,14.003579499658633,0.0
2022-10-05 12:00:00,0.0,0.0,0.0,8.171766461472032,0.0,49.09918831618329,0.0,0.0,0.0,49.09918831618329,0.0,0.0,0.0,0.0,14.133201356813363,14.133201356813363,0.0
2022-10-05 13:00:00,0.0,0.0,0.0,8.171766461472032,0.0,49.09918831618329,0.0,0.0,0.0,49.09918831618329,0.0,0.0,0.0,0.0,14.405701851968177,14.405701851968177,0.0
2022-10-05 14:00:00,0.0,0.0,0.0,8.171766461472032,0.0,49.09918831618329,0.0,0.0,0.0,49.09918831618329,0.0,0.0,0.0,0.0,14.543179579253488,14.543179579253488,0.0
2022-10-05 15:00:00,0.0,0.0,0.0,8.171766461472032,0.687572164906381,49.09918831618329,0.0,0.0,0.0,49.09918831618329,0.0,0.0,0.0,0.0,15.009689566726445,15.009689566726445,0.0
2022-10-05 16:00:00,0.0,0.0,0.0,8.171766461472032,5.165049180850698,49.09918831618329,0.0,0.0,0.0,49.09918831618329,0.0,0.0,0.0,0.0,16.18361407813009,16.18361407813009,0.0
2022-10-05 17:00:00,0.0,0.0,0.0,8.171766461472032,12.052843497557669,44.91106241875194,0.0,0.0,0.0,44.91106241875194,0.0,0.0,0.0,0.0,16.071889724110502,16.071889724110502,0.0
2022-10-05 18:00:00,0.0,0.0,0.0,8.171766461472032,22.21384589481124,48.73939881475194,0.0,0.0,0.0,48.73939881475194,0.0,0.0,0.0,0.0,18.94896055692943,18.94896055692943,0.0
2022-10-05 19:00:00,0.0,0.0,0.0,8.171766461472032,26.259603198728296,44.191907497561786,0.0,0.0,0.0,44.191907497561786,0.0,0.0,0.0,0.0,18.405889720021968,18.405889720021968,0.0
2022-10-05 20:00:00,0.0,0.0,0.0,0.0,0.0,22.37766708451935,0.0,0.0,0.0,22.37766708451935,0.0,0.0,0.0,0.0,6.9359579128467725,6.9359579128467725,0.0
2022-10-05 21:00:00,0.0,0.0,0.0,0.0,0.0,15.107011293199369,0.0,0.0,0.0,15.107011293199369,0.0,0.0,0.0,0.0,4.585431137824804,4.585431137824804,0.0
2022-10-05 22:00:00,0.0,0.0,0.0,0.0,0.0,15.107011293199369,0.0,0.0,0.0,15.107011293199369,0.0,0.0,0.0,0.0,4.451885157992922,4.451885157992922,0.0
2022-10-05 23:00:00,0.0,0.0,0.0,0.0,0.0,14.657592477664597,0.0,0.0,0.0,14.657592477664597,0.0,0.0,0.0,0.0,4.31416919395102,4.31416919395102,0.0
2022-10-06 00:00:00,0.0,0.0,0.0,0.0,0.0,14.657592477664597,0.0,0.0,0.0,14.657592477664597,0.0,0.0,0.0,0.0,4.202038611496887,4.202038611496887,0.0
2022-10-06 01:00:00,0.0,0.0,0.0,0.0,0.0,14.657592477664597,0.0,0.0,0.0,14.657592477664597,0.0,0.0,0.0,0.0,4.080966897631377,4.080966897631377,0.0
2022-10-06 02:00:00,0.0,0.0,0.0,0.0,0.0,14.657592477664597,0.0,0.0,0.0,14.657592477664597,0.0,0.0,0.0,0.0,4.014714579632333,4.014714579632333,0.0
2022-10-06 03:00:00,0.0,0.0,0.0,0.0,0.0,14.657592477664597,0.0,0.0,0.0,14.657592477664597,0.0,0.0,0.0,0.0,3.9557910578721214,3.9557910578721214,0.0
2022-10-06 04:00:00,0.0,0.0,0.0,0.0,0.0,14.657592477664597,0.0,0.0,0.0,14.657592477664597,0.0,0.0,0.0,0.0,3.8735619640724233,3.8735619640724233,0.0
2022-10-06 05:00:00,0.0,0.0,0.0,8.171766461472032,86.92622842418355,20.915190741136634,0.0,0.0,0.0,20.915190741136634,0.0,0.0,0.0,0.0,21.218099744880465,21.218099744880465,0.0
2022-10-06 06:00:00,0.0,0.0,0.0,8.171766461472032,68.52028816199828,14.516933040801234,0.0,0.0,0.0,14.516933040801234,0.0,0.0,0.0,0.0,16.170737936326976,16.170737936326976,0.0
2022-10-06 07:00:00,0.0,0.0,0.0,8.171766461472032,53.73330451797042,23.611915675181518,0.0,0.0,0.0,23.611915675181518,0.0,0.0,0.0,0.0,15.8076627077508,15.8076627077508,0.0
2022-10-06 08:00:00,0.0,0.0,0.0,8.171766461472034,24.84523767072145,37.25438962675194,0.0,0.0,0.0,37.25438962675194,0.0,0.0,0.0,0.0,14.330534282764955,14.330534282764955,0.0
2022-10-06 09:00:00,0.0,0.0,0.0,8.171766461472032,7.658012013607798,49.09918831618329,0.0,0.0,0.0,49.09918831618329,0.0,0.0,0.0,0.0,14.38373024366249,14.38373024366249,0.0
2022-10-06 10:00:00,0.0,0.0,0.0,8.171766461472032,1.6898279586858673,49.09918831618329,0.0,0.0,0.0,49.09918831618329,0.0,0.0,0.0,0.0,13.673472210359654,13.673472210359654,0.0
2022-10-06 11:00:00,0.0,0.0,0.0,8.171766461472032,1.8613531974090518,49.09918831618329,0.0,0.0,0.0,49.09918831618329,0.0,0.0,0.0,0.0,13.843306103557898,13.843306103557898,0.0
2022-10-06 12:00:00,0.0,0.0,0.0,8.171766461472032,3.3406581825730757,49.09918831618329,0.0,0.0,0.0,49.09918831618329,0.0,0.0,0.0,0.0,14.524543720012222,14.524543720012222,0.0
2022-10-06 13:00:00,0.0,0.0,0.0,8.171766461472032,3.0980567900366127,49.09918831618329,0.0,0.0,0.0,49.09918831618329,0.0,0.0,0.0,0.0,14.446002815116435,14.446002815116435,0.0
2022-10-06 14:00:00,0.0,0.0,0.0,8.171766461472032,4.033690270251224,49.09918831618329,0.0,0.0,0.0,49.09918831618329,0.0,0.0,0.0,0.0,14.460292559377011,14.460292559377011,0.0
2022-10-06 15:00:00,0.0,0.0,0.0,8.171766461472032,5.805973803753466,49.09918831618329,0.0,0.0,0.0,49.09918831618329,0.0,0.0,0.0,0.0,14.874154376965203,14.874154376965203,0.0
2022-10-06 16:00:00,0.0,0.0,0.0,8.171766461472032,11.197987006534074,49.09918831618329,0.0,0.0,0.0,49.09918831618329,0.0,0.0,0.0,0.0,15.911763483154546,15.911763483154546,0.0
2022-10-06 17:00:00,0.0,0.0,0.0,8.171766461472032,31.179859026455365,40.36357110156179,0.0,0.0,0.0,40.36357110156179,0.0,0.0,0.0,0.0,17.13572790073112,17.13572790073112,0.0
2022-10-06 18:00:00,0.0,0.0,0.0,8.171766461472032,39.38745318680326,35.096924863181506,0.0,0.0,0.0,35.096924863181506,0.0,0.0,0.0,0.0,17.109442520954516,17.109442520954516,0.0
2022-10-06 19:00:00,0.0,0.0,0.0,8.171766461472032,42.7204628239327,35.096924863181506,0.0,0.0,0.0,35.096924863181506,0.0,0.0,0.0,0.0,17.609526050512063,17.609526050512063,0.0
2022-10-06 20:00:00,0.0,0.0,0.0,8.171766461472032,52.369432469967236,26.001942228801234,0.0,0.0,0.0,26.001942228801234,0.0,0.0,0.0,0.0,16.723982895525197,16.723982895525197,0.0
2022-10-06 21:00:00,0.0,0.0,0.0,0.0,0.0,14.657592477664597,0.0,0.0,0.0,14.657592477664597,0.0,0.0,0.0,0.0,4.0551695348706875,4.0551695348706875,0.0
2022-10-06 22:00:00,0.0,0.0,0.0,0.0,0.0,14.657592477664597,0.0,0.0,0.0,14.657592477664597,0.0,0.0,0.0,0.0,4.0303982035834345,4.0303982035834345,0.0
2022-10-06 23:00:00,0.0,0.0,0.0,0.0,0.0,14.657592477664597,0.0,0.0,0.0,14.657592477664597,0.0,0.0,0.0,0.0,4.018672129601303,4.018672129601303,0.0
2022-10-07 00:00:00,0.0,0.0,0.0,0.0,0.0,14.657592477664597,0.0,0.0,0.0,14.657592477664597,0.0,0.0,0.0,0.0,4.092106667914402,4.092106667914402,0.0
2022-10-07 01:00:00,0.0,0.0,0.0,0.0,0.0,14.657592477664597,0.0,0.0,0.0,14.657592477664597,0.0,0.0,0.0,0.0,4.090201180892306,4.090201180892306,0.0
2022-10-07 02:00:00,0.0,0.0,0.0,0.0,0.0,14.657592477664597,0.0,0.0,0.0,14.657592477664597,0.0,0.0,0.0,0.0,4.079061410609281,4.079061410609281,0.0
2022-10-07 03:00:00,0.0,0.0,0.0,0.0,0.0,14.657592477664597,0.0,0.0,0.0,14.657592477664597,0.0,0.0,0.0,0.0,4.169791908046025,4.169791908046025,0.0
2022-10-07 04:00:00,0.0,0.0,0.0,0.0,0.0,14.657592477664597,0.0,0.0,0.0,14.657592477664597,0.0,0.0,0.0,0.0,4.377783145304085,4.377783145304085,0.0
2022-10-07 05:00:00,0.0,0.0,0.0,0.0,0.0,12.743424279664602,0.0,0.0,0.0,12.743424279664602,0.0,0.0,0.0,0.0,3.8978311844210123,3.8978311844210123,0.0
2022-10-07 06:00:00,0.0,0.0,0.0,0.0,0.0,3.1725832896646002,0.0,0.0,0.0,3.1725832896646002,0.0,0.0,0.0,0.0,0.9427013986909392,0.9427013986909392,0.0
2022-10-07 07:00:00,0.0,0.0,0.0,8.171766461472032,124.50470669914603,14.516933040801234,0.0,0.0,0.0,14.516933040801234,0.0,0.0,0.0,0.0,26.821416315815128,26.821416315815128,0.0
2022-10-07 08:00:00,0.0,0.0,0.0,8.171766461472032,83.30309183422216,14.516933040801234,0.0,0.0,0.0,14.516933040801234,0.0,0.0,0.0,0.0,19.524845565351924,19.524845565351924,0.0
2022-10-07 09:00:00,0.0,0.0,0.0,8.171766461472032,58.46840502484203,28.15940699237166,0.0,0.0,0.0,28.15940699237166,0.0,0.0,0.0,0.0,19.346223619293,19.346223619293,0.0
2022-10-07 10:00:00,0.0,0.0,0.0,8.171766461472032,43.31379719296487,28.15940699237166,0.0,0.0,0.0,28.15940699237166,0.0,0.0,0.0,0.0,16.455713613192522,16.455713613192522,0.0
2022-10-07 11:00:00,0.0,0.0,0.0,8.171766461472032,30.690659849303493,37.25438962675194,0.0,0.0,0.0,37.25438962675194,0.0,0.0,0.0,0.0,17.09931469680569,17.09931469680569,0.0
2022-10-07 12:00:00,0.0,0.0,0.0,8.171766461472032,29.600625974136157,37.25438962675194,0.0,0.0,0.0,37.25438962675194,0.0,0.0,0.0,0.0,16.854250395770347,16.854250395770347,0.0
2022-10-07 13:00:00,0.0,0.0,0.0,8.171766461472032,31.386960534974893,37.25438962675194,0.0,0.0,0.0,37.25438962675194,0.0,0.0,0.0,0.0,17.311859195336645,17.311859195336645,0.0
2022-10-07 14:00:00,0.0,0.0,0.0,8.171766461472032,33.43120072630217,37.25438962675194,0.0,0.0,0.0,37.25438962675194,0.0,0.0,0.0,0.0,17.69743505146217,17.69743505146217,0.0
2022-10-07 15:00:00,0.0,0.0,0.0,8.171766461472032,33.11435958741324,37.25438962675194,0.0,0.0,0.0,37.25438962675194,0.0,0.0,0.0,0.0,17.632191707478356,17.632191707478356,0.0
2022-10-07 16:00:00,0.0,0.0,0.0,8.171766461472032,54.59039825816895,28.15940699237166,0.0,0.0,0.0,28.15940699237166,0.0,0.0,0.0,0.0,18.528027821221542,18.528027821221542,0.0
2022-10-07 17:00:00,0.0,0.0,0.0,8.171766461472032,67.41734252869078,26.721097149991373,0.0,0.0,0.0,26.721097149991373,0.0,0.0,0.0,0.0,20.49581078551909,20.49581078551909,0.0
2022-10-07 18:00:00,0.0,0.0,0.0,0.0,0.0,14.657592477664597,0.0,0.0,0.0,14.657592477664597,0.0,0.0,0.0,0.0,4.50911517390396,4.50911517390396,0.0
2022-10-07 19:00:00,0.0,0.0,0.0,0.0,0.0,14.657592477664597,0.0,0.0,0.0,14.657592477664597,0.0,0.0,0.0,0.0,4.546638610646782,4.546638610646782,0.0
2022-10-07 20:00:00,0.0,0.0,0.0,0.0,0.0,14.657592477664597,0.0,0.0,0.0,14.657592477664597,0.0,0.0,0.0,0.0,4.382620150821714,4.382620150821714,0.0
2022-10-07 21:00:00,0.0,0.0,0.0,0.0,0.0,14.657592477664597,0.0,0.0,0.0,14.657592477664597,0.0,0.0,0.0,0.0,4.200866004098674,4.200866004098674,0.0
2022-10-07 22:00:00,0.0,0.0,0.0,0.0,0.0,14.657592477664597,0.0,0.0,0.0,14.657592477664597,0.0,0.0,0.0,0.0,4.1228876121174975,4.1228876121174975,0.0
2022-10-07 23:00:00,0.0,0.0,0.0,0.0,0.0,14.657592477664597,0.0,0.0,0.0,14.657592477664597,0.0,0.0,0.0,0.0,3.964732189283497,3.964732189283497,0.0
2022-10-08 00:00:00,0.0,0.0,0.0,0.0,0.0,14.657592477664597,0.0,0.0,0.0,14.657592477664597,0.0,0.0,0.0,0.0,4.065723001454606,4.065723001454606,0.0
2022-10-08 01:00:00,0.0,0.0,0.0,0.0,0.0,14.657592477664597,0.0,0.0,0.0,14.657592477664597,0.0,0.0,0.0,0.0,4.01310224445979,4.01310224445979,0.0
2022-10-08 02:00:00,0.0,0.0,0.0,0.0,0.0,14.657592477664597,0.0,0.0,0.0,14.657592477664597,0.0,0.0,0.0,0.0,3.995952861260923,3.995952861260923,0.0
2022-10-08 03:00:00,0.0,0.0,0.0,0.0,0.0,14.657592477664597,0.0,0.0,0.0,14.657592477664597,0.0,0.0,0.0,0.0,4.01442142778278,4.01442142778278,0.0
2022-10-08 04:00:00,0.0,0.0,0.0,0.0,0.0,14.657592477664597,0.0,0.0,0.0,14.657592477664597,0.0,0.0,0.0,0.0,4.028346140636561,4.028346140636561,0.0
2022-10-08 05:00:00,0.0,0.0,0.0,0.0,0.0,12.743424279664602,0.0,0.0,0.0,12.743424279664602,0.0,0.0,0.0,0.0,3.631238748490428,3.631238748490428,0.0
2022-10-08 06:00:00,0.0,0.0,0.0,0.0,0.0,3.1725832896646002,0.0,0.0,0.0,3.1725832896646002,0.0,0.0,0.0,0.0,0.9054552708702769,0.9054552708702769,0.0
2022-10-08 07:00:00,0.0,0.0,0.0,8.171766461472032,167.4065949204337,14.516933040801234,0.0,0.0,0.0,14.516933040801234,0.0,0.0,0.0,0.0,34.31118024914452,34.31118024914452,0.0
2022-10-08 08:00:00,0.0,0.0,0.0,8.171766461472032,100.31396500020303,14.516933040801234,0.0,0.0,0.0,14.516933040801234,0.0,0.0,0.0,0.0,22.202671259118677,22.202671259118677,0.0
2022-10-08 09:00:00,0.0,0.0,0.0,8.171766461472032,65.25829271880352,28.15940699237166,0.0,0.0,0.0,28.15940699237166,0.0,0.0,0.0,0.0,19.863352565232667,19.863352565232667,0.0
2022-10-08 10:00:00,0.0,0.0,0.0,8.171766461472032,43.64821640677482,28.15940699237166,0.0,0.0,0.0,28.15940699237166,0.0,0.0,0.0,0.0,15.990752990719606,15.990752990719606,0.0
2022-10-08 11:00:00,0.0,0.0,0.0,8.171766461472032,19.397886418152726,37.25438962675194,0.0,0.0,0.0,37.25438962675194,0.0,0.0,0.0,0.0,14.46774066660373,14.46774066660373,0.0
2022-10-08 12:00:00,0.0,0.0,0.0,8.171766461472032,10.801984936995035,37.25438962675194,0.0,0.0,0.0,37.25438962675194,0.0,0.0,0.0,0.0,12.94202513510114,12.94202513510114,0.0
2022-10-08 13:00:00,0.0,0.0,0.0,8.171766461472032,2.273052184373573,37.25438962675194,0.0,0.0,0.0,37.25438962675194,0.0,0.0,0.0,0.0,11.5937768408471,11.5937768408471,0.0
2022-10-08 14:00:00,0.0,0.0,0.0,8.171766461472032,0.05623738323448415,37.25438962675194,0.0,0.0,0.0,37.25438962675194,0.0,0.0,0.0,0.0,11.339185449635432,11.339185449635432,0.0
2022-10-08 15:00:00,0.0,0.0,0.0,8.171766461472032,0.912216293958743,37.25438962675194,0.0,0.0,0.0,37.25438962675194,0.0,0.0,0.0,0.0,11.488834280230645,11.488834280230645,0.0
2022-10-08 16:00:00,0.0,0.0,0.0,8.171766461472032,18.945933571601408,28.15940699237166,0.0,0.0,0.0,28.15940699237166,0.0,0.0,0.0,0.0,11.831167470169209,11.831167470169209,0.0
2022-10-08 17:00:00,0.0,0.0,0.0,8.171766461472032,44.26665594106799,28.63526534799137,0.0,0.0,0.0,28.63526534799137,0.0,0.0,0.0,0.0,16.398161030938496,16.398161030938496,0.0
2022-10-08 18:00:00,0.0,0.0,0.0,0.0,0.0,14.657592477664597,0.0,0.0,0.0,14.657592477664597,0.0,0.0,0.0,0.0,4.298778721849473,4.298778721849473,0.0
2022-10-08 19:00:00,0.0,0.0,0.0,0.0,0.0,14.657592477664597,0.0,0.0,0.0,14.657592477664597,0.0,0.0,0.0,0.0,4.366496799096283,4.366496799096283,0.0
2022-10-08 20:00:00,0.0,0.0,0.0,0.0,0.0,14.657592477664597,0.0,0.0,0.0,14.657592477664597,0.0,0.0,0.0,0.0,4.352572086242502,4.352572086242502,0.0
2022-10-08 21:00:00,0.0,0.0,0.0,0.0,0.0,14.657592477664597,0.0,0.0,0.0,14.657592477664597,0.0,0.0,0.0,0.0,4.150443885975507,4.150443885975507,0.0
2022-10-08 22:00:00,0.0,0.0,0.0,0.0,0.0,14.657592477664597,0.0,0.0,0.0,14.657592477664597,0.0,0.0,0.0,0.0,3.8471782976126274,3.8471782976126274,0.0
2022-10-08 23:00:00,0.0,0.0,0.0,0.0,0.0,15.107011293199369,0.0,0.0,0.0,15.107011293199369,0.0,0.0,0.0,0.0,3.9474620509129954,3.9474620509129954,0.0
2022-10-09 00:00:00,0.0,0.0,0.0,0.0,0.0,15.107011293199369,0.0,0.0,0.0,15.107011293199369,0.0,0.0,0.0,0.0,3.9257079546507887,3.9257079546507887,0.0
2022-10-09 01:00:00,0.0,0.0,0.0,0.0,0.0,15.107011293199369,0.0,0.0,0.0,15.107011293199369,0.0,0.0,0.0,0.0,3.894889651612661,3.894889651612661,0.0
2022-10-09 02:00:00,0.0,0.0,0.0,0.0,0.0,15.107011293199369,0.0,0.0,0.0,15.107011293199369,0.0,0.0,0.0,0.0,3.837634078811435,3.837634078811435,0.0
2022-10-09 03:00:00,0.0,0.0,0.0,0.0,0.0,15.107011293199369,0.0,0.0,0.0,15.107011293199369,0.0,0.0,0.0,0.0,3.8421661821993953,3.8421661821993953,0.0
2022-10-09 04:00:00,0.0,0.0,0.0,0.0,0.0,15.107011293199369,0.0,0.0,0.0,15.107011293199369,0.0,0.0,0.0,0.0,4.060009285047331,4.060009285047331,0.0
2022-10-09 05:00:00,0.0,0.0,0.0,8.171766461472032,112.12618313376153,23.2787777546714,0.0,0.0,0.0,23.2787777546714,0.0,0.0,0.0,0.0,26.4533831635896,26.4533831635896,0.0
2022-10-09 06:00:00,0.0,0.0,0.0,8.171766461472032,79.06975020749819,19.064424357991378,0.0,0.0,0.0,19.064424357991378,0.0,0.0,0.0,0.0,19.3349402749626,19.3349402749626,0.0
2022-10-09 07:00:00,0.0,0.0,0.0,8.171766461472032,56.15747090910723,32.706898309561794,0.0,0.0,0.0,32.706898309561794,0.0,0.0,0.0,0.0,19.134682067514312,19.134682067514312,0.0
2022-10-09 08:00:00,0.0,0.0,0.0,8.171766461472032,20.98408163980012,49.09918831618329,0.0,0.0,0.0,49.09918831618329,0.0,0.0,0.0,0.0,17.32220368610813,17.32220368610813,0.0
2022-10-09 09:00:00,0.0,0.0,0.0,8.171766461472032,2.550045782326789,49.09918831618329,0.0,0.0,0.0,49.09918831618329,0.0,0.0,0.0,0.0,14.177941006547352,14.177941006547352,0.0
2022-10-09 10:00:00,0.0,0.0,0.0,8.171766461472032,0.0,49.09918831618329,0.0,0.0,0.0,49.09918831618329,0.0,0.0,0.0,0.0,13.791961998015884,13.791961998015884,0.0
2022-10-09 11:00:00,0.0,0.0,0.0,8.171766461472032,0.0,49.09918831618329,0.0,0.0,0.0,49.09918831618329,0.0,0.0,0.0,0.0,14.215197001301386,14.215197001301386,0.0
2022-10-09 12:00:00,0.0,0.0,0.4616727467788381,8.171766461472032,0.0,49.56086106296213,0.0,0.0,0.0,49.56086106296213,0.0,0.0,0.0,0.0,14.615002318856902,14.615002318856902,0.0
2022-10-09 13:00:00,0.0,0.0,2.4424719538640063,8.171766461472032,0.0,51.541660270047295,0.0,0.0,0.0,51.541660270047295,0.0,0.0,0.0,0.0,15.734638047240038,15.734638047240038,0.0
2022-10-09 14:00:00,0.0,0.0,4.871480210365417,8.171766461472032,0.0,53.97066852654872,0.0,0.0,0.0,53.97066852654872,0.0,0.0,0.0,0.0,16.472387740987934,16.472387740987934,0.0
2022-10-09 15:00:00,0.0,0.0,4.889230996131876,8.171766461472032,0.0,53.98841931231517,0.0,0.0,0.0,53.98841931231517,0.0,0.0,0.0,0.0,16.08207034475244,16.08207034475244,0.0
2022-10-09 16:00:00,0.0,0.0,2.6058171177398886,8.171766461472032,0.0,51.705005433923176,0.0,0.0,0.0,51.705005433923176,0.0,0.0,0.0,0.0,15.160424643280614,15.160424643280614,0.0
2022-10-09 17:00:00,0.0,0.0,0.26517379729186785,8.171766461472032,0.0,47.0904044140438,0.0,0.0,0.0,47.0904044140438,0.0,0.0,0.0,0.0,13.475390127122775,13.475390127122775,0.0
2022-10-09 18:00:00,0.0,0.0,0.0,8.171766461472032,0.0,48.73939881475194,0.0,0.0,0.0,48.73939881475194,0.0,0.0,0.0,0.0,14.017451099122658,14.017451099122658,0.0
2022-10-09 19:00:00,0.0,0.0,0.0,8.171766461472032,0.0,44.191907497561786,0.0,0.0,0.0,44.191907497561786,0.0,0.0,0.0,0.0,12.849239023991066,12.849239023991066,0.0
2022-10-09 20:00:00,0.0,0.0,0.0,0.0,0.0,22.37766708451935,0.0,0.0,0.0,22.37766708451935,0.0,0.0,0.0,0.0,6.364879848849839,6.364879848849839,0.0
2022-10-09 21:00:00,0.0,0.0,0.0,0.0,0.0,15.107011293199369,0.0,0.0,0.0,15.107011293199369,0.0,0.0,0.0,0.0,4.233890985032056,4.233890985032056,0.0
2022-10-09 22:00:00,0.0,0.0,0.0,0.0,0.0,15.107011293199369,0.0,0.0,0.0,15.107011293199369,0.0,0.0,0.0,0.0,3.988553121630497,3.988553121630497,0.0
2022-10-09 23:00:00,0.0,0.0,0.0,0.0,0.0,15.107011293199369,0.0,0.0,0.0,15.107011293199369,0.0,0.0,0.0,0.0,4.015594671845324,4.015594671845324,0.0
2022-10-10 00:00:00,0.0,0.0,0.0,0.0,0.0,15.107011293199369,0.0,0.0,0.0,15.107011293199369,0.0,0.0,0.0,0.0,4.012724339699616,4.012724339699616,0.0
2022-10-10 01:00:00,0.0,0.0,0.0,0.0,0.0,15.107011293199369,0.0,0.0,0.0,15.107011293199369,0.0,0.0,0.0,0.0,4.014083970716004,4.014083970716004,0.0
2022-10-10 02:00:00,0.0,0.0,0.0,0.0,0.0,15.107011293199369,0.0,0.0,0.0,15.107011293199369,0.0,0.0,0.0,0.0,4.0331188049454365,4.0331188049454365,0.0
2022-10-10 03:00:00,0.0,0.0,0.0,0.0,0.0,15.107011293199369,0.0,0.0,0.0,15.107011293199369,0.0,0.0,0.0,0.0,4.058800724143874,4.058800724143874,0.0
2022-10-10 04:00:00,0.0,0.0,0.0,0.0,0.0,15.107011293199369,0.0,0.0,0.0,15.107011293199369,0.0,0.0,0.0,0.0,4.154277035516895,4.154277035516895,0.0
2022-10-10 05:00:00,0.0,0.0,0.0,8.171766461472032,49.837402303501605,23.2787777546714,0.0,0.0,0.0,23.2787777546714,0.0,0.0,0.0,0.0,15.439623807901407,15.439623807901407,0.0
2022-10-10 06:00:00,0.0,0.0,0.0,8.171766461472032,38.40221594111446,19.064424357991378,0.0,0.0,0.0,19.064424357991378,0.0,0.0,0.0,0.0,12.168490236230314,12.168490236230314,0.0
2022-10-10 07:00:00,0.0,0.0,0.0,8.171766461472032,23.412524076121,32.706898309561794,0.0,0.0,0.0,32.706898309561794,0.0,0.0,0.0,0.0,13.25594841715127,13.25594841715127,0.0
2022-10-10 08:00:00,0.0,0.0,0.0,8.171766461472032,2.0995353097622407,49.09918831618329,0.0,0.0,0.0,49.09918831618329,0.0,0.0,0.0,0.0,14.010411837962044,14.010411837962044,0.0
2022-10-10 09:00:00,0.0,0.0,0.0,8.171766461472032,0.0,49.09918831618329,0.0,0.0,0.0,49.09918831618329,0.0,0.0,0.0,0.0,13.754155623012425,13.754155623012425,0.0
2022-10-10 10:00:00,0.0,0.0,0.0,8.171766461472032,0.0,49.09918831618329,0.0,0.0,0.0,49.09918831618329,0.0,0.0,0.0,0.0,13.795398941198021,13.795398941198021,0.0
2022-10-10 11:00:00,0.0,0.0,0.0,8.171766461472032,0.0,49.09918831618329,0.0,0.0,0.0,49.09918831618329,0.0,0.0,0.0,0.0,13.86855673178913,13.86855673178913,0.0
2022-10-10 12:00:00,0.0,0.0,0.0,8.171766461472032,0.0,49.09918831618329,0.0,0.0,0.0,49.09918831618329,0.0,0.0,0.0,0.0,14.006525450957605,14.006525450957605,0.0
2022-10-10 13:00:00,0.0,0.0,0.0,8.171766461472032,0.0,49.09918831618329,0.0,0.0,0.0,49.09918831618329,0.0,0.0,0.0,0.0,14.318796288648532,14.318796288648532,0.0
2022-10-10 14:00:00,0.0,0.0,0.0,8.171766461472032,0.0,49.09918831618329,0.0,0.0,0.0,49.09918831618329,0.0,0.0,0.0,0.0,14.317323312999047,14.317323312999047,0.0
2022-10-10 15:00:00,0.0,0.0,0.0,8.171766461472032,0.0,49.09918831618329,0.0,0.0,0.0,49.09918831618329,0.0,0.0,0.0,0.0,14.392445071122808,14.392445071122808,0.0
2022-10-10 16:00:00,0.0,0.0,0.0,8.171766461472032,0.0,49.09918831618329,0.0,0.0,0.0,49.09918831618329,0.0,0.0,0.0,0.0,14.185246496428514,14.185246496428514,0.0
2022-10-10 17:00:00,0.0,0.0,0.0,8.171766461472032,0.0,46.82523061675194,0.0,0.0,0.0,46.82523061675194,0.0,0.0,0.0,0.0,13.120429618813894,13.120429618813894,0.0
2022-10-10 18:00:00,0.0,0.0,0.0,8.171766461472032,0.0,48.73939881475194,0.0,0.0,0.0,48.73939881475194,0.0,0.0,0.0,0.0,13.713317250518605,13.713317250518605,0.0
2022-10-10 19:00:00,0.0,0.0,0.0,8.171766461472032,0.0,44.191907497561786,0.0,0.0,0.0,44.191907497561786,0.0,0.0,0.0,0.0,12.744946122296819,12.744946122296819,0.0
2022-10-10 20:00:00,0.0,0.0,0.0,0.0,0.0,22.37766708451935,0.0,0.0,0.0,22.37766708451935,0.0,0.0,0.0,0.0,6.3219147280475605,6.3219147280475605,0.0
2022-10-10 21:00:00,0.0,0.0,0.0,0.0,0.0,15.107011293199369,0.0,0.0,0.0,15.107011293199369,0.0,0.0,0.0,0.0,3.9977683985193484,3.9977683985193484,0.0
2022-10-10 22:00:00,0.0,0.0,0.0,0.0,0.0,15.107011293199369,0.0,0.0,0.0,15.107011293199369,0.0,0.0,0.0,0.0,3.867697031284902,3.867697031284902,0.0
2022-10-10 23:00:00,0.0,0.0,0.0,0.0,0.0,15.107011293199369,0.0,0.0,0.0,15.107011293199369,0.0,0.0,0.0,0.0,3.763458653361827,3.763458653361827,0.0
2022-10-11 00:00:00,0.0,0.0,0.0,0.0,0.0,15.107011293199369,0.0,0.0,0.0,15.107011293199369,0.0,0.0,0.0,0.0,3.6802190211362986,3.6802190211362986,0.0
2022-10-11 01:00:00,0.0,0.0,0.0,0.0,0.0,15.107011293199369,0.0,0.0,0.0,15.107011293199369,0.0,0.0,0.0,0.0,3.6971388737846818,3.6971388737846818,0.0
2022-10-11 02:00:00,0.0,0.0,0.0,0.0,0.0,15.107011293199369,0.0,0.0,0.0,15.107011293199369,0.0,0.0,0.0,0.0,3.7048434495442133,3.7048434495442133,0.0
2022-10-11 03:00:00,0.0,0.0,0.0,0.0,0.0,15.107011293199369,0.0,0.0,0.0,15.107011293199369,0.0,0.0,0.0,0.0,3.8176928239044123,3.8176928239044123,0.0
2022-10-11 04:00:00,0.0,0.0,0.0,0.0,0.0,15.107011293199369,0.0,0.0,0.0,15.107011293199369,0.0,0.0,0.0,0.0,3.97284182988557,3.97284182988557,0.0
2022-10-11 05:00:00,0.0,0.0,0.0,8.171766461472032,58.03038973850213,23.2787777546714,0.0,0.0,0.0,23.2787777546714,0.0,0.0,0.0,0.0,16.72551812527457,16.72551812527457,0.0
2022-10-11 06:00:00,0.0,0.0,0.0,8.171766461472032,40.60581544836477,19.064424357991378,0.0,0.0,0.0,19.064424357991378,0.0,0.0,0.0,0.0,12.487466388675836,12.487466388675836,0.0
2022-10-11 07:00:00,0.0,0.0,0.0,8.171766461472032,27.392806461744005,32.706898309561794,0.0,0.0,0.0,32.706898309561794,0.0,0.0,0.0,0.0,13.8100466243826,13.8100466243826,0.0
2022-10-11 08:00:00,0.0,0.0,0.0,8.171766461472032,3.2926520984980283,49.09918831618329,0.0,0.0,0.0,49.09918831618329,0.0,0.0,0.0,0.0,14.009196581271413,14.009196581271413,0.0
2022-10-11 09:00:00,0.0,0.0,0.0,8.171766461472032,0.0,49.09918831618329,0.0,0.0,0.0,49.09918831618329,0.0,0.0,0.0,0.0,13.731569996386982,13.731569996386982,0.0
2022-10-11 10:00:00,0.0,0.0,0.0,8.171766461472032,0.0,49.09918831618329,0.0,0.0,0.0,49.09918831618329,0.0,0.0,0.0,0.0,13.794416957431693,13.794416957431693,0.0
2022-10-11 11:00:00,0.0,0.0,0.0,8.171766461472032,0.0,49.09918831618329,0.0,0.0,0.0,49.09918831618329,0.0,0.0,0.0,0.0,13.964300149005691,13.964300149005691,0.0
2022-10-11 12:00:00,0.0,0.0,0.0,8.171766461472032,0.0,49.09918831618329,0.0,0.0,0.0,49.09918831618329,0.0,0.0,0.0,0.0,13.955462295108777,13.955462295108777,0.0
2022-10-11 13:00:00,0.0,0.0,0.0,8.171766461472032,0.0,49.09918831618329,0.0,0.0,0.0,49.09918831618329,0.0,0.0,0.0,0.0,13.755137606778746,13.755137606778746,0.0
2022-10-11 14:00:00,0.0,0.0,0.0,8.171766461472032,0.0,49.09918831618329,0.0,0.0,0.0,49.09918831618329,0.0,0.0,0.0,0.0,13.882304504517663,13.882304504517663,0.0
2022-10-11 15:00:00,0.0,0.0,0.0,8.171766461472032,0.0,49.09918831618329,0.0,0.0,0.0,49.09918831618329,0.0,0.0,0.0,0.0,14.112579697720562,14.112579697720562,0.0
2022-10-11 16:00:00,0.0,0.0,0.0,8.171766461472032,0.0,49.09918831618329,0.0,0.0,0.0,49.09918831618329,0.0,0.0,0.0,0.0,13.553339942799235,13.553339942799235,0.0
2022-10-11 17:00:00,0.0,0.0,0.0,8.171766461472032,0.0,46.82523061675194,0.0,0.0,0.0,46.82523061675194,0.0,0.0,0.0,0.0,13.100763021954856,13.100763021954856,0.0
2022-10-11 18:00:00,0.0,0.0,0.0,8.171766461472032,0.0,48.73939881475194,0.0,0.0,0.0,48.73939881475194,0.0,0.0,0.0,0.0,13.535905838832909,13.535905838832909,0.0
2022-10-11 19:00:00,0.0,0.0,0.0,8.171766461472032,0.1821904049333563,44.191907497561786,0.0,0.0,0.0,44.191907497561786,0.0,0.0,0.0,0.0,11.930148794349789,11.930148794349789,0.0
2022-10-11 20:00:00,0.0,0.0,0.0,0.0,0.0,22.37766708451935,0.0,0.0,0.0,22.37766708451935,0.0,0.0,0.0,0.0,6.039508569440926,6.039508569440926,0.0
2022-10-11 21:00:00,0.0,0.0,0.0,0.0,0.0,15.107011293199369,0.0,0.0,0.0,15.107011293199369,0.0,0.0,0.0,0.0,3.8944364412738657,3.8944364412738657,0.0
2022-10-11 22:00:00,0.0,0.0,0.0,0.0,0.0,15.107011293199369,0.0,0.0,0.0,15.107011293199369,0.0,0.0,0.0,0.0,3.742006697325483,3.742006697325483,0.0
2022-10-11 23:00:00,0.0,0.0,0.0,0.0,0.0,15.107011293199369,0.0,0.0,0.0,15.107011293199369,0.0,0.0,0.0,0.0,3.561477912371751,3.561477912371751,0.0
2022-10-12 00:00:00,0.0,0.0,0.0,0.0,0.0,15.107011293199369,0.0,0.0,0.0,15.107011293199369,0.0,0.0,0.0,0.0,3.6645077293913704,3.6645077293913704,0.0
2022-10-12 01:00:00,0.0,0.0,0.0,0.0,0.0,15.107011293199369,0.0,0.0,0.0,15.107011293199369,0.0,0.0,0.0,0.0,3.685808615314782,3.685808615314782,0.0
2022-10-12 02:00:00,0.0,0.0,0.0,0.0,0.0,15.107011293199369,0.0,0.0,0.0,15.107011293199369,0.0,0.0,0.0,0.0,3.7501644834238115,3.7501644834238115,0.0
2022-10-12 03:00:00,0.0,0.0,0.0,0.0,0.0,15.107011293199369,0.0,0.0,0.0,15.107011293199369,0.0,0.0,0.0,0.0,3.746236660487579,3.746236660487579,0.0
2022-10-12 04:00:00,0.0,0.0,0.0,0.0,0.0,15.107011293199369,0.0,0.0,0.0,15.107011293199369,0.0,0.0,0.0,0.0,3.93039112815168,3.93039112815168,0.0
2022-10-12 05:00:00,0.0,0.0,0.0,8.171766461472032,80.92229885132397,23.2787777546714,0.0,0.0,0.0,23.2787777546714,0.0,0.0,0.0,0.0,20.853035535381554,20.853035535381554,0.0
2022-10-12 06:00:00,0.0,0.0,0.0,8.171766461472032,59.67637983611033,19.064424357991378,0.0,0.0,0.0,19.064424357991378,0.0,0.0,0.0,0.0,16.013019929519878,16.013019929519878,0.0
2022-10-12 07:00:00,0.0,0.0,0.0,8.171766461472032,42.86741459264982,32.706898309561794,0.0,0.0,0.0,32.706898309561794,0.0,0.0,0.0,0.0,16.8631445168403,16.8631445168403,0.0
2022-10-12 08:00:00,0.0,0.0,0.0,8.171766461472032,13.337145006938297,49.09918831618329,0.0,0.0,0.0,49.09918831618329,0.0,0.0,0.0,0.0,16.191356512106985,16.191356512106985,0.0
2022-10-12 09:00:00,0.0,0.0,0.0,8.171766461472032,1.2210668440835135,49.09918831618329,0.0,0.0,0.0,49.09918831618329,0.0,0.0,0.0,0.0,14.46401911334843,14.46401911334843,0.0
2022-10-12 10:00:00,0.0,0.0,0.0,8.171766461472032,0.0,49.09918831618329,0.0,0.0,0.0,49.09918831618329,0.0,0.0,0.0,0.0,14.265769165267056,14.265769165267056,0.0
2022-10-12 11:00:00,0.0,0.0,0.0,8.171766461472032,0.0,49.09918831618329,0.0,0.0,0.0,49.09918831618329,0.0,0.0,0.0,0.0,14.043840834077903,14.043840834077903,0.0
2022-10-12 12:00:00,0.0,0.0,0.0,8.171766461472032,0.0,49.09918831618329,0.0,0.0,0.0,49.09918831618329,0.0,0.0,0.0,0.0,14.360039606834127,14.360039606834127,0.0
2022-10-12 13:00:00,0.0,0.0,0.0,8.171766461472032,0.0,49.09918831618329,0.0,0.0,0.0,49.09918831618329,0.0,0.0,0.0,0.0,14.649724817899608,14.649724817899608,0.0
2022-10-12 14:00:00,0.0,0.0,0.0,8.171766461472032,0.0,49.09918831618329,0.0,0.0,0.0,49.09918831618329,0.0,0.0,0.0,0.0,14.499481301652088,14.499481301652088,0.0
2022-10-12 15:00:00,0.0,0.0,0.0,8.171766461472032,0.0,49.09918831618329,0.0,0.0,0.0,49.09918831618329,0.0,0.0,0.0,0.0,14.384098209109055,14.384098209109055,0.0
2022-10-12 16:00:00,0.0,0.0,0.0,8.171766461472032,1.4691503498986966,49.09918831618329,0.0,0.0,0.0,49.09918831618329,0.0,0.0,0.0,0.0,14.73896184450869,14.73896184450869,0.0
2022-10-12 17:00:00,0.0,0.0,0.0,8.171766461472032,7.249874827892022,46.82523061675194,0.0,0.0,0.0,46.82523061675194,0.0,0.0,0.0,0.0,14.975500791305338,14.975500791305338,0.0
2022-10-12 18:00:00,0.0,0.0,0.0,8.171766461472032,18.063461039776247,48.73939881475194,0.0,0.0,0.0,48.73939881475194,0.0,0.0,0.0,0.0,17.429162573825984,17.429162573825984,0.0
2022-10-12 19:00:00,0.0,0.0,0.0,8.171766461472032,22.2782903930987,44.191907497561786,0.0,0.0,0.0,44.191907497561786,0.0,0.0,0.0,0.0,16.923648862785445,16.923648862785445,0.0
2022-10-12 20:00:00,0.0,0.0,0.0,0.0,0.0,22.37766708451935,0.0,0.0,0.0,22.37766708451935,0.0,0.0,0.0,0.0,6.693831554992273,6.693831554992273,0.0
2022-10-12 21:00:00,0.0,0.0,0.0,0.0,0.0,15.107011293199369,0.0,0.0,0.0,15.107011293199369,0.0,0.0,0.0,0.0,4.5064214687613715,4.5064214687613715,0.0
2022-10-12 22:00:00,0.0,0.0,0.0,0.0,0.0,15.107011293199369,0.0,0.0,0.0,15.107011293199369,0.0,0.0,0.0,0.0,4.398708478240861,4.398708478240861,0.0
2022-10-12 23:00:00,0.0,0.0,0.0,0.0,0.0,14.657592477664597,0.0,0.0,0.0,14.657592477664597,0.0,0.0,0.0,0.0,4.162756263656745,4.162756263656745,0.0
2022-10-13 00:00:00,0.0,0.0,0.0,0.0,0.0,14.657592477664597,0.0,0.0,0.0,14.657592477664597,0.0,0.0,0.0,0.0,4.080820321706601,4.080820321706601,0.0
2022-10-13 01:00:00,0.0,0.0,0.0,0.0,0.0,14.657592477664597,0.0,0.0,0.0,14.657592477664597,0.0,0.0,0.0,0.0,4.0091446944908204,4.0091446944908204,0.0
2022-10-13 02:00:00,0.0,0.0,0.0,0.0,0.0,14.657592477664597,0.0,0.0,0.0,14.657592477664597,0.0,0.0,0.0,0.0,4.041977701640789,4.041977701640789,0.0
2022-10-13 03:00:00,0.0,0.0,0.0,0.0,0.0,14.657592477664597,0.0,0.0,0.0,14.657592477664597,0.0,0.0,0.0,0.0,4.032596842455084,4.032596842455084,0.0
2022-10-13 04:00:00,0.0,0.0,0.0,0.0,0.0,14.657592477664597,0.0,0.0,0.0,14.657592477664597,0.0,0.0,0.0,0.0,4.039046183145257,4.039046183145257,0.0
2022-10-13 05:00:00,0.0,0.0,0.0,8.171766461472032,140.38016154978038,22.829358939136633,0.0,0.0,0.0,22.829358939136633,0.0,0.0,0.0,0.0,31.715211790253925,31.715211790253925,0.0
2022-10-13 06:00:00,0.0,0.0,0.0,8.171766461472032,108.77872457283551,14.516933040801234,0.0,0.0,0.0,14.516933040801234,0.0,0.0,0.0,0.0,23.668541824069514,23.668541824069514,0.0
2022-10-13 07:00:00,0.0,0.0,0.0,8.171766461472032,77.52780271749312,23.611915675181518,0.0,0.0,0.0,23.611915675181518,0.0,0.0,0.0,0.0,20.384187478314896,20.384187478314896,0.0
2022-10-13 08:00:00,0.0,0.0,0.0,8.171766461472032,38.577127429493274,37.25438962675194,0.0,0.0,0.0,37.25438962675194,0.0,0.0,0.0,0.0,16.948631383867028,16.948631383867028,0.0
2022-10-13 09:00:00,0.0,0.0,0.0,8.171766461472032,7.722613956835156,49.09918831618329,0.0,0.0,0.0,49.09918831618329,0.0,0.0,0.0,0.0,14.407636647372318,14.407636647372318,0.0
2022-10-13 10:00:00,0.0,0.0,0.0,8.171766461472032,0.0,49.09918831618329,0.0,0.0,0.0,49.09918831618329,0.0,0.0,0.0,0.0,12.936654137547972,12.936654137547972,0.0
2022-10-13 11:00:00,0.0,0.0,0.0,8.171766461472032,0.0,49.09918831618329,0.0,0.0,0.0,49.09918831618329,0.0,0.0,0.0,0.0,13.252852910304192,13.252852910304192,0.0
2022-10-13 12:00:00,0.0,0.0,0.0,8.171766461472032,0.0,49.09918831618329,0.0,0.0,0.0,49.09918831618329,0.0,0.0,0.0,0.0,13.438447842139366,13.438447842139366,0.0
2022-10-13 13:00:00,0.0,0.0,0.0,8.171766461472032,0.0,49.09918831618329,0.0,0.0,0.0,49.09918831618329,0.0,0.0,0.0,0.0,13.506204722015699,13.506204722015699,0.0
2022-10-13 14:00:00,0.0,0.0,0.0,8.171766461472032,0.0,49.09918831618329,0.0,0.0,0.0,49.09918831618329,0.0,0.0,0.0,0.0,13.797853900613827,13.797853900613827,0.0
2022-10-13 15:00:00,0.0,0.0,0.0,8.171766461472032,0.0,49.09918831618329,0.0,0.0,0.0,49.09918831618329,0.0,0.0,0.0,0.0,14.094903989926737,14.094903989926737,0.0
2022-10-13 16:00:00,0.0,0.0,0.0,8.171766461472032,0.0,49.09918831618329,0.0,0.0,0.0,49.09918831618329,0.0,0.0,0.0,0.0,13.711439329177345,13.711439329177345,0.0
2022-10-13 17:00:00,0.0,0.0,0.0,8.171766461472032,5.027321035225467,42.27773929956179,0.0,0.0,0.0,42.27773929956179,0.0,0.0,0.0,0.0,12.059307193689571,12.059307193689571,0.0
2022-10-13 18:00:00,0.0,0.0,0.0,8.171766461472032,25.224576650429242,35.096924863181506,0.0,0.0,0.0,35.096924863181506,0.0,0.0,0.0,0.0,13.760253756372624,13.760253756372624,0.0
2022-10-13 19:00:00,0.0,0.0,0.0,8.171766461472032,35.59188729171832,35.096924863181506,0.0,0.0,0.0,35.096924863181506,0.0,0.0,0.0,0.0,15.982424179469472,15.982424179469472,0.0
2022-10-13 20:00:00,0.0,0.0,0.0,8.171766461472032,47.99591355195365,26.001942228801234,0.0,0.0,0.0,26.001942228801234,0.0,0.0,0.0,0.0,15.519717869265211,15.519717869265211,0.0
2022-10-13 21:00:00,0.0,0.0,0.0,0.0,0.0,14.657592477664597,0.0,0.0,0.0,14.657592477664597,0.0,0.0,0.0,0.0,3.9190005007531834,3.9190005007531834,0.0
2022-10-13 22:00:00,0.0,0.0,0.0,0.0,0.0,14.657592477664597,0.0,0.0,0.0,14.657592477664597,0.0,0.0,0.0,0.0,3.8058438868256124,3.8058438868256124,0.0
2022-10-13 23:00:00,0.0,0.0,0.0,0.0,0.0,14.657592477664597,0.0,0.0,0.0,14.657592477664597,0.0,0.0,0.0,0.0,3.740471024375228,3.740471024375228,0.0
2022-10-14 00:00:00,0.0,0.0,0.0,0.0,0.0,14.657592477664597,0.0,0.0,0.0,14.657592477664597,0.0,0.0,0.0,0.0,3.798661666511557,3.798661666511557,0.0
2022-10-14 01:00:00,0.0,0.0,0.0,0.0,0.0,14.657592477664597,0.0,0.0,0.0,14.657592477664597,0.0,0.0,0.0,0.0,3.853187910528469,3.853187910528469,0.0
2022-10-14 02:00:00,0.0,0.0,0.0,0.0,0.0,14.657592477664597,0.0,0.0,0.0,14.657592477664597,0.0,0.0,0.0,0.0,3.957256817119888,3.957256817119888,0.0
2022-10-14 03:00:00,0.0,0.0,0.0,0.0,0.0,14.657592477664597,0.0,0.0,0.0,14.657592477664597,0.0,0.0,0.0,0.0,4.075983316188971,4.075983316188971,0.0
2022-10-14 04:00:00,0.0,0.0,0.0,0.0,0.0,14.657592477664597,0.0,0.0,0.0,14.657592477664597,0.0,0.0,0.0,0.0,4.185622107921902,4.185622107921902,0.0
2022-10-14 05:00:00,0.0,0.0,0.0,0.0,0.0,14.657592477664597,0.0,0.0,0.0,14.657592477664597,0.0,0.0,0.0,0.0,4.134467110174852,4.134467110174852,0.0
2022-10-14 06:00:00,0.0,0.0,0.0,0.0,0.0,3.1725832896646002,0.0,0.0,0.0,3.1725832896646002,0.0,0.0,0.0,0.0,0.9250935614333007,0.9250935614333007,0.0
2022-10-14 07:00:00,0.0,0.0,0.0,8.171766461472032,140.55362218676635,14.516933040801234,0.0,0.0,0.0,14.516933040801234,0.0,0.0,0.0,0.0,29.549747069389788,29.549747069389788,0.0
2022-10-14 08:00:00,0.0,0.0,0.0,8.171766461472032,95.74417465326584,14.516933040801234,0.0,0.0,0.0,14.516933040801234,0.0,0.0,0.0,0.0,21.39047597584934,21.39047597584934,0.0
2022-10-14 09:00:00,0.0,0.0,0.0,8.171766461472032,70.39629894894505,28.15940699237166,0.0,0.0,0.0,28.15940699237166,0.0,0.0,0.0,0.0,20.613019609137517,20.613019609137517,0.0
2022-10-14 10:00:00,0.0,0.0,0.0,8.171766461472032,58.94999758491323,28.15940699237166,0.0,0.0,0.0,28.15940699237166,0.0,0.0,0.0,0.0,18.6222252318586,18.6222252318586,0.0
2022-10-14 11:00:00,0.0,0.0,0.0,8.171766461472032,40.16027991272563,37.25438962675194,0.0,0.0,0.0,37.25438962675194,0.0,0.0,0.0,0.0,17.7086721118228,17.7086721118228,0.0
2022-10-14 12:00:00,0.0,0.0,0.0,8.171766461472032,33.43393628757439,37.25438962675194,0.0,0.0,0.0,37.25438962675194,0.0,0.0,0.0,0.0,16.541923880283957,16.541923880283957,0.0
2022-10-14 13:00:00,0.0,0.0,0.0,8.171766461472032,31.398920098091114,37.25438962675194,0.0,0.0,0.0,37.25438962675194,0.0,0.0,0.0,0.0,16.34912382829549,16.34912382829549,0.0
2022-10-14 14:00:00,0.0,0.0,0.0,8.171766461472032,29.735983245150408,37.25438962675194,0.0,0.0,0.0,37.25438962675194,0.0,0.0,0.0,0.0,16.249767431570497,16.249767431570497,0.0
2022-10-14 15:00:00,0.0,0.0,0.0,8.171766461472032,27.71949225242908,37.25438962675194,0.0,0.0,0.0,37.25438962675194,0.0,0.0,0.0,0.0,16.126615662466214,16.126615662466214,0.0
2022-10-14 16:00:00,0.0,0.0,0.0,8.171766461472032,50.528263145795485,28.15940699237166,0.0,0.0,0.0,28.15940699237166,0.0,0.0,0.0,0.0,17.368334131689775,17.368334131689775,0.0
2022-10-14 17:00:00,0.0,0.0,0.0,8.171766461472032,70.72193216575879,30.549433545991374,0.0,0.0,0.0,30.549433545991374,0.0,0.0,0.0,0.0,21.566576389013115,21.566576389013115,0.0
2022-10-14 18:00:00,0.0,0.0,0.0,0.0,0.0,14.657592477664597,0.0,0.0,0.0,14.657592477664597,0.0,0.0,0.0,0.0,4.208487952187059,4.208487952187059,0.0
2022-10-14 19:00:00,0.0,0.0,0.0,0.0,0.0,14.657592477664597,0.0,0.0,0.0,14.657592477664597,0.0,0.0,0.0,0.0,4.246304540779434,4.246304540779434,0.0
2022-10-14 20:00:00,0.0,0.0,0.0,0.0,0.0,14.657592477664597,0.0,0.0,0.0,14.657592477664597,0.0,0.0,0.0,0.0,4.2795772757037325,4.2795772757037325,0.0
2022-10-14 21:00:00,0.0,0.0,0.0,0.0,0.0,14.657592477664597,0.0,0.0,0.0,14.657592477664597,0.0,0.0,0.0,0.0,4.214937292877231,4.214937292877231,0.0
2022-10-14 22:00:00,0.0,0.0,0.0,0.0,0.0,14.657592477664597,0.0,0.0,0.0,14.657592477664597,0.0,0.0,0.0,0.0,3.817863112657298,3.817863112657298,0.0
2022-10-14 23:00:00,0.0,0.0,0.0,0.0,0.0,15.107011293199369,0.0,0.0,0.0,15.107011293199369,0.0,0.0,0.0,0.0,3.532321380575876,3.532321380575876,0.0
2022-10-15 00:00:00,0.0,0.0,0.0,0.0,0.0,15.107011293199369,0.0,0.0,0.0,15.107011293199369,0.0,0.0,0.0,0.0,3.562535403162275,3.562535403162275,0.0
2022-10-15 01:00:00,0.0,0.0,0.0,0.0,0.0,15.107011293199369,0.0,0.0,0.0,15.107011293199369,0.0,0.0,0.0,0.0,3.5564925986449953,3.5564925986449953,0.0
2022-10-15 02:00:00,0.0,0.0,0.0,0.0,0.0,15.107011293199369,0.0,0.0,0.0,15.107011293199369,0.0,0.0,0.0,0.0,3.5490901631113276,3.5490901631113276,0.0
2022-10-15 03:00:00,0.0,0.0,0.0,0.0,0.0,15.107011293199369,0.0,0.0,0.0,15.107011293199369,0.0,0.0,0.0,0.0,3.6223591678833444,3.6223591678833444,0.0
2022-10-15 04:00:00,0.0,0.0,0.0,0.0,0.0,15.107011293199369,0.0,0.0,0.0,15.107011293199369,0.0,0.0,0.0,0.0,3.778263524429162,3.778263524429162,0.0
2022-10-15 05:00:00,0.0,0.0,0.0,8.171766461472032,168.33440391207583,23.2787777546714,0.0,0.0,0.0,23.2787777546714,0.0,0.0,0.0,0.0,36.17446555295336,36.17446555295336,0.0
2022-10-15 06:00:00,0.0,0.0,0.0,8.171766461472032,126.59989822066866,19.064424357991378,0.0,0.0,0.0,19.064424357991378,0.0,0.0,0.0,0.0,27.623001503060884,27.623001503060884,0.0
2022-10-15 07:00:00,0.0,0.0,0.0,8.171766461472032,101.91522839786302,32.706898309561794,0.0,0.0,0.0,32.706898309561794,0.0,0.0,0.0,0.0,26.61262279770171,26.61262279770171,0.0
2022-10-15 08:00:00,0.0,0.0,0.0,8.171766461472032,71.54536205492414,49.09918831618329,0.0,0.0,0.0,49.09918831618329,0.0,0.0,0.0,0.0,25.14674930744743,25.14674930744743,0.0
2022-10-15 09:00:00,0.0,0.0,0.0,8.171766461472032,61.537266861904016,49.09918831618329,0.0,0.0,0.0,49.09918831618329,0.0,0.0,0.0,0.0,23.117949373411516,23.117949373411516,0.0
2022-10-15 10:00:00,0.0,0.0,0.0,8.171766461472032,52.683600436517324,49.09918831618329,0.0,0.0,0.0,49.09918831618329,0.0,0.0,0.0,0.0,21.315662508615517,21.315662508615517,0.0
2022-10-15 11:00:00,0.0,0.0,0.0,8.171766461472032,47.46243493949292,49.09918831618329,0.0,0.0,0.0,49.09918831618329,0.0,0.0,0.0,0.0,20.298503773051948,20.298503773051948,0.0
2022-10-15 12:00:00,0.0,0.0,0.0,8.171766461472032,38.198035493222115,49.09918831618329,0.0,0.0,0.0,49.09918831618329,0.0,0.0,0.0,0.0,18.521935610036522,18.521935610036522,0.0
2022-10-15 13:00:00,0.0,0.0,0.0,8.171766461472032,27.5448268688784,49.09918831618329,0.0,0.0,0.0,49.09918831618329,0.0,0.0,0.0,0.0,16.829677251814243,16.829677251814243,0.0
2022-10-15 14:00:00,0.0,0.0,0.0,8.171766461472032,18.05340860173136,49.09918831618329,0.0,0.0,0.0,49.09918831618329,0.0,0.0,0.0,0.0,15.619100223675963,15.619100223675963,0.0
2022-10-15 15:00:00,0.0,0.0,0.0,8.171766461472032,17.669484857152987,49.09918831618329,0.0,0.0,0.0,49.09918831618329,0.0,0.0,0.0,0.0,16.140637829919363,16.140637829919363,0.0
2022-10-15 16:00:00,0.0,0.0,0.0,8.171766461472032,26.17823543950501,49.09918831618329,0.0,0.0,0.0,49.09918831618329,0.0,0.0,0.0,0.0,18.302093490094666,18.302093490094666,0.0
2022-10-15 17:00:00,0.0,0.0,0.0,8.171766461472032,34.59068442536049,48.73939881475194,0.0,0.0,0.0,48.73939881475194,0.0,0.0,0.0,0.0,19.33555357859162,19.33555357859162,0.0
2022-10-15 18:00:00,0.0,0.0,0.0,8.171766461472032,45.952405762157554,48.73939881475194,0.0,0.0,0.0,48.73939881475194,0.0,0.0,0.0,0.0,21.553773682156212,21.553773682156212,0.0
2022-10-15 19:00:00,0.0,0.0,0.0,8.171766461472032,51.504835810704904,44.191907497561786,0.0,0.0,0.0,44.191907497561786,0.0,0.0,0.0,0.0,21.68829958998159,21.68829958998159,0.0
2022-10-15 20:00:00,0.0,0.0,0.0,0.0,0.0,22.37766708451935,0.0,0.0,0.0,22.37766708451935,0.0,0.0,0.0,0.0,6.110221997428009,6.110221997428009,0.0
2022-10-15 21:00:00,0.0,0.0,0.0,0.0,0.0,15.107011293199369,0.0,0.0,0.0,15.107011293199369,0.0,0.0,0.0,0.0,4.058649654030942,4.058649654030942,0.0
2022-10-15 22:00:00,0.0,0.0,0.0,0.0,0.0,15.107011293199369,0.0,0.0,0.0,15.107011293199369,0.0,0.0,0.0,0.0,3.803643303401737,3.803643303401737,0.0
2022-10-15 23:00:00,0.0,0.0,0.0,0.0,0.0,15.107011293199369,0.0,0.0,0.0,15.107011293199369,0.0,0.0,0.0,0.0,3.752732675343655,3.752732675343655,0.0
2022-10-16 00:00:00,0.0,0.0,0.0,0.0,0.0,15.107011293199369,0.0,0.0,0.0,15.107011293199369,0.0,0.0,0.0,0.0,3.800168690804301,3.800168690804301,0.0
2022-10-16 01:00:00,0.0,0.0,0.0,0.0,0.0,15.107011293199369,0.0,0.0,0.0,15.107011293199369,0.0,0.0,0.0,0.0,3.68263614294321,3.68263614294321,0.0
2022-10-16 02:00:00,0.0,0.0,0.0,0.0,0.0,15.107011293199369,0.0,0.0,0.0,15.107011293199369,0.0,0.0,0.0,0.0,3.6904917888156734,3.6904917888156734,0.0
2022-10-16 03:00:00,0.0,0.0,0.0,0.0,0.0,15.107011293199369,0.0,0.0,0.0,15.107011293199369,0.0,0.0,0.0,0.0,3.7216122320796643,3.7216122320796643,0.0
2022-10-16 04:00:00,0.0,0.0,0.0,0.0,0.0,15.107011293199369,0.0,0.0,0.0,15.107011293199369,0.0,0.0,0.0,0.0,3.808779687241425,3.808779687241425,0.0
2022-10-16 05:00:00,0.0,0.0,0.0,8.171766461472032,129.01965844713192,23.2787777546714,0.0,0.0,0.0,23.2787777546714,0.0,0.0,0.0,0.0,29.15565580995645,29.15565580995645,0.0
2022-10-16 06:00:00,0.0,0.0,0.0,8.171766461472032,99.08226639378739,19.064424357991378,0.0,0.0,0.0,19.064424357991378,0.0,0.0,0.0,0.0,22.81638043015861,22.81638043015861,0.0
2022-10-16 07:00:00,0.0,0.0,0.0,8.171766461472032,84.56017489341787,32.706898309561794,0.0,0.0,0.0,32.706898309561794,0.0,0.0,0.0,0.0,23.712534618608537,23.712534618608537,0.0
2022-10-16 08:00:00,0.0,0.0,0.0,8.171766461472034,63.13429391899963,49.09918831618329,0.0,0.0,0.0,49.09918831618329,0.0,0.0,0.0,0.0,23.923491193131696,23.923491193131696,0.0
2022-10-16 09:00:00,0.0,0.0,0.0,8.171766461472032,46.87794785546159,49.09918831618329,0.0,0.0,0.0,49.09918831618329,0.0,0.0,0.0,0.0,21.06526821602209,21.06526821602209,0.0
2022-10-16 10:00:00,0.0,0.0,0.0,8.171766461472032,26.382810215456647,49.09918831618329,0.0,0.0,0.0,49.09918831618329,0.0,0.0,0.0,0.0,17.645155732314766,17.645155732314766,0.0
2022-10-16 11:00:00,0.0,0.0,0.0,8.171766461472032,12.66655761181879,49.09918831618329,0.0,0.0,0.0,49.09918831618329,0.0,0.0,0.0,0.0,15.131840493309358,15.131840493309358,0.0
2022-10-16 12:00:00,0.0,0.0,0.0,8.171766461472032,7.2067985949892135,49.09918831618329,0.0,0.0,0.0,49.09918831618329,0.0,0.0,0.0,0.0,14.159610442785445,14.159610442785445,0.0
2022-10-16 13:00:00,0.0,0.0,0.0,8.171766461472032,3.283221158513541,49.09918831618329,0.0,0.0,0.0,49.09918831618329,0.0,0.0,0.0,0.0,13.65300239697886,13.65300239697886,0.0
2022-10-16 14:00:00,0.0,0.0,0.0,8.171766461472032,3.802569445659655,49.09918831618329,0.0,0.0,0.0,49.09918831618329,0.0,0.0,0.0,0.0,13.811813191610451,13.811813191610451,0.0
2022-10-16 15:00:00,0.0,0.0,0.0,8.171766461472032,8.382933230998411,49.09918831618329,0.0,0.0,0.0,49.09918831618329,0.0,0.0,0.0,0.0,14.587901391529385,14.587901391529385,0.0
2022-10-16 16:00:00,0.0,0.0,0.0,8.171766461472032,17.024015555965786,49.09918831618329,0.0,0.0,0.0,49.09918831618329,0.0,0.0,0.0,0.0,16.113781337676926,16.113781337676926,0.0
2022-10-16 17:00:00,0.0,0.0,0.0,8.171766461472032,37.31869859559941,48.73939881475194,0.0,0.0,0.0,48.73939881475194,0.0,0.0,0.0,0.0,19.402213495980835,19.402213495980835,0.0
2022-10-16 18:00:00,0.0,0.0,0.0,8.171766461472032,54.31255729334459,48.73939881475194,0.0,0.0,0.0,48.73939881475194,0.0,0.0,0.0,0.0,22.60477123046506,22.60477123046506,0.0
2022-10-16 19:00:00,0.0,0.0,0.0,8.171766461472034,64.75072100011397,44.191907497561786,0.0,0.0,0.0,44.191907497561786,0.0,0.0,0.0,0.0,23.367040021856013,23.367040021856013,0.0
2022-10-16 20:00:00,0.0,0.0,0.0,0.0,0.0,22.37766708451935,0.0,0.0,0.0,22.37766708451935,0.0,0.0,0.0,0.0,5.827592062150529,5.827592062150529,0.0
2022-10-16 21:00:00,0.0,0.0,0.0,0.0,0.0,15.107011293199369,0.0,0.0,0.0,15.107011293199369,0.0,0.0,0.0,0.0,3.7321871399849043,3.7321871399849043,0.0
2022-10-16 22:00:00,0.0,0.0,0.0,0.0,0.0,15.107011293199369,0.0,0.0,0.0,15.107011293199369,0.0,0.0,0.0,0.0,3.5294510484301687,3.5294510484301687,0.0
2022-10-16 23:00:00,0.0,0.0,0.0,0.0,0.0,15.107011293199369,0.0,0.0,0.0,15.107011293199369,0.0,0.0,0.0,0.0,3.5344363621569244,3.5344363621569244,0.0
2022-10-17 00:00:00,0.0,0.0,0.0,0.0,0.0,15.107011293199369,0.0,0.0,0.0,15.107011293199369,0.0,0.0,0.0,0.0,3.4123717109078733,3.4123717109078733,0.0
2022-10-17 01:00:00,0.0,0.0,0.0,0.0,0.0,15.107011293199369,0.0,0.0,0.0,15.107011293199369,0.0,0.0,0.0,0.0,3.3711295700774393,3.3711295700774393,0.0
2022-10-17 02:00:00,0.0,0.0,0.0,0.0,0.0,15.107011293199369,0.0,0.0,0.0,15.107011293199369,0.0,0.0,0.0,0.0,3.3752084631266026,3.3752084631266026,0.0
2022-10-17 03:00:00,0.0,0.0,0.0,0.0,0.0,15.107011293199369,0.0,0.0,0.0,15.107011293199369,0.0,0.0,0.0,0.0,3.3945454375818978,3.3945454375818978,0.0
2022-10-17 04:00:00,0.0,0.0,0.0,0.0,0.0,15.107011293199369,0.0,0.0,0.0,15.107011293199369,0.0,0.0,0.0,0.0,3.5685782076795545,3.5685782076795545,0.0
2022-10-17 05:00:00,0.0,0.0,0.0,8.171766461472032,185.49640811378606,23.2787777546714,0.0,0.0,0.0,23.2787777546714,0.0,0.0,0.0,0.0,39.0871072300404,39.0871072300404,0.0
2022-10-17 06:00:00,0.0,0.0,0.0,8.171766461472032,142.06249733827175,19.064424357991378,0.0,0.0,0.0,19.064424357991378,0.0,0.0,0.0,0.0,30.326597006703558,30.326597006703558,0.0
2022-10-17 07:00:00,0.0,0.0,0.0,8.171766461472032,106.65790313895174,32.706898309561794,0.0,0.0,0.0,32.706898309561794,0.0,0.0,0.0,0.0,27.496306626313704,27.496306626313704,0.0
2022-10-17 08:00:00,0.0,0.0,0.0,8.171766461472032,61.57470451595487,49.09918831618329,0.0,0.0,0.0,49.09918831618329,0.0,0.0,0.0,0.0,23.59898819766123,23.59898819766123,0.0
2022-10-17 09:00:00,0.0,0.0,0.0,8.171766461472032,35.9715986980625,49.09918831618329,0.0,0.0,0.0,49.09918831618329,0.0,0.0,0.0,0.0,19.189954072708346,19.189954072708346,0.0
2022-10-17 10:00:00,0.0,0.0,0.0,8.171766461472032,11.322900532953165,49.09918831618329,0.0,0.0,0.0,49.09918831618329,0.0,0.0,0.0,0.0,15.0799283386134,15.0799283386134,0.0
2022-10-17 11:00:00,0.0,0.0,0.0,8.171766461472032,2.381382563686497,49.09918831618329,0.0,0.0,0.0,49.09918831618329,0.0,0.0,0.0,0.0,13.510756651724138,13.510756651724138,0.0
2022-10-17 12:00:00,0.0,0.0,0.0,8.171766461472032,0.10028196460288841,49.09918831618329,0.0,0.0,0.0,49.09918831618329,0.0,0.0,0.0,0.0,13.315588980927028,13.315588980927028,0.0
2022-10-17 13:00:00,0.0,0.0,0.0,8.171766461472032,0.0,49.09918831618329,0.0,0.0,0.0,49.09918831618329,0.0,0.0,0.0,0.0,13.451704622984737,13.451704622984737,0.0
2022-10-17 14:00:00,0.0,0.0,0.0,8.171766461472032,0.0,49.09918831618329,0.0,0.0,0.0,49.09918831618329,0.0,0.0,0.0,0.0,13.457596525582677,13.457596525582677,0.0
2022-10-17 15:00:00,0.0,0.0,0.0,8.171766461472032,0.0,49.09918831618329,0.0,0.0,0.0,49.09918831618329,0.0,0.0,0.0,0.0,13.55726787786453,13.55726787786453,0.0
2022-10-17 16:00:00,0.0,0.0,0.0,8.171766461472032,0.9652004361597959,49.09918831618329,0.0,0.0,0.0,49.09918831618329,0.0,0.0,0.0,0.0,13.576390172904024,13.576390172904024,0.0
2022-10-17 17:00:00,0.0,0.0,0.0,8.171766461472032,6.902149044616484,48.73939881475194,0.0,0.0,0.0,48.73939881475194,0.0,0.0,0.0,0.0,14.334137315415594,14.334137315415594,0.0
2022-10-17 18:00:00,0.0,0.0,0.0,8.171766461472032,14.412106403221712,48.73939881475194,0.0,0.0,0.0,48.73939881475194,0.0,0.0,0.0,0.0,15.633182303117527,15.633182303117527,0.0
2022-10-17 19:00:00,0.0,0.0,0.0,8.171766461472032,19.15767500698752,44.191907497561786,0.0,0.0,0.0,44.191907497561786,0.0,0.0,0.0,0.0,15.250354296655836,15.250354296655836,0.0
2022-10-17 20:00:00,0.0,0.0,0.0,0.0,0.0,22.37766708451935,0.0,0.0,0.0,22.37766708451935,0.0,0.0,0.0,0.0,5.8461655258306795,5.8461655258306795,0.0
2022-10-17 21:00:00,0.0,0.0,0.0,0.0,0.0,15.107011293199369,0.0,0.0,0.0,15.107011293199369,0.0,0.0,0.0,0.0,3.6200931161893646,3.6200931161893646,0.0
2022-10-17 22:00:00,0.0,0.0,0.0,0.0,0.0,15.107011293199369,0.0,0.0,0.0,15.107011293199369,0.0,0.0,0.0,0.0,3.4107099396656215,3.4107099396656215,0.0
2022-10-17 23:00:00,0.0,0.0,0.0,0.0,0.0,15.107011293199369,0.0,0.0,0.0,15.107011293199369,0.0,0.0,0.0,0.0,3.316140048970193,3.316140048970193,0.0
2022-10-18 00:00:00,0.0,0.0,0.0,0.0,0.0,15.107011293199369,0.0,0.0,0.0,15.107011293199369,0.0,0.0,0.0,0.0,3.2913645504493467,3.2913645504493467,0.0
2022-10-18 01:00:00,0.0,0.0,0.0,0.0,0.0,15.107011293199369,0.0,0.0,0.0,15.107011293199369,0.0,0.0,0.0,0.0,3.2353175385515764,3.2353175385515764,0.0
2022-10-18 02:00:00,0.0,0.0,0.0,0.0,0.0,15.107011293199369,0.0,0.0,0.0,15.107011293199369,0.0,0.0,0.0,0.0,3.196643589640986,3.196643589640986,0.0
2022-10-18 03:00:00,0.0,0.0,0.0,0.0,0.0,15.107011293199369,0.0,0.0,0.0,15.107011293199369,0.0,0.0,0.0,0.0,3.1890900839943863,3.1890900839943863,0.0
2022-10-18 04:00:00,0.0,0.0,0.0,0.0,0.0,15.107011293199369,0.0,0.0,0.0,15.107011293199369,0.0,0.0,0.0,0.0,3.3962072088241504,3.3962072088241504,0.0
2022-10-18 05:00:00,0.0,0.0,0.0,8.171766461472032,115.93036089258699,23.2787777546714,0.0,0.0,0.0,23.2787777546714,0.0,0.0,0.0,0.0,26.30820572970524,26.30820572970524,0.0
2022-10-18 06:00:00,0.0,0.0,0.0,8.171766461472032,85.75093008057334,20.978592555991376,0.0,0.0,0.0,20.978592555991376,0.0,0.0,0.0,0.0,20.376172872111205,20.376172872111205,0.0
2022-10-18 07:00:00,0.0,0.0,0.0,8.171766461472032,65.8685142064443,32.706898309561794,0.0,0.0,0.0,32.706898309561794,0.0,0.0,0.0,0.0,19.576518847230805,19.576518847230805,0.0
2022-10-18 08:00:00,0.0,0.0,0.0,8.171766461472032,35.46164534198052,49.09918831618329,0.0,0.0,0.0,49.09918831618329,0.0,0.0,0.0,0.0,18.05870694311237,18.05870694311237,0.0
2022-10-18 09:00:00,0.0,0.0,0.0,8.171766461472032,16.8192362419293,49.09918831618329,0.0,0.0,0.0,49.09918831618329,0.0,0.0,0.0,0.0,14.383970724240278,14.383970724240278,0.0
2022-10-18 10:00:00,0.0,0.0,0.0,8.171766461472032,1.124322056184503,49.09918831618329,0.0,0.0,0.0,49.09918831618329,0.0,0.0,0.0,0.0,11.853181047362852,11.853181047362852,0.0
2022-10-18 11:00:00,0.0,0.0,0.0,8.171766461472032,0.0,49.09918831618329,0.0,0.0,0.0,49.09918831618329,0.0,0.0,0.0,0.0,11.217200562715234,11.217200562715234,0.0
2022-10-18 12:00:00,0.0,0.0,0.0,8.171766461472032,0.0,49.09918831618329,0.0,0.0,0.0,49.09918831618329,0.0,0.0,0.0,0.0,11.456313609815046,11.456313609815046,0.0
2022-10-18 13:00:00,0.0,0.0,0.0,8.171766461472032,0.0,49.09918831618329,0.0,0.0,0.0,49.09918831618329,0.0,0.0,0.0,0.0,11.476444277024681,11.476444277024681,0.0
2022-10-18 14:00:00,0.0,0.0,0.0,8.171766461472032,0.0,49.09918831618329,0.0,0.0,0.0,49.09918831618329,0.0,0.0,0.0,0.0,11.35811523318268,11.35811523318268,0.0
2022-10-18 15:00:00,0.0,0.0,0.0,8.171766461472032,0.0,49.09918831618329,0.0,0.0,0.0,49.09918831618329,0.0,0.0,0.0,0.0,12.084783220262192,12.084783220262192,0.0
2022-10-18 16:00:00,0.0,0.0,0.0,8.171766461472032,1.0350148947082467,49.09918831618329,0.0,0.0,0.0,49.09918831618329,0.0,0.0,0.0,0.0,12.250025429694633,12.250025429694633,0.0
2022-10-18 17:00:00,0.0,0.0,0.0,8.171766461472032,16.63596984654433,48.73939881475194,0.0,0.0,0.0,48.73939881475194,0.0,0.0,0.0,0.0,14.713726917121614,14.713726917121614,0.0
2022-10-18 18:00:00,0.0,0.0,0.0,8.171766461472032,34.50037759018017,48.73939881475194,0.0,0.0,0.0,48.73939881475194,0.0,0.0,0.0,0.0,18.104707977056286,18.104707977056286,0.0
2022-10-18 19:00:00,0.0,0.0,0.0,8.171766461472032,43.25985836666,44.191907497561786,0.0,0.0,0.0,44.191907497561786,0.0,0.0,0.0,0.0,18.474558646425024,18.474558646425024,0.0
2022-10-18 20:00:00,0.0,0.0,0.0,0.0,0.0,22.37766708451935,0.0,0.0,0.0,22.37766708451935,0.0,0.0,0.0,0.0,5.15805226298171,5.15805226298171,0.0
2022-10-18 21:00:00,0.0,0.0,0.0,0.0,0.0,15.107011293199369,0.0,0.0,0.0,15.107011293199369,0.0,0.0,0.0,0.0,3.2839621149156786,3.2839621149156786,0.0
2022-10-18 22:00:00,0.0,0.0,0.0,0.0,0.0,15.107011293199369,0.0,0.0,0.0,15.107011293199369,0.0,0.0,0.0,0.0,3.187277242639203,3.187277242639203,0.0
2022-10-18 23:00:00,0.0,0.0,0.0,0.0,0.0,15.107011293199369,0.0,0.0,0.0,15.107011293199369,0.0,0.0,0.0,0.0,3.3052630008390897,3.3052630008390897,0.0
2022-10-19 00:00:00,0.0,0.0,0.0,0.0,0.0,15.107011293199369,0.0,0.0,0.0,15.107011293199369,0.0,0.0,0.0,0.0,3.402854293793158,3.402854293793158,0.0
2022-10-19 01:00:00,0.0,0.0,0.0,0.0,0.0,15.107011293199369,0.0,0.0,0.0,15.107011293199369,0.0,0.0,0.0,0.0,3.2797321517535827,3.2797321517535827,0.0
2022-10-19 02:00:00,0.0,0.0,0.0,0.0,0.0,15.107011293199369,0.0,0.0,0.0,15.107011293199369,0.0,0.0,0.0,0.0,3.2390942913748764,3.2390942913748764,0.0
2022-10-19 03:00:00,0.0,0.0,0.0,0.0,0.0,15.107011293199369,0.0,0.0,0.0,15.107011293199369,0.0,0.0,0.0,0.0,3.2691572438483436,3.2691572438483436,0.0
2022-10-19 04:00:00,0.0,0.0,0.0,0.0,0.0,15.107011293199369,0.0,0.0,0.0,15.107011293199369,0.0,0.0,0.0,0.0,3.2393964316007406,3.2393964316007406,0.0
2022-10-19 05:00:00,0.0,0.0,0.0,8.171766461472032,160.47820431426473,23.2787777546714,0.0,0.0,0.0,23.2787777546714,0.0,0.0,0.0,0.0,33.951481610570156,33.951481610570156,0.0
2022-10-19 06:00:00,0.0,0.0,0.0,8.171766461472032,124.20019675322422,20.978592555991376,0.0,0.0,0.0,20.978592555991376,0.0,0.0,0.0,0.0,26.880036765633537,26.880036765633537,0.0
2022-10-19 07:00:00,0.0,0.0,0.0,8.171766461472032,97.91695048055863,32.706898309561794,0.0,0.0,0.0,32.706898309561794,0.0,0.0,0.0,0.0,24.7349070027819,24.7349070027819,0.0
2022-10-19 08:00:00,0.0,0.0,0.0,8.171766461472032,60.646579031209306,49.09918831618329,0.0,0.0,0.0,49.09918831618329,0.0,0.0,0.0,0.0,21.49884377577309,21.49884377577309,0.0
2022-10-19 09:00:00,0.0,0.0,0.0,8.171766461472032,38.18168781748001,49.09918831618329,0.0,0.0,0.0,49.09918831618329,0.0,0.0,0.0,0.0,17.041597627815367,17.041597627815367,0.0
2022-10-19 10:00:00,0.0,0.0,0.0,8.171766461472032,15.75561591198821,49.09918831618329,0.0,0.0,0.0,49.09918831618329,0.0,0.0,0.0,0.0,13.371036022842492,13.371036022842492,0.0
2022-10-19 11:00:00,0.0,0.0,0.0,8.171766461472032,1.7657945922563172,49.09918831618329,0.0,0.0,0.0,49.09918831618329,0.0,0.0,0.0,0.0,10.807973631332018,10.807973631332018,0.0
2022-10-19 12:00:00,0.0,0.0,0.0,8.171766461472032,0.0,49.09918831618329,0.0,0.0,0.0,49.09918831618329,0.0,0.0,0.0,0.0,10.620154432790446,10.620154432790446,0.0
2022-10-19 13:00:00,0.0,0.0,0.0,8.171766461472032,0.0,49.09918831618329,0.0,0.0,0.0,49.09918831618329,0.0,0.0,0.0,0.0,10.759596127608404,10.759596127608404,0.0
2022-10-19 14:00:00,0.0,0.0,0.0,8.171766461472032,0.0,49.09918831618329,0.0,0.0,0.0,49.09918831618329,0.0,0.0,0.0,0.0,10.927515351649753,10.927515351649753,0.0
2022-10-19 15:00:00,0.0,0.0,0.0,8.171766461472032,0.0,49.09918831618329,0.0,0.0,0.0,49.09918831618329,0.0,0.0,0.0,0.0,11.238804205574354,11.238804205574354,0.0
2022-10-19 16:00:00,0.0,0.0,0.0,8.171766461472032,0.0,49.09918831618329,0.0,0.0,0.0,49.09918831618329,0.0,0.0,0.0,0.0,11.627669777038527,11.627669777038527,0.0
2022-10-19 17:00:00,0.0,0.0,0.0,8.171766461472032,1.4328750790251397,48.73939881475194,0.0,0.0,0.0,48.73939881475194,0.0,0.0,0.0,0.0,11.669832589840922,11.669832589840922,0.0
2022-10-19 18:00:00,0.0,0.0,0.0,8.171766461472032,14.692069940561815,48.73939881475194,0.0,0.0,0.0,48.73939881475194,0.0,0.0,0.0,0.0,13.959677317875206,13.959677317875206,0.0
2022-10-19 19:00:00,0.0,0.0,0.0,8.171766461472032,24.04010147862553,44.191907497561786,0.0,0.0,0.0,44.191907497561786,0.0,0.0,0.0,0.0,14.849197644560583,14.849197644560583,0.0
2022-10-19 20:00:00,0.0,0.0,0.0,0.0,0.0,22.37766708451935,0.0,0.0,0.0,22.37766708451935,0.0,0.0,0.0,0.0,5.512738286271341,5.512738286271341,0.0
2022-10-19 21:00:00,0.0,0.0,0.0,0.0,0.0,15.107011293199369,0.0,0.0,0.0,15.107011293199369,0.0,0.0,0.0,0.0,3.6779529694423183,3.6779529694423183,0.0
2022-10-19 22:00:00,0.0,0.0,0.0,0.0,0.0,15.107011293199369,0.0,0.0,0.0,15.107011293199369,0.0,0.0,0.0,0.0,3.5687292777924866,3.5687292777924866,0.0
2022-10-19 23:00:00,0.0,0.0,0.0,0.0,0.0,14.657592477664597,0.0,0.0,0.0,14.657592477664597,0.0,0.0,0.0,0.0,3.424160178707227,3.424160178707227,0.0
2022-10-20 00:00:00,0.0,0.0,0.0,0.0,0.0,14.657592477664597,0.0,0.0,0.0,14.657592477664597,0.0,0.0,0.0,0.0,3.488653585608951,3.488653585608951,0.0
2022-10-20 01:00:00,0.0,0.0,0.0,0.0,0.0,14.657592477664597,0.0,0.0,0.0,14.657592477664597,0.0,0.0,0.0,0.0,3.58744575890841,3.58744575890841,0.0
2022-10-20 02:00:00,0.0,0.0,0.0,0.0,0.0,14.657592477664597,0.0,0.0,0.0,14.657592477664597,0.0,0.0,0.0,0.0,3.5953608588463486,3.5953608588463486,0.0
2022-10-20 03:00:00,0.0,0.0,0.0,0.0,0.0,14.657592477664597,0.0,0.0,0.0,14.657592477664597,0.0,0.0,0.0,0.0,3.5425935259267565,3.5425935259267565,0.0
2022-10-20 04:00:00,0.0,0.0,0.0,0.0,0.0,14.657592477664597,0.0,0.0,0.0,14.657592477664597,0.0,0.0,0.0,0.0,3.652965197283571,3.652965197283571,0.0
2022-10-20 05:00:00,0.0,0.0,0.0,8.171766461472032,158.8186511339464,22.829358939136633,0.0,0.0,0.0,22.829358939136633,0.0,0.0,0.0,0.0,34.25430539983722,34.25430539983722,0.0
2022-10-20 06:00:00,0.0,0.0,0.0,8.171766461472032,125.86420351623242,16.431101238801233,0.0,0.0,0.0,16.431101238801233,0.0,0.0,0.0,0.0,26.727613656001147,26.727613656001147,0.0
2022-10-20 07:00:00,0.0,0.0,0.0,8.171766461472032,85.54514300868871,23.611915675181518,0.0,0.0,0.0,23.611915675181518,0.0,0.0,0.0,0.0,21.247095911400457,21.247095911400457,0.0
2022-10-20 08:00:00,0.0,0.0,0.0,8.171766461472032,30.768490000255163,37.25438962675194,0.0,0.0,0.0,37.25438962675194,0.0,0.0,0.0,0.0,14.2704455752978,14.2704455752978,0.0
2022-10-20 09:00:00,0.0,0.0,0.0,8.171766461472032,1.3761391702475527,49.09918831618329,0.0,0.0,0.0,49.09918831618329,0.0,0.0,0.0,0.0,11.734038542172174,11.734038542172174,0.0
2022-10-20 10:00:00,0.0,0.0,0.0,8.171766461472032,0.0,49.09918831618329,0.0,0.0,0.0,49.09918831618329,0.0,0.0,0.0,0.0,11.477426260791004,11.477426260791004,0.0
2022-10-20 11:00:00,0.0,0.0,0.0,8.171766461472032,0.0,49.09918831618329,0.0,0.0,0.0,49.09918831618329,0.0,0.0,0.0,0.0,11.596737288399332,11.596737288399332,0.0
2022-10-20 12:00:00,0.0,0.0,0.790801004863961,8.171766461472032,0.0,49.88998932104725,0.0,0.0,0.0,49.88998932104725,0.0,0.0,0.0,0.0,12.336297659415354,12.336297659415354,0.0
2022-10-20 13:00:00,0.0,0.0,3.635567871359248,8.171766461472032,0.0,52.734756187542544,0.0,0.0,0.0,52.734756187542544,0.0,0.0,0.0,0.0,12.921069961071675,12.921069961071675,0.0
2022-10-20 14:00:00,0.0,0.0,5.512759219560572,8.171766461472032,0.0,54.61194753574387,0.0,0.0,0.0,54.61194753574387,0.0,0.0,0.0,0.0,13.69339972511242,13.69339972511242,0.0
2022-10-20 15:00:00,0.0,0.0,5.166267522513403,8.171766461472032,0.0,54.265455838696695,0.0,0.0,0.0,54.265455838696695,0.0,0.0,0.0,0.0,13.878932985305067,13.878932985305067,0.0
2022-10-20 16:00:00,0.0,0.0,1.2151647839167898,8.171766461472032,0.0,52.22852129810008,0.0,0.0,0.0,52.22852129810008,0.0,0.0,0.0,0.0,13.634777770082007,13.634777770082007,0.0
2022-10-20 17:00:00,0.0,0.0,0.0,8.171766461472032,0.0,44.191907497561786,0.0,0.0,0.0,44.191907497561786,0.0,0.0,0.0,0.0,11.374113151722453,11.374113151722453,0.0
2022-10-20 18:00:00,0.0,0.0,0.0,8.171766461472032,0.18827114040179257,35.096924863181506,0.0,0.0,0.0,35.096924863181506,0.0,0.0,0.0,0.0,9.02011493876442,9.02011493876442,0.0
2022-10-20 19:00:00,0.0,0.0,0.0,8.171766461472032,4.074440169026091,35.096924863181506,0.0,0.0,0.0,35.096924863181506,0.0,0.0,0.0,0.0,9.671738494630253,9.671738494630253,0.0
2022-10-20 20:00:00,0.0,0.0,0.0,8.171766461472032,15.34262023497899,26.001942228801234,0.0,0.0,0.0,26.001942228801234,0.0,0.0,0.0,0.0,9.456905173158923,9.456905173158923,0.0
2022-10-20 21:00:00,0.0,0.0,0.0,0.0,0.0,14.657592477664597,0.0,0.0,0.0,14.657592477664597,0.0,0.0,0.0,0.0,3.5938950995985826,3.5938950995985826,0.0
2022-10-20 22:00:00,0.0,0.0,0.0,0.0,0.0,14.657592477664597,0.0,0.0,0.0,14.657592477664597,0.0,0.0,0.0,0.0,3.5210468649845894,3.5210468649845894,0.0
2022-10-20 23:00:00,0.0,0.0,0.0,0.0,0.0,14.657592477664597,0.0,0.0,0.0,14.657592477664597,0.0,0.0,0.0,0.0,3.425186210180663,3.425186210180663,0.0
2022-10-21 00:00:00,0.0,0.0,0.0,0.0,0.0,14.657592477664597,0.0,0.0,0.0,14.657592477664597,0.0,0.0,0.0,0.0,3.4319287027203886,3.4319287027203886,0.0
2022-10-21 01:00:00,0.0,0.0,0.0,0.0,0.0,14.657592477664597,0.0,0.0,0.0,14.657592477664597,0.0,0.0,0.0,0.0,3.4556740025342054,3.4556740025342054,0.0
2022-10-21 02:00:00,0.0,0.0,0.0,0.0,0.0,14.657592477664597,0.0,0.0,0.0,14.657592477664597,0.0,0.0,0.0,0.0,3.4638822543216974,3.4638822543216974,0.0
2022-10-21 03:00:00,0.0,0.0,0.0,0.0,0.0,14.657592477664597,0.0,0.0,0.0,14.657592477664597,0.0,0.0,0.0,0.0,3.4684261079897736,3.4684261079897736,0.0
2022-10-21 04:00:00,0.0,0.0,0.0,0.0,0.0,14.657592477664597,0.0,0.0,0.0,14.657592477664597,0.0,0.0,0.0,0.0,3.6450500973456323,3.6450500973456323,0.0
2022-10-21 05:00:00,0.0,0.0,0.0,0.0,0.0,14.657592477664597,0.0,0.0,0.0,14.657592477664597,0.0,0.0,0.0,0.0,3.7013352524598644,3.7013352524598644,0.0
2022-10-21 06:00:00,0.0,0.0,0.0,0.0,0.0,5.0867514876646,0.0,0.0,0.0,5.0867514876646,0.0,0.0,0.0,0.0,1.2930013606494646,1.2930013606494646,0.0
2022-10-21 07:00:00,0.0,0.0,0.0,8.171766461472032,55.81547998440626,14.516933040801234,0.0,0.0,0.0,14.516933040801234,0.0,0.0,0.0,0.0,13.883086793357386,13.883086793357386,0.0
2022-10-21 08:00:00,0.0,0.0,0.0,8.171766461472032,20.417394556190217,14.516933040801234,0.0,0.0,0.0,14.516933040801234,0.0,0.0,0.0,0.0,7.5177763355980725,7.5177763355980725,0.0
2022-10-21 09:00:00,0.0,0.0,0.0,8.171766461472032,0.3099499100031292,28.15940699237166,0.0,0.0,0.0,28.15940699237166,0.0,0.0,0.0,0.0,7.2395529274752,7.2395529274752,0.0
2022-10-21 10:00:00,0.0,0.0,0.0,8.171766461472032,0.0,28.15940699237166,0.0,0.0,0.0,28.15940699237166,0.0,0.0,0.0,0.0,7.125737939419649,7.125737939419649,0.0
2022-10-21 11:00:00,0.0,0.0,0.10672133492930094,8.171766461472032,0.0,37.36111096168124,0.0,0.0,0.0,37.36111096168124,0.0,0.0,0.0,0.0,9.523720795242165,9.523720795242165,0.0
2022-10-21 12:00:00,0.0,0.0,2.2087015275294295,8.171766461472032,0.0,39.46309115428137,0.0,0.0,0.0,39.46309115428137,0.0,0.0,0.0,0.0,10.219756716224248,10.219756716224248,0.0
2022-10-21 13:00:00,0.0,0.0,4.67315785981391,8.171766461472032,0.0,41.927547486565835,0.0,0.0,0.0,41.927547486565835,0.0,0.0,0.0,0.0,10.683977650526705,10.683977650526705,0.0
2022-10-21 14:00:00,0.0,0.0,5.3944051567339315,8.171766461472032,0.0,42.64879478348587,0.0,0.0,0.0,42.64879478348587,0.0,0.0,0.0,0.0,11.053714631983869,11.053714631983869,0.0
2022-10-21 15:00:00,0.0,0.0,4.05413562479703,8.171766461472032,0.0,41.30852525154898,0.0,0.0,0.0,41.30852525154898,0.0,0.0,0.0,0.0,11.002938786002588,11.002938786002588,0.0
2022-10-21 16:00:00,0.0,0.0,0.430686305196111,8.171766461472032,0.0,30.50426149556777,0.0,0.0,0.0,30.50426149556777,0.0,0.0,0.0,0.0,8.090950319084397,8.090950319084397,0.0
2022-10-21 17:00:00,0.0,0.0,0.0,8.171766461472032,0.0,30.549433545991374,0.0,0.0,0.0,30.549433545991374,0.0,0.0,0.0,0.0,7.958738427401672,7.958738427401672,0.0
2022-10-21 18:00:00,0.0,0.0,0.0,0.0,0.0,14.657592477664597,0.0,0.0,0.0,14.657592477664597,0.0,0.0,0.0,0.0,3.8015931850070905,3.8015931850070905,0.0
2022-10-21 19:00:00,0.0,0.0,0.0,0.0,0.0,14.657592477664597,0.0,0.0,0.0,14.657592477664597,0.0,0.0,0.0,0.0,3.857585188271769,3.857585188271769,0.0
2022-10-21 20:00:00,0.0,0.0,0.0,0.0,0.0,14.657592477664597,0.0,0.0,0.0,14.657592477664597,0.0,0.0,0.0,0.0,3.881770215859915,3.881770215859915,0.0
2022-10-21 21:00:00,0.0,0.0,0.0,0.0,0.0,14.657592477664597,0.0,0.0,0.0,14.657592477664597,0.0,0.0,0.0,0.0,3.6608802972215093,3.6608802972215093,0.0
2022-10-21 22:00:00,0.0,0.0,0.0,0.0,0.0,14.657592477664597,0.0,0.0,0.0,14.657592477664597,0.0,0.0,0.0,0.0,3.3973367844731004,3.3973367844731004,0.0
2022-10-21 23:00:00,0.0,0.0,0.0,0.0,0.0,15.107011293199369,0.0,0.0,0.0,15.107011293199369,0.0,0.0,0.0,0.0,3.398624330631062,3.398624330631062,0.0
2022-10-22 00:00:00,0.0,0.0,0.0,0.0,0.0,15.107011293199369,0.0,0.0,0.0,15.107011293199369,0.0,0.0,0.0,0.0,3.3167443294219217,3.3167443294219217,0.0
2022-10-22 01:00:00,0.0,0.0,0.0,0.0,0.0,15.107011293199369,0.0,0.0,0.0,15.107011293199369,0.0,0.0,0.0,0.0,3.3211253626969492,3.3211253626969492,0.0
2022-10-22 02:00:00,0.0,0.0,0.0,0.0,0.0,15.107011293199369,0.0,0.0,0.0,15.107011293199369,0.0,0.0,0.0,0.0,3.277919310398399,3.277919310398399,0.0
2022-10-22 03:00:00,0.0,0.0,0.0,0.0,0.0,15.107011293199369,0.0,0.0,0.0,15.107011293199369,0.0,0.0,0.0,0.0,3.3419730382815644,3.3419730382815644,0.0
2022-10-22 04:00:00,0.0,0.0,0.0,0.0,0.0,15.107011293199369,0.0,0.0,0.0,15.107011293199369,0.0,0.0,0.0,0.0,3.544255919497504,3.544255919497504,0.0
2022-10-22 05:00:00,0.0,0.0,0.0,8.171766461472032,20.46004127362341,23.2787777546714,0.0,0.0,0.0,23.2787777546714,0.0,0.0,0.0,0.0,9.577327068295531,9.577327068295531,0.0
2022-10-22 06:00:00,0.0,0.0,0.0,8.171766461472032,14.742960731229008,20.978592555991376,0.0,0.0,0.0,20.978592555991376,0.0,0.0,0.0,0.0,8.09905031100945,8.09905031100945,0.0
2022-10-22 07:00:00,0.0,0.0,0.0,8.171766461472032,7.612928457047898,32.706898309561794,0.0,0.0,0.0,32.706898309561794,0.0,0.0,0.0,0.0,9.98112897030183,9.98112897030183,0.0
2022-10-22 08:00:00,0.0,0.0,0.0,8.171766461472032,0.0,49.09918831618329,0.0,0.0,0.0,49.09918831618329,0.0,0.0,0.0,0.0,12.819798069355457,12.819798069355457,0.0
2022-10-22 09:00:00,0.0,0.0,0.0,8.171766461472032,0.0,49.09918831618329,0.0,0.0,0.0,49.09918831618329,0.0,0.0,0.0,0.0,12.975442496317758,12.975442496317758,0.0
2022-10-22 10:00:00,0.0,0.0,0.04358625397301375,8.171766461472032,0.0,49.1427745701563,0.0,0.0,0.0,49.1427745701563,0.0,0.0,0.0,0.0,13.402217480773027,13.402217480773027,0.0
2022-10-22 11:00:00,0.0,0.0,0.7920622014605311,8.171766461472032,0.0,49.89125051764382,0.0,0.0,0.0,49.89125051764382,0.0,0.0,0.0,0.0,13.975038182497212,13.975038182497212,0.0
2022-10-22 12:00:00,0.0,0.0,2.5346251757002087,8.171766461472032,0.0,51.633813491883494,0.0,0.0,0.0,51.633813491883494,0.0,0.0,0.0,0.0,14.217370544990121,14.217370544990121,0.0
2022-10-22 13:00:00,0.0,0.0,3.1072834365361754,8.171766461472032,0.0,52.20647175271946,0.0,0.0,0.0,52.20647175271946,0.0,0.0,0.0,0.0,14.36617689691334,14.36617689691334,0.0
2022-10-22 14:00:00,0.0,0.0,2.922818878289166,8.171766461472032,0.0,52.022007194472465,0.0,0.0,0.0,52.022007194472465,0.0,0.0,0.0,0.0,14.257151291717125,14.257151291717125,0.0
2022-10-22 15:00:00,0.0,0.0,0.29874324729366225,8.171766461472032,0.0,49.397931563476945,0.0,0.0,0.0,49.397931563476945,0.0,0.0,0.0,0.0,13.403140771118197,13.403140771118197,0.0
2022-10-22 16:00:00,0.0,0.0,0.0,8.171766461472032,0.0,51.01335651418329,0.0,0.0,0.0,51.01335651418329,0.0,0.0,0.0,0.0,13.53741441816882,13.53741441816882,0.0
2022-10-22 17:00:00,0.0,0.0,0.0,8.171766461472032,0.0,48.73939881475194,0.0,0.0,0.0,48.73939881475194,0.0,0.0,0.0,0.0,12.626916050937783,12.626916050937783,0.0
2022-10-22 18:00:00,0.0,0.0,0.0,8.171766461472032,0.0673498211138622,48.73939881475194,0.0,0.0,0.0,48.73939881475194,0.0,0.0,0.0,0.0,12.599076107091873,12.599076107091873,0.0
2022-10-22 19:00:00,0.0,0.0,0.0,8.171766461472032,5.073476555923084,44.191907497561786,0.0,0.0,0.0,44.191907497561786,0.0,0.0,0.0,0.0,12.178440695105001,12.178440695105001,0.0
2022-10-22 20:00:00,0.0,0.0,0.0,0.0,0.0,22.37766708451935,0.0,0.0,0.0,22.37766708451935,0.0,0.0,0.0,0.0,5.580095064195746,5.580095064195746,0.0
2022-10-22 21:00:00,0.0,0.0,0.0,0.0,0.0,15.107011293199369,0.0,0.0,0.0,15.107011293199369,0.0,0.0,0.0,0.0,3.477936139920359,3.477936139920359,0.0
2022-10-22 22:00:00,0.0,0.0,0.0,0.0,0.0,15.107011293199369,0.0,0.0,0.0,15.107011293199369,0.0,0.0,0.0,0.0,3.351188315170416,3.351188315170416,0.0
2022-10-22 23:00:00,0.0,0.0,0.0,0.0,0.0,15.107011293199369,0.0,0.0,0.0,15.107011293199369,0.0,0.0,0.0,0.0,3.1620485337795596,3.1620485337795596,0.0
2022-10-23 00:00:00,0.0,0.0,0.0,0.0,0.0,15.107011293199369,0.0,0.0,0.0,15.107011293199369,0.0,0.0,0.0,0.0,3.221570158274765,3.221570158274765,0.0
2022-10-23 01:00:00,0.0,0.0,0.0,0.0,0.0,15.107011293199369,0.0,0.0,0.0,15.107011293199369,0.0,0.0,0.0,0.0,3.204801375739314,3.204801375739314,0.0
2022-10-23 02:00:00,0.0,0.0,0.0,0.0,0.0,15.107011293199369,0.0,0.0,0.0,15.107011293199369,0.0,0.0,0.0,0.0,3.1893922242202506,3.1893922242202506,0.0
2022-10-23 03:00:00,0.0,0.0,0.0,0.0,0.0,15.107011293199369,0.0,0.0,0.0,15.107011293199369,0.0,0.0,0.0,0.0,3.2641719301215875,3.2641719301215875,0.0
2022-10-23 04:00:00,0.0,0.0,0.0,0.0,0.0,15.107011293199369,0.0,0.0,0.0,15.107011293199369,0.0,0.0,0.0,0.0,3.534738502382788,3.534738502382788,0.0
2022-10-23 05:00:00,0.0,0.0,0.0,8.171766461472032,92.92290690514704,23.2787777546714,0.0,0.0,0.0,23.2787777546714,0.0,0.0,0.0,0.0,22.44085926457317,22.44085926457317,0.0
2022-10-23 06:00:00,0.0,0.0,0.0,8.171766461472032,74.02338723676544,20.978592555991376,0.0,0.0,0.0,20.978592555991376,0.0,0.0,0.0,0.0,18.391334625559207,18.391334625559207,0.0
2022-10-23 07:00:00,0.0,0.0,0.0,8.171766461472032,64.52647819464873,32.706898309561794,0.0,0.0,0.0,32.706898309561794,0.0,0.0,0.0,0.0,19.70218317556487,19.70218317556487,0.0
2022-10-23 08:00:00,0.0,0.0,0.0,8.171766461472032,44.23971357830072,49.09918831618329,0.0,0.0,0.0,49.09918831618329,0.0,0.0,0.0,0.0,19.981423106763707,19.981423106763707,0.0
2022-10-23 09:00:00,0.0,0.0,0.0,8.171766461472032,30.865420888242234,49.09918831618329,0.0,0.0,0.0,49.09918831618329,0.0,0.0,0.0,0.0,17.213479119053098,17.213479119053098,0.0
2022-10-23 10:00:00,0.0,0.0,0.0,8.171766461472032,17.511295363252383,49.09918831618329,0.0,0.0,0.0,49.09918831618329,0.0,0.0,0.0,0.0,14.866018346569035,14.866018346569035,0.0
2022-10-23 11:00:00,0.0,0.0,0.0,8.171766461472032,12.226807797696601,49.09918831618329,0.0,0.0,0.0,49.09918831618329,0.0,0.0,0.0,0.0,13.765282639518917,13.765282639518917,0.0
2022-10-23 12:00:00,0.0,0.0,0.0,8.171766461472032,8.581809073616048,49.09918831618329,0.0,0.0,0.0,49.09918831618329,0.0,0.0,0.0,0.0,12.860066225033044,12.860066225033044,0.0
2022-10-23 13:00:00,0.0,0.0,0.0,8.171766461472032,4.606289380592692,49.09918831618329,0.0,0.0,0.0,49.09918831618329,0.0,0.0,0.0,0.0,11.940510626465906,11.940510626465906,0.0
2022-10-23 14:00:00,0.0,0.0,0.0,8.171766461472032,4.307118882387107,49.09918831618329,0.0,0.0,0.0,49.09918831618329,0.0,0.0,0.0,0.0,12.575015474565605,12.575015474565605,0.0
2022-10-23 15:00:00,0.0,0.0,0.0,8.171766461472032,9.566955693272122,49.09918831618329,0.0,0.0,0.0,49.09918831618329,0.0,0.0,0.0,0.0,13.57213244263029,13.57213244263029,0.0
2022-10-23 16:00:00,0.0,0.0,0.0,8.171766461472032,24.50802377491955,51.01335651418329,0.0,0.0,0.0,51.01335651418329,0.0,0.0,0.0,0.0,16.653844858981298,16.653844858981298,0.0
2022-10-23 17:00:00,0.0,0.0,0.0,8.171766461472032,42.732987057236585,48.73939881475194,0.0,0.0,0.0,48.73939881475194,0.0,0.0,0.0,0.0,19.31453948148024,19.31453948148024,0.0
2022-10-23 18:00:00,0.0,0.0,0.0,8.171766461472032,58.31980524539054,48.73939881475194,0.0,0.0,0.0,48.73939881475194,0.0,0.0,0.0,0.0,22.08342321392006,22.08342321392006,0.0
2022-10-23 19:00:00,0.0,0.0,0.0,8.171766461472032,64.92824478740563,44.191907497561786,0.0,0.0,0.0,44.191907497561786,0.0,0.0,0.0,0.0,21.90885213245553,21.90885213245553,0.0
2022-10-23 20:00:00,0.0,0.0,0.0,0.0,0.0,22.37766708451935,0.0,0.0,0.0,22.37766708451935,0.0,0.0,0.0,0.0,5.012821203603179,5.012821203603179,0.0
2022-10-23 21:00:00,0.0,0.0,0.0,0.0,0.0,15.107011293199369,0.0,0.0,0.0,15.107011293199369,0.0,0.0,0.0,0.0,3.1585739211821244,3.1585739211821244,0.0
2022-10-23 22:00:00,0.0,0.0,0.0,0.0,0.0,15.107011293199369,0.0,0.0,0.0,15.107011293199369,0.0,0.0,0.0,0.0,3.1735298623623915,3.1735298623623915,0.0
2022-10-23 23:00:00,0.0,0.0,0.0,0.0,0.0,15.107011293199369,0.0,0.0,0.0,15.107011293199369,0.0,0.0,0.0,0.0,3.1461861719217006,3.1461861719217006,0.0
2022-10-24 00:00:00,0.0,0.0,0.0,0.0,0.0,15.107011293199369,0.0,0.0,0.0,15.107011293199369,0.0,0.0,0.0,0.0,3.1973989402056464,3.1973989402056464,0.0
2022-10-24 01:00:00,0.0,0.0,0.0,0.0,0.0,15.107011293199369,0.0,0.0,0.0,15.107011293199369,0.0,0.0,0.0,0.0,3.1342516330000727,3.1342516330000727,0.0
2022-10-24 02:00:00,0.0,0.0,0.0,0.0,0.0,15.107011293199369,0.0,0.0,0.0,15.107011293199369,0.0,0.0,0.0,0.0,3.1081165034628384,3.1081165034628384,0.0
2022-10-24 03:00:00,0.0,0.0,0.0,0.0,0.0,15.107011293199369,0.0,0.0,0.0,15.107011293199369,0.0,0.0,0.0,0.0,3.280336432205311,3.280336432205311,0.0
2022-10-24 04:00:00,0.0,0.0,0.0,0.0,0.0,15.107011293199369,0.0,0.0,0.0,15.107011293199369,0.0,0.0,0.0,0.0,3.467210161902187,3.467210161902187,0.0
2022-10-24 05:00:00,0.0,0.0,0.0,8.171766461472032,189.14526885797534,23.2787777546714,0.0,0.0,0.0,23.2787777546714,0.0,0.0,0.0,0.0,39.462180119474056,39.462180119474056,0.0
2022-10-24 06:00:00,0.0,0.0,0.0,8.171766461472032,144.10764662717384,20.978592555991376,0.0,0.0,0.0,20.978592555991376,0.0,0.0,0.0,0.0,30.772556884078245,30.772556884078245,0.0
2022-10-24 07:00:00,0.0,0.0,0.0,8.171766461472032,109.84522330444507,32.706898309561794,0.0,0.0,0.0,32.706898309561794,0.0,0.0,0.0,0.0,27.563882156198886,27.563882156198886,0.0
2022-10-24 08:00:00,0.0,0.0,0.0,8.171766461472034,69.26654488345551,49.09918831618329,0.0,0.0,0.0,49.09918831618329,0.0,0.0,0.0,0.0,24.17720757710863,24.17720757710863,0.0
2022-10-24 09:00:00,0.0,0.0,0.0,8.171766461472032,49.4160841433336,49.09918831618329,0.0,0.0,0.0,49.09918831618329,0.0,0.0,0.0,0.0,20.482830889082578,20.482830889082578,0.0
2022-10-24 10:00:00,0.0,0.0,0.0,8.171766461472032,25.701507801164396,49.09918831618329,0.0,0.0,0.0,49.09918831618329,0.0,0.0,0.0,0.0,16.142799758798496,16.142799758798496,0.0
2022-10-24 11:00:00,0.0,0.0,0.0,8.171766461472032,12.079331121276919,49.09918831618329,0.0,0.0,0.0,49.09918831618329,0.0,0.0,0.0,0.0,13.666062604149158,13.666062604149158,0.0
2022-10-24 12:00:00,0.0,0.0,0.0,8.171766461472032,2.3828710265999686,49.09918831618329,0.0,0.0,0.0,49.09918831618329,0.0,0.0,0.0,0.0,11.866201841495965,11.866201841495965,0.0
2022-10-24 13:00:00,0.0,0.0,0.0,8.171766461472032,0.0,49.09918831618329,0.0,0.0,0.0,49.09918831618329,0.0,0.0,0.0,0.0,11.584953483203446,11.584953483203446,0.0
2022-10-24 14:00:00,0.0,0.0,0.0,8.171766461472032,0.0,49.09918831618329,0.0,0.0,0.0,49.09918831618329,0.0,0.0,0.0,0.0,11.706719470227581,11.706719470227581,0.0
2022-10-24 15:00:00,0.0,0.0,0.0,8.171766461472032,0.0,49.09918831618329,0.0,0.0,0.0,49.09918831618329,0.0,0.0,0.0,0.0,12.02537320239961,12.02537320239961,0.0
2022-10-24 16:00:00,0.0,0.0,0.0,8.171766461472032,3.1389136781561993,51.01335651418329,0.0,0.0,0.0,51.01335651418329,0.0,0.0,0.0,0.0,13.113428142985057,13.113428142985057,0.0
2022-10-24 17:00:00,0.0,0.0,0.0,8.171766461472032,14.33878534208135,48.73939881475194,0.0,0.0,0.0,48.73939881475194,0.0,0.0,0.0,0.0,14.394672329492924,14.394672329492924,0.0
2022-10-24 18:00:00,0.0,0.0,0.0,8.171766461472032,25.93763902577813,48.73939881475194,0.0,0.0,0.0,48.73939881475194,0.0,0.0,0.0,0.0,16.24861423021391,16.24861423021391,0.0
2022-10-24 19:00:00,0.0,0.0,0.0,8.171766461472032,33.04555803099656,44.191907497561786,0.0,0.0,0.0,44.191907497561786,0.0,0.0,0.0,0.0,16.437931814570007,16.437931814570007,0.0
2022-10-24 20:00:00,0.0,0.0,0.0,0.0,0.0,22.37766708451935,0.0,0.0,0.0,22.37766708451935,0.0,0.0,0.0,0.0,5.284262305338399,5.284262305338399,0.0
2022-10-24 21:00:00,0.0,0.0,0.0,0.0,0.0,15.107011293199369,0.0,0.0,0.0,15.107011293199369,0.0,0.0,0.0,0.0,3.3369877245548083,3.3369877245548083,0.0
2022-10-24 22:00:00,0.0,0.0,0.0,0.0,0.0,15.107011293199369,0.0,0.0,0.0,15.107011293199369,0.0,0.0,0.0,0.0,3.3809491274180186,3.3809491274180186,0.0
2022-10-24 23:00:00,0.0,0.0,0.0,0.0,0.0,15.107011293199369,0.0,0.0,0.0,15.107011293199369,0.0,0.0,0.0,0.0,3.365691046011887,3.365691046011887,0.0
2022-10-25 00:00:00,0.0,0.0,0.0,0.0,0.0,15.107011293199369,0.0,0.0,0.0,15.107011293199369,0.0,0.0,0.0,0.0,3.351792595622144,3.351792595622144,0.0
2022-10-25 01:00:00,0.0,0.0,0.0,0.0,0.0,15.107011293199369,0.0,0.0,0.0,15.107011293199369,0.0,0.0,0.0,0.0,3.375057393013671,3.375057393013671,0.0
2022-10-25 02:00:00,0.0,0.0,0.0,0.0,0.0,15.107011293199369,0.0,0.0,0.0,15.107011293199369,0.0,0.0,0.0,0.0,3.3667485368024113,3.3667485368024113,0.0
2022-10-25 03:00:00,0.0,0.0,0.0,0.0,0.0,15.107011293199369,0.0,0.0,0.0,15.107011293199369,0.0,0.0,0.0,0.0,3.473555106645331,3.473555106645331,0.0
2022-10-25 04:00:00,0.0,0.0,0.0,0.0,0.0,15.107011293199369,0.0,0.0,0.0,15.107011293199369,0.0,0.0,0.0,0.0,3.6871682463311695,3.6871682463311695,0.0
2022-10-25 05:00:00,0.0,0.0,0.0,8.171766461472032,94.45869085267881,23.2787777546714,0.0,0.0,0.0,23.2787777546714,0.0,0.0,0.0,0.0,22.83423726464735,22.83423726464735,0.0
2022-10-25 06:00:00,0.0,0.0,0.0,8.171766461472032,75.52729621033086,20.978592555991376,0.0,0.0,0.0,20.978592555991376,0.0,0.0,0.0,0.0,18.92245839266221,18.92245839266221,0.0
2022-10-25 07:00:00,0.0,0.0,0.0,8.171766461472032,63.64641946771207,32.706898309561794,0.0,0.0,0.0,32.706898309561794,0.0,0.0,0.0,0.0,19.9963917099379,19.9963917099379,0.0
2022-10-25 08:00:00,0.0,0.0,0.0,8.171766461472032,41.90316517892499,49.09918831618329,0.0,0.0,0.0,49.09918831618329,0.0,0.0,0.0,0.0,20.229457544720557,20.229457544720557,0.0
2022-10-25 09:00:00,0.0,0.0,0.0,8.171766461472032,34.00805846434854,49.09918831618329,0.0,0.0,0.0,49.09918831618329,0.0,0.0,0.0,0.0,18.59681380151184,18.59681380151184,0.0
2022-10-25 10:00:00,0.0,0.0,0.0,8.171766461472032,20.571086012937833,49.09918831618329,0.0,0.0,0.0,49.09918831618329,0.0,0.0,0.0,0.0,16.27322476438726,16.27322476438726,0.0
2022-10-25 11:00:00,0.0,0.0,0.0,8.171766461472032,9.896140072275612,49.09918831618329,0.0,0.0,0.0,49.09918831618329,0.0,0.0,0.0,0.0,14.442520817373719,14.442520817373719,0.0
2022-10-25 12:00:00,0.0,0.0,0.0,8.171766461472032,2.9377413667838796,49.09918831618329,0.0,0.0,0.0,49.09918831618329,0.0,0.0,0.0,0.0,13.283437698549935,13.283437698549935,0.0
2022-10-25 13:00:00,0.0,0.0,0.0,8.171766461472032,0.24380653043303216,49.09918831618329,0.0,0.0,0.0,49.09918831618329,0.0,0.0,0.0,0.0,12.875479341319979,12.875479341319979,0.0
2022-10-25 14:00:00,0.0,0.0,0.0,8.171766461472032,0.0,49.09918831618329,0.0,0.0,0.0,49.09918831618329,0.0,0.0,0.0,0.0,13.11046526418726,13.11046526418726,0.0
2022-10-25 15:00:00,0.0,0.0,0.0,8.171766461472032,0.0,49.09918831618329,0.0,0.0,0.0,49.09918831618329,0.0,0.0,0.0,0.0,13.1742942089983,13.1742942089983,0.0
2022-10-25 16:00:00,0.0,0.0,0.0,8.171766461472032,0.0,51.01335651418329,0.0,0.0,0.0,51.01335651418329,0.0,0.0,0.0,0.0,12.980858698599082,12.980858698599082,0.0
2022-10-25 17:00:00,0.0,0.0,0.0,8.171766461472032,0.01734062309610083,48.73939881475194,0.0,0.0,0.0,48.73939881475194,0.0,0.0,0.0,0.0,11.99837562866808,11.99837562866808,0.0
2022-10-25 18:00:00,0.0,0.0,0.0,8.171766461472032,6.452976470356248,48.73939881475194,0.0,0.0,0.0,48.73939881475194,0.0,0.0,0.0,0.0,13.152240588185261,13.152240588185261,0.0
2022-10-25 19:00:00,0.0,0.0,0.0,8.171766461472032,17.255370147371075,44.191907497561786,0.0,0.0,0.0,44.191907497561786,0.0,0.0,0.0,0.0,14.278550756141826,14.278550756141826,0.0
2022-10-25 20:00:00,0.0,0.0,0.0,0.0,0.0,22.37766708451935,0.0,0.0,0.0,22.37766708451935,0.0,0.0,0.0,0.0,5.708542873260885,5.708542873260885,0.0
2022-10-25 21:00:00,0.0,0.0,0.0,0.0,0.0,15.107011293199369,0.0,0.0,0.0,15.107011293199369,0.0,0.0,0.0,0.0,3.5678228571148947,3.5678228571148947,0.0
2022-10-25 22:00:00,0.0,0.0,0.0,0.0,0.0,15.107011293199369,0.0,0.0,0.0,15.107011293199369,0.0,0.0,0.0,0.0,3.331398130376325,3.331398130376325,0.0
2022-10-25 23:00:00,0.0,0.0,0.0,0.0,0.0,15.107011293199369,0.0,0.0,0.0,15.107011293199369,0.0,0.0,0.0,0.0,3.228368313356705,3.228368313356705,0.0
2022-10-26 00:00:00,0.0,0.0,0.0,0.0,0.0,15.107011293199369,0.0,0.0,0.0,15.107011293199369,0.0,0.0,0.0,0.0,3.148603293728612,3.148603293728612,0.0
2022-10-26 01:00:00,0.0,0.0,0.0,0.0,0.0,15.107011293199369,0.0,0.0,0.0,15.107011293199369,0.0,0.0,0.0,0.0,3.1307770204026375,3.1307770204026375,0.0
2022-10-26 02:00:00,0.0,0.0,0.0,0.0,0.0,15.107011293199369,0.0,0.0,0.0,15.107011293199369,0.0,0.0,0.0,0.0,3.1653720762640636,3.1653720762640636,0.0
2022-10-26 03:00:00,0.0,0.0,0.0,0.0,0.0,15.107011293199369,0.0,0.0,0.0,15.107011293199369,0.0,0.0,0.0,0.0,3.152833256890708,3.152833256890708,0.0
2022-10-26 04:00:00,0.0,0.0,0.0,0.0,0.0,15.107011293199369,0.0,0.0,0.0,15.107011293199369,0.0,0.0,0.0,0.0,3.2395475017136723,3.2395475017136723,0.0
2022-10-26 05:00:00,0.0,0.0,0.0,8.171766461472032,115.39316087693082,23.2787777546714,0.0,0.0,0.0,23.2787777546714,0.0,0.0,0.0,0.0,25.8075958503797,25.8075958503797,0.0
2022-10-26 06:00:00,0.0,0.0,0.0,8.171766461472032,94.37885414543004,22.892760753991375,0.0,0.0,0.0,22.892760753991375,0.0,0.0,0.0,0.0,22.05019155083799,22.05019155083799,0.0
2022-10-26 07:00:00,0.0,0.0,0.0,8.171766461472032,81.94996160617161,32.706898309561794,0.0,0.0,0.0,32.706898309561794,0.0,0.0,0.0,0.0,22.207391303811256,22.207391303811256,0.0
2022-10-26 08:00:00,0.0,0.0,0.0,8.171766461472032,56.68159987886698,49.09918831618329,0.0,0.0,0.0,49.09918831618329,0.0,0.0,0.0,0.0,20.80016838581075,20.80016838581075,0.0
2022-10-26 09:00:00,0.0,0.0,0.0,8.171766461472032,37.935044256405305,49.09918831618329,0.0,0.0,0.0,49.09918831618329,0.0,0.0,0.0,0.0,17.23532041583832,17.23532041583832,0.0
2022-10-26 10:00:00,0.0,0.0,0.0,8.171766461472032,14.932030752469556,49.09918831618329,0.0,0.0,0.0,49.09918831618329,0.0,0.0,0.0,0.0,12.779874495199431,12.779874495199431,0.0
2022-10-26 11:00:00,0.0,0.0,0.0,8.171766461472032,7.119342903895263,49.09918831618329,0.0,0.0,0.0,49.09918831618329,0.0,0.0,0.0,0.0,11.950112275420114,11.950112275420114,0.0
2022-10-26 12:00:00,0.0,0.0,0.0,8.171766461472032,1.6028611125237031,49.09918831618329,0.0,0.0,0.0,49.09918831618329,0.0,0.0,0.0,0.0,10.8134978145373,10.8134978145373,0.0
2022-10-26 13:00:00,0.0,0.0,0.0,8.171766461472032,0.0,49.09918831618329,0.0,0.0,0.0,49.09918831618329,0.0,0.0,0.0,0.0,10.434559500955272,10.434559500955272,0.0
2022-10-26 14:00:00,0.0,0.0,0.0,8.171766461472032,0.0,49.09918831618329,0.0,0.0,0.0,49.09918831618329,0.0,0.0,0.0,0.0,10.867614341904009,10.867614341904009,0.0
2022-10-26 15:00:00,0.0,0.0,0.0,8.171766461472032,0.6218083181640767,49.09918831618329,0.0,0.0,0.0,49.09918831618329,0.0,0.0,0.0,0.0,11.515734323502915,11.515734323502915,0.0
2022-10-26 16:00:00,0.0,0.0,0.0,8.171766461472032,10.357816290885067,51.01335651418329,0.0,0.0,0.0,51.01335651418329,0.0,0.0,0.0,0.0,13.923466325333463,13.923466325333463,0.0
2022-10-26 17:00:00,0.0,0.0,0.0,8.171766461472032,28.061010344977444,48.73939881475194,0.0,0.0,0.0,48.73939881475194,0.0,0.0,0.0,0.0,16.170828190746427,16.170828190746427,0.0
2022-10-26 18:00:00,0.0,0.0,0.0,8.171766461472032,45.607317287059665,48.73939881475194,0.0,0.0,0.0,48.73939881475194,0.0,0.0,0.0,0.0,19.534753496895902,19.534753496895902,0.0
2022-10-26 19:00:00,0.0,0.0,0.0,8.171766461472032,53.46893503229153,44.191907497561786,0.0,0.0,0.0,44.191907497561786,0.0,0.0,0.0,0.0,19.86504310486319,19.86504310486319,0.0
2022-10-26 20:00:00,0.0,0.0,0.0,0.0,0.0,22.37766708451935,0.0,0.0,0.0,22.37766708451935,0.0,0.0,0.0,0.0,5.179534823382848,5.179534823382848,0.0
2022-10-26 21:00:00,0.0,0.0,0.0,0.0,0.0,15.107011293199369,0.0,0.0,0.0,15.107011293199369,0.0,0.0,0.0,0.0,3.4811086122919304,3.4811086122919304,0.0
2022-10-26 22:00:00,0.0,0.0,0.0,0.0,0.0,15.107011293199369,0.0,0.0,0.0,15.107011293199369,0.0,0.0,0.0,0.0,3.446362486317572,3.446362486317572,0.0
2022-10-26 23:00:00,0.0,0.0,0.0,0.0,0.0,14.657592477664597,0.0,0.0,0.0,14.657592477664597,0.0,0.0,0.0,0.0,3.198872982325522,3.198872982325522,0.0
2022-10-27 00:00:00,0.0,0.0,0.0,0.0,0.0,14.657592477664597,0.0,0.0,0.0,14.657592477664597,0.0,0.0,0.0,0.0,3.0750163258892558,3.0750163258892558,0.0
2022-10-27 01:00:00,0.0,0.0,0.0,0.0,0.0,14.657592477664597,0.0,0.0,0.0,14.657592477664597,0.0,0.0,0.0,0.0,3.1226535014416656,3.1226535014416656,0.0
2022-10-27 02:00:00,0.0,0.0,0.0,0.0,0.0,14.657592477664597,0.0,0.0,0.0,14.657592477664597,0.0,0.0,0.0,0.0,3.0867423998713877,3.0867423998713877,0.0
2022-10-27 03:00:00,0.0,0.0,0.0,0.0,0.0,14.657592477664597,0.0,0.0,0.0,14.657592477664597,0.0,0.0,0.0,0.0,3.1757139862108112,3.1757139862108112,0.0
2022-10-27 04:00:00,0.0,0.0,0.0,0.0,0.0,14.657592477664597,0.0,0.0,0.0,14.657592477664597,0.0,0.0,0.0,0.0,3.1052109663932446,3.1052109663932446,0.0
2022-10-27 05:00:00,0.0,0.0,0.0,8.171766461472032,136.35736063056007,22.829358939136633,0.0,0.0,0.0,22.829358939136633,0.0,0.0,0.0,0.0,29.401981436678362,29.401981436678362,0.0
2022-10-27 06:00:00,0.0,0.0,0.0,8.171766461472032,111.84277574662468,18.345269436801235,0.0,0.0,0.0,18.345269436801235,0.0,0.0,0.0,0.0,24.036074749766378,24.036074749766378,0.0
2022-10-27 07:00:00,0.0,0.0,0.0,8.171766461472032,90.83362369529577,23.611915675181518,0.0,0.0,0.0,23.611915675181518,0.0,0.0,0.0,0.0,21.631422477080157,21.631422477080157,0.0
2022-10-27 08:00:00,0.0,0.0,0.0,8.171766461472032,53.811839220619476,37.25438962675194,0.0,0.0,0.0,37.25438962675194,0.0,0.0,0.0,0.0,18.30913715174772,18.30913715174772,0.0
2022-10-27 09:00:00,0.0,0.0,0.0,8.171766461472032,25.83969420597319,49.09918831618329,0.0,0.0,0.0,49.09918831618329,0.0,0.0,0.0,0.0,15.973738484360592,15.973738484360592,0.0
2022-10-27 10:00:00,0.0,0.0,0.0,8.171766461472032,2.3578523177880415,49.09918831618329,0.0,0.0,0.0,49.09918831618329,0.0,0.0,0.0,0.0,11.563665139534498,11.563665139534498,0.0
2022-10-27 11:00:00,0.0,0.0,0.0,8.171766461472032,0.0,49.09918831618329,0.0,0.0,0.0,49.09918831618329,0.0,0.0,0.0,0.0,11.219164530247882,11.219164530247882,0.0
2022-10-27 12:00:00,0.0,0.0,0.0,8.171766461472032,0.0,49.09918831618329,0.0,0.0,0.0,49.09918831618329,0.0,0.0,0.0,0.0,11.4813541958563,11.4813541958563,0.0
2022-10-27 13:00:00,0.0,0.0,0.0,8.171766461472032,0.0,49.09918831618329,0.0,0.0,0.0,49.09918831618329,0.0,0.0,0.0,0.0,11.677750949121032,11.677750949121032,0.0
2022-10-27 14:00:00,0.0,0.0,0.0,8.171766461472032,0.0,49.09918831618329,0.0,0.0,0.0,49.09918831618329,0.0,0.0,0.0,0.0,11.491665025402698,11.491665025402698,0.0
2022-10-27 15:00:00,0.0,0.0,0.0,8.171766461472032,0.0,49.09918831618329,0.0,0.0,0.0,49.09918831618329,0.0,0.0,0.0,0.0,11.51375966014498,11.51375966014498,0.0
2022-10-27 16:00:00,0.0,0.0,0.0,8.171766461472032,0.0,52.9275247121833,0.0,0.0,0.0,52.9275247121833,0.0,0.0,0.0,0.0,12.26277820056575,12.26277820056575,0.0
2022-10-27 17:00:00,0.0,0.0,0.0,8.171766461472032,2.6974325514580473,44.191907497561786,0.0,0.0,0.0,44.191907497561786,0.0,0.0,0.0,0.0,10.690027208201863,10.690027208201863,0.0
2022-10-27 18:00:00,0.0,0.0,0.0,8.171766461472032,18.990141677471833,35.096924863181506,0.0,0.0,0.0,35.096924863181506,0.0,0.0,0.0,0.0,11.526221547295707,11.526221547295707,0.0
2022-10-27 19:00:00,0.0,0.0,0.0,8.171766461472032,35.887546541338885,35.096924863181506,0.0,0.0,0.0,35.096924863181506,0.0,0.0,0.0,0.0,14.710748836215766,14.710748836215766,0.0
2022-10-27 20:00:00,0.0,0.0,0.0,8.171766461472032,55.42210597426472,26.001942228801234,0.0,0.0,0.0,26.001942228801234,0.0,0.0,0.0,0.0,15.898115280231167,15.898115280231167,0.0
2022-10-27 21:00:00,0.0,0.0,0.0,0.0,0.0,14.657592477664597,0.0,0.0,0.0,14.657592477664597,0.0,0.0,0.0,0.0,3.2638061170015753,3.2638061170015753,0.0
2022-10-27 22:00:00,0.0,0.0,0.0,0.0,0.0,14.657592477664597,0.0,0.0,0.0,14.657592477664597,0.0,0.0,0.0,0.0,3.133206968025584,3.133206968025584,0.0
2022-10-27 23:00:00,0.0,0.0,0.0,0.0,0.0,14.657592477664597,0.0,0.0,0.0,14.657592477664597,0.0,0.0,0.0,0.0,3.172196164016172,3.172196164016172,0.0
2022-10-28 00:00:00,0.0,0.0,0.0,0.0,0.0,14.657592477664597,0.0,0.0,0.0,14.657592477664597,0.0,0.0,0.0,0.0,3.20986617668377,3.20986617668377,0.0
2022-10-28 01:00:00,0.0,0.0,0.0,0.0,0.0,14.657592477664597,0.0,0.0,0.0,14.657592477664597,0.0,0.0,0.0,0.0,3.4073039473579123,3.4073039473579123,0.0
2022-10-28 02:00:00,0.0,0.0,0.0,0.0,0.0,14.657592477664597,0.0,0.0,0.0,14.657592477664597,0.0,0.0,0.0,0.0,3.4443876563264038,3.4443876563264038,0.0
2022-10-28 03:00:00,0.0,0.0,0.0,0.0,0.0,14.657592477664597,0.0,0.0,0.0,14.657592477664597,0.0,0.0,0.0,0.0,3.574547077528065,3.574547077528065,0.0
2022-10-28 04:00:00,0.0,0.0,0.0,0.0,0.0,14.657592477664597,0.0,0.0,0.0,14.657592477664597,0.0,0.0,0.0,0.0,3.8168370811838606,3.8168370811838606,0.0
2022-10-28 05:00:00,0.0,0.0,0.0,0.0,0.0,14.657592477664597,0.0,0.0,0.0,14.657592477664597,0.0,0.0,0.0,0.0,3.8320809773606324,3.8320809773606324,0.0
2022-10-28 06:00:00,0.0,0.0,0.0,0.0,0.0,7.000919685664599,0.0,0.0,0.0,7.000919685664599,0.0,0.0,0.0,0.0,1.8302504334232963,1.8302504334232963,0.0
2022-10-28 07:00:00,0.0,0.0,0.0,8.171766461472032,148.000175177115,14.516933040801234,0.0,0.0,0.0,14.516933040801234,0.0,0.0,0.0,0.0,30.478366290010104,30.478366290010104,0.0
2022-10-28 08:00:00,0.0,0.0,0.0,8.171766461472032,97.1826655627376,14.516933040801234,0.0,0.0,0.0,14.516933040801234,0.0,0.0,0.0,0.0,21.28510184047765,21.28510184047765,0.0
2022-10-28 09:00:00,0.0,0.0,0.0,8.171766461472032,62.328911199216755,28.15940699237166,0.0,0.0,0.0,28.15940699237166,0.0,0.0,0.0,0.0,18.656711312871444,18.656711312871444,0.0
2022-10-28 10:00:00,0.0,0.0,0.0,8.171766461472032,38.35001991347075,28.15940699237166,0.0,0.0,0.0,28.15940699237166,0.0,0.0,0.0,0.0,14.311987382048873,14.311987382048873,0.0
2022-10-28 11:00:00,0.0,0.0,0.0,8.171766461472032,15.551910966869043,37.25438962675194,0.0,0.0,0.0,37.25438962675194,0.0,0.0,0.0,0.0,12.743697145155554,12.743697145155554,0.0
2022-10-28 12:00:00,0.0,0.0,0.0,8.171766461472032,8.478657907169765,37.25438962675194,0.0,0.0,0.0,37.25438962675194,0.0,0.0,0.0,0.0,11.558075362128905,11.558075362128905,0.0
2022-10-28 13:00:00,0.0,0.0,0.0,8.171766461472032,5.888050526824879,37.25438962675194,0.0,0.0,0.0,37.25438962675194,0.0,0.0,0.0,0.0,11.059969199303225,11.059969199303225,0.0
2022-10-28 14:00:00,0.0,0.0,0.0,8.171766461472032,7.780196024285311,37.25438962675194,0.0,0.0,0.0,37.25438962675194,0.0,0.0,0.0,0.0,11.605549922635747,11.605549922635747,0.0
2022-10-28 15:00:00,0.0,0.0,0.0,8.171766461472032,14.084439693268374,37.25438962675194,0.0,0.0,0.0,37.25438962675194,0.0,0.0,0.0,0.0,12.93137408081299,12.93137408081299,0.0
2022-10-28 16:00:00,0.0,0.0,0.0,8.171766461472032,43.51599067007287,31.98774338837166,0.0,0.0,0.0,31.98774338837166,0.0,0.0,0.0,0.0,16.64065814076349,16.64065814076349,0.0
2022-10-28 17:00:00,0.0,0.0,0.0,8.171766461472032,61.79815570919809,30.549433545991374,0.0,0.0,0.0,30.549433545991374,0.0,0.0,0.0,0.0,19.47960964718819,19.47960964718819,0.0
2022-10-28 18:00:00,0.0,0.0,0.0,0.0,0.0,14.657592477664597,0.0,0.0,0.0,14.657592477664597,0.0,0.0,0.0,0.0,4.028199564711785,4.028199564711785,0.0
2022-10-28 19:00:00,0.0,0.0,0.0,0.0,0.0,14.657592477664597,0.0,0.0,0.0,14.657592477664597,0.0,0.0,0.0,0.0,4.099728616002788,4.099728616002788,0.0
2022-10-28 20:00:00,0.0,0.0,0.0,0.0,0.0,14.657592477664597,0.0,0.0,0.0,14.657592477664597,0.0,0.0,0.0,0.0,4.073051797693439,4.073051797693439,0.0
2022-10-28 21:00:00,0.0,0.0,0.0,0.0,0.0,14.657592477664597,0.0,0.0,0.0,14.657592477664597,0.0,0.0,0.0,0.0,3.7115955671942293,3.7115955671942293,0.0
2022-10-28 22:00:00,0.0,0.0,0.0,0.0,0.0,14.657592477664597,0.0,0.0,0.0,14.657592477664597,0.0,0.0,0.0,0.0,3.524418111254452,3.524418111254452,0.0
2022-10-28 23:00:00,0.0,0.0,0.0,0.0,0.0,15.107011293199369,0.0,0.0,0.0,15.107011293199369,0.0,0.0,0.0,0.0,3.7306764388555838,3.7306764388555838,0.0
2022-10-29 00:00:00,0.0,0.0,0.0,0.0,0.0,15.107011293199369,0.0,0.0,0.0,15.107011293199369,0.0,0.0,0.0,0.0,3.5780956247942703,3.5780956247942703,0.0
2022-10-29 01:00:00,0.0,0.0,0.0,0.0,0.0,15.107011293199369,0.0,0.0,0.0,15.107011293199369,0.0,0.0,0.0,0.0,3.453311711512444,3.453311711512444,0.0
2022-10-29 02:00:00,0.0,0.0,0.0,0.0,0.0,15.107011293199369,0.0,0.0,0.0,15.107011293199369,0.0,0.0,0.0,0.0,3.448628538011552,3.448628538011552,0.0
2022-10-29 03:00:00,0.0,0.0,0.0,0.0,0.0,15.107011293199369,0.0,0.0,0.0,15.107011293199369,0.0,0.0,0.0,0.0,3.5258253657198004,3.5258253657198004,0.0
2022-10-29 04:00:00,0.0,0.0,0.0,0.0,0.0,15.107011293199369,0.0,0.0,0.0,15.107011293199369,0.0,0.0,0.0,0.0,3.659975626003411,3.659975626003411,0.0
2022-10-29 05:00:00,0.0,0.0,0.0,8.171766461472032,135.0990588366179,23.2787777546714,0.0,0.0,0.0,23.2787777546714,0.0,0.0,0.0,0.0,30.35035311200517,30.35035311200517,0.0
2022-10-29 06:00:00,0.0,0.0,0.0,8.171766461472032,102.72532761225706,22.892760753991375,0.0,0.0,0.0,22.892760753991375,0.0,0.0,0.0,0.0,24.468001202285038,24.468001202285038,0.0
2022-10-29 07:00:00,0.0,0.0,0.0,8.171766461472032,81.71121116712611,32.706898309561794,0.0,0.0,0.0,32.706898309561794,0.0,0.0,0.0,0.0,23.25485217803154,23.25485217803154,0.0
2022-10-29 08:00:00,0.0,0.0,0.0,8.171766461472032,54.955953193439335,49.09918831618329,0.0,0.0,0.0,49.09918831618329,0.0,0.0,0.0,0.0,22.681252751916105,22.681252751916105,0.0
2022-10-29 09:00:00,0.0,0.0,0.0,8.171766461472032,37.80617814028404,49.09918831618329,0.0,0.0,0.0,49.09918831618329,0.0,0.0,0.0,0.0,19.506523088280417,19.506523088280417,0.0
2022-10-29 10:00:00,0.0,0.0,0.0,8.171766461472032,13.936772279513045,49.09918831618329,0.0,0.0,0.0,49.09918831618329,0.0,0.0,0.0,0.0,15.39982252089681,15.39982252089681,0.0
2022-10-29 11:00:00,0.0,0.0,0.0,8.171766461472032,3.2852049585100485,49.09918831618329,0.0,0.0,0.0,49.09918831618329,0.0,0.0,0.0,0.0,13.5369945046804,13.5369945046804,0.0
2022-10-29 12:00:00,0.0,0.0,0.0,8.171766461472032,0.012344911917091205,49.09918831618329,0.0,0.0,0.0,49.09918831618329,0.0,0.0,0.0,0.0,12.850007313198578,12.850007313198578,0.0
2022-10-29 13:00:00,0.0,0.0,0.0,8.171766461472032,0.0,49.09918831618329,0.0,0.0,0.0,49.09918831618329,0.0,0.0,0.0,0.0,12.91210454338988,12.91210454338988,0.0
2022-10-29 14:00:00,0.0,0.0,0.0,8.171766461472032,0.0,49.09918831618329,0.0,0.0,0.0,49.09918831618329,0.0,0.0,0.0,0.0,12.813906166757517,12.813906166757517,0.0
2022-10-29 15:00:00,0.0,0.0,0.0,8.171766461472032,0.0,49.09918831618329,0.0,0.0,0.0,49.09918831618329,0.0,0.0,0.0,0.0,13.017176806386514,13.017176806386514,0.0
2022-10-29 16:00:00,0.0,0.0,0.0,8.171766461472032,0.9091723154928325,52.9275247121833,0.0,0.0,0.0,52.9275247121833,0.0,0.0,0.0,0.0,13.957139067149333,13.957139067149333,0.0
2022-10-29 17:00:00,0.0,0.0,0.0,8.171766461472032,13.734705551283088,48.73939881475194,0.0,0.0,0.0,48.73939881475194,0.0,0.0,0.0,0.0,15.260208095307512,15.260208095307512,0.0
2022-10-29 18:00:00,0.0,0.0,0.0,8.171766461472032,33.544628040523605,48.73939881475194,0.0,0.0,0.0,48.73939881475194,0.0,0.0,0.0,0.0,18.943480006267443,18.943480006267443,0.0
2022-10-29 19:00:00,0.0,0.0,0.0,8.171766461472032,44.24194121536946,44.191907497561786,0.0,0.0,0.0,44.191907497561786,0.0,0.0,0.0,0.0,19.810094884617406,19.810094884617406,0.0
2022-10-29 20:00:00,0.0,0.0,0.0,0.0,0.0,22.37766708451935,0.0,0.0,0.0,22.37766708451935,0.0,0.0,0.0,0.0,5.913074750413394,5.913074750413394,0.0
2022-10-29 21:00:00,0.0,0.0,0.0,0.0,0.0,15.107011293199369,0.0,0.0,0.0,15.107011293199369,0.0,0.0,0.0,0.0,3.8507771786365192,3.8507771786365192,0.0
2022-10-29 22:00:00,0.0,0.0,0.0,0.0,0.0,15.107011293199369,0.0,0.0,0.0,15.107011293199369,0.0,0.0,0.0,0.0,3.5314149598982842,3.5314149598982842,0.0
2022-10-29 23:00:00,0.0,0.0,0.0,0.0,0.0,15.107011293199369,0.0,0.0,0.0,15.107011293199369,0.0,0.0,0.0,0.0,3.551809425144104,3.551809425144104,0.0
2022-10-30 00:00:00,0.0,0.0,0.0,0.0,0.0,15.107011293199369,0.0,0.0,0.0,15.107011293199369,0.0,0.0,0.0,0.0,3.4992370258437697,3.4992370258437697,0.0
2022-10-30 01:00:00,0.0,0.0,0.0,0.0,0.0,15.107011293199369,0.0,0.0,0.0,15.107011293199369,0.0,0.0,0.0,0.0,3.3756616734653986,3.3756616734653986,0.0
2022-10-30 02:00:00,0.0,0.0,0.0,0.0,0.0,15.107011293199369,0.0,0.0,0.0,15.107011293199369,0.0,0.0,0.0,0.0,3.3620653633015194,3.3620653633015194,0.0
2022-10-30 03:00:00,0.0,0.0,0.0,0.0,0.0,15.107011293199369,0.0,0.0,0.0,15.107011293199369,0.0,0.0,0.0,0.0,3.4252126705070927,3.4252126705070927,0.0
2022-10-30 04:00:00,0.0,0.0,0.0,0.0,0.0,15.107011293199369,0.0,0.0,0.0,15.107011293199369,0.0,0.0,0.0,0.0,3.6290062528523523,3.6290062528523523,0.0
2022-10-30 05:00:00,0.0,0.0,0.0,8.171766461472032,132.71275264882166,23.2787777546714,0.0,0.0,0.0,23.2787777546714,0.0,0.0,0.0,0.0,29.72818220265387,29.72818220265387,0.0
2022-10-30 06:00:00,0.0,0.0,0.0,8.171766461472032,107.5178429270243,22.892760753991375,0.0,0.0,0.0,22.892760753991375,0.0,0.0,0.0,0.0,25.284652192642866,25.284652192642866,0.0
2022-10-30 07:00:00,0.0,0.0,0.0,8.171766461472032,77.40414818019623,32.706898309561794,0.0,0.0,0.0,32.706898309561794,0.0,0.0,0.0,0.0,22.6455147470239,22.6455147470239,0.0
2022-10-30 08:00:00,0.0,0.0,0.0,8.171766461472032,35.346735297195366,49.09918831618329,0.0,0.0,0.0,49.09918831618329,0.0,0.0,0.0,0.0,18.905599999509676,18.905599999509676,0.0
2022-10-30 09:00:00,0.0,0.0,0.0,8.171766461472032,11.856904560639205,49.09918831618329,0.0,0.0,0.0,49.09918831618329,0.0,0.0,0.0,0.0,14.748422054703898,14.748422054703898,0.0
2022-10-30 10:00:00,0.0,0.0,0.0,8.171766461472032,0.0,49.09918831618329,0.0,0.0,0.0,49.09918831618329,0.0,0.0,0.0,0.0,12.879208087218037,12.879208087218037,0.0
2022-10-30 11:00:00,0.0,0.0,0.0,8.171766461472032,0.0,49.09918831618329,0.0,0.0,0.0,49.09918831618329,0.0,0.0,0.0,0.0,13.002447049891659,13.002447049891659,0.0
2022-10-30 12:00:00,0.0,0.0,0.0023820594831041875,8.171766461472032,0.0,49.1015703756664,0.0,0.0,0.0,49.1015703756664,0.0,0.0,0.0,0.0,13.15381968793727,13.15381968793727,0.0
2022-10-30 13:00:00,0.0,0.0,0.42655402192624314,8.171766461472032,0.0,49.52574233810953,0.0,0.0,0.0,49.52574233810953,0.0,0.0,0.0,0.0,13.22584949139215,13.22584949139215,0.0
2022-10-30 14:00:00,0.0,0.0,1.726149706414434,8.171766461472032,0.0,50.825338022597734,0.0,0.0,0.0,50.825338022597734,0.0,0.0,0.0,0.0,13.542919569501391,13.542919569501391,0.0
2022-10-30 15:00:00,0.0,0.0,1.2113114381503378,8.171766461472032,0.0,50.31049975433363,0.0,0.0,0.0,50.31049975433363,0.0,0.0,0.0,0.0,13.558679683792914,13.558679683792914,0.0
2022-10-30 16:00:00,0.0,0.0,0.03572093615533945,8.171766461472032,0.0,52.96324564833865,0.0,0.0,0.0,52.96324564833865,0.0,0.0,0.0,0.0,13.82552564404232,13.82552564404232,0.0
2022-10-30 17:00:00,0.0,0.0,0.0,8.171766461472032,0.0,48.73939881475194,0.0,0.0,0.0,48.73939881475194,0.0,0.0,0.0,0.0,12.400277846449187,12.400277846449187,0.0
2022-10-30 18:00:00,0.0,0.0,0.0,8.171766461472032,1.8140582524486357,48.73939881475194,0.0,0.0,0.0,48.73939881475194,0.0,0.0,0.0,0.0,13.034445392554112,13.034445392554112,0.0
2022-10-30 19:00:00,0.0,0.0,0.0,8.171766461472032,13.361874500928591,44.191907497561786,0.0,0.0,0.0,44.191907497561786,0.0,0.0,0.0,0.0,14.093686732212719,14.093686732212719,0.0
2022-10-30 20:00:00,0.0,0.0,0.0,0.0,0.0,22.37766708451935,0.0,0.0,0.0,22.37766708451935,0.0,0.0,0.0,0.0,5.885326443228589,5.885326443228589,0.0
2022-10-30 21:00:00,0.0,0.0,0.0,0.0,0.0,15.107011293199369,0.0,0.0,0.0,15.107011293199369,0.0,0.0,0.0,0.0,3.762099022345439,3.762099022345439,0.0
2022-10-30 22:00:00,0.0,0.0,0.0,0.0,0.0,15.107011293199369,0.0,0.0,0.0,15.107011293199369,0.0,0.0,0.0,0.0,3.6225102379962766,3.6225102379962766,0.0
2022-10-30 23:00:00,0.0,0.0,0.0,0.0,0.0,15.107011293199369,0.0,0.0,0.0,15.107011293199369,0.0,0.0,0.0,0.0,3.735963892808204,3.735963892808204,0.0
2022-10-31 00:00:00,0.0,0.0,0.0,0.0,0.0,15.107011293199369,0.0,0.0,0.0,15.107011293199369,0.0,0.0,0.0,0.0,3.6329340757885844,3.6329340757885844,0.0
2022-10-31 01:00:00,0.0,0.0,0.0,0.0,0.0,15.107011293199369,0.0,0.0,0.0,15.107011293199369,0.0,0.0,0.0,0.0,3.4193209361027455,3.4193209361027455,0.0
2022-10-31 02:00:00,0.0,0.0,0.0,0.0,0.0,15.107011293199369,0.0,0.0,0.0,15.107011293199369,0.0,0.0,0.0,0.0,3.389257983629278,3.389257983629278,0.0
2022-10-31 03:00:00,0.0,0.0,0.0,0.0,0.0,15.107011293199369,0.0,0.0,0.0,15.107011293199369,0.0,0.0,0.0,0.0,3.4244573199424333,3.4244573199424333,0.0
2022-10-31 04:00:00,0.0,0.0,0.0,0.0,0.0,15.107011293199369,0.0,0.0,0.0,15.107011293199369,0.0,0.0,0.0,0.0,3.5924472855228102,3.5924472855228102,0.0
2022-10-31 05:00:00,0.0,0.0,0.0,8.171766461472032,121.5674326930399,23.2787777546714,0.0,0.0,0.0,23.2787777546714,0.0,0.0,0.0,0.0,27.753820230239565,27.753820230239565,0.0
2022-10-31 06:00:00,0.0,0.0,0.0,8.171766461472032,86.16724356517764,22.892760753991375,0.0,0.0,0.0,22.892760753991375,0.0,0.0,0.0,0.0,21.49266343043768,21.49266343043768,0.0
2022-10-31 07:00:00,0.0,0.0,0.0,8.171766461472032,61.22752544831246,32.706898309561794,0.0,0.0,0.0,32.706898309561794,0.0,0.0,0.0,0.0,19.703143847688995,19.703143847688995,0.0
2022-10-31 08:00:00,0.0,0.0,0.0,8.171766461472032,32.2562145989293,49.09918831618329,0.0,0.0,0.0,49.09918831618329,0.0,0.0,0.0,0.0,18.887277571898316,18.887277571898316,0.0
2022-10-31 09:00:00,0.0,0.0,0.0,8.171766461472032,17.393697111400677,49.09918831618329,0.0,0.0,0.0,49.09918831618329,0.0,0.0,0.0,0.0,16.27215813697527,16.27215813697527,0.0
2022-10-31 10:00:00,0.0,0.0,0.0,8.171766461472032,7.542772269738535,49.09918831618329,0.0,0.0,0.0,49.09918831618329,0.0,0.0,0.0,0.0,14.503895950523662,14.503895950523662,0.0
2022-10-31 11:00:00,0.0,0.0,0.0,8.171766461472032,7.122375950906699,49.09918831618329,0.0,0.0,0.0,49.09918831618329,0.0,0.0,0.0,0.0,14.482212526372965,14.482212526372965,0.0
2022-10-31 12:00:00,0.0,0.0,0.0,8.171766461472032,2.8027632318920768,49.09918831618329,0.0,0.0,0.0,49.09918831618329,0.0,0.0,0.0,0.0,13.593009310016111,13.593009310016111,0.0
2022-10-31 13:00:00,0.0,0.0,0.0,8.171766461472032,0.653572915374648,49.09918831618329,0.0,0.0,0.0,49.09918831618329,0.0,0.0,0.0,0.0,13.28313242916956,13.28313242916956,0.0
2022-10-31 14:00:00,0.0,0.0,0.0,8.171766461472032,0.05848805638538713,49.09918831618329,0.0,0.0,0.0,49.09918831618329,0.0,0.0,0.0,0.0,13.06502298827984,13.06502298827984,0.0
2022-10-31 15:00:00,0.0,0.0,0.0,8.171766461472032,3.2670166160659226,49.09918831618329,0.0,0.0,0.0,49.09918831618329,0.0,0.0,0.0,0.0,13.538138613039708,13.538138613039708,0.0
2022-10-31 16:00:00,0.0,0.0,0.0,8.171766461472032,19.142842401915573,52.9275247121833,0.0,0.0,0.0,52.9275247121833,0.0,0.0,0.0,0.0,17.41636757435497,17.41636757435497,0.0
2022-10-31 17:00:00,0.0,0.0,0.0,8.171766461472032,37.9642731339813,48.73939881475194,0.0,0.0,0.0,48.73939881475194,0.0,0.0,0.0,0.0,19.700247416538232,19.700247416538232,0.0
2022-10-31 18:00:00,0.0,0.0,0.0,8.171766461472032,58.72027823435608,48.73939881475194,0.0,0.0,0.0,48.73939881475194,0.0,0.0,0.0,0.0,23.15127445921094,23.15127445921094,0.0
2022-10-31 19:00:00,0.0,0.0,0.0,8.171766461472034,74.48284723067052,44.191907497561786,0.0,0.0,0.0,44.191907497561786,0.0,0.0,0.0,0.0,25.009275530227512,25.009275530227512,0.0
2022-10-31 20:00:00,0.0,0.0,0.0,0.0,0.0,22.37766708451935,0.0,0.0,0.0,22.37766708451935,0.0,0.0,0.0,0.0,5.535563506697551,5.535563506697551,0.0
2022-10-31 21:00:00,0.0,0.0,0.0,0.0,0.0,15.107011293199369,0.0,0.0,0.0,15.107011293199369,0.0,0.0,0.0,0.0,3.6000007911694096,3.6000007911694096,0.0
2022-10-31 22:00:00,0.0,0.0,0.0,0.0,0.0,15.107011293199369,0.0,0.0,0.0,15.107011293199369,0.0,0.0,0.0,0.0,3.371733850529167,3.371733850529167,0.0
2022-10-31 23:00:00,0.0,0.0,0.0,0.0,0.0,15.107011293199369,0.0,0.0,0.0,15.107011293199369,0.0,0.0,0.0,0.0,3.445153925414116,3.445153925414116,0.0
2022-11-01 00:00:00,0.0,0.0,0.0,0.0,0.0,15.107011293199369,0.0,0.0,0.0,15.107011293199369,0.0,0.0,0.0,0.0,3.514041896911105,3.514041896911105,0.0
2022-11-01 01:00:00,0.0,0.0,0.0,0.0,0.0,15.107011293199369,0.0,0.0,0.0,15.107011293199369,0.0,0.0,0.0,0.0,3.469929423934963,3.469929423934963,0.0
2022-11-01 02:00:00,0.0,0.0,0.0,0.0,0.0,15.107011293199369,0.0,0.0,0.0,15.107011293199369,0.0,0.0,0.0,0.0,3.5330767311405364,3.5330767311405364,0.0
2022-11-01 03:00:00,0.0,0.0,0.0,0.0,0.0,15.107011293199369,0.0,0.0,0.0,15.107011293199369,0.0,0.0,0.0,0.0,3.4350322278476724,3.4350322278476724,0.0
2022-11-01 04:00:00,0.0,0.0,0.0,0.0,0.0,15.107011293199369,0.0,0.0,0.0,15.107011293199369,0.0,0.0,0.0,0.0,3.601209352072866,3.601209352072866,0.0
2022-11-01 05:00:00,0.0,0.0,0.0,8.171766461472032,64.8781469301024,23.2787777546714,0.0,0.0,0.0,23.2787777546714,0.0,0.0,0.0,0.0,17.408382125044806,17.408382125044806,0.0
2022-11-01 06:00:00,0.0,0.0,0.0,8.171766461472032,40.40991555968104,22.892760753991375,0.0,0.0,0.0,22.892760753991375,0.0,0.0,0.0,0.0,13.01663964518966,13.01663964518966,0.0
2022-11-01 07:00:00,0.0,0.0,0.0,8.171766461472032,25.995365628081856,32.706898309561794,0.0,0.0,0.0,32.706898309561794,0.0,0.0,0.0,0.0,12.831362474157629,12.831362474157629,0.0
2022-11-01 08:00:00,0.0,0.0,0.0,8.171766461472032,9.490957694723807,49.09918831618329,0.0,0.0,0.0,49.09918831618329,0.0,0.0,0.0,0.0,13.851080133884135,13.851080133884135,0.0
2022-11-01 09:00:00,0.0,0.0,0.0,8.171766461472032,4.9035707229841,49.09918831618329,0.0,0.0,0.0,49.09918831618329,0.0,0.0,0.0,0.0,12.730524080015176,12.730524080015176,0.0
2022-11-01 10:00:00,0.0,0.0,0.0,8.171766461472032,0.22094559577016365,49.09918831618329,0.0,0.0,0.0,49.09918831618329,0.0,0.0,0.0,0.0,11.880541600346275,11.880541600346275,0.0
2022-11-01 11:00:00,0.0,0.0,0.0,8.171766461472032,0.044019552872861877,49.09918831618329,0.0,0.0,0.0,49.09918831618329,0.0,0.0,0.0,0.0,11.717591160250512,11.717591160250512,0.0
2022-11-01 12:00:00,0.0,0.0,0.0,8.171766461472032,0.06271010010688076,49.09918831618329,0.0,0.0,0.0,49.09918831618329,0.0,0.0,0.0,0.0,11.767109638037262,11.767109638037262,0.0
2022-11-01 13:00:00,0.0,0.0,0.0,8.171766461472032,0.058091988423926835,49.09918831618329,0.0,0.0,0.0,49.09918831618329,0.0,0.0,0.0,0.0,11.844345854539043,11.844345854539043,0.0
2022-11-01 14:00:00,0.0,0.0,0.0,8.171766461472032,0.0,49.09918831618329,0.0,0.0,0.0,49.09918831618329,0.0,0.0,0.0,0.0,11.869237783554148,11.869237783554148,0.0
2022-11-01 15:00:00,0.0,0.0,0.0,8.171766461472032,0.15365679837923837,49.09918831618329,0.0,0.0,0.0,49.09918831618329,0.0,0.0,0.0,0.0,11.97398947939047,11.97398947939047,0.0
2022-11-01 16:00:00,0.0,0.0,0.0,8.171766461472032,1.7173288249800656,52.9275247121833,0.0,0.0,0.0,52.9275247121833,0.0,0.0,0.0,0.0,13.030865605931302,13.030865605931302,0.0
2022-11-01 17:00:00,0.0,0.0,0.0,8.171766461472032,2.4949700818671654,48.73939881475194,0.0,0.0,0.0,48.73939881475194,0.0,0.0,0.0,0.0,12.02677719090327,12.02677719090327,0.0
2022-11-01 18:00:00,0.0,0.0,0.0,8.171766461472032,6.329170085321442,48.73939881475194,0.0,0.0,0.0,48.73939881475194,0.0,0.0,0.0,0.0,12.786823829633693,12.786823829633693,0.0
2022-11-01 19:00:00,0.0,0.0,0.0,8.171766461472032,8.682247555787928,44.191907497561786,0.0,0.0,0.0,44.191907497561786,0.0,0.0,0.0,0.0,12.213050055714248,12.213050055714248,0.0
2022-11-01 20:00:00,0.0,0.0,0.0,0.0,0.0,22.37766708451935,0.0,0.0,0.0,22.37766708451935,0.0,0.0,0.0,0.0,5.346024666491672,5.346024666491672,0.0
2022-11-01 21:00:00,0.0,0.0,0.0,0.0,0.0,15.107011293199369,0.0,0.0,0.0,15.107011293199369,0.0,0.0,0.0,0.0,3.4377514898804487,3.4377514898804487,0.0
2022-11-01 22:00:00,0.0,0.0,0.0,0.0,0.0,15.107011293199369,0.0,0.0,0.0,15.107011293199369,0.0,0.0,0.0,0.0,3.3475626324600483,3.3475626324600483,0.0
2022-11-01 23:00:00,0.0,0.0,0.0,0.0,0.0,15.107011293199369,0.0,0.0,0.0,15.107011293199369,0.0,0.0,0.0,0.0,3.3974157697276057,3.3974157697276057,0.0
2022-11-02 00:00:00,0.0,0.0,0.0,0.0,0.0,15.107011293199369,0.0,0.0,0.0,15.107011293199369,0.0,0.0,0.0,0.0,3.40376071447075,3.40376071447075,0.0
2022-11-02 01:00:00,0.0,0.0,0.0,0.0,0.0,15.107011293199369,0.0,0.0,0.0,15.107011293199369,0.0,0.0,0.0,0.0,3.4311044049114408,3.4311044049114408,0.0
2022-11-02 02:00:00,0.0,0.0,0.0,0.0,0.0,15.107011293199369,0.0,0.0,0.0,15.107011293199369,0.0,0.0,0.0,0.0,3.4424346633813405,3.4424346633813405,0.0
2022-11-02 03:00:00,0.0,0.0,0.0,0.0,0.0,15.107011293199369,0.0,0.0,0.0,15.107011293199369,0.0,0.0,0.0,0.0,3.424608390055365,3.424608390055365,0.0
2022-11-02 04:00:00,0.0,0.0,0.0,0.0,0.0,15.107011293199369,0.0,0.0,0.0,15.107011293199369,0.0,0.0,0.0,0.0,3.50527983036105,3.50527983036105,0.0
2022-11-02 05:00:00,0.0,0.0,0.0,8.171766461472032,58.41093963973416,23.2787777546714,0.0,0.0,0.0,23.2787777546714,0.0,0.0,0.0,0.0,16.115692708812055,16.115692708812055,0.0
2022-11-02 06:00:00,0.0,0.0,0.0,8.171766461472032,43.59428238127346,22.892760753991375,0.0,0.0,0.0,22.892760753991375,0.0,0.0,0.0,0.0,13.484450583038573,13.484450583038573,0.0
2022-11-02 07:00:00,0.0,0.0,0.0,8.171766461472032,26.396966774643303,32.706898309561794,0.0,0.0,0.0,32.706898309561794,0.0,0.0,0.0,0.0,12.473248145151626,12.473248145151626,0.0
2022-11-02 08:00:00,0.0,0.0,0.0,8.171766461472032,1.197596150656815,49.09918831618329,0.0,0.0,0.0,49.09918831618329,0.0,0.0,0.0,0.0,11.449030977729004,11.449030977729004,0.0
2022-11-02 09:00:00,0.0,0.0,0.0,8.171766461472032,0.0,49.09918831618329,0.0,0.0,0.0,49.09918831618329,0.0,0.0,0.0,0.0,11.269245702330387,11.269245702330387,0.0
2022-11-02 10:00:00,0.0,0.0,0.0,8.171766461472032,0.0,49.09918831618329,0.0,0.0,0.0,49.09918831618329,0.0,0.0,0.0,0.0,11.022276785099987,11.022276785099987,0.0
2022-11-02 11:00:00,0.0,0.0,0.16630793834987734,8.171766461472032,0.0,49.26549625453317,0.0,0.0,0.0,49.26549625453317,0.0,0.0,0.0,0.0,11.047787535079063,11.047787535079063,0.0
2022-11-02 12:00:00,0.0,0.0,1.6317845835053277,8.171766461472032,0.0,50.730972899688624,0.0,0.0,0.0,50.730972899688624,0.0,0.0,0.0,0.0,11.518467396874302,11.518467396874302,0.0
2022-11-02 13:00:00,0.0,0.0,2.9102316214612793,8.171766461472032,0.0,52.00941993764457,0.0,0.0,0.0,52.00941993764457,0.0,0.0,0.0,0.0,12.171244453807583,12.171244453807583,0.0
2022-11-02 14:00:00,0.0,0.0,3.198909034280402,8.171766461472032,0.0,52.29809735046369,0.0,0.0,0.0,52.29809735046369,0.0,0.0,0.0,0.0,12.534807972959138,12.534807972959138,0.0
2022-11-02 15:00:00,0.0,0.0,1.5538577525734645,8.171766461472032,0.0,50.653046068756765,0.0,0.0,0.0,50.653046068756765,0.0,0.0,0.0,0.0,12.737721494910263,12.737721494910263,0.0
2022-11-02 16:00:00,0.0,0.0,0.31363977192292486,8.171766461472032,0.0,53.24116448410622,0.0,0.0,0.0,53.24116448410622,0.0,0.0,0.0,0.0,13.163877918695263,13.163877918695263,0.0
2022-11-02 17:00:00,0.0,0.0,0.0,8.171766461472032,0.0,48.73939881475194,0.0,0.0,0.0,48.73939881475194,0.0,0.0,0.0,0.0,11.998177806227485,11.998177806227485,0.0
2022-11-02 18:00:00,0.0,0.0,0.0,8.171766461472032,0.0,48.73939881475194,0.0,0.0,0.0,48.73939881475194,0.0,0.0,0.0,0.0,12.081034784212562,12.081034784212562,0.0
2022-11-02 19:00:00,0.0,0.0,0.0,8.171766461472032,0.0,44.191907497561786,0.0,0.0,0.0,44.191907497561786,0.0,0.0,0.0,0.0,10.987875880193762,10.987875880193762,0.0
2022-11-02 20:00:00,0.0,0.0,0.0,0.0,0.0,22.37766708451935,0.0,0.0,0.0,22.37766708451935,0.0,0.0,0.0,0.0,5.589717461042087,5.589717461042087,0.0
2022-11-02 21:00:00,0.0,0.0,0.0,0.0,0.0,15.107011293199369,0.0,0.0,0.0,15.107011293199369,0.0,0.0,0.0,0.0,3.7421577674384157,3.7421577674384157,0.0
2022-11-02 22:00:00,0.0,0.0,0.0,0.0,0.0,15.107011293199369,0.0,0.0,0.0,15.107011293199369,0.0,0.0,0.0,0.0,3.770861088895495,3.770861088895495,0.0
2022-11-02 23:00:00,0.0,0.0,0.0,0.0,0.0,14.657592477664597,0.0,0.0,0.0,14.657592477664597,0.0,0.0,0.0,0.0,3.5752799571519485,3.5752799571519485,0.0
2022-11-03 00:00:00,0.0,0.0,0.0,0.0,0.0,14.657592477664597,0.0,0.0,0.0,14.657592477664597,0.0,0.0,0.0,0.0,3.715113389388869,3.715113389388869,0.0
2022-11-03 01:00:00,0.0,0.0,0.0,0.0,0.0,14.657592477664597,0.0,0.0,0.0,14.657592477664597,0.0,0.0,0.0,0.0,3.6169075197885157,3.6169075197885157,0.0
2022-11-03 02:00:00,0.0,0.0,0.0,0.0,0.0,14.657592477664597,0.0,0.0,0.0,14.657592477664597,0.0,0.0,0.0,0.0,3.644903521420855,3.644903521420855,0.0
2022-11-03 03:00:00,0.0,0.0,0.0,0.0,0.0,14.657592477664597,0.0,0.0,0.0,14.657592477664597,0.0,0.0,0.0,0.0,3.5625278516963803,3.5625278516963803,0.0
2022-11-03 04:00:00,0.0,0.0,0.0,0.0,0.0,14.657592477664597,0.0,0.0,0.0,14.657592477664597,0.0,0.0,0.0,0.0,3.513278340971427,3.513278340971427,0.0
2022-11-03 05:00:00,0.0,0.0,0.0,8.171766461472032,35.83600272267261,22.829358939136633,0.0,0.0,0.0,22.829358939136633,0.0,0.0,0.0,0.0,11.97904663605319,11.97904663605319,0.0
2022-11-03 06:00:00,0.0,0.0,0.0,8.171766461472032,25.783542413876884,20.259437634801234,0.0,0.0,0.0,20.259437634801234,0.0,0.0,0.0,0.0,9.60569711514471,9.60569711514471,0.0
2022-11-03 07:00:00,0.0,0.0,0.0,8.171766461472032,15.60106579744231,23.611915675181518,0.0,0.0,0.0,23.611915675181518,0.0,0.0,0.0,0.0,8.577369356926555,8.577369356926555,0.0
2022-11-03 08:00:00,0.0,0.0,0.0,8.171766461472032,0.2513089850380913,37.25438962675194,0.0,0.0,0.0,37.25438962675194,0.0,0.0,0.0,0.0,9.036967767140016,9.036967767140016,0.0
2022-11-03 09:00:00,0.0,0.0,0.0,8.171766461472032,0.0,49.09918831618329,0.0,0.0,0.0,49.09918831618329,0.0,0.0,0.0,0.0,11.503448830598582,11.503448830598582,0.0
2022-11-03 10:00:00,0.0,0.0,0.0,8.171766461472032,0.0,49.09918831618329,0.0,0.0,0.0,49.09918831618329,0.0,0.0,0.0,0.0,11.175957244529641,11.175957244529641,0.0
2022-11-03 11:00:00,0.0,0.0,0.10235178422029609,8.171766461472032,0.0,49.20154010040359,0.0,0.0,0.0,49.20154010040359,0.0,0.0,0.0,0.0,11.290277406839612,11.290277406839612,0.0
2022-11-03 12:00:00,0.0,0.0,0.5625443253617832,8.171766461472032,0.0,49.66173264154507,0.0,0.0,0.0,49.66173264154507,0.0,0.0,0.0,0.0,11.442063200611985,11.442063200611985,0.0
2022-11-03 13:00:00,0.0,0.0,0.9475983629888022,8.171766461472032,0.0,50.046786679172094,0.0,0.0,0.0,50.046786679172094,0.0,0.0,0.0,0.0,11.92364692631275,11.92364692631275,0.0
2022-11-03 14:00:00,0.0,0.0,1.0000263854036722,8.171766461472032,0.0,50.09921470158697,0.0,0.0,0.0,50.09921470158697,0.0,0.0,0.0,0.0,12.290840342740333,12.290840342740333,0.0
2022-11-03 15:00:00,0.0,0.0,0.972878237174847,8.171766461472032,0.0,50.07206655335815,0.0,0.0,0.0,50.07206655335815,0.0,0.0,0.0,0.0,12.408859533253215,12.408859533253215,0.0
2022-11-03 16:00:00,0.0,0.0,0.3190916152042224,8.171766461472032,0.0,53.246616327387514,0.0,0.0,0.0,53.246616327387514,0.0,0.0,0.0,0.0,13.175342744048766,13.175342744048766,0.0
2022-11-03 17:00:00,0.0,0.0,0.0,8.171766461472032,0.0,44.191907497561786,0.0,0.0,0.0,44.191907497561786,0.0,0.0,0.0,0.0,10.831878446727371,10.831878446727371,0.0
2022-11-03 18:00:00,0.0,0.0,0.0,8.171766461472032,0.0,35.096924863181506,0.0,0.0,0.0,35.096924863181506,0.0,0.0,0.0,0.0,8.755980814866522,8.755980814866522,0.0
2022-11-03 19:00:00,0.0,0.0,0.0,8.171766461472032,0.0,35.096924863181506,0.0,0.0,0.0,35.096924863181506,0.0,0.0,0.0,0.0,8.685085026642897,8.685085026642897,0.0
2022-11-03 20:00:00,0.0,0.0,0.0,8.171766461472032,0.0,26.001942228801234,0.0,0.0,0.0,26.001942228801234,0.0,0.0,0.0,0.0,6.4310603714494095,6.4310603714494095,0.0
2022-11-03 21:00:00,0.0,0.0,0.0,0.0,0.0,14.657592477664597,0.0,0.0,0.0,14.657592477664597,0.0,0.0,0.0,0.0,3.68052147114158,3.68052147114158,0.0
2022-11-03 22:00:00,0.0,0.0,0.0,0.0,0.0,14.657592477664597,0.0,0.0,0.0,14.657592477664597,0.0,0.0,0.0,0.0,3.641825427000546,3.641825427000546,0.0
2022-11-03 23:00:00,0.0,0.0,0.0,0.0,0.0,14.657592477664597,0.0,0.0,0.0,14.657592477664597,0.0,0.0,0.0,0.0,3.707491441300483,3.707491441300483,0.0
2022-11-04 00:00:00,0.0,0.0,0.0,0.0,0.0,14.657592477664597,0.0,0.0,0.0,14.657592477664597,0.0,0.0,0.0,0.0,3.717605180110072,3.717605180110072,0.0
2022-11-04 01:00:00,0.0,0.0,0.0,0.0,0.0,14.657592477664597,0.0,0.0,0.0,14.657592477664597,0.0,0.0,0.0,0.0,3.649887102863261,3.649887102863261,0.0
2022-11-04 02:00:00,0.0,0.0,0.0,0.0,0.0,14.657592477664597,0.0,0.0,0.0,14.657592477664597,0.0,0.0,0.0,0.0,3.668648821234672,3.668648821234672,0.0
2022-11-04 03:00:00,0.0,0.0,0.0,0.0,0.0,14.657592477664597,0.0,0.0,0.0,14.657592477664597,0.0,0.0,0.0,0.0,3.8421947161702206,3.8421947161702206,0.0
2022-11-04 04:00:00,0.0,0.0,0.0,0.0,0.0,14.657592477664597,0.0,0.0,0.0,14.657592477664597,0.0,0.0,0.0,0.0,3.8819167917846915,3.8819167917846915,0.0
2022-11-04 05:00:00,0.0,0.0,0.0,0.0,0.0,14.657592477664597,0.0,0.0,0.0,14.657592477664597,0.0,0.0,0.0,0.0,3.955351330097792,3.955351330097792,0.0
2022-11-04 06:00:00,0.0,0.0,0.0,0.0,0.0,8.915087883664599,0.0,0.0,0.0,8.915087883664599,0.0,0.0,0.0,0.0,2.426686921933504,2.426686921933504,0.0
2022-11-04 07:00:00,0.0,0.0,0.0,8.171766461472032,70.38828305195835,14.516933040801234,0.0,0.0,0.0,14.516933040801234,0.0,0.0,0.0,0.0,16.5510574969444,16.5510574969444,0.0
2022-11-04 08:00:00,0.0,0.0,0.0,8.171766461472032,43.89143536866123,14.516933040801234,0.0,0.0,0.0,14.516933040801234,0.0,0.0,0.0,0.0,11.60245666904962,11.60245666904962,0.0
2022-11-04 09:00:00,0.0,0.0,0.0,8.171766461472032,23.14105884646045,28.15940699237166,0.0,0.0,0.0,28.15940699237166,0.0,0.0,0.0,0.0,11.464067550459944,11.464067550459944,0.0
2022-11-04 10:00:00,0.0,0.0,0.0,8.171766461472032,14.057662135392865,28.15940699237166,0.0,0.0,0.0,28.15940699237166,0.0,0.0,0.0,0.0,9.912513243890013,9.912513243890013,0.0
2022-11-04 11:00:00,0.0,0.0,0.0,8.171766461472032,1.1726621151412935,37.25438962675194,0.0,0.0,0.0,37.25438962675194,0.0,0.0,0.0,0.0,9.995258647123139,9.995258647123139,0.0
2022-11-04 12:00:00,0.0,0.0,0.0,8.171766461472032,0.0,37.25438962675194,0.0,0.0,0.0,37.25438962675194,0.0,0.0,0.0,0.0,9.945804398653966,9.945804398653966,0.0
2022-11-04 13:00:00,0.0,0.0,0.0,8.171766461472032,0.0,37.25438962675194,0.0,0.0,0.0,37.25438962675194,0.0,0.0,0.0,0.0,9.991627297894869,9.991627297894869,0.0
2022-11-04 14:00:00,0.0,0.0,0.0,8.171766461472032,0.0,37.25438962675194,0.0,0.0,0.0,37.25438962675194,0.0,0.0,0.0,0.0,10.042293267787253,10.042293267787253,0.0
2022-11-04 15:00:00,0.0,0.0,0.0,8.171766461472032,1.3613784325637865,37.25438962675194,0.0,0.0,0.0,37.25438962675194,0.0,0.0,0.0,0.0,10.320566425106696,10.320566425106696,0.0
2022-11-04 16:00:00,0.0,0.0,0.0,8.171766461472032,26.80938370580079,33.90191158637166,0.0,0.0,0.0,33.90191158637166,0.0,0.0,0.0,0.0,14.029375519427624,14.029375519427624,0.0
2022-11-04 17:00:00,0.0,0.0,0.0,8.171766461472032,46.02447046356469,30.549433545991374,0.0,0.0,0.0,30.549433545991374,0.0,0.0,0.0,0.0,16.464502832358676,16.464502832358676,0.0
2022-11-04 18:00:00,0.0,0.0,0.0,0.0,0.0,14.657592477664597,0.0,0.0,0.0,14.657592477664597,0.0,0.0,0.0,0.0,3.8959880805632503,3.8959880805632503,0.0
2022-11-04 19:00:00,0.0,0.0,0.0,0.0,0.0,14.657592477664597,0.0,0.0,0.0,14.657592477664597,0.0,0.0,0.0,0.0,3.879718152913042,3.879718152913042,0.0
2022-11-04 20:00:00,0.0,0.0,0.0,0.0,0.0,14.657592477664597,0.0,0.0,0.0,14.657592477664597,0.0,0.0,0.0,0.0,3.834865919931388,3.834865919931388,0.0
2022-11-04 21:00:00,0.0,0.0,0.0,0.0,0.0,14.657592477664597,0.0,0.0,0.0,14.657592477664597,0.0,0.0,0.0,0.0,3.7173120282605185,3.7173120282605185,0.0
2022-11-04 22:00:00,0.0,0.0,0.0,0.0,0.0,14.657592477664597,0.0,0.0,0.0,14.657592477664597,0.0,0.0,0.0,0.0,3.711742143119006,3.711742143119006,0.0
2022-11-04 23:00:00,0.0,0.0,0.0,0.0,0.0,15.107011293199369,0.0,0.0,0.0,15.107011293199369,0.0,0.0,0.0,0.0,3.804247583853465,3.804247583853465,0.0
2022-11-05 00:00:00,0.0,0.0,0.0,0.0,0.0,15.107011293199369,0.0,0.0,0.0,15.107011293199369,0.0,0.0,0.0,0.0,3.5983390199271574,3.5983390199271574,0.0
2022-11-05 01:00:00,0.0,0.0,0.0,0.0,0.0,15.107011293199369,0.0,0.0,0.0,15.107011293199369,0.0,0.0,0.0,0.0,3.612539610542765,3.612539610542765,0.0
2022-11-05 02:00:00,0.0,0.0,0.0,0.0,0.0,15.107011293199369,0.0,0.0,0.0,15.107011293199369,0.0,0.0,0.0,0.0,3.6376172492894763,3.6376172492894763,0.0
2022-11-05 03:00:00,0.0,0.0,0.0,0.0,0.0,15.107011293199369,0.0,0.0,0.0,15.107011293199369,0.0,0.0,0.0,0.0,3.687319316444102,3.687319316444102,0.0
2022-11-05 04:00:00,0.0,0.0,0.0,0.0,0.0,15.107011293199369,0.0,0.0,0.0,15.107011293199369,0.0,0.0,0.0,0.0,3.78264455770419,3.78264455770419,0.0
2022-11-05 05:00:00,0.0,0.0,0.0,0.0,0.0,15.107011293199369,0.0,0.0,0.0,15.107011293199369,0.0,0.0,0.0,0.0,3.8361233776821155,3.8361233776821155,0.0
2022-11-05 06:00:00,0.0,0.0,0.0,8.171766461472032,97.47112424357093,17.536273160671403,0.0,0.0,0.0,17.536273160671403,0.0,0.0,0.0,0.0,22.07214576980795,22.07214576980795,0.0
2022-11-05 07:00:00,0.0,0.0,0.0,8.171766461472032,70.39595475272907,19.064424357991378,0.0,0.0,0.0,19.064424357991378,0.0,0.0,0.0,0.0,17.60735931945983,17.60735931945983,0.0
2022-11-05 08:00:00,0.0,0.0,0.0,8.171766461472032,56.001903515491755,32.706898309561794,0.0,0.0,0.0,32.706898309561794,0.0,0.0,0.0,0.0,18.618031033126055,18.618031033126055,0.0
2022-11-05 09:00:00,0.0,0.0,0.0,8.171766461472032,35.47171438927584,49.09918831618329,0.0,0.0,0.0,49.09918831618329,0.0,0.0,0.0,0.0,19.297819424815458,19.297819424815458,0.0
2022-11-05 10:00:00,0.0,0.0,0.0,8.171766461472032,24.662754185152565,49.09918831618329,0.0,0.0,0.0,49.09918831618329,0.0,0.0,0.0,0.0,17.459188886312656,17.459188886312656,0.0
2022-11-05 11:00:00,0.0,0.0,0.0,8.171766461472032,11.146726582476244,49.09918831618329,0.0,0.0,0.0,49.09918831618329,0.0,0.0,0.0,0.0,15.305487892650389,15.305487892650389,0.0
2022-11-05 12:00:00,0.0,0.0,0.0,8.171766461472032,5.879298103618176,49.09918831618329,0.0,0.0,0.0,49.09918831618329,0.0,0.0,0.0,0.0,14.36543207571958,14.36543207571958,0.0
2022-11-05 13:00:00,0.0,0.0,0.0,8.171766461472032,4.298140798924032,49.09918831618329,0.0,0.0,0.0,49.09918831618329,0.0,0.0,0.0,0.0,14.280086752790641,14.280086752790641,0.0
2022-11-05 14:00:00,0.0,0.0,0.0,8.171766461472032,4.2053010296774795,49.09918831618329,0.0,0.0,0.0,49.09918831618329,0.0,0.0,0.0,0.0,13.919676595678085,13.919676595678085,0.0
2022-11-05 15:00:00,0.0,0.0,0.0,8.171766461472032,3.3688585132554207,49.09918831618329,0.0,0.0,0.0,49.09918831618329,0.0,0.0,0.0,0.0,13.955160697930442,13.955160697930442,0.0
2022-11-05 16:00:00,0.0,0.0,0.0,8.171766461472032,6.35799256877367,54.841692910183305,0.0,0.0,0.0,54.841692910183305,0.0,0.0,0.0,0.0,15.950371029916036,15.950371029916036,0.0
2022-11-05 17:00:00,0.0,0.0,0.0,8.171766461472032,11.399471375414956,60.58419750418331,0.0,0.0,0.0,60.58419750418331,0.0,0.0,0.0,0.0,18.033985001474925,18.033985001474925,0.0
2022-11-05 18:00:00,0.0,0.0,0.0,8.171766461472032,17.82120208128686,48.73939881475194,0.0,0.0,0.0,48.73939881475194,0.0,0.0,0.0,0.0,16.211899024567444,16.211899024567444,0.0
2022-11-05 19:00:00,0.0,0.0,0.0,8.171766461472034,24.360903172009817,48.73939881475194,0.0,0.0,0.0,48.73939881475194,0.0,0.0,0.0,0.0,17.35282036503559,17.35282036503559,0.0
2022-11-05 20:00:00,0.0,0.0,0.0,8.171766461472032,27.81692966245377,44.191907497561786,0.0,0.0,0.0,44.191907497561786,0.0,0.0,0.0,0.0,16.80371173533334,16.80371173533334,0.0
2022-11-05 21:00:00,0.0,0.0,0.0,0.0,0.0,22.37766708451935,0.0,0.0,0.0,22.37766708451935,0.0,0.0,0.0,0.0,5.977074878275118,5.977074878275118,0.0
2022-11-05 22:00:00,0.0,0.0,0.0,0.0,0.0,15.107011293199369,0.0,0.0,0.0,15.107011293199369,0.0,0.0,0.0,0.0,3.7167779884658407,3.7167779884658407,0.0
2022-11-05 23:00:00,0.0,0.0,0.0,0.0,0.0,15.107011293199369,0.0,0.0,0.0,15.107011293199369,0.0,0.0,0.0,0.0,3.6234166586738685,3.6234166586738685,0.0
2022-11-06 00:00:00,0.0,0.0,0.0,0.0,0.0,15.107011293199369,0.0,0.0,0.0,15.107011293199369,0.0,0.0,0.0,0.0,3.3907686847585983,3.3907686847585983,0.0
2022-11-06 01:00:00,0.0,0.0,0.0,0.0,0.0,15.107011293199369,0.0,0.0,0.0,15.107011293199369,0.0,0.0,0.0,0.0,3.3980200501793343,3.3980200501793343,0.0
2022-11-06 02:00:00,0.0,0.0,0.0,0.0,0.0,15.107011293199369,0.0,0.0,0.0,15.107011293199369,0.0,0.0,0.0,0.0,3.488057837486802,3.488057837486802,0.0
2022-11-06 03:00:00,0.0,0.0,0.0,0.0,0.0,15.107011293199369,0.0,0.0,0.0,15.107011293199369,0.0,0.0,0.0,0.0,3.4773318594686304,3.4773318594686304,0.0
2022-11-06 04:00:00,0.0,0.0,0.0,0.0,0.0,15.107011293199369,0.0,0.0,0.0,15.107011293199369,0.0,0.0,0.0,0.0,3.472497615854807,3.472497615854807,0.0
2022-11-06 05:00:00,0.0,0.0,0.0,0.0,0.0,15.107011293199369,0.0,0.0,0.0,15.107011293199369,0.0,0.0,0.0,0.0,3.6548392421637232,3.6548392421637232,0.0
2022-11-06 06:00:00,0.0,0.0,0.0,8.171766461472032,78.63956577914482,17.536273160671403,0.0,0.0,0.0,17.536273160671403,0.0,0.0,0.0,0.0,18.525092313246066,18.525092313246066,0.0
2022-11-06 07:00:00,0.0,0.0,0.0,8.171766461472032,56.69634421299108,19.064424357991378,0.0,0.0,0.0,19.064424357991378,0.0,0.0,0.0,0.0,14.949141303754924,14.949141303754924,0.0
2022-11-06 08:00:00,0.0,0.0,0.0,8.171766461472032,40.501522978941686,32.706898309561794,0.0,0.0,0.0,32.706898309561794,0.0,0.0,0.0,0.0,15.26854727543805,15.26854727543805,0.0
2022-11-06 09:00:00,0.0,0.0,0.0,8.171766461472032,20.799365837784933,49.09918831618329,0.0,0.0,0.0,49.09918831618329,0.0,0.0,0.0,0.0,15.57636584099306,15.57636584099306,0.0
2022-11-06 10:00:00,0.0,0.0,0.0,8.171766461472032,12.444699234658097,49.09918831618329,0.0,0.0,0.0,49.09918831618329,0.0,0.0,0.0,0.0,14.105492107354358,14.105492107354358,0.0
2022-11-06 11:00:00,0.0,0.0,0.0,8.171766461472032,1.0477393644553676,49.09918831618329,0.0,0.0,0.0,49.09918831618329,0.0,0.0,0.0,0.0,11.916478027659315,11.916478027659315,0.0
2022-11-06 12:00:00,0.0,0.0,0.0,8.171766461472032,0.07548941784606576,49.09918831618329,0.0,0.0,0.0,49.09918831618329,0.0,0.0,0.0,0.0,12.096902145557262,12.096902145557262,0.0
2022-11-06 13:00:00,0.0,0.0,0.0,8.171766461472032,0.23232962603007162,49.09918831618329,0.0,0.0,0.0,49.09918831618329,0.0,0.0,0.0,0.0,12.330866889035635,12.330866889035635,0.0
2022-11-06 14:00:00,0.0,0.0,0.0,8.171766461472032,0.1880175118287328,49.09918831618329,0.0,0.0,0.0,49.09918831618329,0.0,0.0,0.0,0.0,12.605208807341386,12.605208807341386,0.0
2022-11-06 15:00:00,0.0,0.0,0.0,8.171766461472032,0.135099089689339,49.09918831618329,0.0,0.0,0.0,49.09918831618329,0.0,0.0,0.0,0.0,13.234952255397529,13.234952255397529,0.0
2022-11-06 16:00:00,0.0,0.0,0.0,8.171766461472032,2.4599664576388602,54.841692910183305,0.0,0.0,0.0,54.841692910183305,0.0,0.0,0.0,0.0,15.466251335224845,15.466251335224845,0.0
2022-11-06 17:00:00,0.0,0.0,0.0,8.171766461472032,6.396429705329304,60.58419750418331,0.0,0.0,0.0,60.58419750418331,0.0,0.0,0.0,0.0,17.491843726161402,17.491843726161402,0.0
2022-11-06 18:00:00,0.0,0.0,0.0,8.171766461472032,10.580934866170434,48.73939881475194,0.0,0.0,0.0,48.73939881475194,0.0,0.0,0.0,0.0,15.130050178782696,15.130050178782696,0.0
2022-11-06 19:00:00,0.0,0.0,0.0,8.171766461472032,17.944334930054612,48.73939881475194,0.0,0.0,0.0,48.73939881475194,0.0,0.0,0.0,0.0,16.77166471390607,16.77166471390607,0.0
2022-11-06 20:00:00,0.0,0.0,0.0,8.171766461472034,20.987630175466396,44.191907497561786,0.0,0.0,0.0,44.191907497561786,0.0,0.0,0.0,0.0,16.205595892719558,16.205595892719558,0.0
2022-11-06 21:00:00,0.0,0.0,0.0,0.0,0.0,22.37766708451935,0.0,0.0,0.0,22.37766708451935,0.0,0.0,0.0,0.0,6.264180346969502,6.264180346969502,0.0
2022-11-06 22:00:00,0.0,0.0,0.0,0.0,0.0,15.107011293199369,0.0,0.0,0.0,15.107011293199369,0.0,0.0,0.0,0.0,4.136601832303851,4.136601832303851,0.0
2022-11-06 23:00:00,0.0,0.0,0.0,0.0,0.0,15.107011293199369,0.0,0.0,0.0,15.107011293199369,0.0,0.0,0.0,0.0,3.9063709801954922,3.9063709801954922,0.0
2022-11-07 00:00:00,0.0,0.0,0.0,0.0,0.0,15.107011293199369,0.0,0.0,0.0,15.107011293199369,0.0,0.0,0.0,0.0,3.935376441878436,3.935376441878436,0.0
2022-11-07 01:00:00,0.0,0.0,0.0,0.0,0.0,15.107011293199369,0.0,0.0,0.0,15.107011293199369,0.0,0.0,0.0,0.0,3.9178523087783237,3.9178523087783237,0.0
2022-11-07 02:00:00,0.0,0.0,0.0,0.0,0.0,15.107011293199369,0.0,0.0,0.0,15.107011293199369,0.0,0.0,0.0,0.0,3.8856743747238096,3.8856743747238096,0.0
2022-11-07 03:00:00,0.0,0.0,0.0,0.0,0.0,15.107011293199369,0.0,0.0,0.0,15.107011293199369,0.0,0.0,0.0,0.0,3.8595392451865744,3.8595392451865744,0.0
2022-11-07 04:00:00,0.0,0.0,0.0,0.0,0.0,15.107011293199369,0.0,0.0,0.0,15.107011293199369,0.0,0.0,0.0,0.0,3.8334041156493392,3.8334041156493392,0.0
2022-11-07 05:00:00,0.0,0.0,0.0,0.0,0.0,15.107011293199369,0.0,0.0,0.0,15.107011293199369,0.0,0.0,0.0,0.0,3.9143776961808885,3.9143776961808885,0.0
2022-11-07 06:00:00,0.0,0.0,0.0,8.171766461472032,67.10713214398113,17.536273160671403,0.0,0.0,0.0,17.536273160671403,0.0,0.0,0.0,0.0,16.503210670999795,16.503210670999795,0.0
2022-11-07 07:00:00,0.0,0.0,0.0,8.171766461472032,49.09672344333332,19.064424357991378,0.0,0.0,0.0,19.064424357991378,0.0,0.0,0.0,0.0,13.756028496903792,13.756028496903792,0.0
2022-11-07 08:00:00,0.0,0.0,0.0,8.171766461472032,36.92473586297538,32.706898309561794,0.0,0.0,0.0,32.706898309561794,0.0,0.0,0.0,0.0,15.216867202389878,15.216867202389878,0.0
2022-11-07 09:00:00,0.0,0.0,0.0,8.171766461472032,19.411481417971846,49.09918831618329,0.0,0.0,0.0,49.09918831618329,0.0,0.0,0.0,0.0,16.198969252839213,16.198969252839213,0.0
2022-11-07 10:00:00,0.0,0.0,0.0,8.171766461472032,11.561642194088584,49.09918831618329,0.0,0.0,0.0,49.09918831618329,0.0,0.0,0.0,0.0,14.847958418996933,14.847958418996933,0.0
2022-11-07 11:00:00,0.0,0.0,0.0,8.171766461472032,2.265188063496192,49.09918831618329,0.0,0.0,0.0,49.09918831618329,0.0,0.0,0.0,0.0,13.319952592272882,13.319952592272882,0.0
2022-11-07 12:00:00,0.0,0.0,0.0,8.171766461472032,0.939940453466109,49.09918831618329,0.0,0.0,0.0,49.09918831618329,0.0,0.0,0.0,0.0,13.09705295154197,13.09705295154197,0.0
2022-11-07 13:00:00,0.0,0.0,0.0,8.171766461472032,0.06086545358440551,49.09918831618329,0.0,0.0,0.0,49.09918831618329,0.0,0.0,0.0,0.0,13.363483112709272,13.363483112709272,0.0
2022-11-07 14:00:00,0.0,0.0,0.0,8.171766461472032,0.0,49.09918831618329,0.0,0.0,0.0,49.09918831618329,0.0,0.0,0.0,0.0,13.607349049947036,13.607349049947036,0.0
2022-11-07 15:00:00,0.0,0.0,0.0,8.171766461472032,0.0,49.09918831618329,0.0,0.0,0.0,49.09918831618329,0.0,0.0,0.0,0.0,13.271510601864343,13.271510601864343,0.0
2022-11-07 16:00:00,0.0,0.0,0.0,8.171766461472032,0.11483044696502828,54.841692910183305,0.0,0.0,0.0,54.841692910183305,0.0,0.0,0.0,0.0,14.282257510822342,14.282257510822342,0.0
2022-11-07 17:00:00,0.0,0.0,0.0,8.171766461472032,3.207433309507885,60.58419750418331,0.0,0.0,0.0,60.58419750418331,0.0,0.0,0.0,0.0,16.2185219652812,16.2185219652812,0.0
2022-11-07 18:00:00,0.0,0.0,0.0,8.171766461472032,5.966606047997886,48.73939881475194,0.0,0.0,0.0,48.73939881475194,0.0,0.0,0.0,0.0,14.03750779256834,14.03750779256834,0.0
2022-11-07 19:00:00,0.0,0.0,0.0,8.171766461472032,12.87332739900199,48.73939881475194,0.0,0.0,0.0,48.73939881475194,0.0,0.0,0.0,0.0,15.35709929415113,15.35709929415113,0.0
2022-11-07 20:00:00,0.0,0.0,0.0,8.171766461472032,16.44038910541255,44.191907497561786,0.0,0.0,0.0,44.191907497561786,0.0,0.0,0.0,0.0,14.700121012459187,14.700121012459187,0.0
2022-11-07 21:00:00,0.0,0.0,0.0,0.0,0.0,22.37766708451935,0.0,0.0,0.0,22.37766708451935,0.0,0.0,0.0,0.0,5.704514893185672,5.704514893185672,0.0
2022-11-07 22:00:00,0.0,0.0,0.0,0.0,0.0,15.107011293199369,0.0,0.0,0.0,15.107011293199369,0.0,0.0,0.0,0.0,3.681578652152686,3.681578652152686,0.0
2022-11-07 23:00:00,0.0,0.0,0.0,0.0,0.0,15.107011293199369,0.0,0.0,0.0,15.107011293199369,0.0,0.0,0.0,0.0,3.5962240383461097,3.5962240383461097,0.0
2022-11-08 00:00:00,0.0,0.0,0.0,0.0,0.0,15.107011293199369,0.0,0.0,0.0,15.107011293199369,0.0,0.0,0.0,0.0,3.5942601268779937,3.5942601268779937,0.0
2022-11-08 01:00:00,0.0,0.0,0.0,0.0,0.0,15.107011293199369,0.0,0.0,0.0,15.107011293199369,0.0,0.0,0.0,0.0,3.612841750768629,3.612841750768629,0.0
2022-11-08 02:00:00,0.0,0.0,0.0,0.0,0.0,15.107011293199369,0.0,0.0,0.0,15.107011293199369,0.0,0.0,0.0,0.0,3.6104246289617175,3.6104246289617175,0.0
2022-11-08 03:00:00,0.0,0.0,0.0,0.0,0.0,15.107011293199369,0.0,0.0,0.0,15.107011293199369,0.0,0.0,0.0,0.0,3.675384777522474,3.675384777522474,0.0
2022-11-08 04:00:00,0.0,0.0,0.0,0.0,0.0,15.107011293199369,0.0,0.0,0.0,15.107011293199369,0.0,0.0,0.0,0.0,3.750013413310879,3.750013413310879,0.0
2022-11-08 05:00:00,0.0,0.0,0.0,0.0,0.0,15.107011293199369,0.0,0.0,0.0,15.107011293199369,0.0,0.0,0.0,0.0,3.8544028613468866,3.8544028613468866,0.0
2022-11-08 06:00:00,0.0,0.0,0.0,8.171766461472032,60.51712642627579,17.536273160671403,0.0,0.0,0.0,17.536273160671403,0.0,0.0,0.0,0.0,15.52343007306477,15.52343007306477,0.0
2022-11-08 07:00:00,0.0,0.0,0.0,8.171766461472032,39.54940399828926,19.064424357991378,0.0,0.0,0.0,19.064424357991378,0.0,0.0,0.0,0.0,12.195264399297653,12.195264399297653,0.0
2022-11-08 08:00:00,0.0,0.0,0.0,8.171766461472032,25.663312352523636,32.706898309561794,0.0,0.0,0.0,32.706898309561794,0.0,0.0,0.0,0.0,13.239611859194643,13.239611859194643,0.0
2022-11-08 09:00:00,0.0,0.0,0.0,8.171766461472032,4.6308919450235795,49.09918831618329,0.0,0.0,0.0,49.09918831618329,0.0,0.0,0.0,0.0,13.62413256879347,13.62413256879347,0.0
2022-11-08 10:00:00,0.0,0.0,0.0,8.171766461472032,0.10132420450480542,49.09918831618329,0.0,0.0,0.0,49.09918831618329,0.0,0.0,0.0,0.0,12.617095186913694,12.617095186913694,0.0
2022-11-08 11:00:00,0.0,0.0,0.0,8.171766461472032,0.0,49.09918831618329,0.0,0.0,0.0,49.09918831618329,0.0,0.0,0.0,0.0,12.545333606667992,12.545333606667992,0.0
2022-11-08 12:00:00,0.0,0.0,0.0,8.171766461472032,0.0,49.09918831618329,0.0,0.0,0.0,49.09918831618329,0.0,0.0,0.0,0.0,12.528148890757327,12.528148890757327,0.0
2022-11-08 13:00:00,0.0,0.0,0.0,8.171766461472032,0.0,49.09918831618329,0.0,0.0,0.0,49.09918831618329,0.0,0.0,0.0,0.0,12.58706791673675,12.58706791673675,0.0
2022-11-08 14:00:00,0.0,0.0,0.0,8.171766461472032,0.0,49.09918831618329,0.0,0.0,0.0,49.09918831618329,0.0,0.0,0.0,0.0,12.779536734936183,12.779536734936183,0.0
2022-11-08 15:00:00,0.0,0.0,0.0,8.171766461472032,0.0,49.09918831618329,0.0,0.0,0.0,49.09918831618329,0.0,0.0,0.0,0.0,12.592959819334691,12.592959819334691,0.0
2022-11-08 16:00:00,0.0,0.0,0.0,8.171766461472032,0.0,54.841692910183305,0.0,0.0,0.0,54.841692910183305,0.0,0.0,0.0,0.0,13.945145673201411,13.945145673201411,0.0
2022-11-08 17:00:00,0.0,0.0,0.0,8.171766461472032,0.0,60.58419750418331,0.0,0.0,0.0,60.58419750418331,0.0,0.0,0.0,0.0,15.196940101949341,15.196940101949341,0.0
2022-11-08 18:00:00,0.0,0.0,0.0,8.171766461472032,0.0,48.73939881475194,0.0,0.0,0.0,48.73939881475194,0.0,0.0,0.0,0.0,12.56501701444305,12.56501701444305,0.0
2022-11-08 19:00:00,0.0,0.0,0.0,8.171766461472032,0.0,48.73939881475194,0.0,0.0,0.0,48.73939881475194,0.0,0.0,0.0,0.0,12.528462465331986,12.528462465331986,0.0
2022-11-08 20:00:00,0.0,0.0,0.0,8.171766461472032,0.0,44.191907497561786,0.0,0.0,0.0,44.191907497561786,0.0,0.0,0.0,0.0,11.288380851177182,11.288380851177182,0.0
2022-11-08 21:00:00,0.0,0.0,0.0,0.0,0.0,22.37766708451935,0.0,0.0,0.0,22.37766708451935,0.0,0.0,0.0,0.0,5.822445198721089,5.822445198721089,0.0
2022-11-08 22:00:00,0.0,0.0,0.0,0.0,0.0,15.107011293199369,0.0,0.0,0.0,15.107011293199369,0.0,0.0,0.0,0.0,3.9732950402243654,3.9732950402243654,0.0
2022-11-08 23:00:00,0.0,0.0,0.0,0.0,0.0,15.107011293199369,0.0,0.0,0.0,15.107011293199369,0.0,0.0,0.0,0.0,3.874041976028046,3.874041976028046,0.0
2022-11-09 00:00:00,0.0,0.0,0.0,0.0,0.0,15.107011293199369,0.0,0.0,0.0,15.107011293199369,0.0,0.0,0.0,0.0,3.8083264769026286,3.8083264769026286,0.0
2022-11-09 01:00:00,0.0,0.0,0.0,0.0,0.0,15.107011293199369,0.0,0.0,0.0,15.107011293199369,0.0,0.0,0.0,0.0,3.756962638505751,3.756962638505751,0.0
2022-11-09 02:00:00,0.0,0.0,0.0,0.0,0.0,15.107011293199369,0.0,0.0,0.0,15.107011293199369,0.0,0.0,0.0,0.0,3.829174152487244,3.829174152487244,0.0
2022-11-09 03:00:00,0.0,0.0,0.0,0.0,0.0,15.107011293199369,0.0,0.0,0.0,15.107011293199369,0.0,0.0,0.0,0.0,3.8157289124362967,3.8157289124362967,0.0
2022-11-09 04:00:00,0.0,0.0,0.0,0.0,0.0,15.107011293199369,0.0,0.0,0.0,15.107011293199369,0.0,0.0,0.0,0.0,3.8377851489243673,3.8377851489243673,0.0
2022-11-09 05:00:00,0.0,0.0,0.0,0.0,0.0,15.107011293199369,0.0,0.0,0.0,15.107011293199369,0.0,0.0,0.0,0.0,3.918154449004189,3.918154449004189,0.0
2022-11-09 06:00:00,0.0,0.0,0.0,8.171766461472032,34.24478744903953,17.536273160671403,0.0,0.0,0.0,17.536273160671403,0.0,0.0,0.0,0.0,10.834119439614673,10.834119439614673,0.0
2022-11-09 07:00:00,0.0,0.0,0.0,8.171766461472032,17.329391279536615,19.064424357991378,0.0,0.0,0.0,19.064424357991378,0.0,0.0,0.0,0.0,8.295964645209022,8.295964645209022,0.0
2022-11-09 08:00:00,0.0,0.0,0.0,8.171766461472032,5.4795830384346695,32.706898309561794,0.0,0.0,0.0,32.706898309561794,0.0,0.0,0.0,0.0,9.879933914605859,9.879933914605859,0.0
2022-11-09 09:00:00,0.0,0.0,0.0,8.171766461472032,0.4318017270721756,49.09918831618329,0.0,0.0,0.0,49.09918831618329,0.0,0.0,0.0,0.0,13.213742921887006,13.213742921887006,0.0
2022-11-09 10:00:00,0.0,0.0,0.0,8.171766461472032,0.18782371971674816,49.09918831618329,0.0,0.0,0.0,49.09918831618329,0.0,0.0,0.0,0.0,12.868836556249274,12.868836556249274,0.0
2022-11-09 11:00:00,0.0,0.0,0.0,8.171766461472032,0.0,49.09918831618329,0.0,0.0,0.0,49.09918831618329,0.0,0.0,0.0,0.0,12.838946752798767,12.838946752798767,0.0
2022-11-09 12:00:00,0.0,0.0,0.0,8.171766461472032,0.0,49.09918831618329,0.0,0.0,0.0,49.09918831618329,0.0,0.0,0.0,0.0,12.896392803128702,12.896392803128702,0.0
2022-11-09 13:00:00,0.0,0.0,0.0,8.171766461472032,0.0,49.09918831618329,0.0,0.0,0.0,49.09918831618329,0.0,0.0,0.0,0.0,13.00293804177482,13.00293804177482,0.0
2022-11-09 14:00:00,0.0,0.0,0.0,8.171766461472032,0.0,49.09918831618329,0.0,0.0,0.0,49.09918831618329,0.0,0.0,0.0,0.0,13.261199772317944,13.261199772317944,0.0
2022-11-09 15:00:00,0.0,0.0,0.0,8.171766461472032,0.0,49.09918831618329,0.0,0.0,0.0,49.09918831618329,0.0,0.0,0.0,0.0,13.58132648013946,13.58132648013946,0.0
2022-11-09 16:00:00,0.0,0.0,0.0,8.171766461472032,0.0,54.841692910183305,0.0,0.0,0.0,54.841692910183305,0.0,0.0,0.0,0.0,15.54926519082427,15.54926519082427,0.0
2022-11-09 17:00:00,0.0,0.0,0.0,8.171766461472032,0.0,60.58419750418331,0.0,0.0,0.0,60.58419750418331,0.0,0.0,0.0,0.0,16.797574600009863,16.797574600009863,0.0
2022-11-09 18:00:00,0.0,0.0,0.0,8.171766461472032,15.830286525410864,48.73939881475194,0.0,0.0,0.0,48.73939881475194,0.0,0.0,0.0,0.0,16.241399468827503,16.241399468827503,0.0
2022-11-09 19:00:00,0.0,0.0,0.0,8.171766461472032,44.019828632416456,48.73939881475194,0.0,0.0,0.0,48.73939881475194,0.0,0.0,0.0,0.0,21.264299648213008,21.264299648213008,0.0
2022-11-09 20:00:00,0.0,0.0,0.0,8.171766461472032,56.84520134954503,44.191907497561786,0.0,0.0,0.0,44.191907497561786,0.0,0.0,0.0,0.0,22.29629935679982,22.29629935679982,0.0
2022-11-09 21:00:00,0.0,0.0,0.0,0.0,0.0,22.37766708451935,0.0,0.0,0.0,22.37766708451935,0.0,0.0,0.0,0.0,6.106641570694484,6.106641570694484,0.0
2022-11-09 22:00:00,0.0,0.0,0.0,0.0,0.0,15.107011293199369,0.0,0.0,0.0,15.107011293199369,0.0,0.0,0.0,0.0,4.055930391998166,4.055930391998166,0.0
2022-11-09 23:00:00,0.0,0.0,0.0,0.0,0.0,15.107011293199369,0.0,0.0,0.0,15.107011293199369,0.0,0.0,0.0,0.0,3.945195999219015,3.945195999219015,0.0
2022-11-10 00:00:00,0.0,0.0,0.0,0.0,0.0,14.657592477664597,0.0,0.0,0.0,14.657592477664597,0.0,0.0,0.0,0.0,3.84747144946218,3.84747144946218,0.0
2022-11-10 01:00:00,0.0,0.0,0.0,0.0,0.0,14.657592477664597,0.0,0.0,0.0,14.657592477664597,0.0,0.0,0.0,0.0,3.916655285956757,3.916655285956757,0.0
2022-11-10 02:00:00,0.0,0.0,0.0,0.0,0.0,14.657592477664597,0.0,0.0,0.0,14.657592477664597,0.0,0.0,0.0,0.0,3.86975099002823,3.86975099002823,0.0
2022-11-10 03:00:00,0.0,0.0,0.0,0.0,0.0,14.657592477664597,0.0,0.0,0.0,14.657592477664597,0.0,0.0,0.0,0.0,3.863594801187611,3.863594801187611,0.0
2022-11-10 04:00:00,0.0,0.0,0.0,0.0,0.0,14.657592477664597,0.0,0.0,0.0,14.657592477664597,0.0,0.0,0.0,0.0,3.8800113047625953,3.8800113047625953,0.0
2022-11-10 05:00:00,0.0,0.0,0.0,0.0,0.0,14.657592477664597,0.0,0.0,0.0,14.657592477664597,0.0,0.0,0.0,0.0,3.8187425682059573,3.8187425682059573,0.0
2022-11-10 06:00:00,0.0,0.0,0.0,8.171766461472032,168.8389591327975,17.086854345136636,0.0,0.0,0.0,17.086854345136636,0.0,0.0,0.0,0.0,35.00870347036717,35.00870347036717,0.0
2022-11-10 07:00:00,0.0,0.0,0.0,8.171766461472032,135.81926206470138,14.516933040801234,0.0,0.0,0.0,14.516933040801234,0.0,0.0,0.0,0.0,28.30376951410182,28.30376951410182,0.0
2022-11-10 08:00:00,0.0,0.0,0.0,8.171766461472032,122.92759611666675,23.611915675181518,0.0,0.0,0.0,23.611915675181518,0.0,0.0,0.0,0.0,28.467533205265344,28.467533205265344,0.0
2022-11-10 09:00:00,0.0,0.0,0.0,8.171766461472032,103.54471394419029,37.25438962675194,0.0,0.0,0.0,37.25438962675194,0.0,0.0,0.0,0.0,28.64383697657459,28.64383697657459,0.0
2022-11-10 10:00:00,0.0,0.0,0.0,8.171766461472032,90.70412026881995,49.09918831618329,0.0,0.0,0.0,49.09918831618329,0.0,0.0,0.0,0.0,28.806436183800038,28.806436183800038,0.0
2022-11-10 11:00:00,0.0,0.0,0.0,8.171766461472032,79.8824972001932,49.09918831618329,0.0,0.0,0.0,49.09918831618329,0.0,0.0,0.0,0.0,26.618885421787237,26.618885421787237,0.0
2022-11-10 12:00:00,0.0,0.0,0.0,8.171766461472032,76.3579756809874,49.09918831618329,0.0,0.0,0.0,49.09918831618329,0.0,0.0,0.0,0.0,26.040266937374092,26.040266937374092,0.0
2022-11-10 13:00:00,0.0,0.0,0.0,8.171766461472032,74.45584376279241,49.09918831618329,0.0,0.0,0.0,49.09918831618329,0.0,0.0,0.0,0.0,26.147044870892994,26.147044870892994,0.0
2022-11-10 14:00:00,0.0,0.0,0.0,8.171766461472032,71.70425812825405,49.09918831618329,0.0,0.0,0.0,49.09918831618329,0.0,0.0,0.0,0.0,26.15341444251025,26.15341444251025,0.0
2022-11-10 15:00:00,0.0,0.0,0.0,8.171766461472032,72.0153542551179,49.09918831618329,0.0,0.0,0.0,49.09918831618329,0.0,0.0,0.0,0.0,26.377346653023302,26.377346653023302,0.0
2022-11-10 16:00:00,0.0,0.0,0.0,8.171766461472032,73.72593752316504,54.841692910183305,0.0,0.0,0.0,54.841692910183305,0.0,0.0,0.0,0.0,28.481987026126536,28.481987026126536,0.0
2022-11-10 17:00:00,0.0,0.0,0.0,8.171766461472032,79.4114961366881,60.58419750418331,0.0,0.0,0.0,60.58419750418331,0.0,0.0,0.0,0.0,30.96478549837888,30.96478549837888,0.0
2022-11-10 18:00:00,0.0,0.0,0.0,8.171766461472032,96.49592083534029,44.191907497561786,0.0,0.0,0.0,44.191907497561786,0.0,0.0,0.0,0.0,29.352788953192285,29.352788953192285,0.0
2022-11-10 19:00:00,0.0,0.0,0.0,8.171766461472032,103.47792798382633,35.096924863181506,0.0,0.0,0.0,35.096924863181506,0.0,0.0,0.0,0.0,28.339404171753273,28.339404171753273,0.0
2022-11-10 20:00:00,0.0,0.0,0.0,8.171766461472032,106.39854418440474,35.096924863181506,0.0,0.0,0.0,35.096924863181506,0.0,0.0,0.0,0.0,28.96528856400124,28.96528856400124,0.0
2022-11-10 21:00:00,0.0,0.0,0.0,8.171766461472032,114.86849129704012,26.001942228801234,0.0,0.0,0.0,26.001942228801234,0.0,0.0,0.0,0.0,27.816792355067527,27.816792355067527,0.0
2022-11-10 22:00:00,0.0,0.0,0.0,0.0,0.0,14.657592477664597,0.0,0.0,0.0,14.657592477664597,0.0,0.0,0.0,0.0,3.807895949772486,3.807895949772486,0.0
2022-11-10 23:00:00,0.0,0.0,0.0,0.0,0.0,14.657592477664597,0.0,0.0,0.0,14.657592477664597,0.0,0.0,0.0,0.0,3.737979233654026,3.737979233654026,0.0
2022-11-11 00:00:00,0.0,0.0,0.0,0.0,0.0,14.657592477664597,0.0,0.0,0.0,14.657592477664597,0.0,0.0,0.0,0.0,3.8926168342933867,3.8926168342933867,0.0
2022-11-11 01:00:00,0.0,0.0,0.0,0.0,0.0,14.657592477664597,0.0,0.0,0.0,14.657592477664597,0.0,0.0,0.0,0.0,3.8995059027578893,3.8995059027578893,0.0
2022-11-11 02:00:00,0.0,0.0,0.0,0.0,0.0,14.657592477664597,0.0,0.0,0.0,14.657592477664597,0.0,0.0,0.0,0.0,3.900531934231326,3.900531934231326,0.0
2022-11-11 03:00:00,0.0,0.0,0.0,0.0,0.0,14.657592477664597,0.0,0.0,0.0,14.657592477664597,0.0,0.0,0.0,0.0,3.9078607304701585,3.9078607304701585,0.0
2022-11-11 04:00:00,0.0,0.0,0.0,0.0,0.0,14.657592477664597,0.0,0.0,0.0,14.657592477664597,0.0,0.0,0.0,0.0,4.0003501390042215,4.0003501390042215,0.0
2022-11-11 05:00:00,0.0,0.0,0.0,0.0,0.0,14.657592477664597,0.0,0.0,0.0,14.657592477664597,0.0,0.0,0.0,0.0,4.040805094242576,4.040805094242576,0.0
2022-11-11 06:00:00,0.0,0.0,0.0,0.0,0.0,10.829256081664601,0.0,0.0,0.0,10.829256081664601,0.0,0.0,0.0,0.0,3.0943516327748433,3.0943516327748433,0.0
2022-11-11 07:00:00,0.0,0.0,0.0,0.0,0.0,3.1725832896646002,0.0,0.0,0.0,3.1725832896646002,0.0,0.0,0.0,0.0,0.9121176957785725,0.9121176957785725,0.0
2022-11-11 08:00:00,0.0,0.0,0.0,8.171766461472032,187.43859424297682,14.516933040801234,0.0,0.0,0.0,14.516933040801234,0.0,0.0,0.0,0.0,37.868737619730574,37.868737619730574,0.0
2022-11-11 09:00:00,0.0,0.0,0.0,8.171766461472032,136.10098720062123,14.516933040801234,0.0,0.0,0.0,14.516933040801234,0.0,0.0,0.0,0.0,28.621460640111394,28.621460640111394,0.0
2022-11-11 10:00:00,0.0,0.0,0.0,8.171766461472032,114.80157110888415,28.15940699237166,0.0,0.0,0.0,28.15940699237166,0.0,0.0,0.0,0.0,28.636929845598345,28.636929845598345,0.0
2022-11-11 11:00:00,0.0,0.0,0.0,8.171766461472032,98.99900363179566,28.15940699237166,0.0,0.0,0.0,28.15940699237166,0.0,0.0,0.0,0.0,25.831094197042603,25.831094197042603,0.0
2022-11-11 12:00:00,0.0,0.0,0.0,8.171766461472032,84.87571031675883,37.25438962675194,0.0,0.0,0.0,37.25438962675194,0.0,0.0,0.0,0.0,26.194090056489955,26.194090056489955,0.0
2022-11-11 13:00:00,0.0,0.0,0.0,8.171766461472032,79.79458721686007,37.25438962675194,0.0,0.0,0.0,37.25438962675194,0.0,0.0,0.0,0.0,25.382426397445155,25.382426397445155,0.0
2022-11-11 14:00:00,0.0,0.0,0.0,8.171766461472032,78.60722845145659,37.25438962675194,0.0,0.0,0.0,37.25438962675194,0.0,0.0,0.0,0.0,25.213347227582155,25.213347227582155,0.0
2022-11-11 15:00:00,0.0,0.0,0.0,8.171766461472032,80.5126907089531,37.25438962675194,0.0,0.0,0.0,37.25438962675194,0.0,0.0,0.0,0.0,25.654778084741345,25.654778084741345,0.0
2022-11-11 16:00:00,0.0,0.0,0.0,8.171766461472032,86.60175336365316,42.99689422075194,0.0,0.0,0.0,42.99689422075194,0.0,0.0,0.0,0.0,28.406615971961823,28.406615971961823,0.0
2022-11-11 17:00:00,0.0,0.0,0.0,8.171766461472032,122.50136751244027,39.64441618037165,0.0,0.0,0.0,39.64441618037165,0.0,0.0,0.0,0.0,33.63655591667192,33.63655591667192,0.0
2022-11-11 18:00:00,0.0,0.0,0.0,8.171766461472032,140.10065688159776,30.549433545991374,0.0,0.0,0.0,30.549433545991374,0.0,0.0,0.0,0.0,34.051218135221006,34.051218135221006,0.0
2022-11-11 19:00:00,0.0,0.0,0.0,0.0,0.0,14.657592477664597,0.0,0.0,0.0,14.657592477664597,0.0,0.0,0.0,0.0,4.2383894408414955,4.2383894408414955,0.0
2022-11-11 20:00:00,0.0,0.0,0.0,0.0,0.0,14.657592477664597,0.0,0.0,0.0,14.657592477664597,0.0,0.0,0.0,0.0,4.171257667293791,4.171257667293791,0.0
2022-11-11 21:00:00,0.0,0.0,0.0,0.0,0.0,14.657592477664597,0.0,0.0,0.0,14.657592477664597,0.0,0.0,0.0,0.0,3.9927281909158356,3.9927281909158356,0.0
2022-11-11 22:00:00,0.0,0.0,0.0,0.0,0.0,14.657592477664597,0.0,0.0,0.0,14.657592477664597,0.0,0.0,0.0,0.0,3.829589186639429,3.829589186639429,0.0
2022-11-11 23:00:00,0.0,0.0,0.0,0.0,0.0,14.657592477664597,0.0,0.0,0.0,14.657592477664597,0.0,0.0,0.0,0.0,3.6667433342125753,3.6667433342125753,0.0
2022-11-12 00:00:00,0.0,0.0,0.0,0.041007243228348096,1.2408012060319802,15.148018536427713,0.0,0.0,0.0,15.148018536427713,0.0,0.0,0.0,0.0,4.0906959033316275,4.0906959033316275,0.0
2022-11-12 01:00:00,0.0,0.0,0.0,0.053930131220108125,1.620329541208368,15.160941424419478,0.0,0.0,0.0,15.160941424419478,0.0,0.0,0.0,0.0,4.2308568057915465,4.2308568057915465,0.0
2022-11-12 02:00:00,0.0,0.0,0.0,0.1040218939108926,3.1660298013873343,15.21103318711026,0.0,0.0,0.0,15.21103318711026,0.0,0.0,0.0,0.0,4.520046074872029,4.520046074872029,0.0
2022-11-12 03:00:00,0.0,0.0,0.0,0.13033738828174693,3.95486047804763,15.23734868148111,0.0,0.0,0.0,15.23734868148111,0.0,0.0,0.0,0.0,4.6884127787626,4.6884127787626,0.0
2022-11-12 04:00:00,0.0,0.0,0.0,0.18274881841020096,5.577235476033489,15.289760111609567,0.0,0.0,0.0,15.289760111609567,0.0,0.0,0.0,0.0,5.048172209001626,5.048172209001626,0.0
2022-11-12 05:00:00,0.0,0.0,0.0,0.20525362184364263,6.24212594006021,15.31226491504301,0.0,0.0,0.0,15.31226491504301,0.0,0.0,0.0,0.0,5.3418138539695175,5.3418138539695175,0.0
2022-11-12 06:00:00,0.0,0.0,0.0,8.171766461472032,248.9280371372404,19.4504413586714,0.0,0.0,0.0,19.4504413586714,0.0,0.0,0.0,0.0,50.365695020642896,50.365695020642896,0.0
2022-11-12 07:00:00,0.0,0.0,0.0,8.171766461472032,190.63243741659784,19.064424357991378,0.0,0.0,0.0,19.064424357991378,0.0,0.0,0.0,0.0,39.76405472407541,39.76405472407541,0.0
2022-11-12 08:00:00,0.0,0.0,0.0,8.171766461472032,154.0658927433435,32.706898309561794,0.0,0.0,0.0,32.706898309561794,0.0,0.0,0.0,0.0,37.0555336350954,37.0555336350954,0.0
2022-11-12 09:00:00,0.0,0.0,0.0,8.171766461472032,113.61303179244825,49.09918831618329,0.0,0.0,0.0,49.09918831618329,0.0,0.0,0.0,0.0,34.48125656571693,34.48125656571693,0.0
2022-11-12 10:00:00,0.0,0.0,0.0,8.171766461472032,93.61849474261551,49.09918831618329,0.0,0.0,0.0,49.09918831618329,0.0,0.0,0.0,0.0,30.79383533463499,30.79383533463499,0.0
2022-11-12 11:00:00,0.0,0.0,0.0,8.171766461472032,74.66051411867058,49.09918831618329,0.0,0.0,0.0,49.09918831618329,0.0,0.0,0.0,0.0,27.61710116017551,27.61710116017551,0.0
2022-11-12 12:00:00,0.0,0.0,0.0,8.171766461472032,67.66141678138375,49.09918831618329,0.0,0.0,0.0,49.09918831618329,0.0,0.0,0.0,0.0,26.562145393320797,26.562145393320797,0.0
2022-11-12 13:00:00,0.0,0.0,0.0,8.171766461472032,63.29542063571037,49.09918831618329,0.0,0.0,0.0,49.09918831618329,0.0,0.0,0.0,0.0,25.87178939648021,25.87178939648021,0.0
2022-11-12 14:00:00,0.0,0.0,0.0,8.171766461472032,63.01220603929441,49.09918831618329,0.0,0.0,0.0,49.09918831618329,0.0,0.0,0.0,0.0,25.818341531696028,25.818341531696028,0.0
2022-11-12 15:00:00,0.0,0.0,0.0,8.171766461472032,62.929451777793595,49.09918831618329,0.0,0.0,0.0,49.09918831618329,0.0,0.0,0.0,0.0,25.599188969247624,25.599188969247624,0.0
2022-11-12 16:00:00,0.0,0.0,0.0,8.171766461472032,76.37702025695546,56.75586110818331,0.0,0.0,0.0,56.75586110818331,0.0,0.0,0.0,0.0,29.831784695377813,29.831784695377813,0.0
2022-11-12 17:00:00,0.0,0.0,0.0,8.171766461472032,91.61840405712123,60.58419750418331,0.0,0.0,0.0,60.58419750418331,0.0,0.0,0.0,0.0,33.4528426305732,33.4528426305732,0.0
2022-11-12 18:00:00,0.0,0.0,0.0,8.171766461472032,99.66652643483484,48.73939881475194,0.0,0.0,0.0,48.73939881475194,0.0,0.0,0.0,0.0,31.62761078735585,31.62761078735585,0.0
2022-11-12 19:00:00,0.0,0.0,0.0,8.171766461472032,114.37520505854509,48.73939881475194,0.0,0.0,0.0,48.73939881475194,0.0,0.0,0.0,0.0,34.5771239493285,34.5771239493285,0.0
2022-11-12 20:00:00,0.0,0.0,0.0,8.171766461472032,123.35054087521843,44.191907497561786,0.0,0.0,0.0,44.191907497561786,0.0,0.0,0.0,0.0,34.842014643262814,34.842014643262814,0.0
2022-11-12 21:00:00,0.0,0.0,0.0,0.0,0.0,22.37766708451935,0.0,0.0,0.0,22.37766708451935,0.0,0.0,0.0,0.0,6.336683988323345,6.336683988323345,0.0
2022-11-12 22:00:00,0.0,0.0,0.0,0.0,0.0,15.107011293199369,0.0,0.0,0.0,15.107011293199369,0.0,0.0,0.0,0.0,4.166513714664386,4.166513714664386,0.0
2022-11-12 23:00:00,0.0,0.0,0.0,0.0,0.0,15.107011293199369,0.0,0.0,0.0,15.107011293199369,0.0,0.0,0.0,0.0,4.028737771670408,4.028737771670408,0.0
2022-11-13 00:00:00,0.0,0.0,0.0,0.0,0.0,15.107011293199369,0.0,0.0,0.0,15.107011293199369,0.0,0.0,0.0,0.0,4.10397068791054,4.10397068791054,0.0
2022-11-13 01:00:00,0.0,0.0,0.0,0.02692049999561064,0.8117690179306796,15.13393179319498,0.0,0.0,0.0,15.13393179319498,0.0,0.0,0.0,0.0,4.265918260588457,4.265918260588457,0.0
2022-11-13 02:00:00,0.0,0.0,0.0,0.0545214079801641,1.6443576084171787,15.161532701179532,0.0,0.0,0.0,15.161532701179532,0.0,0.0,0.0,0.0,4.437591541004431,4.437591541004431,0.0
2022-11-13 03:00:00,0.0,0.0,0.0,0.04286524627037534,1.2887454987795102,15.14987653946974,0.0,0.0,0.0,15.14987653946974,0.0,0.0,0.0,0.0,4.357350542442931,4.357350542442931,0.0
2022-11-13 04:00:00,0.0,0.0,0.0,0.06061755169973666,1.8266861928641056,15.167628844899104,0.0,0.0,0.0,15.167628844899104,0.0,0.0,0.0,0.0,4.470113309007877,4.470113309007877,0.0
2022-11-13 05:00:00,0.0,0.0,0.0,0.10049206442860656,3.0531516080082537,15.207503357627973,0.0,0.0,0.0,15.207503357627973,0.0,0.0,0.0,0.0,4.676277247473023,4.676277247473023,0.0
2022-11-13 06:00:00,0.0,0.0,0.0,8.171766461472032,236.1594451637857,19.4504413586714,0.0,0.0,0.0,19.4504413586714,0.0,0.0,0.0,0.0,47.67302781504523,47.67302781504523,0.0
2022-11-13 07:00:00,0.0,0.0,0.0,8.171766461472032,179.49094137995817,19.064424357991378,0.0,0.0,0.0,19.064424357991378,0.0,0.0,0.0,0.0,37.361483722160976,37.361483722160976,0.0
2022-11-13 08:00:00,0.0,0.0,0.0,8.171766461472032,141.77484409931097,32.706898309561794,0.0,0.0,0.0,32.706898309561794,0.0,0.0,0.0,0.0,34.331316416239574,34.331316416239574,0.0
2022-11-13 09:00:00,0.0,0.0,0.0,8.171766461472032,104.07876875143494,49.09918831618329,0.0,0.0,0.0,49.09918831618329,0.0,0.0,0.0,0.0,31.921084501620044,31.921084501620044,0.0
2022-11-13 10:00:00,0.0,0.0,0.0,8.171766461472032,84.2478729260231,49.09918831618329,0.0,0.0,0.0,49.09918831618329,0.0,0.0,0.0,0.0,28.51205982552457,28.51205982552457,0.0
2022-11-13 11:00:00,0.0,0.0,0.0,8.171766461472034,67.99048797421253,49.09918831618329,0.0,0.0,0.0,49.09918831618329,0.0,0.0,0.0,0.0,25.569199192247446,25.569199192247446,0.0
2022-11-13 12:00:00,0.0,0.0,0.0,8.171766461472032,63.60990839060086,49.09918831618329,0.0,0.0,0.0,49.09918831618329,0.0,0.0,0.0,0.0,24.747577567978432,24.747577567978432,0.0
2022-11-13 13:00:00,0.0,0.0,0.0,8.171766461472032,60.23665573351548,49.09918831618329,0.0,0.0,0.0,49.09918831618329,0.0,0.0,0.0,0.0,23.904054934351628,23.904054934351628,0.0
2022-11-13 14:00:00,0.0,0.0,0.0,8.171766461472032,59.28874483369346,49.09918831618329,0.0,0.0,0.0,49.09918831618329,0.0,0.0,0.0,0.0,24.288204012266522,24.288204012266522,0.0
2022-11-13 15:00:00,0.0,0.0,0.0,8.171766461472032,58.821306625535705,49.09918831618329,0.0,0.0,0.0,49.09918831618329,0.0,0.0,0.0,0.0,24.657227077472474,24.657227077472474,0.0
2022-11-13 16:00:00,0.0,0.0,0.0,8.171766461472032,64.91408802533024,56.75586110818331,0.0,0.0,0.0,56.75586110818331,0.0,0.0,0.0,0.0,27.97844324480195,27.97844324480195,0.0
2022-11-13 17:00:00,0.0,0.0,0.0,8.171766461472032,72.11491865759788,60.58419750418331,0.0,0.0,0.0,60.58419750418331,0.0,0.0,0.0,0.0,30.000604521238692,30.000604521238692,0.0
2022-11-13 18:00:00,0.0,0.0,0.0,8.171766461472034,76.63225893132231,48.73939881475194,0.0,0.0,0.0,48.73939881475194,0.0,0.0,0.0,0.0,27.790263960952608,27.790263960952608,0.0
2022-11-13 19:00:00,0.0,0.0,0.0,8.171766461472032,85.95638030414797,48.73939881475194,0.0,0.0,0.0,48.73939881475194,0.0,0.0,0.0,0.0,29.612857101900794,29.612857101900794,0.0
2022-11-13 20:00:00,0.0,0.0,0.0,8.171766461472032,90.41972260258682,44.191907497561786,0.0,0.0,0.0,44.191907497561786,0.0,0.0,0.0,0.0,29.128905603761396,29.128905603761396,0.0
2022-11-13 21:00:00,0.0,0.0,0.0,0.0,0.0,22.37766708451935,0.0,0.0,0.0,22.37766708451935,0.0,0.0,0.0,0.0,6.650418880848306,6.650418880848306,0.0
2022-11-13 22:00:00,0.0,0.0,0.0,0.0,0.0,15.107011293199369,0.0,0.0,0.0,15.107011293199369,0.0,0.0,0.0,0.0,4.500076524018228,4.500076524018228,0.0
2022-11-13 23:00:00,0.0,0.0,0.0,0.0,0.0,15.107011293199369,0.0,0.0,0.0,15.107011293199369,0.0,0.0,0.0,0.0,4.382543976157137,4.382543976157137,0.0
2022-11-14 00:00:00,0.0,0.0,0.0,0.0,0.0,15.107011293199369,0.0,0.0,0.0,15.107011293199369,0.0,0.0,0.0,0.0,4.40097452993484,4.40097452993484,0.0
2022-11-14 01:00:00,0.0,0.0,0.0,0.0,0.0,15.107011293199369,0.0,0.0,0.0,15.107011293199369,0.0,0.0,0.0,0.0,4.349912831763826,4.349912831763826,0.0
2022-11-14 02:00:00,0.0,0.0,0.0,0.0,0.0,15.107011293199369,0.0,0.0,0.0,15.107011293199369,0.0,0.0,0.0,0.0,4.399312758692588,4.399312758692588,0.0
2022-11-14 03:00:00,0.0,0.0,0.0,0.0,0.0,15.107011293199369,0.0,0.0,0.0,15.107011293199369,0.0,0.0,0.0,0.0,4.374537260171741,4.374537260171741,0.0
2022-11-14 04:00:00,0.0,0.0,0.0,0.0,0.0,15.107011293199369,0.0,0.0,0.0,15.107011293199369,0.0,0.0,0.0,0.0,4.361092020120793,4.361092020120793,0.0
2022-11-14 05:00:00,0.0,0.0,0.0,0.0,0.0,15.107011293199369,0.0,0.0,0.0,15.107011293199369,0.0,0.0,0.0,0.0,4.321209510306748,4.321209510306748,0.0
2022-11-14 06:00:00,0.0,0.0,0.0,8.171766461472032,181.81807573254338,19.4504413586714,0.0,0.0,0.0,19.4504413586714,0.0,0.0,0.0,0.0,38.2414782471548,38.2414782471548,0.0
2022-11-14 07:00:00,0.0,0.0,0.0,8.171766461472032,137.13112140814,19.064424357991378,0.0,0.0,0.0,19.064424357991378,0.0,0.0,0.0,0.0,30.14484700654189,30.14484700654189,0.0
2022-11-14 08:00:00,0.0,0.0,0.0,8.171766461472032,106.16341979832868,32.706898309561794,0.0,0.0,0.0,32.706898309561794,0.0,0.0,0.0,0.0,28.705084420984495,28.705084420984495,0.0
2022-11-14 09:00:00,0.0,0.0,0.0,8.171766461472032,70.9150600399782,49.09918831618329,0.0,0.0,0.0,49.09918831618329,0.0,0.0,0.0,0.0,27.275132107155223,27.275132107155223,0.0
2022-11-14 10:00:00,0.0,0.0,0.0,8.171766461472032,51.436847757744616,49.09918831618329,0.0,0.0,0.0,49.09918831618329,0.0,0.0,0.0,0.0,23.926171305878746,23.926171305878746,0.0
2022-11-14 11:00:00,0.0,0.0,0.0,8.171766461472032,29.818813621648452,49.09918831618329,0.0,0.0,0.0,49.09918831618329,0.0,0.0,0.0,0.0,20.145781456662732,20.145781456662732,0.0
2022-11-14 12:00:00,0.0,0.0,0.0,8.171766461472032,14.838204823021718,49.09918831618329,0.0,0.0,0.0,49.09918831618329,0.0,0.0,0.0,0.0,17.26292170692573,17.26292170692573,0.0
2022-11-14 13:00:00,0.0,0.0,0.0,8.171766461472032,5.93223650316029,49.09918831618329,0.0,0.0,0.0,49.09918831618329,0.0,0.0,0.0,0.0,15.750231921216066,15.750231921216066,0.0
2022-11-14 14:00:00,0.0,0.0,0.0,8.171766461472032,3.0940060880255027,49.09918831618329,0.0,0.0,0.0,49.09918831618329,0.0,0.0,0.0,0.0,15.166049569023446,15.166049569023446,0.0
2022-11-14 15:00:00,0.0,0.0,0.0,8.171766461472032,5.959244013302299,49.09918831618329,0.0,0.0,0.0,49.09918831618329,0.0,0.0,0.0,0.0,15.531693327762746,15.531693327762746,0.0
2022-11-14 16:00:00,0.0,0.0,0.0,8.171766461472032,23.9510126559182,56.75586110818331,0.0,0.0,0.0,56.75586110818331,0.0,0.0,0.0,0.0,21.383985209924948,21.383985209924948,0.0
2022-11-14 17:00:00,0.0,0.0,0.0,8.171766461472032,39.445837899786355,60.58419750418331,0.0,0.0,0.0,60.58419750418331,0.0,0.0,0.0,0.0,24.921263618937658,24.921263618937658,0.0
2022-11-14 18:00:00,0.0,0.0,0.0,8.171766461472032,47.51071388284949,48.73939881475194,0.0,0.0,0.0,48.73939881475194,0.0,0.0,0.0,0.0,22.792076891316917,22.792076891316917,0.0
2022-11-14 19:00:00,0.0,0.0,0.0,8.171766461472034,55.96691490834222,48.73939881475194,0.0,0.0,0.0,48.73939881475194,0.0,0.0,0.0,0.0,24.33801429923571,24.33801429923571,0.0
2022-11-14 20:00:00,0.0,0.0,0.0,8.171766461472032,62.44756912537708,44.191907497561786,0.0,0.0,0.0,44.191907497561786,0.0,0.0,0.0,0.0,24.10267192519924,24.10267192519924,0.0
2022-11-14 21:00:00,0.0,0.0,0.0,0.0,0.0,22.37766708451935,0.0,0.0,0.0,22.37766708451935,0.0,0.0,0.0,0.0,6.407173639639581,6.407173639639581,0.0
2022-11-14 22:00:00,0.0,0.0,0.0,0.0,0.0,15.107011293199369,0.0,0.0,0.0,15.107011293199369,0.0,0.0,0.0,0.0,4.169535116923026,4.169535116923026,0.0
2022-11-14 23:00:00,0.0,0.0,0.0,0.0,0.0,15.107011293199369,0.0,0.0,0.0,15.107011293199369,0.0,0.0,0.0,0.0,4.193253124653348,4.193253124653348,0.0
2022-11-15 00:00:00,0.0,0.0,0.0,0.0,0.0,15.107011293199369,0.0,0.0,0.0,15.107011293199369,0.0,0.0,0.0,0.0,4.111675263670072,4.111675263670072,0.0
2022-11-15 01:00:00,0.0,0.0,0.0,0.0,0.0,15.107011293199369,0.0,0.0,0.0,15.107011293199369,0.0,0.0,0.0,0.0,4.040068030140307,4.040068030140307,0.0
2022-11-15 02:00:00,0.0,0.0,0.0,0.0,0.0,15.107011293199369,0.0,0.0,0.0,15.107011293199369,0.0,0.0,0.0,0.0,4.061671056289582,4.061671056289582,0.0
2022-11-15 03:00:00,0.0,0.0,0.0,0.0,0.0,15.107011293199369,0.0,0.0,0.0,15.107011293199369,0.0,0.0,0.0,0.0,4.075720576792258,4.075720576792258,0.0
2022-11-15 04:00:00,0.0,0.0,0.0,0.0,0.0,15.107011293199369,0.0,0.0,0.0,15.107011293199369,0.0,0.0,0.0,0.0,4.094906481134621,4.094906481134621,0.0
2022-11-15 05:00:00,0.0,0.0,0.0,0.0,0.0,15.107011293199369,0.0,0.0,0.0,15.107011293199369,0.0,0.0,0.0,0.0,4.189929582168846,4.189929582168846,0.0
2022-11-15 06:00:00,0.0,0.0,0.0,8.171766461472032,112.17194947440089,19.4504413586714,0.0,0.0,0.0,19.4504413586714,0.0,0.0,0.0,0.0,25.604217661597403,25.604217661597403,0.0
2022-11-15 07:00:00,0.0,0.0,0.0,8.171766461472032,75.70359448527965,19.064424357991378,0.0,0.0,0.0,19.064424357991378,0.0,0.0,0.0,0.0,18.827044328642025,18.827044328642025,0.0
2022-11-15 08:00:00,0.0,0.0,0.0,8.171766461472032,55.747435045370075,32.706898309561794,0.0,0.0,0.0,32.706898309561794,0.0,0.0,0.0,0.0,18.666409746832734,18.666409746832734,0.0
2022-11-15 09:00:00,0.0,0.0,0.0,8.171766461472032,26.17934059324785,49.09918831618329,0.0,0.0,0.0,49.09918831618329,0.0,0.0,0.0,0.0,17.211308509098135,17.211308509098135,0.0
2022-11-15 10:00:00,0.0,0.0,0.0,8.171766461472032,6.492783365174019,49.09918831618329,0.0,0.0,0.0,49.09918831618329,0.0,0.0,0.0,0.0,13.045630995466325,13.045630995466325,0.0
2022-11-15 11:00:00,0.0,0.0,0.0,8.171766461472032,0.0,49.09918831618329,0.0,0.0,0.0,49.09918831618329,0.0,0.0,0.0,0.0,11.835850335499144,11.835850335499144,0.0
2022-11-15 12:00:00,0.0,0.0,0.0,8.171766461472032,0.0,49.09918831618329,0.0,0.0,0.0,49.09918831618329,0.0,0.0,0.0,0.0,11.70082756762964,11.70082756762964,0.0
2022-11-15 13:00:00,0.0,0.0,0.0,8.171766461472032,0.006854004214098834,49.09918831618329,0.0,0.0,0.0,49.09918831618329,0.0,0.0,0.0,0.0,11.863106971603822,11.863106971603822,0.0
2022-11-15 14:00:00,0.0,0.0,0.0,8.171766461472032,0.0,49.09918831618329,0.0,0.0,0.0,49.09918831618329,0.0,0.0,0.0,0.0,12.077418342014765,12.077418342014765,0.0
2022-11-15 15:00:00,0.0,0.0,0.0,8.171766461472032,0.0,49.09918831618329,0.0,0.0,0.0,49.09918831618329,0.0,0.0,0.0,0.0,12.363175618014953,12.363175618014953,0.0
2022-11-15 16:00:00,0.0,0.0,0.0,8.171766461472032,0.988454703593482,56.75586110818331,0.0,0.0,0.0,56.75586110818331,0.0,0.0,0.0,0.0,14.667175461024986,14.667175461024986,0.0
2022-11-15 17:00:00,0.0,0.0,0.0,8.171766461472032,7.561007922532204,60.58419750418331,0.0,0.0,0.0,60.58419750418331,0.0,0.0,0.0,0.0,16.42198826515085,16.42198826515085,0.0
2022-11-15 18:00:00,0.0,0.0,0.0,8.171766461472032,21.504714787663985,48.73939881475194,0.0,0.0,0.0,48.73939881475194,0.0,0.0,0.0,0.0,16.069942144332316,16.069942144332316,0.0
2022-11-15 19:00:00,0.0,0.0,0.0,8.171766461472032,36.71559098368197,48.73939881475194,0.0,0.0,0.0,48.73939881475194,0.0,0.0,0.0,0.0,18.695103903253464,18.695103903253464,0.0
2022-11-15 20:00:00,0.0,0.0,0.0,8.171766461472032,35.93856517008219,44.191907497561786,0.0,0.0,0.0,44.191907497561786,0.0,0.0,0.0,0.0,17.174475456590883,17.174475456590883,0.0
2022-11-15 21:00:00,0.0,0.0,0.0,0.0,0.0,22.37766708451935,0.0,0.0,0.0,22.37766708451935,0.0,0.0,0.0,0.0,5.36661212020943,5.36661212020943,0.0
2022-11-15 22:00:00,0.0,0.0,0.0,0.0,0.0,15.107011293199369,0.0,0.0,0.0,15.107011293199369,0.0,0.0,0.0,0.0,3.68112544181389,3.68112544181389,0.0
2022-11-15 23:00:00,0.0,0.0,0.0,0.0,0.0,15.107011293199369,0.0,0.0,0.0,15.107011293199369,0.0,0.0,0.0,0.0,3.4637355493047512,3.4637355493047512,0.0
2022-11-16 00:00:00,0.0,0.0,0.0,0.0,0.0,15.107011293199369,0.0,0.0,0.0,15.107011293199369,0.0,0.0,0.0,0.0,3.3770213044817865,3.3770213044817865,0.0
2022-11-16 01:00:00,0.0,0.0,0.0,0.0,0.0,15.107011293199369,0.0,0.0,0.0,15.107011293199369,0.0,0.0,0.0,0.0,3.376417024030059,3.376417024030059,0.0
2022-11-16 02:00:00,0.0,0.0,0.0,0.0,0.0,15.107011293199369,0.0,0.0,0.0,15.107011293199369,0.0,0.0,0.0,0.0,3.40376071447075,3.40376071447075,0.0
2022-11-16 03:00:00,0.0,0.0,0.0,0.0,0.0,15.107011293199369,0.0,0.0,0.0,15.107011293199369,0.0,0.0,0.0,0.0,3.446815696656368,3.446815696656368,0.0
2022-11-16 04:00:00,0.0,0.0,0.0,0.0,0.0,15.107011293199369,0.0,0.0,0.0,15.107011293199369,0.0,0.0,0.0,0.0,3.438960050783904,3.438960050783904,0.0
2022-11-16 05:00:00,0.0,0.0,0.0,0.0,0.0,15.107011293199369,0.0,0.0,0.0,15.107011293199369,0.0,0.0,0.0,0.0,3.5540754768380833,3.5540754768380833,0.0
2022-11-16 06:00:00,0.0,0.0,0.0,8.171766461472032,144.8416044923733,19.4504413586714,0.0,0.0,0.0,19.4504413586714,0.0,0.0,0.0,0.0,30.707606904607434,30.707606904607434,0.0
2022-11-16 07:00:00,0.0,0.0,0.0,8.171766461472032,113.85279982540696,19.064424357991378,0.0,0.0,0.0,19.064424357991378,0.0,0.0,0.0,0.0,25.01941877210492,25.01941877210492,0.0
2022-11-16 08:00:00,0.0,0.0,0.0,8.171766461472032,84.37427313302071,32.706898309561794,0.0,0.0,0.0,32.706898309561794,0.0,0.0,0.0,0.0,22.890172542437515,22.890172542437515,0.0
2022-11-16 09:00:00,0.0,0.0,0.0,8.171766461472032,45.68556163784321,49.09918831618329,0.0,0.0,0.0,49.09918831618329,0.0,0.0,0.0,0.0,19.612297054419606,19.612297054419606,0.0
2022-11-16 10:00:00,0.0,0.0,0.0,8.171766461472032,32.715201402058184,49.09918831618329,0.0,0.0,0.0,49.09918831618329,0.0,0.0,0.0,0.0,17.203329540259155,17.203329540259155,0.0
2022-11-16 11:00:00,0.0,0.0,0.0,8.171766461472032,21.60755058426784,49.09918831618329,0.0,0.0,0.0,49.09918831618329,0.0,0.0,0.0,0.0,15.226469029169213,15.226469029169213,0.0
2022-11-16 12:00:00,0.0,0.0,0.0,8.171766461472032,10.904946680752229,49.09918831618329,0.0,0.0,0.0,49.09918831618329,0.0,0.0,0.0,0.0,13.371636571047008,13.371636571047008,0.0
2022-11-16 13:00:00,0.0,0.0,0.0,8.171766461472032,3.84000369208616,49.09918831618329,0.0,0.0,0.0,49.09918831618329,0.0,0.0,0.0,0.0,12.269473851806081,12.269473851806081,0.0
2022-11-16 14:00:00,0.0,0.0,0.0,8.171766461472032,8.45393047682413,49.09918831618329,0.0,0.0,0.0,49.09918831618329,0.0,0.0,0.0,0.0,13.576966398648977,13.576966398648977,0.0
2022-11-16 15:00:00,0.0,0.0,0.0,8.171766461472032,15.291207990757625,49.09918831618329,0.0,0.0,0.0,49.09918831618329,0.0,0.0,0.0,0.0,15.252859692603016,15.252859692603016,0.0
2022-11-16 16:00:00,0.0,0.0,0.0,8.171766461472032,23.46492029734901,56.75586110818331,0.0,0.0,0.0,56.75586110818331,0.0,0.0,0.0,0.0,18.740747653764473,18.740747653764473,0.0
2022-11-16 17:00:00,0.0,0.0,0.0,8.171766461472032,33.83747062060487,60.58419750418331,0.0,0.0,0.0,60.58419750418331,0.0,0.0,0.0,0.0,21.61412199844804,21.61412199844804,0.0
2022-11-16 18:00:00,0.0,0.0,0.0,8.171766461472032,41.97698614370326,48.73939881475194,0.0,0.0,0.0,48.73939881475194,0.0,0.0,0.0,0.0,20.083024445928324,20.083024445928324,0.0
2022-11-16 19:00:00,0.0,0.0,0.0,8.171766461472034,51.72455328158241,48.73939881475194,0.0,0.0,0.0,48.73939881475194,0.0,0.0,0.0,0.0,21.970649110502638,21.970649110502638,0.0
2022-11-16 20:00:00,0.0,0.0,0.0,8.171766461472034,56.66482711831962,44.191907497561786,0.0,0.0,0.0,44.191907497561786,0.0,0.0,0.0,0.0,21.819252312346368,21.819252312346368,0.0
2022-11-16 21:00:00,0.0,0.0,0.0,0.0,0.0,22.37766708451935,0.0,0.0,0.0,22.37766708451935,0.0,0.0,0.0,0.0,5.864962766181676,5.864962766181676,0.0
2022-11-16 22:00:00,0.0,0.0,0.0,0.0,0.0,15.107011293199369,0.0,0.0,0.0,15.107011293199369,0.0,0.0,0.0,0.0,3.963173342657922,3.963173342657922,0.0
2022-11-16 23:00:00,0.0,0.0,0.0,0.0,0.0,15.107011293199369,0.0,0.0,0.0,15.107011293199369,0.0,0.0,0.0,0.0,3.669795183343991,3.669795183343991,0.0
2022-11-17 00:00:00,0.0,0.0,0.0,0.0,0.0,14.657592477664597,0.0,0.0,0.0,14.657592477664597,0.0,0.0,0.0,0.0,3.5603292128247306,3.5603292128247306,0.0
2022-11-17 01:00:00,0.0,0.0,0.0,0.0,0.0,14.657592477664597,0.0,0.0,0.0,14.657592477664597,0.0,0.0,0.0,0.0,3.5746936534528415,3.5746936534528415,0.0
2022-11-17 02:00:00,0.0,0.0,0.0,0.0,0.0,14.657592477664597,0.0,0.0,0.0,14.657592477664597,0.0,0.0,0.0,0.0,3.5831950570898874,3.5831950570898874,0.0
2022-11-17 03:00:00,0.0,0.0,0.0,0.0,0.0,14.657592477664597,0.0,0.0,0.0,14.657592477664597,0.0,0.0,0.0,0.0,3.5845142404128776,3.5845142404128776,0.0
2022-11-17 04:00:00,0.0,0.0,0.0,0.0,0.0,14.657592477664597,0.0,0.0,0.0,14.657592477664597,0.0,0.0,0.0,0.0,3.6229171327043583,3.6229171327043583,0.0
2022-11-17 05:00:00,0.0,0.0,0.0,0.0,0.0,14.657592477664597,0.0,0.0,0.0,14.657592477664597,0.0,0.0,0.0,0.0,3.6613200249958395,3.6613200249958395,0.0
2022-11-17 06:00:00,0.0,0.0,0.0,8.171766461472032,172.28755020860063,19.001022543136635,0.0,0.0,0.0,19.001022543136635,0.0,0.0,0.0,0.0,35.719587647224614,35.719587647224614,0.0
2022-11-17 07:00:00,0.0,0.0,0.0,8.171766461472032,136.54472396559203,14.516933040801234,0.0,0.0,0.0,14.516933040801234,0.0,0.0,0.0,0.0,28.11777492016265,28.11777492016265,0.0
2022-11-17 08:00:00,0.0,0.0,0.0,8.171766461472032,111.88644415352515,23.611915675181518,0.0,0.0,0.0,23.611915675181518,0.0,0.0,0.0,0.0,25.837561234776352,25.837561234776352,0.0
2022-11-17 09:00:00,0.0,0.0,0.0,8.171766461472032,82.58864394709363,37.25438962675194,0.0,0.0,0.0,37.25438962675194,0.0,0.0,0.0,0.0,24.051091323565906,24.051091323565906,0.0
2022-11-17 10:00:00,0.0,0.0,0.0,8.171766461472032,55.897772658502525,49.09918831618329,0.0,0.0,0.0,49.09918831618329,0.0,0.0,0.0,0.0,22.073587585578014,22.073587585578014,0.0
2022-11-17 11:00:00,0.0,0.0,0.0,8.171766461472032,42.38579727472597,49.09918831618329,0.0,0.0,0.0,49.09918831618329,0.0,0.0,0.0,0.0,19.922089171256218,19.922089171256218,0.0
2022-11-17 12:00:00,0.0,0.0,0.0,8.171766461472032,42.26631324572117,49.09918831618329,0.0,0.0,0.0,49.09918831618329,0.0,0.0,0.0,0.0,20.025778952559932,20.025778952559932,0.0
2022-11-17 13:00:00,0.0,0.0,0.0,8.171766461472032,45.378844397203174,49.09918831618329,0.0,0.0,0.0,49.09918831618329,0.0,0.0,0.0,0.0,20.754601691257577,20.754601691257577,0.0
2022-11-17 14:00:00,0.0,0.0,0.0,8.171766461472032,44.98100021720324,49.09918831618329,0.0,0.0,0.0,49.09918831618329,0.0,0.0,0.0,0.0,21.105222701414142,21.105222701414142,0.0
2022-11-17 15:00:00,0.0,0.0,0.0,8.171766461472032,45.88174106085902,49.09918831618329,0.0,0.0,0.0,49.09918831618329,0.0,0.0,0.0,0.0,21.472636070487166,21.472636070487166,0.0
2022-11-17 16:00:00,0.0,0.0,0.0,8.171766461472032,46.941243955600854,56.75586110818331,0.0,0.0,0.0,56.75586110818331,0.0,0.0,0.0,0.0,23.817872249753435,23.817872249753435,0.0
2022-11-17 17:00:00,0.0,0.0,0.0,8.171766461472032,51.188633227158995,60.58419750418331,0.0,0.0,0.0,60.58419750418331,0.0,0.0,0.0,0.0,25.569421200908742,25.569421200908742,0.0
2022-11-17 18:00:00,0.0,0.0,0.0,8.171766461472032,68.4635714126112,44.191907497561786,0.0,0.0,0.0,44.191907497561786,0.0,0.0,0.0,0.0,24.267547790538927,24.267547790538927,0.0
2022-11-17 19:00:00,0.0,0.0,0.0,8.171766461472032,82.12215053156768,35.096924863181506,0.0,0.0,0.0,35.096924863181506,0.0,0.0,0.0,0.0,24.285460894770054,24.285460894770054,0.0
2022-11-17 20:00:00,0.0,0.0,0.0,8.171766461472032,89.1800156318018,35.096924863181506,0.0,0.0,0.0,35.096924863181506,0.0,0.0,0.0,0.0,25.718731190958266,25.718731190958266,0.0
2022-11-17 21:00:00,0.0,0.0,0.0,8.171766461472032,97.52295322106608,26.001942228801234,0.0,0.0,0.0,26.001942228801234,0.0,0.0,0.0,0.0,24.35569579244996,24.35569579244996,0.0
2022-11-17 22:00:00,0.0,0.0,0.0,0.0,0.0,14.657592477664597,0.0,0.0,0.0,14.657592477664597,0.0,0.0,0.0,0.0,3.678909135969037,3.678909135969037,0.0
2022-11-17 23:00:00,0.0,0.0,0.0,0.0,0.0,14.657592477664597,0.0,0.0,0.0,14.657592477664597,0.0,0.0,0.0,0.0,3.6328842955891703,3.6328842955891703,0.0
2022-11-18 00:00:00,0.0,0.0,0.0,0.0,0.0,14.657592477664597,0.0,0.0,0.0,14.657592477664597,0.0,0.0,0.0,0.0,3.6279007141467643,3.6279007141467643,0.0
2022-11-18 01:00:00,0.0,0.0,0.0,0.0,0.0,14.657592477664597,0.0,0.0,0.0,14.657592477664597,0.0,0.0,0.0,0.0,3.624822619726455,3.624822619726455,0.0
2022-11-18 02:00:00,0.0,0.0,0.0,0.0,0.0,14.657592477664597,0.0,0.0,0.0,14.657592477664597,0.0,0.0,0.0,0.0,3.6510597102614746,3.6510597102614746,0.0
2022-11-18 03:00:00,0.0,0.0,0.0,0.0,0.0,14.657592477664597,0.0,0.0,0.0,14.657592477664597,0.0,0.0,0.0,0.0,3.673925554526631,3.673925554526631,0.0
2022-11-18 04:00:00,0.0,0.0,0.0,0.0,0.0,14.657592477664597,0.0,0.0,0.0,14.657592477664597,0.0,0.0,0.0,0.0,3.7312367411142997,3.7312367411142997,0.0
2022-11-18 05:00:00,0.0,0.0,0.0,0.0,0.0,14.657592477664597,0.0,0.0,0.0,14.657592477664597,0.0,0.0,0.0,0.0,3.8977469916605694,3.8977469916605694,0.0
2022-11-18 06:00:00,0.0,0.0,0.0,0.0,0.0,10.829256081664601,0.0,0.0,0.0,10.829256081664601,0.0,0.0,0.0,0.0,3.00598490314846,3.00598490314846,0.0
2022-11-18 07:00:00,0.0,0.0,0.0,0.0,0.0,3.1725832896646002,0.0,0.0,0.0,3.1725832896646002,0.0,0.0,0.0,0.0,0.9025047684108888,0.9025047684108888,0.0
2022-11-18 08:00:00,0.0,0.0,0.0,8.171766461472032,174.62257496683654,14.516933040801234,0.0,0.0,0.0,14.516933040801234,0.0,0.0,0.0,0.0,35.51547970266496,35.51547970266496,0.0
2022-11-18 09:00:00,0.0,0.0,0.0,8.171766461472032,134.65347195845692,14.516933040801234,0.0,0.0,0.0,14.516933040801234,0.0,0.0,0.0,0.0,28.36301246127668,28.36301246127668,0.0
2022-11-18 10:00:00,0.0,0.0,0.0,8.171766461472032,104.44003104062051,28.15940699237166,0.0,0.0,0.0,28.15940699237166,0.0,0.0,0.0,0.0,26.963940609256266,26.963940609256266,0.0
2022-11-18 11:00:00,0.0,0.0,0.0,8.171766461472032,87.88193596269863,28.15940699237166,0.0,0.0,0.0,28.15940699237166,0.0,0.0,0.0,0.0,24.11527954043919,24.11527954043919,0.0
2022-11-18 12:00:00,0.0,0.0,0.0,8.171766461472032,66.29725997216231,37.25438962675194,0.0,0.0,0.0,37.25438962675194,0.0,0.0,0.0,0.0,23.033441606965113,23.033441606965113,0.0
2022-11-18 13:00:00,0.0,0.0,0.0,8.171766461472032,59.162197850869084,37.25438962675194,0.0,0.0,0.0,37.25438962675194,0.0,0.0,0.0,0.0,21.59751789539861,21.59751789539861,0.0
2022-11-18 14:00:00,0.0,0.0,0.0,8.171766461472032,56.045477407874166,37.25438962675194,0.0,0.0,0.0,37.25438962675194,0.0,0.0,0.0,0.0,20.920489937214523,20.920489937214523,0.0
2022-11-18 15:00:00,0.0,0.0,0.0,8.171766461472032,56.76977175096695,37.25438962675194,0.0,0.0,0.0,37.25438962675194,0.0,0.0,0.0,0.0,21.209230589543914,21.209230589543914,0.0
2022-11-18 16:00:00,0.0,0.0,0.0,8.171766461472032,71.33647219389026,44.91106241875194,0.0,0.0,0.0,44.91106241875194,0.0,0.0,0.0,0.0,25.7471095929885,25.7471095929885,0.0
2022-11-18 17:00:00,0.0,0.0,0.0,8.171766461472032,108.55932856885751,39.64441618037165,0.0,0.0,0.0,39.64441618037165,0.0,0.0,0.0,0.0,30.77741516887183,30.77741516887183,0.0
2022-11-18 18:00:00,0.0,0.0,0.0,8.171766461472032,122.27813656524282,30.549433545991374,0.0,0.0,0.0,30.549433545991374,0.0,0.0,0.0,0.0,30.75153415403973,30.75153415403973,0.0
2022-11-18 19:00:00,0.0,0.0,0.0,0.0,0.0,14.657592477664597,0.0,0.0,0.0,14.657592477664597,0.0,0.0,0.0,0.0,4.24381275005823,4.24381275005823,0.0
2022-11-18 20:00:00,0.0,0.0,0.0,0.0,0.0,14.657592477664597,0.0,0.0,0.0,14.657592477664597,0.0,0.0,0.0,0.0,4.2433730222839,4.2433730222839,0.0
2022-11-18 21:00:00,0.0,0.0,0.0,0.0,0.0,14.657592477664597,0.0,0.0,0.0,14.657592477664597,0.0,0.0,0.0,0.0,4.081553201330483,4.081553201330483,0.0
2022-11-18 22:00:00,0.0,0.0,0.0,0.0,0.0,14.657592477664597,0.0,0.0,0.0,14.657592477664597,0.0,0.0,0.0,0.0,3.9873048816991004,3.9873048816991004,0.0
2022-11-18 23:00:00,0.0,0.0,0.0,0.0,0.0,14.657592477664597,0.0,0.0,0.0,14.657592477664597,0.0,0.0,0.0,0.0,3.7351942910832694,3.7351942910832694,0.0
2022-11-19 00:00:00,0.0,0.0,0.0,0.0,0.0,15.107011293199369,0.0,0.0,0.0,15.107011293199369,0.0,0.0,0.0,0.0,3.838389429376096,3.838389429376096,0.0
2022-11-19 01:00:00,0.0,0.0,0.0,0.0,0.0,15.107011293199369,0.0,0.0,0.0,15.107011293199369,0.0,0.0,0.0,0.0,3.8985153343230294,3.8985153343230294,0.0
2022-11-19 02:00:00,0.0,0.0,0.0,0.0,0.0,15.107011293199369,0.0,0.0,0.0,15.107011293199369,0.0,0.0,0.0,0.0,3.9723886195467735,3.9723886195467735,0.0
2022-11-19 03:00:00,0.0,0.0,0.0,0.0,0.0,15.107011293199369,0.0,0.0,0.0,15.107011293199369,0.0,0.0,0.0,0.0,3.9251036741990597,3.9251036741990597,0.0
2022-11-19 04:00:00,0.0,0.0,0.0,0.021857369688502642,0.6602483285033445,15.12886866288787,0.0,0.0,0.0,15.12886866288787,0.0,0.0,0.0,0.0,4.140131275561989,4.140131275561989,0.0
2022-11-19 05:00:00,0.0,0.0,0.0,0.022289938907791806,0.6731807798776276,15.129301232107158,0.0,0.0,0.0,15.129301232107158,0.0,0.0,0.0,0.0,4.2834285401568675,4.2834285401568675,0.0
2022-11-19 06:00:00,0.0,0.0,0.0,8.171766461472032,197.19519789769967,21.3646095566714,0.0,0.0,0.0,21.3646095566714,0.0,0.0,0.0,0.0,41.41901461454024,41.41901461454024,0.0
2022-11-19 07:00:00,0.0,0.0,0.0,8.171766461472032,145.15386371482518,19.064424357991378,0.0,0.0,0.0,19.064424357991378,0.0,0.0,0.0,0.0,31.542255953041895,31.542255953041895,0.0
2022-11-19 08:00:00,0.0,0.0,0.0,8.171766461472032,115.29154450125799,32.706898309561794,0.0,0.0,0.0,32.706898309561794,0.0,0.0,0.0,0.0,30.22333963332335,30.22333963332335,0.0
2022-11-19 09:00:00,0.0,0.0,0.0,8.171766461472032,84.81865915296183,49.09918831618329,0.0,0.0,0.0,49.09918831618329,0.0,0.0,0.0,0.0,29.383723411088,29.383723411088,0.0
2022-11-19 10:00:00,0.0,0.0,0.0,8.171766461472032,70.60817542506598,49.09918831618329,0.0,0.0,0.0,49.09918831618329,0.0,0.0,0.0,0.0,27.31611181425418,27.31611181425418,0.0
2022-11-19 11:00:00,0.0,0.0,0.0,8.171766461472032,55.199331904453544,49.09918831618329,0.0,0.0,0.0,49.09918831618329,0.0,0.0,0.0,0.0,24.548126051801106,24.548126051801106,0.0
2022-11-19 12:00:00,0.0,0.0,0.0,8.171766461472032,47.25922598208743,49.09918831618329,0.0,0.0,0.0,49.09918831618329,0.0,0.0,0.0,0.0,23.09788503326176,23.09788503326176,0.0
2022-11-19 13:00:00,0.0,0.0,0.0,8.171766461472032,44.656252080139225,49.09918831618329,0.0,0.0,0.0,49.09918831618329,0.0,0.0,0.0,0.0,22.85752972995322,22.85752972995322,0.0
2022-11-19 14:00:00,0.0,0.0,0.0,8.171766461472032,44.29157455483534,49.09918831618329,0.0,0.0,0.0,49.09918831618329,0.0,0.0,0.0,0.0,22.423625478132102,22.423625478132102,0.0
2022-11-19 15:00:00,0.0,0.0,0.0,8.171766461472032,40.75022872235333,49.09918831618329,0.0,0.0,0.0,49.09918831618329,0.0,0.0,0.0,0.0,21.667675650623913,21.667675650623913,0.0
2022-11-19 16:00:00,0.0,0.0,0.0,8.171766461472032,44.725035351865905,56.75586110818331,0.0,0.0,0.0,56.75586110818331,0.0,0.0,0.0,0.0,24.89052245141881,24.89052245141881,0.0
2022-11-19 17:00:00,0.0,0.0,0.0,8.171766461472032,54.97324600700941,60.58419750418331,0.0,0.0,0.0,60.58419750418331,0.0,0.0,0.0,0.0,27.56915443688036,27.56915443688036,0.0
2022-11-19 18:00:00,0.0,0.0,0.0,8.171766461472032,61.83716513501316,48.73939881475194,0.0,0.0,0.0,48.73939881475194,0.0,0.0,0.0,0.0,25.642551429491014,25.642551429491014,0.0
2022-11-19 19:00:00,0.0,0.0,0.0,8.171766461472034,70.67321759522333,48.73939881475194,0.0,0.0,0.0,48.73939881475194,0.0,0.0,0.0,0.0,26.951772608952872,26.951772608952872,0.0
2022-11-19 20:00:00,0.0,0.0,0.0,8.171766461472032,73.49036820519154,44.191907497561786,0.0,0.0,0.0,44.191907497561786,0.0,0.0,0.0,0.0,25.927422414778114,25.927422414778114,0.0
2022-11-19 21:00:00,0.0,0.0,0.0,0.0,0.0,22.37766708451935,0.0,0.0,0.0,22.37766708451935,0.0,0.0,0.0,0.0,6.228152302963426,6.228152302963426,0.0
2022-11-19 22:00:00,0.0,0.0,0.0,0.0,0.0,15.107011293199369,0.0,0.0,0.0,15.107011293199369,0.0,0.0,0.0,0.0,4.0051708340530165,4.0051708340530165,0.0
2022-11-19 23:00:00,0.0,0.0,0.0,0.0,0.0,15.107011293199369,0.0,0.0,0.0,15.107011293199369,0.0,0.0,0.0,0.0,3.7699546682179026,3.7699546682179026,0.0
2022-11-20 00:00:00,0.0,0.0,0.0,0.0,0.0,15.107011293199369,0.0,0.0,0.0,15.107011293199369,0.0,0.0,0.0,0.0,3.7417045570996197,3.7417045570996197,0.0
2022-11-20 01:00:00,0.0,0.0,0.0,0.0,0.0,15.107011293199369,0.0,0.0,0.0,15.107011293199369,0.0,0.0,0.0,0.0,3.7469920110522392,3.7469920110522392,0.0
2022-11-20 02:00:00,0.0,0.0,0.0,0.0,0.0,15.107011293199369,0.0,0.0,0.0,15.107011293199369,0.0,0.0,0.0,0.0,3.798355849449117,3.798355849449117,0.0
2022-11-20 03:00:00,0.0,0.0,0.0,0.0,0.0,15.107011293199369,0.0,0.0,0.0,15.107011293199369,0.0,0.0,0.0,0.0,3.8167864032268204,3.8167864032268204,0.0
2022-11-20 04:00:00,0.0,0.0,0.0,0.0,0.0,15.107011293199369,0.0,0.0,0.0,15.107011293199369,0.0,0.0,0.0,0.0,3.82887201226138,3.82887201226138,0.0
2022-11-20 05:00:00,0.0,0.0,0.0,0.0,0.0,15.107011293199369,0.0,0.0,0.0,15.107011293199369,0.0,0.0,0.0,0.0,3.9099966629058605,3.9099966629058605,0.0
2022-11-20 06:00:00,0.0,0.0,0.0,8.171766461472032,125.46148099054284,21.3646095566714,0.0,0.0,0.0,21.3646095566714,0.0,0.0,0.0,0.0,28.21960716441755,28.21960716441755,0.0
2022-11-20 07:00:00,0.0,0.0,0.0,8.171766461472032,88.16683230781852,19.064424357991378,0.0,0.0,0.0,19.064424357991378,0.0,0.0,0.0,0.0,21.024919552869413,21.024919552869413,0.0
2022-11-20 08:00:00,0.0,0.0,0.0,8.171766461472032,64.36452565440779,32.706898309561794,0.0,0.0,0.0,32.706898309561794,0.0,0.0,0.0,0.0,20.793234820729847,20.793234820729847,0.0
2022-11-20 09:00:00,0.0,0.0,0.0,8.171766461472032,39.74145928486862,49.09918831618329,0.0,0.0,0.0,49.09918831618329,0.0,0.0,0.0,0.0,20.791292780983284,20.791292780983284,0.0
2022-11-20 10:00:00,0.0,0.0,0.0,8.171766461472032,31.20766476276766,49.09918831618329,0.0,0.0,0.0,49.09918831618329,0.0,0.0,0.0,0.0,19.056909814384337,19.056909814384337,0.0
2022-11-20 11:00:00,0.0,0.0,0.0,8.171766461472032,19.753626586948478,49.09918831618329,0.0,0.0,0.0,49.09918831618329,0.0,0.0,0.0,0.0,16.98183970856596,16.98183970856596,0.0
2022-11-20 12:00:00,0.0,0.0,0.0,8.171766461472032,15.017805437722858,49.09918831618329,0.0,0.0,0.0,49.09918831618329,0.0,0.0,0.0,0.0,16.037337667317537,16.037337667317537,0.0
2022-11-20 13:00:00,0.0,0.0,0.0,8.171766461472032,6.493022429595474,49.09918831618329,0.0,0.0,0.0,49.09918831618329,0.0,0.0,0.0,0.0,14.60506426003639,14.60506426003639,0.0
2022-11-20 14:00:00,0.0,0.0,0.0,8.171766461472032,1.6393837865727987,49.09918831618329,0.0,0.0,0.0,49.09918831618329,0.0,0.0,0.0,0.0,13.91381359292717,13.91381359292717,0.0
2022-11-20 15:00:00,0.0,0.0,0.0,8.171766461472032,0.014357029022237252,49.09918831618329,0.0,0.0,0.0,49.09918831618329,0.0,0.0,0.0,0.0,13.718934237029892,13.718934237029892,0.0
2022-11-20 16:00:00,0.0,0.0,0.0,8.171766461472032,0.0,56.75586110818331,0.0,0.0,0.0,56.75586110818331,0.0,0.0,0.0,0.0,15.953504998899245,15.953504998899245,0.0
2022-11-20 17:00:00,0.0,0.0,0.0,8.171766461472032,7.785751926056061,60.58419750418331,0.0,0.0,0.0,60.58419750418331,0.0,0.0,0.0,0.0,18.455673613943027,18.455673613943027,0.0
2022-11-20 18:00:00,0.0,0.0,0.0,8.171766461472032,25.01725012424315,48.73939881475194,0.0,0.0,0.0,48.73939881475194,0.0,0.0,0.0,0.0,18.08754930059556,18.08754930059556,0.0
2022-11-20 19:00:00,0.0,0.0,0.0,8.171766461472032,38.22101479109861,48.73939881475194,0.0,0.0,0.0,48.73939881475194,0.0,0.0,0.0,0.0,20.576018426050105,20.576018426050105,0.0
2022-11-20 20:00:00,0.0,0.0,0.0,8.171766461472032,48.33524955657944,44.191907497561786,0.0,0.0,0.0,44.191907497561786,0.0,0.0,0.0,0.0,20.9430562377347,20.9430562377347,0.0
2022-11-20 21:00:00,0.0,0.0,0.0,0.0,0.0,22.37766708451935,0.0,0.0,0.0,22.37766708451935,0.0,0.0,0.0,0.0,6.099033163885749,6.099033163885749,0.0
2022-11-20 22:00:00,0.0,0.0,0.0,0.0,0.0,15.107011293199369,0.0,0.0,0.0,15.107011293199369,0.0,0.0,0.0,0.0,3.92963577758702,3.92963577758702,0.0
2022-11-20 23:00:00,0.0,0.0,0.0,0.0,0.0,15.107011293199369,0.0,0.0,0.0,15.107011293199369,0.0,0.0,0.0,0.0,3.586857691344326,3.586857691344326,0.0
2022-11-21 00:00:00,0.0,0.0,0.0,0.0,0.0,15.107011293199369,0.0,0.0,0.0,15.107011293199369,0.0,0.0,0.0,0.0,3.6285530425135564,3.6285530425135564,0.0
2022-11-21 01:00:00,0.0,0.0,0.0,0.0,0.0,15.107011293199369,0.0,0.0,0.0,15.107011293199369,0.0,0.0,0.0,0.0,3.611935330091037,3.611935330091037,0.0
2022-11-21 02:00:00,0.0,0.0,0.0,0.0,0.0,15.107011293199369,0.0,0.0,0.0,15.107011293199369,0.0,0.0,0.0,0.0,3.6138992415591527,3.6138992415591527,0.0
2022-11-21 03:00:00,0.0,0.0,0.0,0.0,0.0,15.107011293199369,0.0,0.0,0.0,15.107011293199369,0.0,0.0,0.0,0.0,3.6270423413842363,3.6270423413842363,0.0
2022-11-21 04:00:00,0.0,0.0,0.0,0.0,0.0,15.107011293199369,0.0,0.0,0.0,15.107011293199369,0.0,0.0,0.0,0.0,3.6945706818648376,3.6945706818648376,0.0
2022-11-21 05:00:00,0.0,0.0,0.0,0.028127285047168035,0.8480302448223505,15.135138578246535,0.0,0.0,0.0,15.135138578246535,0.0,0.0,0.0,0.0,3.961899874136205,3.961899874136205,0.0
2022-11-21 06:00:00,0.0,0.0,0.0,8.171766461472032,225.57602258927787,21.3646095566714,0.0,0.0,0.0,21.3646095566714,0.0,0.0,0.0,0.0,46.15383130939599,46.15383130939599,0.0
2022-11-21 07:00:00,0.0,0.0,0.0,8.171766461472032,178.04741972399466,19.064424357991378,0.0,0.0,0.0,19.064424357991378,0.0,0.0,0.0,0.0,37.213294576957225,37.213294576957225,0.0
2022-11-21 08:00:00,0.0,0.0,0.0,8.171766461472032,150.93408991776187,32.706898309561794,0.0,0.0,0.0,32.706898309561794,0.0,0.0,0.0,0.0,36.04454793952821,36.04454793952821,0.0
2022-11-21 09:00:00,0.0,0.0,0.0,8.171766461472032,118.82255230072246,49.09918831618329,0.0,0.0,0.0,49.09918831618329,0.0,0.0,0.0,0.0,34.56097907881038,34.56097907881038,0.0
2022-11-21 10:00:00,0.0,0.0,0.0,8.171766461472032,100.43019490898797,49.09918831618329,0.0,0.0,0.0,49.09918831618329,0.0,0.0,0.0,0.0,30.696570653419755,30.696570653419755,0.0
2022-11-21 11:00:00,0.0,0.0,0.0,8.171766461472032,81.84810712946181,49.09918831618329,0.0,0.0,0.0,49.09918831618329,0.0,0.0,0.0,0.0,27.17802891070412,27.17802891070412,0.0
2022-11-21 12:00:00,0.0,0.0,0.0,8.171766461472032,72.26882476716428,49.09918831618329,0.0,0.0,0.0,49.09918831618329,0.0,0.0,0.0,0.0,25.253441457991947,25.253441457991947,0.0
2022-11-21 13:00:00,0.0,0.0,0.0,8.171766461472032,66.07791843375253,49.09918831618329,0.0,0.0,0.0,49.09918831618329,0.0,0.0,0.0,0.0,24.357257596915105,24.357257596915105,0.0
2022-11-21 14:00:00,0.0,0.0,0.0,8.171766461472032,66.86497377920708,49.09918831618329,0.0,0.0,0.0,49.09918831618329,0.0,0.0,0.0,0.0,25.13823866967308,25.13823866967308,0.0
2022-11-21 15:00:00,0.0,0.0,0.0,8.171766461472032,70.94387165634886,49.09918831618329,0.0,0.0,0.0,49.09918831618329,0.0,0.0,0.0,0.0,26.25414661480588,26.25414661480588,0.0
2022-11-21 16:00:00,0.0,0.0,0.0,8.171766461472032,83.41811485509132,56.75586110818331,0.0,0.0,0.0,56.75586110818331,0.0,0.0,0.0,0.0,30.335035244474547,30.335035244474547,0.0
2022-11-21 17:00:00,0.0,0.0,0.0,8.171766461472034,97.71777125593259,60.58419750418331,0.0,0.0,0.0,60.58419750418331,0.0,0.0,0.0,0.0,34.19056024541456,34.19056024541456,0.0
2022-11-21 18:00:00,0.0,0.0,0.0,8.171766461472032,108.85683403523844,48.73939881475194,0.0,0.0,0.0,48.73939881475194,0.0,0.0,0.0,0.0,33.076649213663245,33.076649213663245,0.0
2022-11-21 19:00:00,0.0,0.0,0.0,8.171766461472032,121.18466974061953,48.73939881475194,0.0,0.0,0.0,48.73939881475194,0.0,0.0,0.0,0.0,35.186130096249194,35.186130096249194,0.0
2022-11-21 20:00:00,0.0,0.0,0.0,8.171766461472032,127.54595002841836,44.191907497561786,0.0,0.0,0.0,44.191907497561786,0.0,0.0,0.0,0.0,34.94910451569308,34.94910451569308,0.0
2022-11-21 21:00:00,0.0,0.0,0.0,0.0,0.0,22.37766708451935,0.0,0.0,0.0,22.37766708451935,0.0,0.0,0.0,0.0,6.065690439929815,6.065690439929815,0.0
2022-11-21 22:00:00,0.0,0.0,0.0,0.0,0.0,15.107011293199369,0.0,0.0,0.0,15.107011293199369,0.0,0.0,0.0,0.0,3.9328082499585917,3.9328082499585917,0.0
2022-11-21 23:00:00,0.0,0.0,0.0,0.0,0.0,15.107011293199369,0.0,0.0,0.0,15.107011293199369,0.0,0.0,0.0,0.0,3.7951833770775454,3.7951833770775454,0.0
2022-11-22 00:00:00,0.0,0.0,0.0,0.011552587710430086,0.35109473397306484,14.669145065375028,0.0,0.0,0.0,14.669145065375028,0.0,0.0,0.0,0.0,3.6844399030842605,3.6844399030842605,0.0
2022-11-22 01:00:00,0.0,0.0,0.0,0.040491896753809126,1.2186649247751655,14.698084374418409,0.0,0.0,0.0,14.698084374418409,0.0,0.0,0.0,0.0,3.8820367696356777,3.8820367696356777,0.0
2022-11-22 02:00:00,0.0,0.0,0.0,0.047878205602118924,1.437957916562396,14.705470683266718,0.0,0.0,0.0,14.705470683266718,0.0,0.0,0.0,0.0,3.9226258843874415,3.9226258843874415,0.0
2022-11-22 03:00:00,0.0,0.0,0.0,0.11792250288092042,3.57460792666672,14.775514980545521,0.0,0.0,0.0,14.775514980545521,0.0,0.0,0.0,0.0,4.3679259434948134,4.3679259434948134,0.0
2022-11-22 04:00:00,0.0,0.0,0.0,0.1381209109896625,4.205710999773958,14.795713388654264,0.0,0.0,0.0,14.795713388654264,0.0,0.0,0.0,0.0,4.457647925663749,4.457647925663749,0.0
2022-11-22 05:00:00,0.0,0.0,0.0,0.1911450546840698,5.801530303389632,14.848737532348668,0.0,0.0,0.0,14.848737532348668,0.0,0.0,0.0,0.0,4.852823648553014,4.852823648553014,0.0
2022-11-22 06:00:00,0.0,0.0,0.0,0.17310991491064104,5.263976175117808,12.91653419457524,0.0,0.0,0.0,12.91653419457524,0.0,0.0,0.0,0.0,4.253768017328001,4.253768017328001,0.0
2022-11-22 07:00:00,0.0,0.0,0.0,0.20702320576321692,6.286498513263288,3.3796064954278178,0.0,0.0,0.0,3.3796064954278178,0.0,0.0,0.0,0.0,1.9927062311027939,1.9927062311027939,0.0
2022-11-22 08:00:00,0.0,0.0,0.0,8.171766461472032,233.34366369833762,14.516933040801234,0.0,0.0,0.0,14.516933040801234,0.0,0.0,0.0,0.0,45.72676441339537,45.72676441339537,0.0
2022-11-22 09:00:00,0.0,0.0,0.0,8.171766461472032,173.47617419886907,14.516933040801234,0.0,0.0,0.0,14.516933040801234,0.0,0.0,0.0,0.0,34.946001274299135,34.946001274299135,0.0
2022-11-22 10:00:00,0.0,0.0,0.0,8.171766461472032,144.79460971899744,28.15940699237166,0.0,0.0,0.0,28.15940699237166,0.0,0.0,0.0,0.0,33.249007066228515,33.249007066228515,0.0
2022-11-22 11:00:00,0.0,0.0,0.0,8.171766461472032,129.3988715023162,28.15940699237166,0.0,0.0,0.0,28.15940699237166,0.0,0.0,0.0,0.0,30.549086106594732,30.549086106594732,0.0
2022-11-22 12:00:00,0.0,0.0,0.0,8.171766461472032,106.40953782994268,37.25438962675194,0.0,0.0,0.0,37.25438962675194,0.0,0.0,0.0,0.0,28.92382941723624,28.92382941723624,0.0
2022-11-22 13:00:00,0.0,0.0,0.0,8.171766461472032,94.89145130591179,37.25438962675194,0.0,0.0,0.0,37.25438962675194,0.0,0.0,0.0,0.0,27.004971429608393,27.004971429608393,0.0
2022-11-22 14:00:00,0.0,0.0,0.0,8.171766461472032,88.4131270599017,37.25438962675194,0.0,0.0,0.0,37.25438962675194,0.0,0.0,0.0,0.0,25.998367797835627,25.998367797835627,0.0
2022-11-22 15:00:00,0.0,0.0,0.0,8.171766461472032,88.4504190775724,37.25438962675194,0.0,0.0,0.0,37.25438962675194,0.0,0.0,0.0,0.0,26.093375144475857,26.093375144475857,0.0
2022-11-22 16:00:00,0.0,0.0,0.0,8.171766461472032,89.0670507759059,44.91106241875194,0.0,0.0,0.0,44.91106241875194,0.0,0.0,0.0,0.0,28.083951870118632,28.083951870118632,0.0
2022-11-22 17:00:00,0.0,0.0,0.0,8.171766461472032,112.06743274024966,39.64441618037165,0.0,0.0,0.0,39.64441618037165,0.0,0.0,0.0,0.0,30.640741992117285,30.640741992117285,0.0
2022-11-22 18:00:00,0.0,0.0,0.0,8.171766461472032,125.01598359440759,30.549433545991374,0.0,0.0,0.0,30.549433545991374,0.0,0.0,0.0,0.0,30.441034543167405,30.441034543167405,0.0
2022-11-22 19:00:00,0.0,0.0,0.0,0.0,0.0,14.657592477664597,0.0,0.0,0.0,14.657592477664597,0.0,0.0,0.0,0.0,3.7967561794894604,3.7967561794894604,0.0
2022-11-22 20:00:00,0.0,0.0,0.0,0.0,0.0,14.657592477664597,0.0,0.0,0.0,14.657592477664597,0.0,0.0,0.0,0.0,3.720096970831275,3.720096970831275,0.0
2022-11-22 21:00:00,0.0,0.0,0.0,0.0,0.0,14.657592477664597,0.0,0.0,0.0,14.657592477664597,0.0,0.0,0.0,0.0,3.624236316027348,3.624236316027348,0.0
2022-11-22 22:00:00,0.0,0.0,0.0,0.0,0.0,14.657592477664597,0.0,0.0,0.0,14.657592477664597,0.0,0.0,0.0,0.0,3.7508779150343705,3.7508779150343705,0.0
2022-11-22 23:00:00,0.0,0.0,0.0,0.0,0.0,14.657592477664597,0.0,0.0,0.0,14.657592477664597,0.0,0.0,0.0,0.0,3.562234699846827,3.562234699846827,0.0
2022-11-23 00:00:00,0.0,0.0,0.0,0.0,0.0,15.107011293199369,0.0,0.0,0.0,15.107011293199369,0.0,0.0,0.0,0.0,3.5805127466011824,3.5805127466011824,0.0
2022-11-23 01:00:00,0.0,0.0,0.0,0.0,0.0,15.107011293199369,0.0,0.0,0.0,15.107011293199369,0.0,0.0,0.0,0.0,3.547579461982008,3.547579461982008,0.0
2022-11-23 02:00:00,0.0,0.0,0.0,0.0,0.0,15.107011293199369,0.0,0.0,0.0,15.107011293199369,0.0,0.0,0.0,0.0,3.4794468410496786,3.4794468410496786,0.0
2022-11-23 03:00:00,0.0,0.0,0.0,0.0,0.0,15.107011293199369,0.0,0.0,0.0,15.107011293199369,0.0,0.0,0.0,0.0,3.5725060306157865,3.5725060306157865,0.0
2022-11-23 04:00:00,0.0,0.0,0.0,0.0,0.0,15.107011293199369,0.0,0.0,0.0,15.107011293199369,0.0,0.0,0.0,0.0,3.4502903092538038,3.4502903092538038,0.0
2022-11-23 05:00:00,0.0,0.0,0.0,0.0,0.0,15.107011293199369,0.0,0.0,0.0,15.107011293199369,0.0,0.0,0.0,0.0,3.4277808624269372,3.4277808624269372,0.0
2022-11-23 06:00:00,0.0,0.0,0.0,8.171766461472032,191.8350312259677,21.3646095566714,0.0,0.0,0.0,21.3646095566714,0.0,0.0,0.0,0.0,39.50981228925505,39.50981228925505,0.0
2022-11-23 07:00:00,0.0,0.0,0.0,8.171766461472032,146.3056414509908,19.064424357991378,0.0,0.0,0.0,19.064424357991378,0.0,0.0,0.0,0.0,30.776967080663326,30.776967080663326,0.0
2022-11-23 08:00:00,0.0,0.0,0.0,8.171766461472032,127.29681735780619,32.706898309561794,0.0,0.0,0.0,32.706898309561794,0.0,0.0,0.0,0.0,30.56213853992798,30.56213853992798,0.0
2022-11-23 09:00:00,0.0,0.0,0.0,8.171766461472032,104.06595592504544,49.09918831618329,0.0,0.0,0.0,49.09918831618329,0.0,0.0,0.0,0.0,29.882143215567332,29.882143215567332,0.0
2022-11-23 10:00:00,0.0,0.0,0.0,8.171766461472032,95.46280489611755,49.09918831618329,0.0,0.0,0.0,49.09918831618329,0.0,0.0,0.0,0.0,28.524629144539894,28.524629144539894,0.0
2022-11-23 11:00:00,0.0,0.0,0.0,8.171766461472032,81.54231541526181,49.09918831618329,0.0,0.0,0.0,49.09918831618329,0.0,0.0,0.0,0.0,25.926914758546964,25.926914758546964,0.0
2022-11-23 12:00:00,0.0,0.0,0.0,8.171766461472032,74.2963492791019,49.09918831618329,0.0,0.0,0.0,49.09918831618329,0.0,0.0,0.0,0.0,24.518676267714056,24.518676267714056,0.0
2022-11-23 13:00:00,0.0,0.0,0.0,8.171766461472032,73.11688274245176,49.09918831618329,0.0,0.0,0.0,49.09918831618329,0.0,0.0,0.0,0.0,24.77521007777384,24.77521007777384,0.0
2022-11-23 14:00:00,0.0,0.0,0.0,8.171766461472032,71.0046877251731,49.09918831618329,0.0,0.0,0.0,49.09918831618329,0.0,0.0,0.0,0.0,25.235977586075386,25.235977586075386,0.0
2022-11-23 15:00:00,0.0,0.0,0.0,8.171766461472032,70.07693371270963,49.09918831618329,0.0,0.0,0.0,49.09918831618329,0.0,0.0,0.0,0.0,25.595278390683085,25.595278390683085,0.0
2022-11-23 16:00:00,0.0,0.0,0.0,8.171766461472032,75.21127958326427,56.75586110818331,0.0,0.0,0.0,56.75586110818331,0.0,0.0,0.0,0.0,28.8817961754772,28.8817961754772,0.0
2022-11-23 17:00:00,0.0,0.0,0.0,8.171766461472032,78.61038669336935,60.58419750418331,0.0,0.0,0.0,60.58419750418331,0.0,0.0,0.0,0.0,29.95297970309723,29.95297970309723,0.0
2022-11-23 18:00:00,0.0,0.0,0.0,8.171766461472032,83.77464986372433,48.73939881475194,0.0,0.0,0.0,48.73939881475194,0.0,0.0,0.0,0.0,28.25743250602179,28.25743250602179,0.0
2022-11-23 19:00:00,0.0,0.0,0.0,8.171766461472032,94.13717680183564,48.73939881475194,0.0,0.0,0.0,48.73939881475194,0.0,0.0,0.0,0.0,30.438066288859737,30.438066288859737,0.0
2022-11-23 20:00:00,0.0,0.0,0.0,8.171766461472032,98.42697248729782,44.191907497561786,0.0,0.0,0.0,44.191907497561786,0.0,0.0,0.0,0.0,30.027937637363465,30.027937637363465,0.0
2022-11-23 21:00:00,0.0,0.0,0.0,0.0,0.0,22.37766708451935,0.0,0.0,0.0,22.37766708451935,0.0,0.0,0.0,0.0,6.061438683183756,6.061438683183756,0.0
2022-11-23 22:00:00,0.0,0.0,0.0,0.0,0.0,15.107011293199369,0.0,0.0,0.0,15.107011293199369,0.0,0.0,0.0,0.0,3.945951349783675,3.945951349783675,0.0
2022-11-23 23:00:00,0.0,0.0,0.0,0.0,0.0,15.107011293199369,0.0,0.0,0.0,15.107011293199369,0.0,0.0,0.0,0.0,3.8814444115617137,3.8814444115617137,0.0
2022-11-24 00:00:00,0.0,0.0,0.0,0.0,0.0,14.657592477664597,0.0,0.0,0.0,14.657592477664597,0.0,0.0,0.0,0.0,3.7417902076982186,3.7417902076982186,0.0
2022-11-24 01:00:00,0.0,0.0,0.0,0.0,0.0,14.657592477664597,0.0,0.0,0.0,14.657592477664597,0.0,0.0,0.0,0.0,3.6811077748406866,3.6811077748406866,0.0
2022-11-24 02:00:00,0.0,0.0,0.0,0.0,0.0,14.657592477664597,0.0,0.0,0.0,14.657592477664597,0.0,0.0,0.0,0.0,3.725227128198457,3.725227128198457,0.0
2022-11-24 03:00:00,0.0,0.0,0.0,0.0,0.0,14.657592477664597,0.0,0.0,0.0,14.657592477664597,0.0,0.0,0.0,0.0,3.737686081804472,3.737686081804472,0.0
2022-11-24 04:00:00,0.0,0.0,0.0,0.0,0.0,14.657592477664597,0.0,0.0,0.0,14.657592477664597,0.0,0.0,0.0,0.0,3.767440994534131,3.767440994534131,0.0
2022-11-24 05:00:00,0.0,0.0,0.0,0.0,0.0,14.657592477664597,0.0,0.0,0.0,14.657592477664597,0.0,0.0,0.0,0.0,3.7806328277640295,3.7806328277640295,0.0
2022-11-24 06:00:00,0.0,0.0,0.0,8.171766461472032,197.30651163511996,20.915190741136634,0.0,0.0,0.0,20.915190741136634,0.0,0.0,0.0,0.0,40.94654571968737,40.94654571968737,0.0
2022-11-24 07:00:00,0.0,0.0,0.0,8.171766461472032,155.67780602949628,14.516933040801234,0.0,0.0,0.0,14.516933040801234,0.0,0.0,0.0,0.0,31.87132426553055,31.87132426553055,0.0
2022-11-24 08:00:00,0.0,0.0,0.0,8.171766461472032,137.3641393727385,23.611915675181518,0.0,0.0,0.0,23.611915675181518,0.0,0.0,0.0,0.0,31.06919998849144,31.06919998849144,0.0
2022-11-24 09:00:00,0.0,0.0,0.0,8.171766461472032,109.84767047072691,37.25438962675194,0.0,0.0,0.0,37.25438962675194,0.0,0.0,0.0,0.0,29.792843577390517,29.792843577390517,0.0
2022-11-24 10:00:00,0.0,0.0,0.0,8.171766461472032,87.6814303605371,49.09918831618329,0.0,0.0,0.0,49.09918831618329,0.0,0.0,0.0,0.0,28.981502722901688,28.981502722901688,0.0
2022-11-24 11:00:00,0.0,0.0,0.0,8.171766461472032,74.31564761055009,49.09918831618329,0.0,0.0,0.0,49.09918831618329,0.0,0.0,0.0,0.0,26.694299031390997,26.694299031390997,0.0
2022-11-24 12:00:00,0.0,0.0,0.0,8.171766461472032,65.46267011680264,49.09918831618329,0.0,0.0,0.0,49.09918831618329,0.0,0.0,0.0,0.0,25.282474756135603,25.282474756135603,0.0
2022-11-24 13:00:00,0.0,0.0,0.0,8.171766461472032,54.126109062286105,49.09918831618329,0.0,0.0,0.0,49.09918831618329,0.0,0.0,0.0,0.0,23.429372134870103,23.429372134870103,0.0
2022-11-24 14:00:00,0.0,0.0,0.0,8.171766461472032,51.28571883521292,49.09918831618329,0.0,0.0,0.0,49.09918831618329,0.0,0.0,0.0,0.0,22.955274081354972,22.955274081354972,0.0
2022-11-24 15:00:00,0.0,0.0,0.0,8.171766461472032,59.777167753061384,49.09918831618329,0.0,0.0,0.0,49.09918831618329,0.0,0.0,0.0,0.0,24.36043302090126,24.36043302090126,0.0
2022-11-24 16:00:00,0.0,0.0,0.0,8.171766461472032,72.9720677840654,58.67002930618331,0.0,0.0,0.0,58.67002930618331,0.0,0.0,0.0,0.0,28.974278633450268,28.974278633450268,0.0
2022-11-24 17:00:00,0.0,0.0,0.0,8.171766461472032,86.81686796941729,60.58419750418331,0.0,0.0,0.0,60.58419750418331,0.0,0.0,0.0,0.0,31.877065590890307,31.877065590890307,0.0
2022-11-24 18:00:00,0.0,0.0,0.0,8.171766461472032,108.47066192922848,44.191907497561786,0.0,0.0,0.0,44.191907497561786,0.0,0.0,0.0,0.0,31.288328427665327,31.288328427665327,0.0
2022-11-24 19:00:00,0.0,0.0,0.0,8.171766461472032,118.24031168596635,35.096924863181506,0.0,0.0,0.0,35.096924863181506,0.0,0.0,0.0,0.0,30.63026363659329,30.63026363659329,0.0
2022-11-24 20:00:00,0.0,0.0,0.0,8.171766461472032,121.15195910732498,35.096924863181506,0.0,0.0,0.0,35.096924863181506,0.0,0.0,0.0,0.0,31.282259767070542,31.282259767070542,0.0
2022-11-24 21:00:00,0.0,0.0,0.0,8.171766461472032,129.3668780461587,26.001942228801234,0.0,0.0,0.0,26.001942228801234,0.0,0.0,0.0,0.0,30.082187119883372,30.082187119883372,0.0
2022-11-24 22:00:00,0.0,0.0,0.0,0.0,0.0,14.657592477664597,0.0,0.0,0.0,14.657592477664597,0.0,0.0,0.0,0.0,3.5085879113785747,3.5085879113785747,0.0
2022-11-24 23:00:00,0.0,0.0,0.0,0.0,0.0,14.657592477664597,0.0,0.0,0.0,14.657592477664597,0.0,0.0,0.0,0.0,3.437645163786678,3.437645163786678,0.0
2022-11-25 00:00:00,0.0,0.0,0.0,0.0,0.0,14.657592477664597,0.0,0.0,0.0,14.657592477664597,0.0,0.0,0.0,0.0,3.4134601361985313,3.4134601361985313,0.0
2022-11-25 01:00:00,0.0,0.0,0.0,0.0,0.0,14.657592477664597,0.0,0.0,0.0,14.657592477664597,0.0,0.0,0.0,0.0,3.4802987578966817,3.4802987578966817,0.0
2022-11-25 02:00:00,0.0,0.0,0.0,0.0,0.0,14.657592477664597,0.0,0.0,0.0,14.657592477664597,0.0,0.0,0.0,0.0,3.4080368269817956,3.4080368269817956,0.0
2022-11-25 03:00:00,0.0,0.0,0.0,0.0,0.0,14.657592477664597,0.0,0.0,0.0,14.657592477664597,0.0,0.0,0.0,0.0,3.4114080732516583,3.4114080732516583,0.0
2022-11-25 04:00:00,0.0,0.0,0.0,0.0,0.0,14.657592477664597,0.0,0.0,0.0,14.657592477664597,0.0,0.0,0.0,0.0,3.501845418838849,3.501845418838849,0.0
2022-11-25 05:00:00,0.0,0.0,0.0,0.010196103633518359,0.3108666955563096,14.667788581298117,0.0,0.0,0.0,14.667788581298117,0.0,0.0,0.0,0.0,3.6563270624352073,3.6563270624352073,0.0
2022-11-25 06:00:00,0.0,0.0,0.0,0.03291695462567082,0.9933722155564744,12.77634123429027,0.0,0.0,0.0,12.77634123429027,0.0,0.0,0.0,0.0,3.333719019765521,3.333719019765521,0.0
2022-11-25 07:00:00,0.0,0.0,0.0,0.039492112180367585,1.191742984195078,3.212075401844968,0.0,0.0,0.0,3.212075401844968,0.0,0.0,0.0,0.0,0.9987056649224983,0.9987056649224983,0.0
2022-11-25 08:00:00,0.0,0.0,0.0,8.171766461472032,221.36539886732277,14.516933040801234,0.0,0.0,0.0,14.516933040801234,0.0,0.0,0.0,0.0,43.44595309268175,43.44595309268175,0.0
2022-11-25 09:00:00,0.0,0.0,0.0,8.171766461472032,186.9619291818881,14.516933040801234,0.0,0.0,0.0,14.516933040801234,0.0,0.0,0.0,0.0,37.336082679091085,37.336082679091085,0.0
2022-11-25 10:00:00,0.0,0.0,0.0,8.171766461472032,174.2710968289314,28.15940699237166,0.0,0.0,0.0,28.15940699237166,0.0,0.0,0.0,0.0,38.203986595581085,38.203986595581085,0.0
2022-11-25 11:00:00,0.0,0.0,0.0,8.171766461472032,168.40740687488986,28.15940699237166,0.0,0.0,0.0,28.15940699237166,0.0,0.0,0.0,0.0,36.984902230552606,36.984902230552606,0.0
2022-11-25 12:00:00,0.0,0.0,0.0,8.171766461472032,156.21600281809214,37.25438962675194,0.0,0.0,0.0,37.25438962675194,0.0,0.0,0.0,0.0,37.13225960341103,37.13225960341103,0.0
2022-11-25 13:00:00,0.0,0.0,0.0,8.171766461472032,154.37501784370778,37.25438962675194,0.0,0.0,0.0,37.25438962675194,0.0,0.0,0.0,0.0,36.92372898216016,36.92372898216016,0.0
2022-11-25 14:00:00,0.0,0.0,0.0,8.171766461472032,154.63400403528726,37.25438962675194,0.0,0.0,0.0,37.25438962675194,0.0,0.0,0.0,0.0,37.31309993777048,37.31309993777048,0.0
2022-11-25 15:00:00,0.0,0.0,0.0,8.171766461472032,156.04563820424366,37.25438962675194,0.0,0.0,0.0,37.25438962675194,0.0,0.0,0.0,0.0,38.11639495756963,38.11639495756963,0.0
2022-11-25 16:00:00,0.0,0.0,0.0,8.171766461472032,160.16894721958658,46.82523061675194,0.0,0.0,0.0,46.82523061675194,0.0,0.0,0.0,0.0,41.18114781367234,41.18114781367234,0.0
2022-11-25 17:00:00,0.0,0.0,0.0,8.171766461472032,197.812892425223,39.64441618037165,0.0,0.0,0.0,39.64441618037165,0.0,0.0,0.0,0.0,45.93811339535732,45.93811339535732,0.0
2022-11-25 18:00:00,0.0,0.0,0.0,8.171766461472032,210.01525382943694,30.549433545991374,0.0,0.0,0.0,30.549433545991374,0.0,0.0,0.0,0.0,45.75038175224101,45.75038175224101,0.0
2022-11-25 19:00:00,0.0,0.0,0.0,0.0,0.0,14.657592477664597,0.0,0.0,0.0,14.657592477664597,0.0,0.0,0.0,0.0,3.9030237249525284,3.9030237249525284,0.0
2022-11-25 20:00:00,0.0,0.0,0.0,0.03870436732773608,1.164294200516617,14.696296844992334,0.0,0.0,0.0,14.696296844992334,0.0,0.0,0.0,0.0,4.161612837542708,4.161612837542708,0.0
2022-11-25 21:00:00,0.0,0.0,0.0,0.18608641367852105,5.66365524224109,14.843678891343123,0.0,0.0,0.0,14.843678891343123,0.0,0.0,0.0,0.0,4.848670441797452,4.848670441797452,0.0
2022-11-25 22:00:00,0.0,0.0,0.0,0.33729548766889683,10.236167792791944,14.994887965333497,0.0,0.0,0.0,14.994887965333497,0.0,0.0,0.0,0.0,5.6169396531677,5.6169396531677,0.0
2022-11-25 23:00:00,0.0,0.0,0.0,0.7930265490634617,24.04055415078837,15.450619026728061,0.0,0.0,0.0,15.450619026728061,0.0,0.0,0.0,0.0,8.021055171624166,8.021055171624166,0.0
2022-11-26 00:00:00,0.0,0.0,0.0,0.8228346632865763,24.869097555257778,15.92984595648594,0.0,0.0,0.0,15.92984595648594,0.0,0.0,0.0,0.0,8.225346873237065,8.225346873237065,0.0
2022-11-26 01:00:00,0.0,0.0,0.0,1.121918740848591,33.99828785975826,16.228930034047956,0.0,0.0,0.0,16.228930034047956,0.0,0.0,0.0,0.0,9.946077749506914,9.946077749506914,0.0
2022-11-26 02:00:00,0.0,0.0,0.0,1.1299814906225336,34.183017838534425,16.2369927838219,0.0,0.0,0.0,16.2369927838219,0.0,0.0,0.0,0.0,9.955584158325982,9.955584158325982,0.0
2022-11-26 03:00:00,0.0,0.0,0.0,1.4628804870291887,44.38727585917773,16.569891780228556,0.0,0.0,0.0,16.569891780228556,0.0,0.0,0.0,0.0,11.848258313936562,11.848258313936562,0.0
2022-11-26 04:00:00,0.0,0.0,0.0,1.3511255086608172,40.914611126413995,16.45813680186018,0.0,0.0,0.0,16.45813680186018,0.0,0.0,0.0,0.0,11.236823545661418,11.236823545661418,0.0
2022-11-26 05:00:00,0.0,0.0,0.0,1.6484087933565075,50.05355172771557,16.755420086555876,0.0,0.0,0.0,16.755420086555876,0.0,0.0,0.0,0.0,13.19749909997023,13.19749909997023,0.0
2022-11-26 06:00:00,0.0,0.0,0.0,8.171766461472032,327.02579909791416,21.3646095566714,0.0,0.0,0.0,21.3646095566714,0.0,0.0,0.0,0.0,64.40388212457928,64.40388212457928,0.0
2022-11-26 07:00:00,0.0,0.0,0.0,8.171766461472032,285.73561991122915,19.064424357991378,0.0,0.0,0.0,19.064424357991378,0.0,0.0,0.0,0.0,56.48973822387108,56.48973822387108,0.0
2022-11-26 08:00:00,0.0,0.0,0.0,8.171766461472032,249.33537943469497,32.706898309561794,0.0,0.0,0.0,32.706898309561794,0.0,0.0,0.0,0.0,53.572367925383375,53.572367925383375,0.0
2022-11-26 09:00:00,0.0,0.0,0.0,8.171766461472032,206.57787439230813,49.09918831618329,0.0,0.0,0.0,49.09918831618329,0.0,0.0,0.0,0.0,50.24597806973613,50.24597806973613,0.0
2022-11-26 10:00:00,0.0,0.0,0.0,8.171766461472032,181.83573932150554,49.09918831618329,0.0,0.0,0.0,49.09918831618329,0.0,0.0,0.0,0.0,45.60309651287431,45.60309651287431,0.0
2022-11-26 11:00:00,0.0,0.0,0.0,8.171766461472032,157.2379802850948,49.09918831618329,0.0,0.0,0.0,49.09918831618329,0.0,0.0,0.0,0.0,41.411408891611316,41.411408891611316,0.0
2022-11-26 12:00:00,0.0,0.0,0.0,8.171766461472032,142.22230570500903,49.09918831618329,0.0,0.0,0.0,49.09918831618329,0.0,0.0,0.0,0.0,38.288523397016284,38.288523397016284,0.0
2022-11-26 13:00:00,0.0,0.0,0.0,8.171766461472032,132.96303003846822,49.09918831618329,0.0,0.0,0.0,49.09918831618329,0.0,0.0,0.0,0.0,36.64790054053259,36.64790054053259,0.0
2022-11-26 14:00:00,0.0,0.0,0.0,8.171766461472032,132.94444181247607,49.09918831618329,0.0,0.0,0.0,49.09918831618329,0.0,0.0,0.0,0.0,37.05747789648412,37.05747789648412,0.0
2022-11-26 15:00:00,0.0,0.0,0.0,8.171766461472032,137.59219368930528,49.09918831618329,0.0,0.0,0.0,49.09918831618329,0.0,0.0,0.0,0.0,38.71180903207987,38.71180903207987,0.0
2022-11-26 16:00:00,0.0,0.0,0.0,8.171766461472032,151.2845623093227,58.67002930618331,0.0,0.0,0.0,58.67002930618331,0.0,0.0,0.0,0.0,43.60954637044849,43.60954637044849,0.0
2022-11-26 17:00:00,0.0,0.0,0.0,8.171766461472032,164.86633348370992,60.58419750418331,0.0,0.0,0.0,60.58419750418331,0.0,0.0,0.0,0.0,45.513690741413704,45.513690741413704,0.0
2022-11-26 18:00:00,0.0,0.0,0.0,8.171766461472032,177.15586869242486,48.73939881475194,0.0,0.0,0.0,48.73939881475194,0.0,0.0,0.0,0.0,44.50343302457798,44.50343302457798,0.0
2022-11-26 19:00:00,0.0,0.0,0.0,8.171766461472032,189.62507581960494,48.73939881475194,0.0,0.0,0.0,48.73939881475194,0.0,0.0,0.0,0.0,46.45169599274251,46.45169599274251,0.0
2022-11-26 20:00:00,0.0,0.0,0.0,8.171766461472032,194.92683207069717,44.191907497561786,0.0,0.0,0.0,44.191907497561786,0.0,0.0,0.0,0.0,46.176009965353465,46.176009965353465,0.0
2022-11-26 21:00:00,0.0,0.0,0.0,0.0,0.0,22.37766708451935,0.0,0.0,0.0,22.37766708451935,0.0,0.0,0.0,0.0,5.378472283764226,5.378472283764226,0.0
2022-11-26 22:00:00,0.0,0.0,0.0,0.034497865756546744,1.0371808379133949,15.14150915895591,0.0,0.0,0.0,15.14150915895591,0.0,0.0,0.0,0.0,3.7577183594275994,3.7577183594275994,0.0
2022-11-26 23:00:00,0.0,0.0,0.0,0.12168206411291163,3.6858357128008077,15.228693357312277,0.0,0.0,0.0,15.228693357312277,0.0,0.0,0.0,0.0,4.214662963511229,4.214662963511229,0.0
2022-11-27 00:00:00,0.0,0.0,0.0,0.1402211623246184,4.265077835274582,15.247232455523985,0.0,0.0,0.0,15.247232455523985,0.0,0.0,0.0,0.0,4.369172864148169,4.369172864148169,0.0
2022-11-27 01:00:00,0.0,0.0,0.0,0.2091616154762488,6.346513575953525,15.316172908675616,0.0,0.0,0.0,15.316172908675616,0.0,0.0,0.0,0.0,4.705540539559069,4.705540539559069,0.0
2022-11-27 02:00:00,0.0,0.0,0.0,0.24406178282944194,7.430208863677682,15.351073076028808,0.0,0.0,0.0,15.351073076028808,0.0,0.0,0.0,0.0,4.928428175356325,4.928428175356325,0.0
2022-11-27 03:00:00,0.0,0.0,0.0,0.4227013860422929,12.829745260781225,15.52971267924166,0.0,0.0,0.0,15.52971267924166,0.0,0.0,0.0,0.0,6.001724245315165,6.001724245315165,0.0
2022-11-27 04:00:00,0.0,0.0,0.0,0.5062043316986566,15.374405622776147,15.613215624898022,0.0,0.0,0.0,15.613215624898022,0.0,0.0,0.0,0.0,6.582320544173811,6.582320544173811,0.0
2022-11-27 05:00:00,0.0,0.0,0.0,0.5781070791839413,17.521729784359458,15.68511837238331,0.0,0.0,0.0,15.68511837238331,0.0,0.0,0.0,0.0,7.165636322703875,7.165636322703875,0.0
2022-11-27 06:00:00,0.0,0.0,0.0,8.171766461472032,261.35702443486775,21.3646095566714,0.0,0.0,0.0,21.3646095566714,0.0,0.0,0.0,0.0,52.807084205502456,52.807084205502456,0.0
2022-11-27 07:00:00,0.0,0.0,0.0,8.171766461472032,209.09377785441433,19.064424357991378,0.0,0.0,0.0,19.064424357991378,0.0,0.0,0.0,0.0,42.780326905901866,42.780326905901866,0.0
2022-11-27 08:00:00,0.0,0.0,0.0,8.171766461472032,184.22424909089972,32.706898309561794,0.0,0.0,0.0,32.706898309561794,0.0,0.0,0.0,0.0,41.919074705807745,41.919074705807745,0.0
2022-11-27 09:00:00,0.0,0.0,0.0,8.171766461472032,155.73847246372998,49.09918831618329,0.0,0.0,0.0,49.09918831618329,0.0,0.0,0.0,0.0,41.155169660133,41.155169660133,0.0
2022-11-27 10:00:00,0.0,0.0,0.0,8.171766461472032,140.61190822735628,49.09918831618329,0.0,0.0,0.0,49.09918831618329,0.0,0.0,0.0,0.0,38.46648592892685,38.46648592892685,0.0
2022-11-27 11:00:00,0.0,0.0,0.0,8.171766461472032,126.6777985386755,49.09918831618329,0.0,0.0,0.0,49.09918831618329,0.0,0.0,0.0,0.0,35.96009866855857,35.96009866855857,0.0
2022-11-27 12:00:00,0.0,0.0,0.0,8.171766461472032,121.55140464631074,49.09918831618329,0.0,0.0,0.0,49.09918831618329,0.0,0.0,0.0,0.0,35.19322474416228,35.19322474416228,0.0
2022-11-27 13:00:00,0.0,0.0,0.0,8.171766461472032,118.21213591925498,49.09918831618329,0.0,0.0,0.0,49.09918831618329,0.0,0.0,0.0,0.0,34.513429325705545,34.513429325705545,0.0
2022-11-27 14:00:00,0.0,0.0,0.0,8.171766461472032,114.262053632239,49.09918831618329,0.0,0.0,0.0,49.09918831618329,0.0,0.0,0.0,0.0,33.49043552832846,33.49043552832846,0.0
2022-11-27 15:00:00,0.0,0.0,0.0,8.171766461472032,107.06564944377367,49.09918831618329,0.0,0.0,0.0,49.09918831618329,0.0,0.0,0.0,0.0,31.99243131818683,31.99243131818683,0.0
2022-11-27 16:00:00,0.0,0.0,0.0,8.171766461472032,109.72224748959776,58.67002930618331,0.0,0.0,0.0,58.67002930618331,0.0,0.0,0.0,0.0,34.89827066216101,34.89827066216101,0.0
2022-11-27 17:00:00,0.0,0.0,0.0,8.171766461472032,116.30616889346342,60.58419750418331,0.0,0.0,0.0,60.58419750418331,0.0,0.0,0.0,0.0,36.33663014327106,36.33663014327106,0.0
2022-11-27 18:00:00,0.0,0.0,0.0,8.171766461472032,122.79649843530385,48.73939881475194,0.0,0.0,0.0,48.73939881475194,0.0,0.0,0.0,0.0,34.24956985204378,34.24956985204378,0.0
2022-11-27 19:00:00,0.0,0.0,0.0,8.171766461472032,133.44086977787018,48.73939881475194,0.0,0.0,0.0,48.73939881475194,0.0,0.0,0.0,0.0,36.409302920362435,36.409302920362435,0.0
2022-11-27 20:00:00,0.0,0.0,0.0,8.171766461472032,139.9024358403785,44.191907497561786,0.0,0.0,0.0,44.191907497561786,0.0,0.0,0.0,0.0,36.02799874174262,36.02799874174262,0.0
2022-11-27 21:00:00,0.0,0.0,0.0,0.0,0.0,22.37766708451935,0.0,0.0,0.0,22.37766708451935,0.0,0.0,0.0,0.0,5.336402269645329,5.336402269645329,0.0
2022-11-27 22:00:00,0.0,0.0,0.0,0.0,0.0,15.107011293199369,0.0,0.0,0.0,15.107011293199369,0.0,0.0,0.0,0.0,3.2884942183036387,3.2884942183036387,0.0
2022-11-27 23:00:00,0.0,0.0,0.0,0.022128789560025893,0.6687367022522165,15.129140082759395,0.0,0.0,0.0,15.129140082759395,0.0,0.0,0.0,0.0,3.4699979344979783,3.4699979344979783,0.0
2022-11-28 00:00:00,0.0,0.0,0.0,0.07299080032848716,2.213424395807867,15.180002093527854,0.0,0.0,0.0,15.180002093527854,0.0,0.0,0.0,0.0,3.778962645287276,3.778962645287276,0.0
2022-11-28 01:00:00,0.0,0.0,0.0,0.17516822705468751,5.3222321621789295,15.282179520254056,0.0,0.0,0.0,15.282179520254056,0.0,0.0,0.0,0.0,4.404248764843644,4.404248764843644,0.0
2022-11-28 02:00:00,0.0,0.0,0.0,0.18066904788369467,5.494038678528278,15.287680341083062,0.0,0.0,0.0,15.287680341083062,0.0,0.0,0.0,0.0,4.359678824036659,4.359678824036659,0.0
2022-11-28 03:00:00,0.0,0.0,0.0,0.3370165649140927,10.249079248137166,15.44402785811346,0.0,0.0,0.0,15.44402785811346,0.0,0.0,0.0,0.0,5.25770891818448,5.25770891818448,0.0
2022-11-28 04:00:00,0.0,0.0,0.0,0.5621920387291736,17.07839854462434,15.66920333192854,0.0,0.0,0.0,15.66920333192854,0.0,0.0,0.0,0.0,6.520787235121297,6.520787235121297,0.0
2022-11-28 05:00:00,0.0,0.0,0.0,0.8099932787606411,24.502020493900982,15.917004571960009,0.0,0.0,0.0,15.917004571960009,0.0,0.0,0.0,0.0,7.848080223690592,7.848080223690592,0.0
2022-11-28 06:00:00,0.0,0.0,0.0,8.171766461472032,296.7415999193301,23.2787777546714,0.0,0.0,0.0,23.2787777546714,0.0,0.0,0.0,0.0,58.62171048019531,58.62171048019531,0.0
2022-11-28 07:00:00,0.0,0.0,0.0,8.171766461472032,251.2281353542966,19.064424357991378,0.0,0.0,0.0,19.064424357991378,0.0,0.0,0.0,0.0,49.46870103500387,49.46870103500387,0.0
2022-11-28 08:00:00,0.0,0.0,0.0,8.171766461472032,220.15094275066562,32.706898309561794,0.0,0.0,0.0,32.706898309561794,0.0,0.0,0.0,0.0,46.812853623460164,46.812853623460164,0.0
2022-11-28 09:00:00,0.0,0.0,0.0,8.171766461472032,180.83485698268774,49.09918831618329,0.0,0.0,0.0,49.09918831618329,0.0,0.0,0.0,0.0,43.19329309185095,43.19329309185095,0.0
2022-11-28 10:00:00,0.0,0.0,0.0,8.171766461472032,158.14096673937186,49.09918831618329,0.0,0.0,0.0,49.09918831618329,0.0,0.0,0.0,0.0,39.20593812415547,39.20593812415547,0.0
2022-11-28 11:00:00,0.0,0.0,0.0,8.171766461472032,138.25202523566057,49.09918831618329,0.0,0.0,0.0,49.09918831618329,0.0,0.0,0.0,0.0,35.674516150283644,35.674516150283644,0.0
2022-11-28 12:00:00,0.0,0.0,0.0,8.171766461472032,126.47600787265206,49.09918831618329,0.0,0.0,0.0,49.09918831618329,0.0,0.0,0.0,0.0,33.49679329710738,33.49679329710738,0.0
2022-11-28 13:00:00,0.0,0.0,0.0,8.171766461472032,117.00931448683505,49.09918831618329,0.0,0.0,0.0,49.09918831618329,0.0,0.0,0.0,0.0,32.0441900687443,32.0441900687443,0.0
2022-11-28 14:00:00,0.0,0.0,0.0,8.171766461472032,118.57539927452773,49.09918831618329,0.0,0.0,0.0,49.09918831618329,0.0,0.0,0.0,0.0,32.48868259663563,32.48868259663563,0.0
2022-11-28 15:00:00,0.0,0.0,0.0,8.171766461472032,118.47265067604678,49.09918831618329,0.0,0.0,0.0,49.09918831618329,0.0,0.0,0.0,0.0,32.21192093838618,32.21192093838618,0.0
2022-11-28 16:00:00,0.0,0.0,0.0,8.171766461472034,128.37185571802488,58.67002930618331,0.0,0.0,0.0,58.67002930618331,0.0,0.0,0.0,0.0,36.291281065325514,36.291281065325514,0.0
2022-11-28 17:00:00,0.0,0.0,0.0,8.171766461472032,137.83106614559415,60.58419750418331,0.0,0.0,0.0,60.58419750418331,0.0,0.0,0.0,0.0,38.167480141554336,38.167480141554336,0.0
2022-11-28 18:00:00,0.0,0.0,0.0,8.171766461472032,146.78577141814796,48.73939881475194,0.0,0.0,0.0,48.73939881475194,0.0,0.0,0.0,0.0,37.38301881378258,37.38301881378258,0.0
2022-11-28 19:00:00,0.0,0.0,0.0,8.171766461472032,162.1063828033474,48.73939881475194,0.0,0.0,0.0,48.73939881475194,0.0,0.0,0.0,0.0,40.29161858654675,40.29161858654675,0.0
2022-11-28 20:00:00,0.0,0.0,0.0,8.171766461472032,167.27346874808788,44.191907497561786,0.0,0.0,0.0,44.191907497561786,0.0,0.0,0.0,0.0,40.04846277155714,40.04846277155714,0.0
2022-11-28 21:00:00,0.0,0.0,0.0,0.0,0.0,22.37766708451935,0.0,0.0,0.0,22.37766708451935,0.0,0.0,0.0,0.0,4.939422455565955,4.939422455565955,0.0
2022-11-28 22:00:00,0.0,0.0,0.0,0.0,0.0,15.107011293199369,0.0,0.0,0.0,15.107011293199369,0.0,0.0,0.0,0.0,3.3187082408900377,3.3187082408900377,0.0
2022-11-28 23:00:00,0.0,0.0,0.0,0.05265318419445503,1.5879895982920953,15.15966447739382,0.0,0.0,0.0,15.15966447739382,0.0,0.0,0.0,0.0,3.6395391604733778,3.6395391604733778,0.0
2022-11-29 00:00:00,0.0,0.0,0.0,0.14436056133485317,4.372968155674887,15.251371854534218,0.0,0.0,0.0,15.251371854534218,0.0,0.0,0.0,0.0,4.153027468203748,4.153027468203748,0.0
2022-11-29 01:00:00,0.0,0.0,0.0,0.2665340007409671,8.126166668427512,15.373545293940335,0.0,0.0,0.0,15.373545293940335,0.0,0.0,0.0,0.0,4.944612741091351,4.944612741091351,0.0
2022-11-29 02:00:00,0.0,0.0,0.0,0.547520434454636,16.585657801227295,15.654531727654001,0.0,0.0,0.0,15.654531727654001,0.0,0.0,0.0,0.0,6.541398710846676,6.541398710846676,0.0
2022-11-29 03:00:00,0.0,0.0,0.0,0.8203606745648485,24.8725316972186,15.927371967764216,0.0,0.0,0.0,15.927371967764216,0.0,0.0,0.0,0.0,8.097804911870782,8.097804911870782,0.0
2022-11-29 04:00:00,0.0,0.0,0.0,0.8521721749883081,25.758199731730283,15.959183468187671,0.0,0.0,0.0,15.959183468187671,0.0,0.0,0.0,0.0,8.35450876648568,8.35450876648568,0.0
2022-11-29 05:00:00,0.0,0.0,0.0,1.1176967931522346,33.89756002433983,16.2247080863516,0.0,0.0,0.0,16.2247080863516,0.0,0.0,0.0,0.0,9.901473882917651,9.901473882917651,0.0
2022-11-29 06:00:00,0.0,0.0,0.0,8.171766461472032,301.56606186474625,23.2787777546714,0.0,0.0,0.0,23.2787777546714,0.0,0.0,0.0,0.0,59.73315450333537,59.73315450333537,0.0
2022-11-29 07:00:00,0.0,0.0,0.0,8.171766461472032,250.86474636776086,19.064424357991378,0.0,0.0,0.0,19.064424357991378,0.0,0.0,0.0,0.0,49.63643060739116,49.63643060739116,0.0
2022-11-29 08:00:00,0.0,0.0,0.0,8.171766461472032,207.31704077745513,32.706898309561794,0.0,0.0,0.0,32.706898309561794,0.0,0.0,0.0,0.0,44.94855342038559,44.94855342038559,0.0
2022-11-29 09:00:00,0.0,0.0,0.0,8.171766461472032,157.8165309087871,49.09918831618329,0.0,0.0,0.0,49.09918831618329,0.0,0.0,0.0,0.0,39.52018615782446,39.52018615782446,0.0
2022-11-29 10:00:00,0.0,0.0,0.0,8.171766461472032,127.4655851652911,49.09918831618329,0.0,0.0,0.0,49.09918831618329,0.0,0.0,0.0,0.0,34.09181920725118,34.09181920725118,0.0
2022-11-29 11:00:00,0.0,0.0,0.0,8.171766461472032,103.31779896702676,49.09918831618329,0.0,0.0,0.0,49.09918831618329,0.0,0.0,0.0,0.0,29.635000104208274,29.635000104208274,0.0
2022-11-29 12:00:00,0.0,0.0,0.0,8.171766461472032,91.29466722811215,49.09918831618329,0.0,0.0,0.0,49.09918831618329,0.0,0.0,0.0,0.0,27.459919426099653,27.459919426099653,0.0
2022-11-29 13:00:00,0.0,0.0,0.0,8.171766461472032,82.86804411518631,49.09918831618329,0.0,0.0,0.0,49.09918831618329,0.0,0.0,0.0,0.0,26.08607207490155,26.08607207490155,0.0
2022-11-29 14:00:00,0.0,0.0,0.0,8.171766461472032,78.77761123313988,49.09918831618329,0.0,0.0,0.0,49.09918831618329,0.0,0.0,0.0,0.0,25.776259887043217,25.776259887043217,0.0
2022-11-29 15:00:00,0.0,0.0,0.0,8.171766461472032,82.6837859715165,49.09918831618329,0.0,0.0,0.0,49.09918831618329,0.0,0.0,0.0,0.0,26.6828389059262,26.6828389059262,0.0
2022-11-29 16:00:00,0.0,0.0,0.0,8.171766461472034,93.44731105111522,58.67002930618331,0.0,0.0,0.0,58.67002930618331,0.0,0.0,0.0,0.0,31.270961668543972,31.270961668543972,0.0
2022-11-29 17:00:00,0.0,0.0,0.0,8.171766461472032,109.89749065491337,60.58419750418331,0.0,0.0,0.0,60.58419750418331,0.0,0.0,0.0,0.0,34.65747998012296,34.65747998012296,0.0
2022-11-29 18:00:00,0.0,0.0,0.0,8.171766461472032,129.16104666711558,48.73939881475194,0.0,0.0,0.0,48.73939881475194,0.0,0.0,0.0,0.0,35.311677630881064,35.311677630881064,0.0
2022-11-29 19:00:00,0.0,0.0,0.0,8.171766461472032,147.85143021997467,48.73939881475194,0.0,0.0,0.0,48.73939881475194,0.0,0.0,0.0,0.0,38.78265342498734,38.78265342498734,0.0
2022-11-29 20:00:00,0.0,0.0,0.0,8.171766461472032,156.58319022097615,44.191907497561786,0.0,0.0,0.0,44.191907497561786,0.0,0.0,0.0,0.0,39.306249140370554,39.306249140370554,0.0
2022-11-29 21:00:00,0.0,0.0,0.0,0.0,0.0,22.37766708451935,0.0,0.0,0.0,22.37766708451935,0.0,0.0,0.0,0.0,5.431283578083692,5.431283578083692,0.0
2022-11-29 22:00:00,0.0,0.0,0.0,0.0,0.0,15.107011293199369,0.0,0.0,0.0,15.107011293199369,0.0,0.0,0.0,0.0,3.5847427097632782,3.5847427097632782,0.0
2022-11-29 23:00:00,0.0,0.0,0.0,0.03274690215906069,0.9868958812271843,15.139758195358429,0.0,0.0,0.0,15.139758195358429,0.0,0.0,0.0,0.0,3.7514309341186394,3.7514309341186394,0.0
2022-11-30 00:00:00,0.0,0.0,0.0,0.13026132437423024,3.954110201224283,15.237272617573598,0.0,0.0,0.0,15.237272617573598,0.0,0.0,0.0,0.0,4.310830598735253,4.310830598735253,0.0
2022-11-30 01:00:00,0.0,0.0,0.0,0.18005732382092113,5.4801528882817765,15.287068617020289,0.0,0.0,0.0,15.287068617020289,0.0,0.0,0.0,0.0,4.631293825937673,4.631293825937673,0.0
2022-11-30 02:00:00,0.0,0.0,0.0,0.39483661669359593,12.019830504993987,15.501847909892962,0.0,0.0,0.0,15.501847909892962,0.0,0.0,0.0,0.0,5.847724560376491,5.847724560376491,0.0
2022-11-30 03:00:00,0.0,0.0,0.0,0.5707710037744955,17.333119474751843,15.677782296973863,0.0,0.0,0.0,15.677782296973863,0.0,0.0,0.0,0.0,6.8200080723213325,6.8200080723213325,0.0
2022-11-30 04:00:00,0.0,0.0,0.0,0.7407512516576144,22.448284787333378,15.847762544856982,0.0,0.0,0.0,15.847762544856982,0.0,0.0,0.0,0.0,7.74750528801612,7.74750528801612,0.0
2022-11-30 05:00:00,0.0,0.0,0.0,0.6768676249839997,20.51962642251484,15.783878918183367,0.0,0.0,0.0,15.783878918183367,0.0,0.0,0.0,0.0,7.3979387454518,7.3979387454518,0.0
2022-11-30 06:00:00,0.0,0.0,0.0,8.171766461472032,257.96049950261647,23.2787777546714,0.0,0.0,0.0,23.2787777546714,0.0,0.0,0.0,0.0,52.10054266539127,52.10054266539127,0.0
2022-11-30 07:00:00,0.0,0.0,0.0,8.171766461472032,195.88306761358274,19.064424357991378,0.0,0.0,0.0,19.064424357991378,0.0,0.0,0.0,0.0,39.81969618062481,39.81969618062481,0.0
2022-11-30 08:00:00,0.0,0.0,0.0,8.171766461472032,165.63354484518663,32.706898309561794,0.0,0.0,0.0,32.706898309561794,0.0,0.0,0.0,0.0,37.49313720141056,37.49313720141056,0.0
2022-11-30 09:00:00,0.0,0.0,0.0,8.171766461472032,130.29031718261206,49.09918831618329,0.0,0.0,0.0,49.09918831618329,0.0,0.0,0.0,0.0,34.625944954660824,34.625944954660824,0.0
2022-11-30 10:00:00,0.0,0.0,0.0,8.171766461472032,112.75867225741584,49.09918831618329,0.0,0.0,0.0,49.09918831618329,0.0,0.0,0.0,0.0,31.15267526110603,31.15267526110603,0.0
2022-11-30 11:00:00,0.0,0.0,0.0,8.171766461472032,98.38601661483087,49.09918831618329,0.0,0.0,0.0,49.09918831618329,0.0,0.0,0.0,0.0,28.415611128231426,28.415611128231426,0.0
2022-11-30 12:00:00,0.0,0.0,0.0,8.171766461472032,89.89715074034133,49.09918831618329,0.0,0.0,0.0,49.09918831618329,0.0,0.0,0.0,0.0,26.975074859240777,26.975074859240777,0.0
2022-11-30 13:00:00,0.0,0.0,0.0,8.171766461472032,81.91628234633923,49.09918831618329,0.0,0.0,0.0,49.09918831618329,0.0,0.0,0.0,0.0,25.77919321452824,25.77919321452824,0.0
2022-11-30 14:00:00,0.0,0.0,0.0,8.171766461472032,78.25106031918708,49.09918831618329,0.0,0.0,0.0,49.09918831618329,0.0,0.0,0.0,0.0,25.570490011338308,25.570490011338308,0.0
2022-11-30 15:00:00,0.0,0.0,0.0,8.171766461472032,75.85321857512143,49.09918831618329,0.0,0.0,0.0,49.09918831618329,0.0,0.0,0.0,0.0,25.52222227308416,25.52222227308416,0.0
2022-11-30 16:00:00,0.0,0.0,0.0,8.171766461472034,79.0017842967017,58.67002930618331,0.0,0.0,0.0,58.67002930618331,0.0,0.0,0.0,0.0,28.566779342709864,28.566779342709864,0.0
2022-11-30 17:00:00,0.0,0.0,0.0,8.171766461472032,84.19074385378681,60.58419750418331,0.0,0.0,0.0,60.58419750418331,0.0,0.0,0.0,0.0,29.879932447145897,29.879932447145897,0.0
2022-11-30 18:00:00,0.0,0.0,0.0,8.171766461472032,87.1371398522271,48.73939881475194,0.0,0.0,0.0,48.73939881475194,0.0,0.0,0.0,0.0,27.5863653659541,27.5863653659541,0.0
2022-11-30 19:00:00,0.0,0.0,0.0,8.171766461472032,93.16879863666247,48.73939881475194,0.0,0.0,0.0,48.73939881475194,0.0,0.0,0.0,0.0,28.825409740176134,28.825409740176134,0.0
2022-11-30 20:00:00,0.0,0.0,0.0,8.171766461472032,97.2638830626456,44.191907497561786,0.0,0.0,0.0,44.191907497561786,0.0,0.0,0.0,0.0,28.47420507872512,28.47420507872512,0.0
2022-11-30 21:00:00,0.0,0.0,0.0,0.0,0.0,22.37766708451935,0.0,0.0,0.0,22.37766708451935,0.0,0.0,0.0,0.0,5.510500519562889,5.510500519562889,0.0
2022-11-30 22:00:00,0.0,0.0,0.0,0.0,0.0,15.107011293199369,0.0,0.0,0.0,15.107011293199369,0.0,0.0,0.0,0.0,3.760739391329051,3.760739391329051,0.0
2022-11-30 23:00:00,0.0,0.0,0.0,0.0,0.0,15.107011293199369,0.0,0.0,0.0,15.107011293199369,0.0,0.0,0.0,0.0,3.787025590979218,3.787025590979218,0.0
2022-12-01 00:00:00,0.0,0.0,0.0,0.0,0.0,14.657592477664597,0.0,0.0,0.0,14.657592477664597,0.0,0.0,0.0,0.0,3.474875448679946,3.474875448679946,0.0
2022-12-01 01:00:00,0.0,0.0,0.0,0.0,0.0,14.657592477664597,0.0,0.0,0.0,14.657592477664597,0.0,0.0,0.0,0.0,3.470038443162317,3.470038443162317,0.0
2022-12-01 02:00:00,0.0,0.0,0.0,0.0,0.0,14.657592477664597,0.0,0.0,0.0,14.657592477664597,0.0,0.0,0.0,0.0,3.461976767299601,3.461976767299601,0.0
2022-12-01 03:00:00,0.0,0.0,0.0,0.0,0.0,14.657592477664597,0.0,0.0,0.0,14.657592477664597,0.0,0.0,0.0,0.0,3.4461465674237237,3.4461465674237237,0.0
2022-12-01 04:00:00,0.0,0.0,0.0,0.0,0.0,14.657592477664597,0.0,0.0,0.0,14.657592477664597,0.0,0.0,0.0,0.0,3.5047769373343822,3.5047769373343822,0.0
2022-12-01 05:00:00,0.0,0.0,0.0,0.0,0.0,14.657592477664597,0.0,0.0,0.0,14.657592477664597,0.0,0.0,0.0,0.0,3.5508017777142484,3.5508017777142484,0.0
2022-12-01 06:00:00,0.0,0.0,0.0,8.171766461472032,155.71235302742247,22.829358939136633,0.0,0.0,0.0,22.829358939136633,0.0,0.0,0.0,0.0,33.75071877520148,33.75071877520148,0.0
2022-12-01 07:00:00,0.0,0.0,0.0,8.171766461472032,113.01690121926323,14.516933040801234,0.0,0.0,0.0,14.516933040801234,0.0,0.0,0.0,0.0,23.974343893570147,23.974343893570147,0.0
2022-12-01 08:00:00,0.0,0.0,0.0,8.171766461472032,94.48492384021775,23.611915675181518,0.0,0.0,0.0,23.611915675181518,0.0,0.0,0.0,0.0,22.87299937403899,22.87299937403899,0.0
2022-12-01 09:00:00,0.0,0.0,0.0,8.171766461472032,77.42379807412969,37.25438962675194,0.0,0.0,0.0,37.25438962675194,0.0,0.0,0.0,0.0,23.250431417298508,23.250431417298508,0.0
2022-12-01 10:00:00,0.0,0.0,0.0,8.171766461472032,75.11484344753603,49.09918831618329,0.0,0.0,0.0,49.09918831618329,0.0,0.0,0.0,0.0,26.168972636050484,26.168972636050484,0.0
2022-12-01 11:00:00,0.0,0.0,0.0,8.171766461472034,72.50774951194198,49.09918831618329,0.0,0.0,0.0,49.09918831618329,0.0,0.0,0.0,0.0,25.894979062805994,25.894979062805994,0.0
2022-12-01 12:00:00,0.0,0.0,0.0,8.171766461472032,69.72042887649668,49.09918831618329,0.0,0.0,0.0,49.09918831618329,0.0,0.0,0.0,0.0,25.517341774560073,25.517341774560073,0.0
2022-12-01 13:00:00,0.0,0.0,0.0,8.171766461472032,65.98787751650428,49.09918831618329,0.0,0.0,0.0,49.09918831618329,0.0,0.0,0.0,0.0,24.87769982077306,24.87769982077306,0.0
2022-12-01 14:00:00,0.0,0.0,0.0,8.171766461472032,63.66296257747438,49.09918831618329,0.0,0.0,0.0,49.09918831618329,0.0,0.0,0.0,0.0,24.71048576739522,24.71048576739522,0.0
2022-12-01 15:00:00,0.0,0.0,0.0,8.171766461472032,65.24372858557763,49.09918831618329,0.0,0.0,0.0,49.09918831618329,0.0,0.0,0.0,0.0,24.704436146942825,24.704436146942825,0.0
2022-12-01 16:00:00,0.0,0.0,0.0,8.171766461472032,68.3172474650222,58.67002930618331,0.0,0.0,0.0,58.67002930618331,0.0,0.0,0.0,0.0,27.460884270057015,27.460884270057015,0.0
2022-12-01 17:00:00,0.0,0.0,0.0,8.171766461472032,78.58377683347136,60.58419750418331,0.0,0.0,0.0,60.58419750418331,0.0,0.0,0.0,0.0,29.680406433834545,29.680406433834545,0.0
2022-12-01 18:00:00,0.0,0.0,0.0,8.171766461472032,96.4006186321495,44.191907497561786,0.0,0.0,0.0,44.191907497561786,0.0,0.0,0.0,0.0,28.74655162509912,28.74655162509912,0.0
2022-12-01 19:00:00,0.0,0.0,0.0,8.171766461472032,102.18905879669099,35.096924863181506,0.0,0.0,0.0,35.096924863181506,0.0,0.0,0.0,0.0,27.474194216336468,27.474194216336468,0.0
2022-12-01 20:00:00,0.0,0.0,0.0,8.171766461472032,105.16294780062616,35.096924863181506,0.0,0.0,0.0,35.096924863181506,0.0,0.0,0.0,0.0,27.85697253987503,27.85697253987503,0.0
2022-12-01 21:00:00,0.0,0.0,0.0,8.171766461472032,111.30961514703147,26.001942228801234,0.0,0.0,0.0,26.001942228801234,0.0,0.0,0.0,0.0,26.529346927240795,26.529346927240795,0.0
2022-12-01 22:00:00,0.0,0.0,0.0,0.0,0.0,14.657592477664597,0.0,0.0,0.0,14.657592477664597,0.0,0.0,0.0,0.0,3.6245294678769016,3.6245294678769016,0.0
2022-12-01 23:00:00,0.0,0.0,0.0,0.0,0.0,14.657592477664597,0.0,0.0,0.0,14.657592477664597,0.0,0.0,0.0,0.0,3.5719087108820853,3.5719087108820853,0.0
2022-12-02 00:00:00,0.0,0.0,0.0,0.0,0.0,14.657592477664597,0.0,0.0,0.0,14.657592477664597,0.0,0.0,0.0,0.0,3.5512415054885786,3.5512415054885786,0.0
2022-12-02 01:00:00,0.0,0.0,0.0,0.0,0.0,14.657592477664597,0.0,0.0,0.0,14.657592477664597,0.0,0.0,0.0,0.0,3.561355244298167,3.561355244298167,0.0
2022-12-02 02:00:00,0.0,0.0,0.0,0.0,0.0,14.657592477664597,0.0,0.0,0.0,14.657592477664597,0.0,0.0,0.0,0.0,3.5288153889977516,3.5288153889977516,0.0
2022-12-02 03:00:00,0.0,0.0,0.0,0.0,0.0,14.657592477664597,0.0,0.0,0.0,14.657592477664597,0.0,0.0,0.0,0.0,3.500819387365412,3.500819387365412,0.0
2022-12-02 04:00:00,0.0,0.0,0.0,0.0,0.0,14.657592477664597,0.0,0.0,0.0,14.657592477664597,0.0,0.0,0.0,0.0,3.544352437024076,3.544352437024076,0.0
2022-12-02 05:00:00,0.0,0.0,0.0,0.0,0.0,14.657592477664597,0.0,0.0,0.0,14.657592477664597,0.0,0.0,0.0,0.0,3.695032487694468,3.695032487694468,0.0
2022-12-02 06:00:00,0.0,0.0,0.0,0.0,0.0,14.657592477664597,0.0,0.0,0.0,14.657592477664597,0.0,0.0,0.0,0.0,3.7524902502069137,3.7524902502069137,0.0
2022-12-02 07:00:00,0.0,0.0,0.0,0.009725106238040323,0.296596041472832,3.182308395902641,0.0,0.0,0.0,3.182308395902641,0.0,0.0,0.0,0.0,0.875678906509619,0.875678906509619,0.0
2022-12-02 08:00:00,0.0,0.0,0.0,8.171766461472032,197.84703233593288,14.516933040801234,0.0,0.0,0.0,14.516933040801234,0.0,0.0,0.0,0.0,39.339645978124516,39.339645978124516,0.0
2022-12-02 09:00:00,0.0,0.0,0.0,8.171766461472032,155.25938121156412,14.516933040801234,0.0,0.0,0.0,14.516933040801234,0.0,0.0,0.0,0.0,31.694368172499864,31.694368172499864,0.0
2022-12-02 10:00:00,0.0,0.0,0.0,8.171766461472032,134.64812288843675,28.15940699237166,0.0,0.0,0.0,28.15940699237166,0.0,0.0,0.0,0.0,31.687671118502067,31.687671118502067,0.0
2022-12-02 11:00:00,0.0,0.0,0.0,8.171766461472032,129.0912965120285,28.15940699237166,0.0,0.0,0.0,28.15940699237166,0.0,0.0,0.0,0.0,30.892725899303624,30.892725899303624,0.0
2022-12-02 12:00:00,0.0,0.0,0.0,8.171766461472032,116.15141738582443,37.25438962675194,0.0,0.0,0.0,37.25438962675194,0.0,0.0,0.0,0.0,31.070147588310178,31.070147588310178,0.0
2022-12-02 13:00:00,0.0,0.0,0.0,8.171766461472032,109.93169099411159,37.25438962675194,0.0,0.0,0.0,37.25438962675194,0.0,0.0,0.0,0.0,30.017713721018783,30.017713721018783,0.0
2022-12-02 14:00:00,0.0,0.0,0.0,8.171766461472032,104.67874404382917,37.25438962675194,0.0,0.0,0.0,37.25438962675194,0.0,0.0,0.0,0.0,29.147172314337347,29.147172314337347,0.0
2022-12-02 15:00:00,0.0,0.0,0.0,8.171766461472032,108.476369961229,37.25438962675194,0.0,0.0,0.0,37.25438962675194,0.0,0.0,0.0,0.0,29.719545808438667,29.719545808438667,0.0
2022-12-02 16:00:00,0.0,0.0,0.0,8.171766461472032,112.65760709005714,46.82523061675194,0.0,0.0,0.0,46.82523061675194,0.0,0.0,0.0,0.0,32.785917132243654,32.785917132243654,0.0
2022-12-02 17:00:00,0.0,0.0,0.0,8.171766461472032,141.1990688192726,39.64441618037165,0.0,0.0,0.0,39.64441618037165,0.0,0.0,0.0,0.0,35.74516745458027,35.74516745458027,0.0
2022-12-02 18:00:00,0.0,0.0,0.0,8.171766461472032,151.50336309592802,30.549433545991374,0.0,0.0,0.0,30.549433545991374,0.0,0.0,0.0,0.0,35.23820367012486,35.23820367012486,0.0
2022-12-02 19:00:00,0.0,0.0,0.0,0.0,0.0,14.657592477664597,0.0,0.0,0.0,14.657592477664597,0.0,0.0,0.0,0.0,3.8528947586789166,3.8528947586789166,0.0
2022-12-02 20:00:00,0.0,0.0,0.0,0.0,0.0,14.657592477664597,0.0,0.0,0.0,14.657592477664597,0.0,0.0,0.0,0.0,3.83002891441376,3.83002891441376,0.0
2022-12-02 21:00:00,0.0,0.0,0.0,0.0,0.0,14.657592477664597,0.0,0.0,0.0,14.657592477664597,0.0,0.0,0.0,0.0,3.7168723004861888,3.7168723004861888,0.0
2022-12-02 22:00:00,0.0,0.0,0.0,0.0,0.0,14.657592477664597,0.0,0.0,0.0,14.657592477664597,0.0,0.0,0.0,0.0,3.5406880389046598,3.5406880389046598,0.0
2022-12-02 23:00:00,0.0,0.0,0.0,0.057877761101989125,1.7465658896563196,14.715470238766585,0.0,0.0,0.0,14.715470238766585,0.0,0.0,0.0,0.0,3.7690737049662606,3.7690737049662606,0.0
2022-12-03 00:00:00,0.0,0.0,0.0,0.1364395781257809,4.163656359635076,15.243450871325148,0.0,0.0,0.0,15.243450871325148,0.0,0.0,0.0,0.0,4.263131043120548,4.263131043120548,0.0
2022-12-03 01:00:00,0.0,0.0,0.0,0.21103377545402402,6.414519300621953,15.318045068653392,0.0,0.0,0.0,15.318045068653392,0.0,0.0,0.0,0.0,4.696622056755103,4.696622056755103,0.0
2022-12-03 02:00:00,0.0,0.0,0.0,0.39557636963421555,12.053715381637375,15.502587662833584,0.0,0.0,0.0,15.502587662833584,0.0,0.0,0.0,0.0,5.7309107804992525,5.7309107804992525,0.0
2022-12-03 03:00:00,0.0,0.0,0.0,0.566075331936834,17.169904848162872,15.6730866251362,0.0,0.0,0.0,15.6730866251362,0.0,0.0,0.0,0.0,6.676823774609382,6.676823774609382,0.0
2022-12-03 04:00:00,0.0,0.0,0.0,0.495802377974684,15.071679297354633,15.60281367117405,0.0,0.0,0.0,15.60281367117405,0.0,0.0,0.0,0.0,6.381415508594413,6.381415508594413,0.0
2022-12-03 05:00:00,0.0,0.0,0.0,0.5813771579917598,17.65241096086637,15.688388451191129,0.0,0.0,0.0,15.688388451191129,0.0,0.0,0.0,0.0,7.0025254725113175,7.0025254725113175,0.0
2022-12-03 06:00:00,0.0,0.0,0.0,8.171766461472032,260.9848730150681,23.2787777546714,0.0,0.0,0.0,23.2787777546714,0.0,0.0,0.0,0.0,52.78498782305508,52.78498782305508,0.0
2022-12-03 07:00:00,0.0,0.0,0.0,8.171766461472032,206.47877589009047,19.064424357991378,0.0,0.0,0.0,19.064424357991378,0.0,0.0,0.0,0.0,41.94936774318887,41.94936774318887,0.0
2022-12-03 08:00:00,0.0,0.0,0.0,8.171766461472032,166.370547574922,32.706898309561794,0.0,0.0,0.0,32.706898309561794,0.0,0.0,0.0,0.0,38.29501798751764,38.29501798751764,0.0
2022-12-03 09:00:00,0.0,0.0,0.0,8.171766461472032,131.54466331919926,49.09918831618329,0.0,0.0,0.0,49.09918831618329,0.0,0.0,0.0,0.0,36.36355450425338,36.36355450425338,0.0
2022-12-03 10:00:00,0.0,0.0,0.0,8.171766461472032,116.28161197954803,49.09918831618329,0.0,0.0,0.0,49.09918831618329,0.0,0.0,0.0,0.0,33.76862525742263,33.76862525742263,0.0
2022-12-03 11:00:00,0.0,0.0,0.0,8.171766461472032,97.37340315906545,49.09918831618329,0.0,0.0,0.0,49.09918831618329,0.0,0.0,0.0,0.0,30.282198784615804,30.282198784615804,0.0
2022-12-03 12:00:00,0.0,0.0,0.0,8.171766461472032,83.1697214593854,49.09918831618329,0.0,0.0,0.0,49.09918831618329,0.0,0.0,0.0,0.0,27.676211816184214,27.676211816184214,0.0
2022-12-03 13:00:00,0.0,0.0,0.0,8.171766461472032,72.81237730060731,49.09918831618329,0.0,0.0,0.0,49.09918831618329,0.0,0.0,0.0,0.0,25.896800298924937,25.896800298924937,0.0
2022-12-03 14:00:00,0.0,0.0,0.0,8.171766461472032,70.20503752357882,49.09918831618329,0.0,0.0,0.0,49.09918831618329,0.0,0.0,0.0,0.0,25.51572623129909,25.51572623129909,0.0
2022-12-03 15:00:00,0.0,0.0,0.0,8.171766461472032,65.30137461814186,49.09918831618329,0.0,0.0,0.0,49.09918831618329,0.0,0.0,0.0,0.0,24.61661696234579,24.61661696234579,0.0
2022-12-03 16:00:00,0.0,0.0,0.0,8.171766461472034,68.88424310134201,58.67002930618331,0.0,0.0,0.0,58.67002930618331,0.0,0.0,0.0,0.0,27.575292775332635,27.575292775332635,0.0
2022-12-03 17:00:00,0.0,0.0,0.0,8.171766461472034,77.84664250353286,60.58419750418331,0.0,0.0,0.0,60.58419750418331,0.0,0.0,0.0,0.0,28.986675423581293,28.986675423581293,0.0
2022-12-03 18:00:00,0.0,0.0,0.0,8.171766461472032,85.1986432084003,48.73939881475194,0.0,0.0,0.0,48.73939881475194,0.0,0.0,0.0,0.0,27.469337780828923,27.469337780828923,0.0
2022-12-03 19:00:00,0.0,0.0,0.0,8.171766461472032,95.50085730262994,48.73939881475194,0.0,0.0,0.0,48.73939881475194,0.0,0.0,0.0,0.0,29.50459147042075,29.50459147042075,0.0
2022-12-03 20:00:00,0.0,0.0,0.0,8.171766461472032,102.0603279654495,44.191907497561786,0.0,0.0,0.0,44.191907497561786,0.0,0.0,0.0,0.0,29.60605184826951,29.60605184826951,0.0
2022-12-03 21:00:00,0.0,0.0,0.0,0.0,0.0,22.37766708451935,0.0,0.0,0.0,22.37766708451935,0.0,0.0,0.0,0.0,5.6501371621702905,5.6501371621702905,0.0
2022-12-03 22:00:00,0.0,0.0,0.0,0.0,0.0,15.107011293199369,0.0,0.0,0.0,15.107011293199369,0.0,0.0,0.0,0.0,3.6487964376464435,3.6487964376464435,0.0
2022-12-03 23:00:00,0.0,0.0,0.0,0.0,0.0,15.107011293199369,0.0,0.0,0.0,15.107011293199369,0.0,0.0,0.0,0.0,3.537004554076768,3.537004554076768,0.0
2022-12-04 00:00:00,0.0,0.0,0.0,0.0,0.0,15.107011293199369,0.0,0.0,0.0,15.107011293199369,0.0,0.0,0.0,0.0,3.5232571737999567,3.5232571737999567,0.0
2022-12-04 01:00:00,0.0,0.0,0.0,0.0,0.0,15.107011293199369,0.0,0.0,0.0,15.107011293199369,0.0,0.0,0.0,0.0,3.5386663253190203,3.5386663253190203,0.0
2022-12-04 02:00:00,0.0,0.0,0.0,0.0,0.0,15.107011293199369,0.0,0.0,0.0,15.107011293199369,0.0,0.0,0.0,0.0,3.5277892771879165,3.5277892771879165,0.0
2022-12-04 03:00:00,0.0,0.0,0.0,0.0,0.0,15.107011293199369,0.0,0.0,0.0,15.107011293199369,0.0,0.0,0.0,0.0,3.5546797572898114,3.5546797572898114,0.0
2022-12-04 04:00:00,0.0,0.0,0.0,0.0,0.0,15.107011293199369,0.0,0.0,0.0,15.107011293199369,0.0,0.0,0.0,0.0,3.612539610542765,3.612539610542765,0.0
2022-12-04 05:00:00,0.0,0.0,0.0,0.0,0.0,15.107011293199369,0.0,0.0,0.0,15.107011293199369,0.0,0.0,0.0,0.0,3.780076365784346,3.780076365784346,0.0
2022-12-04 06:00:00,0.0,0.0,0.0,8.171766461472032,189.67352289713173,23.2787777546714,0.0,0.0,0.0,23.2787777546714,0.0,0.0,0.0,0.0,40.03683529972882,40.03683529972882,0.0
2022-12-04 07:00:00,0.0,0.0,0.0,8.171766461472032,150.39062538805697,19.064424357991378,0.0,0.0,0.0,19.064424357991378,0.0,0.0,0.0,0.0,31.793861033713057,31.793861033713057,0.0
2022-12-04 08:00:00,0.0,0.0,0.0,8.171766461472032,138.3613470478696,32.706898309561794,0.0,0.0,0.0,32.706898309561794,0.0,0.0,0.0,0.0,33.268630351702974,33.268630351702974,0.0
2022-12-04 09:00:00,0.0,0.0,0.0,8.171766461472032,111.07554767828162,49.09918831618329,0.0,0.0,0.0,49.09918831618329,0.0,0.0,0.0,0.0,32.982496724079176,32.982496724079176,0.0
2022-12-04 10:00:00,0.0,0.0,0.0,8.171766461472032,88.85061581581753,49.09918831618329,0.0,0.0,0.0,49.09918831618329,0.0,0.0,0.0,0.0,28.99463631127222,28.99463631127222,0.0
2022-12-04 11:00:00,0.0,0.0,0.0,8.171766461472032,70.2547207386956,49.09918831618329,0.0,0.0,0.0,49.09918831618329,0.0,0.0,0.0,0.0,26.040213192075406,26.040213192075406,0.0
2022-12-04 12:00:00,0.0,0.0,0.0,8.171766461472032,61.51302855443458,49.09918831618329,0.0,0.0,0.0,49.09918831618329,0.0,0.0,0.0,0.0,24.55808337637629,24.55808337637629,0.0
2022-12-04 13:00:00,0.0,0.0,0.0,8.171766461472032,58.43097635750502,49.09918831618329,0.0,0.0,0.0,49.09918831618329,0.0,0.0,0.0,0.0,24.051275806541994,24.051275806541994,0.0
2022-12-04 14:00:00,0.0,0.0,0.0,8.171766461472032,59.852499518655854,49.09918831618329,0.0,0.0,0.0,49.09918831618329,0.0,0.0,0.0,0.0,24.287090973172987,24.287090973172987,0.0
2022-12-04 15:00:00,0.0,0.0,0.0,8.171766461472032,62.82636206589747,49.09918831618329,0.0,0.0,0.0,49.09918831618329,0.0,0.0,0.0,0.0,24.80977036736556,24.80977036736556,0.0
2022-12-04 16:00:00,0.0,0.0,0.0,8.171766461472032,75.89642505043939,58.67002930618331,0.0,0.0,0.0,58.67002930618331,0.0,0.0,0.0,0.0,29.531318785523112,29.531318785523112,0.0
2022-12-04 17:00:00,0.0,0.0,0.0,8.171766461472032,88.70444813480427,60.58419750418331,0.0,0.0,0.0,60.58419750418331,0.0,0.0,0.0,0.0,31.929150243200418,31.929150243200418,0.0
2022-12-04 18:00:00,0.0,0.0,0.0,8.171766461472032,96.60419864721948,48.73939881475194,0.0,0.0,0.0,48.73939881475194,0.0,0.0,0.0,0.0,30.024441174614566,30.024441174614566,0.0
2022-12-04 19:00:00,0.0,0.0,0.0,8.171766461472032,107.51687225964997,48.73939881475194,0.0,0.0,0.0,48.73939881475194,0.0,0.0,0.0,0.0,32.37723819221033,32.37723819221033,0.0
2022-12-04 20:00:00,0.0,0.0,0.0,8.171766461472032,117.48830260285607,44.191907497561786,0.0,0.0,0.0,44.191907497561786,0.0,0.0,0.0,0.0,32.897816954901614,32.897816954901614,0.0
2022-12-04 21:00:00,0.0,0.0,0.0,0.0,0.0,22.37766708451935,0.0,0.0,0.0,22.37766708451935,0.0,0.0,0.0,0.0,5.858473242727166,5.858473242727166,0.0
2022-12-04 22:00:00,0.0,0.0,0.0,0.0,0.0,15.107011293199369,0.0,0.0,0.0,15.107011293199369,0.0,0.0,0.0,0.0,3.823735628421692,3.823735628421692,0.0
2022-12-04 23:00:00,0.0,0.0,0.0,0.0,0.0,15.107011293199369,0.0,0.0,0.0,15.107011293199369,0.0,0.0,0.0,0.0,3.7761485428481145,3.7761485428481145,0.0
2022-12-05 00:00:00,0.0,0.0,0.0,0.0,0.0,15.107011293199369,0.0,0.0,0.0,15.107011293199369,0.0,0.0,0.0,0.0,3.7297700181779923,3.7297700181779923,0.0
2022-12-05 01:00:00,0.0,0.0,0.0,0.0,0.0,15.107011293199369,0.0,0.0,0.0,15.107011293199369,0.0,0.0,0.0,0.0,3.78264455770419,3.78264455770419,0.0
2022-12-05 02:00:00,0.0,0.0,0.0,0.0,0.0,15.107011293199369,0.0,0.0,0.0,15.107011293199369,0.0,0.0,0.0,0.0,3.7734292808153382,3.7734292808153382,0.0
2022-12-05 03:00:00,0.0,0.0,0.0,0.018738038802077184,0.5668338250197648,15.125749332001446,0.0,0.0,0.0,15.125749332001446,0.0,0.0,0.0,0.0,3.89166390256938,3.89166390256938,0.0
2022-12-05 04:00:00,0.0,0.0,0.0,0.0425458122479569,1.2823175360771406,15.149557105447323,0.0,0.0,0.0,15.149557105447323,0.0,0.0,0.0,0.0,4.0622047953664655,4.0622047953664655,0.0
2022-12-05 05:00:00,0.0,0.0,0.0,0.0928617916667447,2.8256787035124757,15.199873084866109,0.0,0.0,0.0,15.199873084866109,0.0,0.0,0.0,0.0,4.4320038626608405,4.4320038626608405,0.0
2022-12-05 06:00:00,0.0,0.0,0.0,8.171766461472032,235.26770163273696,23.2787777546714,0.0,0.0,0.0,23.2787777546714,0.0,0.0,0.0,0.0,48.30335185562779,48.30335185562779,0.0
2022-12-05 07:00:00,0.0,0.0,0.0,8.171766461472032,187.9410800335443,19.064424357991378,0.0,0.0,0.0,19.064424357991378,0.0,0.0,0.0,0.0,38.68504596124043,38.68504596124043,0.0
2022-12-05 08:00:00,0.0,0.0,0.0,8.171766461472032,157.27790886543033,32.706898309561794,0.0,0.0,0.0,32.706898309561794,0.0,0.0,0.0,0.0,36.77530238739825,36.77530238739825,0.0
2022-12-05 09:00:00,0.0,0.0,0.0,8.171766461472032,118.99213290068808,49.09918831618329,0.0,0.0,0.0,49.09918831618329,0.0,0.0,0.0,0.0,34.26156559057546,34.26156559057546,0.0
2022-12-05 10:00:00,0.0,0.0,0.0,8.171766461472032,96.6345155677203,49.09918831618329,0.0,0.0,0.0,49.09918831618329,0.0,0.0,0.0,0.0,30.366671172049664,30.366671172049664,0.0
2022-12-05 11:00:00,0.0,0.0,0.0,8.171766461472032,75.41869547503845,49.09918831618329,0.0,0.0,0.0,49.09918831618329,0.0,0.0,0.0,0.0,26.445118658738252,26.445118658738252,0.0
2022-12-05 12:00:00,0.0,0.0,0.0,8.171766461472032,66.28703950344034,49.09918831618329,0.0,0.0,0.0,49.09918831618329,0.0,0.0,0.0,0.0,24.670356378566552,24.670356378566552,0.0
2022-12-05 13:00:00,0.0,0.0,0.0,8.171766461472032,57.817038940901966,49.09918831618329,0.0,0.0,0.0,49.09918831618329,0.0,0.0,0.0,0.0,23.29851873726566,23.29851873726566,0.0
2022-12-05 14:00:00,0.0,0.0,0.0,8.171766461472032,56.462230406134005,49.09918831618329,0.0,0.0,0.0,49.09918831618329,0.0,0.0,0.0,0.0,23.092882266419483,23.092882266419483,0.0
2022-12-05 15:00:00,0.0,0.0,0.0,8.171766461472032,62.34298705622933,49.09918831618329,0.0,0.0,0.0,49.09918831618329,0.0,0.0,0.0,0.0,24.316688209326667,24.316688209326667,0.0
2022-12-05 16:00:00,0.0,0.0,0.0,8.171766461472032,82.11837815332362,58.67002930618331,0.0,0.0,0.0,58.67002930618331,0.0,0.0,0.0,0.0,30.185157285323296,30.185157285323296,0.0
2022-12-05 17:00:00,0.0,0.0,0.0,8.171766461472032,98.64363857563148,60.58419750418331,0.0,0.0,0.0,60.58419750418331,0.0,0.0,0.0,0.0,33.200710709387906,33.200710709387906,0.0
2022-12-05 18:00:00,0.0,0.0,0.0,8.171766461472032,113.32267775763931,48.73939881475194,0.0,0.0,0.0,48.73939881475194,0.0,0.0,0.0,0.0,32.95857679968354,32.95857679968354,0.0
2022-12-05 19:00:00,0.0,0.0,0.0,8.171766461472032,127.91252930732256,48.73939881475194,0.0,0.0,0.0,48.73939881475194,0.0,0.0,0.0,0.0,35.931047950690875,35.931047950690875,0.0
2022-12-05 20:00:00,0.0,0.0,0.0,8.171766461472032,134.5854738556795,44.191907497561786,0.0,0.0,0.0,44.191907497561786,0.0,0.0,0.0,0.0,36.03008384633086,36.03008384633086,0.0
2022-12-05 21:00:00,0.0,0.0,0.0,0.0,0.0,22.37766708451935,0.0,0.0,0.0,22.37766708451935,0.0,0.0,0.0,0.0,5.792011571486143,5.792011571486143,0.0
2022-12-05 22:00:00,0.0,0.0,0.0,0.0,0.0,15.107011293199369,0.0,0.0,0.0,15.107011293199369,0.0,0.0,0.0,0.0,3.852892160217567,3.852892160217567,0.0
2022-12-05 23:00:00,0.0,0.0,0.0,0.0,0.0,15.107011293199369,0.0,0.0,0.0,15.107011293199369,0.0,0.0,0.0,0.0,3.820865296275984,3.820865296275984,0.0
2022-12-06 00:00:00,0.0,0.0,0.0,0.0,0.0,15.107011293199369,0.0,0.0,0.0,15.107011293199369,0.0,0.0,0.0,0.0,3.722971863096052,3.722971863096052,0.0
2022-12-06 01:00:00,0.0,0.0,0.0,0.02718859488616166,0.8205538350398793,15.134199888085528,0.0,0.0,0.0,15.134199888085528,0.0,0.0,0.0,0.0,3.879532066207493,3.879532066207493,0.0
2022-12-06 02:00:00,0.0,0.0,0.0,0.032286249213912925,0.9750415294746664,15.13929754241328,0.0,0.0,0.0,15.13929754241328,0.0,0.0,0.0,0.0,3.953114153945127,3.953114153945127,0.0
2022-12-06 03:00:00,0.0,0.0,0.0,0.060357533325418135,1.820330876480639,15.16736882652478,0.0,0.0,0.0,15.16736882652478,0.0,0.0,0.0,0.0,4.112313197732857,4.112313197732857,0.0
2022-12-06 04:00:00,0.0,0.0,0.0,0.08924535220824086,2.7114937608734966,15.196256645407608,0.0,0.0,0.0,15.196256645407608,0.0,0.0,0.0,0.0,4.401697548409915,4.401697548409915,0.0
2022-12-06 05:00:00,0.0,0.0,0.0,0.11924774264800742,3.6257855592658763,15.226259035847376,0.0,0.0,0.0,15.226259035847376,0.0,0.0,0.0,0.0,4.660984620037925,4.660984620037925,0.0
2022-12-06 06:00:00,0.0,0.0,0.0,8.171766461472032,220.94237735551022,23.2787777546714,0.0,0.0,0.0,23.2787777546714,0.0,0.0,0.0,0.0,46.04881023684547,46.04881023684547,0.0
2022-12-06 07:00:00,0.0,0.0,0.0,8.171766461472032,167.26989567881498,19.064424357991378,0.0,0.0,0.0,19.064424357991378,0.0,0.0,0.0,0.0,35.28804844896439,35.28804844896439,0.0
2022-12-06 08:00:00,0.0,0.0,0.0,8.171766461472032,138.07703113114138,32.706898309561794,0.0,0.0,0.0,32.706898309561794,0.0,0.0,0.0,0.0,33.98834074631267,33.98834074631267,0.0
2022-12-06 09:00:00,0.0,0.0,0.0,8.171766461472032,104.7851654298661,49.09918831618329,0.0,0.0,0.0,49.09918831618329,0.0,0.0,0.0,0.0,32.82060174831527,32.82060174831527,0.0
2022-12-06 10:00:00,0.0,0.0,0.0,8.171766461472032,84.0386130136674,49.09918831618329,0.0,0.0,0.0,49.09918831618329,0.0,0.0,0.0,0.0,29.148023355345092,29.148023355345092,0.0
2022-12-06 11:00:00,0.0,0.0,0.0,8.171766461472032,66.2658299366946,49.09918831618329,0.0,0.0,0.0,49.09918831618329,0.0,0.0,0.0,0.0,25.786981064666065,25.786981064666065,0.0
2022-12-06 12:00:00,0.0,0.0,0.0,8.171766461472032,52.96766532461467,49.09918831618329,0.0,0.0,0.0,49.09918831618329,0.0,0.0,0.0,0.0,23.498695266041928,23.498695266041928,0.0
2022-12-06 13:00:00,0.0,0.0,0.0,8.171766461472032,48.96333551076825,49.09918831618329,0.0,0.0,0.0,49.09918831618329,0.0,0.0,0.0,0.0,22.9966964046922,22.9966964046922,0.0
2022-12-06 14:00:00,0.0,0.0,0.0,8.171766461472032,48.213713994847765,49.09918831618329,0.0,0.0,0.0,49.09918831618329,0.0,0.0,0.0,0.0,22.87498352116586,22.87498352116586,0.0
2022-12-06 15:00:00,0.0,0.0,0.0,8.171766461472032,46.52843520111533,49.09918831618329,0.0,0.0,0.0,49.09918831618329,0.0,0.0,0.0,0.0,21.948479676721135,21.948479676721135,0.0
2022-12-06 16:00:00,0.0,0.0,0.0,8.171766461472032,54.757963969559654,58.67002930618331,0.0,0.0,0.0,58.67002930618331,0.0,0.0,0.0,0.0,26.096124699351847,26.096124699351847,0.0
2022-12-06 17:00:00,0.0,0.0,0.0,8.171766461472032,64.82618697691352,60.58419750418331,0.0,0.0,0.0,60.58419750418331,0.0,0.0,0.0,0.0,28.049102080082275,28.049102080082275,0.0
2022-12-06 18:00:00,0.0,0.0,0.0,8.171766461472034,68.98575240736203,48.73939881475194,0.0,0.0,0.0,48.73939881475194,0.0,0.0,0.0,0.0,25.80865135548216,25.80865135548216,0.0
2022-12-06 19:00:00,0.0,0.0,0.0,8.171766461472032,74.9041849166336,48.73939881475194,0.0,0.0,0.0,48.73939881475194,0.0,0.0,0.0,0.0,27.13502336335274,27.13502336335274,0.0
2022-12-06 20:00:00,0.0,0.0,0.0,8.171766461472032,78.26955751911186,44.191907497561786,0.0,0.0,0.0,44.191907497561786,0.0,0.0,0.0,0.0,26.29296806591531,26.29296806591531,0.0
2022-12-06 21:00:00,0.0,0.0,0.0,0.0,0.0,22.37766708451935,0.0,0.0,0.0,22.37766708451935,0.0,0.0,0.0,0.0,6.033466599328107,6.033466599328107,0.0
2022-12-06 22:00:00,0.0,0.0,0.0,0.0,0.0,15.107011293199369,0.0,0.0,0.0,15.107011293199369,0.0,0.0,0.0,0.0,3.940663895831056,3.940663895831056,0.0
2022-12-06 23:00:00,0.0,0.0,0.0,0.0,0.0,15.107011293199369,0.0,0.0,0.0,15.107011293199369,0.0,0.0,0.0,0.0,3.8951917918385246,3.8951917918385246,0.0
2022-12-07 00:00:00,0.0,0.0,0.0,0.0,0.0,15.107011293199369,0.0,0.0,0.0,15.107011293199369,0.0,0.0,0.0,0.0,3.8917171792410894,3.8917171792410894,0.0
2022-12-07 01:00:00,0.0,0.0,0.0,0.0,0.0,15.107011293199369,0.0,0.0,0.0,15.107011293199369,0.0,0.0,0.0,0.0,3.8466982855873555,3.8466982855873555,0.0
2022-12-07 02:00:00,0.0,0.0,0.0,0.0,0.0,15.107011293199369,0.0,0.0,0.0,15.107011293199369,0.0,0.0,0.0,0.0,3.8480579166037434,3.8480579166037434,0.0
2022-12-07 03:00:00,0.0,0.0,0.0,0.0,0.0,15.107011293199369,0.0,0.0,0.0,15.107011293199369,0.0,0.0,0.0,0.0,3.8454897246838993,3.8454897246838993,0.0
2022-12-07 04:00:00,0.0,0.0,0.0,0.0,0.0,15.107011293199369,0.0,0.0,0.0,15.107011293199369,0.0,0.0,0.0,0.0,3.9057666997437654,3.9057666997437654,0.0
2022-12-07 05:00:00,0.0,0.0,0.0,0.0,0.0,15.107011293199369,0.0,0.0,0.0,15.107011293199369,0.0,0.0,0.0,0.0,3.877214448399618,3.877214448399618,0.0
2022-12-07 06:00:00,0.0,0.0,0.0,8.171766461472032,152.95014079267997,23.2787777546714,0.0,0.0,0.0,23.2787777546714,0.0,0.0,0.0,0.0,33.58493313503607,33.58493313503607,0.0
2022-12-07 07:00:00,0.0,0.0,0.0,8.171766461472032,118.1551675074159,20.978592555991376,0.0,0.0,0.0,20.978592555991376,0.0,0.0,0.0,0.0,26.840556374382274,26.840556374382274,0.0
2022-12-07 08:00:00,0.0,0.0,0.0,8.171766461472032,99.33016104514627,32.706898309561794,0.0,0.0,0.0,32.706898309561794,0.0,0.0,0.0,0.0,26.61815968598512,26.61815968598512,0.0
2022-12-07 09:00:00,0.0,0.0,0.0,8.171766461472032,74.26927629360925,49.09918831618329,0.0,0.0,0.0,49.09918831618329,0.0,0.0,0.0,0.0,26.403629523754645,26.403629523754645,0.0
2022-12-07 10:00:00,0.0,0.0,0.0,8.171766461472032,59.36600192341989,49.09918831618329,0.0,0.0,0.0,49.09918831618329,0.0,0.0,0.0,0.0,23.505234356893503,23.505234356893503,0.0
2022-12-07 11:00:00,0.0,0.0,0.0,8.171766461472032,37.56343698180687,49.09918831618329,0.0,0.0,0.0,49.09918831618329,0.0,0.0,0.0,0.0,19.521245476269875,19.521245476269875,0.0
2022-12-07 12:00:00,0.0,0.0,0.0,8.171766461472032,30.26300470278058,49.09918831618329,0.0,0.0,0.0,49.09918831618329,0.0,0.0,0.0,0.0,18.073740820868867,18.073740820868867,0.0
2022-12-07 13:00:00,0.0,0.0,0.0,8.171766461472032,26.10296059297594,49.09918831618329,0.0,0.0,0.0,49.09918831618329,0.0,0.0,0.0,0.0,17.26973206524379,17.26973206524379,0.0
2022-12-07 14:00:00,0.0,0.0,0.0,8.171766461472032,18.268126314813752,49.09918831618329,0.0,0.0,0.0,49.09918831618329,0.0,0.0,0.0,0.0,16.509631154120257,16.509631154120257,0.0
2022-12-07 15:00:00,0.0,0.0,0.0,8.171766461472032,17.49979954751322,49.09918831618329,0.0,0.0,0.0,49.09918831618329,0.0,0.0,0.0,0.0,16.47980280767019,16.47980280767019,0.0
2022-12-07 16:00:00,0.0,0.0,0.0,8.171766461472032,28.913892164002625,58.67002930618331,0.0,0.0,0.0,58.67002930618331,0.0,0.0,0.0,0.0,21.07913468662056,21.07913468662056,0.0
2022-12-07 17:00:00,0.0,0.0,0.0,8.171766461472032,39.461874314169656,60.58419750418331,0.0,0.0,0.0,60.58419750418331,0.0,0.0,0.0,0.0,23.039982439608206,23.039982439608206,0.0
2022-12-07 18:00:00,0.0,0.0,0.0,8.171766461472032,51.63048179639789,48.73939881475194,0.0,0.0,0.0,48.73939881475194,0.0,0.0,0.0,0.0,22.181324493103553,22.181324493103553,0.0
2022-12-07 19:00:00,0.0,0.0,0.0,8.171766461472032,64.94560602184654,48.73939881475194,0.0,0.0,0.0,48.73939881475194,0.0,0.0,0.0,0.0,24.722011956416303,24.722011956416303,0.0
2022-12-07 20:00:00,0.0,0.0,0.0,8.171766461472032,66.31928172263207,44.191907497561786,0.0,0.0,0.0,44.191907497561786,0.0,0.0,0.0,0.0,23.938917023620448,23.938917023620448,0.0
2022-12-07 21:00:00,0.0,0.0,0.0,0.0,0.0,22.37766708451935,0.0,0.0,0.0,22.37766708451935,0.0,0.0,0.0,0.0,6.037942132745011,6.037942132745011,0.0
2022-12-07 22:00:00,0.0,0.0,0.0,0.0,0.0,15.107011293199369,0.0,0.0,0.0,15.107011293199369,0.0,0.0,0.0,0.0,4.058800724143874,4.058800724143874,0.0
2022-12-07 23:00:00,0.0,0.0,0.0,0.0,0.0,15.107011293199369,0.0,0.0,0.0,15.107011293199369,0.0,0.0,0.0,0.0,3.954864486446663,3.954864486446663,0.0
2022-12-08 00:00:00,0.0,0.0,0.0,0.0,0.0,14.657592477664597,0.0,0.0,0.0,14.657592477664597,0.0,0.0,0.0,0.0,3.8496700883338297,3.8496700883338297,0.0
2022-12-08 01:00:00,0.0,0.0,0.0,0.0,0.0,14.657592477664597,0.0,0.0,0.0,14.657592477664597,0.0,0.0,0.0,0.0,3.7527834020564663,3.7527834020564663,0.0
2022-12-08 02:00:00,0.0,0.0,0.0,0.0,0.0,14.657592477664597,0.0,0.0,0.0,14.657592477664597,0.0,0.0,0.0,0.0,3.7881081999276387,3.7881081999276387,0.0
2022-12-08 03:00:00,0.0,0.0,0.0,0.0,0.0,14.657592477664597,0.0,0.0,0.0,14.657592477664597,0.0,0.0,0.0,0.0,3.805550734976059,3.805550734976059,0.0
2022-12-08 04:00:00,0.0,0.0,0.0,0.0,0.0,14.657592477664597,0.0,0.0,0.0,14.657592477664597,0.0,0.0,0.0,0.0,3.8707770215016666,3.8707770215016666,0.0
2022-12-08 05:00:00,0.0,0.0,0.0,0.0,0.0,14.657592477664597,0.0,0.0,0.0,14.657592477664597,0.0,0.0,0.0,0.0,3.918853924828406,3.918853924828406,0.0
2022-12-08 06:00:00,0.0,0.0,0.0,8.171766461472032,176.58383517164862,22.829358939136633,0.0,0.0,0.0,22.829358939136633,0.0,0.0,0.0,0.0,38.00357828028359,38.00357828028359,0.0
2022-12-08 07:00:00,0.0,0.0,0.0,8.171766461472032,142.45610868675774,16.431101238801233,0.0,0.0,0.0,16.431101238801233,0.0,0.0,0.0,0.0,30.1185408993518,30.1185408993518,0.0
2022-12-08 08:00:00,0.0,0.0,0.0,8.171766461472032,128.26662527855478,23.611915675181518,0.0,0.0,0.0,23.611915675181518,0.0,0.0,0.0,0.0,29.44582819612656,29.44582819612656,0.0
2022-12-08 09:00:00,0.0,0.0,0.0,8.171766461472032,108.63485956338698,37.25438962675194,0.0,0.0,0.0,37.25438962675194,0.0,0.0,0.0,0.0,29.398263208345085,29.398263208345085,0.0
2022-12-08 10:00:00,0.0,0.0,0.0,8.171766461472032,94.64252703447062,49.09918831618329,0.0,0.0,0.0,49.09918831618329,0.0,0.0,0.0,0.0,29.870044092555354,29.870044092555354,0.0
2022-12-08 11:00:00,0.0,0.0,0.0,8.171766461472032,84.16769966783839,49.09918831618329,0.0,0.0,0.0,49.09918831618329,0.0,0.0,0.0,0.0,27.957533525709373,27.957533525709373,0.0
2022-12-08 12:00:00,0.0,0.0,0.0,8.171766461472034,80.28879891171665,49.09918831618329,0.0,0.0,0.0,49.09918831618329,0.0,0.0,0.0,0.0,27.37599190644749,27.37599190644749,0.0
2022-12-08 13:00:00,0.0,0.0,0.0,8.171766461472032,78.17423918238266,49.09918831618329,0.0,0.0,0.0,49.09918831618329,0.0,0.0,0.0,0.0,27.241742476855226,27.241742476855226,0.0
2022-12-08 14:00:00,0.0,0.0,0.0,8.171766461472032,77.1217654879843,49.09918831618329,0.0,0.0,0.0,49.09918831618329,0.0,0.0,0.0,0.0,27.173519147473627,27.173519147473627,0.0
2022-12-08 15:00:00,0.0,0.0,0.0,8.171766461472032,82.37340641815857,49.09918831618329,0.0,0.0,0.0,49.09918831618329,0.0,0.0,0.0,0.0,27.913844664578143,27.913844664578143,0.0
2022-12-08 16:00:00,0.0,0.0,0.0,8.171766461472032,90.2465538309494,58.67002930618331,0.0,0.0,0.0,58.67002930618331,0.0,0.0,0.0,0.0,32.00945936232006,32.00945936232006,0.0
2022-12-08 17:00:00,0.0,0.0,0.0,8.171766461472032,101.06274880008162,60.58419750418331,0.0,0.0,0.0,60.58419750418331,0.0,0.0,0.0,0.0,34.19061791425557,34.19061791425557,0.0
2022-12-08 18:00:00,0.0,0.0,0.0,8.171766461472032,121.78614754965442,44.191907497561786,0.0,0.0,0.0,44.191907497561786,0.0,0.0,0.0,0.0,33.72776943990071,33.72776943990071,0.0
2022-12-08 19:00:00,0.0,0.0,0.0,8.171766461472032,128.96996880226558,35.096924863181506,0.0,0.0,0.0,35.096924863181506,0.0,0.0,0.0,0.0,32.72780032905936,32.72780032905936,0.0
2022-12-08 20:00:00,0.0,0.0,0.0,8.171766461472032,135.012455295302,35.096924863181506,0.0,0.0,0.0,35.096924863181506,0.0,0.0,0.0,0.0,33.67922548670285,33.67922548670285,0.0
2022-12-08 21:00:00,0.0,0.0,0.0,8.171766461472032,144.53700729852437,26.001942228801234,0.0,0.0,0.0,26.001942228801234,0.0,0.0,0.0,0.0,32.91758294287954,32.91758294287954,0.0
2022-12-08 22:00:00,0.0,0.0,0.0,0.0,0.0,14.657592477664597,0.0,0.0,0.0,14.657592477664597,0.0,0.0,0.0,0.0,3.80335209610441,3.80335209610441,0.0
2022-12-08 23:00:00,0.0,0.0,0.0,0.0,0.0,14.657592477664597,0.0,0.0,0.0,14.657592477664597,0.0,0.0,0.0,0.0,3.6793488637433676,3.6793488637433676,0.0
2022-12-09 00:00:00,0.0,0.0,0.0,0.0,0.0,14.657592477664597,0.0,0.0,0.0,14.657592477664597,0.0,0.0,0.0,0.0,3.6816940785397936,3.6816940785397936,0.0
2022-12-09 01:00:00,0.0,0.0,0.0,0.0,0.0,14.657592477664597,0.0,0.0,0.0,14.657592477664597,0.0,0.0,0.0,0.0,3.70851747277392,3.70851747277392,0.0
2022-12-09 02:00:00,0.0,0.0,0.0,0.029103072913361047,0.8776684388512547,14.68669555057796,0.0,0.0,0.0,14.68669555057796,0.0,0.0,0.0,0.0,3.8645059219710296,3.8645059219710296,0.0
2022-12-09 03:00:00,0.0,0.0,0.0,0.07380995429380281,2.242921355815867,14.731402431958404,0.0,0.0,0.0,14.731402431958404,0.0,0.0,0.0,0.0,4.152538895804615,4.152538895804615,0.0
2022-12-09 04:00:00,0.0,0.0,0.0,0.1587703782883534,4.82089212610859,14.816362855952955,0.0,0.0,0.0,14.816362855952955,0.0,0.0,0.0,0.0,4.678179495751048,4.678179495751048,0.0
2022-12-09 05:00:00,0.0,0.0,0.0,0.18355697816330319,5.595228484495981,14.841149455827905,0.0,0.0,0.0,14.841149455827905,0.0,0.0,0.0,0.0,4.953388023022398,4.953388023022398,0.0
2022-12-09 06:00:00,0.0,0.0,0.0,0.3490543359317909,10.6256449002706,15.00664681359639,0.0,0.0,0.0,15.00664681359639,0.0,0.0,0.0,0.0,5.909121678067226,5.909121678067226,0.0
2022-12-09 07:00:00,0.0,0.0,0.0,0.4120843350683335,12.529093511981332,5.498835822732933,0.0,0.0,0.0,5.498835822732933,0.0,0.0,0.0,0.0,3.768103314939516,3.768103314939516,0.0
2022-12-09 08:00:00,0.0,0.0,0.0,8.171766461472032,243.0589090935055,14.516933040801234,0.0,0.0,0.0,14.516933040801234,0.0,0.0,0.0,0.0,47.866649038161405,47.866649038161405,0.0
2022-12-09 09:00:00,0.0,0.0,0.0,8.171766461472032,184.0170248980605,14.516933040801234,0.0,0.0,0.0,14.516933040801234,0.0,0.0,0.0,0.0,37.254134335556024,37.254134335556024,0.0
2022-12-09 10:00:00,0.0,0.0,0.0,8.171766461472032,156.33130803012529,28.15940699237166,0.0,0.0,0.0,28.15940699237166,0.0,0.0,0.0,0.0,35.97892942876106,35.97892942876106,0.0
2022-12-09 11:00:00,0.0,0.0,0.0,8.171766461472032,149.21769864889953,28.15940699237166,0.0,0.0,0.0,28.15940699237166,0.0,0.0,0.0,0.0,34.704879371490414,34.704879371490414,0.0
2022-12-09 12:00:00,0.0,0.0,0.0,8.171766461472032,134.3073742668339,37.25438962675194,0.0,0.0,0.0,37.25438962675194,0.0,0.0,0.0,0.0,34.5835239393588,34.5835239393588,0.0
2022-12-09 13:00:00,0.0,0.0,0.0,8.171766461472032,129.9528957230629,37.25438962675194,0.0,0.0,0.0,37.25438962675194,0.0,0.0,0.0,0.0,33.64712782072039,33.64712782072039,0.0
2022-12-09 14:00:00,0.0,0.0,0.0,8.171766461472032,129.1442756892945,37.25438962675194,0.0,0.0,0.0,37.25438962675194,0.0,0.0,0.0,0.0,33.45384983005569,33.45384983005569,0.0
2022-12-09 15:00:00,0.0,0.0,0.0,8.171766461472032,128.8746133552905,37.25438962675194,0.0,0.0,0.0,37.25438962675194,0.0,0.0,0.0,0.0,33.21418199636156,33.21418199636156,0.0
2022-12-09 16:00:00,0.0,0.0,0.0,8.171766461472032,130.65560595493122,46.82523061675194,0.0,0.0,0.0,46.82523061675194,0.0,0.0,0.0,0.0,35.885988589272415,35.885988589272415,0.0
2022-12-09 17:00:00,0.0,0.0,0.0,8.171766461472032,165.40203559687228,39.64441618037165,0.0,0.0,0.0,39.64441618037165,0.0,0.0,0.0,0.0,40.16992070906656,40.16992070906656,0.0
2022-12-09 18:00:00,0.0,0.0,0.0,8.171766461472032,181.58861287392926,30.549433545991374,0.0,0.0,0.0,30.549433545991374,0.0,0.0,0.0,0.0,40.757405953814924,40.757405953814924,0.0
2022-12-09 19:00:00,0.0,0.0,0.0,0.0,0.0,14.657592477664597,0.0,0.0,0.0,14.657592477664597,0.0,0.0,0.0,0.0,3.9338046691556245,3.9338046691556245,0.0
2022-12-09 20:00:00,0.0,0.0,0.0,0.0,0.0,14.657592477664597,0.0,0.0,0.0,14.657592477664597,0.0,0.0,0.0,0.0,3.8089219812459225,3.8089219812459225,0.0
2022-12-09 21:00:00,0.0,0.0,0.0,0.05976983229359872,1.8003155630264984,14.717362309958197,0.0,0.0,0.0,14.717362309958197,0.0,0.0,0.0,0.0,4.076780604455456,4.076780604455456,0.0
2022-12-09 22:00:00,0.0,0.0,0.0,0.13761231878431066,4.194562178736036,14.795204796448912,0.0,0.0,0.0,14.795204796448912,0.0,0.0,0.0,0.0,4.4168978923896764,4.4168978923896764,0.0
2022-12-09 23:00:00,0.0,0.0,0.0,0.20298151899503847,6.16403180194281,14.860573996659635,0.0,0.0,0.0,14.860573996659635,0.0,0.0,0.0,0.0,4.778614986859035,4.778614986859035,0.0
2022-12-10 00:00:00,0.0,0.0,0.0,0.2997412453632506,9.138392202611115,15.406752538562616,0.0,0.0,0.0,15.406752538562616,0.0,0.0,0.0,0.0,5.262876796488625,5.262876796488625,0.0
2022-12-10 01:00:00,0.0,0.0,0.0,0.5932196852387968,17.99689190338282,15.700230978438162,0.0,0.0,0.0,15.700230978438162,0.0,0.0,0.0,0.0,6.859251080534105,6.859251080534105,0.0
2022-12-10 02:00:00,0.0,0.0,0.0,0.6586152010642972,19.975119444351602,15.765626494263662,0.0,0.0,0.0,15.765626494263662,0.0,0.0,0.0,0.0,7.323680287479993,7.323680287479993,0.0
2022-12-10 03:00:00,0.0,0.0,0.0,0.8077172915917148,24.444304934425478,15.914728584791082,0.0,0.0,0.0,15.914728584791082,0.0,0.0,0.0,0.0,8.176339993818221,8.176339993818221,0.0
2022-12-10 04:00:00,0.0,0.0,0.0,0.8243970807178218,24.973181053039685,15.931408373917188,0.0,0.0,0.0,15.931408373917188,0.0,0.0,0.0,0.0,8.270582234173435,8.270582234173435,0.0
2022-12-10 05:00:00,0.0,0.0,0.0,0.9465182514221426,28.65811221258269,16.053529544621508,0.0,0.0,0.0,16.053529544621508,0.0,0.0,0.0,0.0,9.07295279815844,9.07295279815844,0.0
2022-12-10 06:00:00,0.0,0.0,0.0,8.171766461472032,283.04493626056535,23.2787777546714,0.0,0.0,0.0,23.2787777546714,0.0,0.0,0.0,0.0,56.80672793022596,56.80672793022596,0.0
2022-12-10 07:00:00,0.0,0.0,0.0,8.171766461472032,230.79739836470483,20.978592555991376,0.0,0.0,0.0,20.978592555991376,0.0,0.0,0.0,0.0,46.879743729085725,46.879743729085725,0.0
2022-12-10 08:00:00,0.0,0.0,0.0,8.171766461472032,195.67520229186192,32.706898309561794,0.0,0.0,0.0,32.706898309561794,0.0,0.0,0.0,0.0,43.58114527432054,43.58114527432054,0.0
2022-12-10 09:00:00,0.0,0.0,0.0,8.171766461472032,156.85546015170797,49.09918831618329,0.0,0.0,0.0,49.09918831618329,0.0,0.0,0.0,0.0,41.1215896357645,41.1215896357645,0.0
2022-12-10 10:00:00,0.0,0.0,0.0,8.171766461472032,134.2140532178593,49.09918831618329,0.0,0.0,0.0,49.09918831618329,0.0,0.0,0.0,0.0,37.02781022524658,37.02781022524658,0.0
2022-12-10 11:00:00,0.0,0.0,0.0,8.171766461472032,110.8659101669775,49.09918831618329,0.0,0.0,0.0,49.09918831618329,0.0,0.0,0.0,0.0,32.85882782380131,32.85882782380131,0.0
2022-12-10 12:00:00,0.0,0.0,0.0,8.171766461472032,97.86911701375365,49.09918831618329,0.0,0.0,0.0,49.09918831618329,0.0,0.0,0.0,0.0,30.6252950730301,30.6252950730301,0.0
2022-12-10 13:00:00,0.0,0.0,0.0,8.171766461472032,89.32829807563029,49.09918831618329,0.0,0.0,0.0,49.09918831618329,0.0,0.0,0.0,0.0,28.998647555479327,28.998647555479327,0.0
2022-12-10 14:00:00,0.0,0.0,0.0,8.171766461472032,85.67556870033323,49.09918831618329,0.0,0.0,0.0,49.09918831618329,0.0,0.0,0.0,0.0,28.388107339587123,28.388107339587123,0.0
2022-12-10 15:00:00,0.0,0.0,0.0,8.171766461472032,87.3573888123204,49.09918831618329,0.0,0.0,0.0,49.09918831618329,0.0,0.0,0.0,0.0,28.379139901411186,28.379139901411186,0.0
2022-12-10 16:00:00,0.0,0.0,0.0,8.171766461472034,105.63917825431298,58.67002930618331,0.0,0.0,0.0,58.67002930618331,0.0,0.0,0.0,0.0,33.84042719429988,33.84042719429988,0.0
2022-12-10 17:00:00,0.0,0.0,0.0,8.171766461472032,126.20496309156466,60.58419750418331,0.0,0.0,0.0,60.58419750418331,0.0,0.0,0.0,0.0,37.96926917005244,37.96926917005244,0.0
2022-12-10 18:00:00,0.0,0.0,0.0,8.171766461472032,139.45590953196765,48.73939881475194,0.0,0.0,0.0,48.73939881475194,0.0,0.0,0.0,0.0,37.379725307749524,37.379725307749524,0.0
2022-12-10 19:00:00,0.0,0.0,0.0,8.171766461472032,152.67093178104793,48.73939881475194,0.0,0.0,0.0,48.73939881475194,0.0,0.0,0.0,0.0,39.914086824478865,39.914086824478865,0.0
2022-12-10 20:00:00,0.0,0.0,0.0,8.171766461472032,154.08596636622806,44.191907497561786,0.0,0.0,0.0,44.191907497561786,0.0,0.0,0.0,0.0,39.15005721696674,39.15005721696674,0.0
2022-12-10 21:00:00,0.0,0.0,0.0,0.0,0.0,22.37766708451935,0.0,0.0,0.0,22.37766708451935,0.0,0.0,0.0,0.0,5.618360874910273,5.618360874910273,0.0
2022-12-10 22:00:00,0.0,0.0,0.0,0.0,0.0,15.107011293199369,0.0,0.0,0.0,15.107011293199369,0.0,0.0,0.0,0.0,3.6450196848231435,3.6450196848231435,0.0
2022-12-10 23:00:00,0.0,0.0,0.0,0.011502341910548058,0.349665716368236,15.118513635109915,0.0,0.0,0.0,15.118513635109915,0.0,0.0,0.0,0.0,3.7069727985047947,3.7069727985047947,0.0
2022-12-11 00:00:00,0.0,0.0,0.0,0.04227524364368322,1.2734244602759859,15.149286536843048,0.0,0.0,0.0,15.149286536843048,0.0,0.0,0.0,0.0,3.7171008407954496,3.7171008407954496,0.0
2022-12-11 01:00:00,0.0,0.0,0.0,0.08930272668790422,2.7090626628208816,15.19631401988727,0.0,0.0,0.0,15.19631401988727,0.0,0.0,0.0,0.0,4.191869396654487,4.191869396654487,0.0
2022-12-11 02:00:00,0.0,0.0,0.0,0.17394835512369042,5.28748489592924,15.280959648323057,0.0,0.0,0.0,15.280959648323057,0.0,0.0,0.0,0.0,4.648019555283802,4.648019555283802,0.0
2022-12-11 03:00:00,0.0,0.0,0.0,0.21655165047750127,6.6000981095435565,15.323562943676869,0.0,0.0,0.0,15.323562943676869,0.0,0.0,0.0,0.0,5.0501947308946775,5.0501947308946775,0.0
2022-12-11 04:00:00,0.0,0.0,0.0,0.4696847772098142,14.265807056432124,15.576696070409179,0.0,0.0,0.0,15.576696070409179,0.0,0.0,0.0,0.0,6.567258116443622,6.567258116443622,0.0
2022-12-11 05:00:00,0.0,0.0,0.0,0.5969915571545381,18.120262611219392,15.704002850353904,0.0,0.0,0.0,15.704002850353904,0.0,0.0,0.0,0.0,7.3719842529204715,7.3719842529204715,0.0
2022-12-11 06:00:00,0.0,0.0,0.0,8.171766461472032,269.9424015190592,23.2787777546714,0.0,0.0,0.0,23.2787777546714,0.0,0.0,0.0,0.0,54.870819303629055,54.870819303629055,0.0
2022-12-11 07:00:00,0.0,0.0,0.0,8.171766461472032,218.71771089597567,20.978592555991376,0.0,0.0,0.0,20.978592555991376,0.0,0.0,0.0,0.0,45.05681178103929,45.05681178103929,0.0
2022-12-11 08:00:00,0.0,0.0,0.0,8.171766461472032,184.83977475269162,32.706898309561794,0.0,0.0,0.0,32.706898309561794,0.0,0.0,0.0,0.0,42.31085261259152,42.31085261259152,0.0
2022-12-11 09:00:00,0.0,0.0,0.0,8.171766461472032,147.3563551638726,49.09918831618329,0.0,0.0,0.0,49.09918831618329,0.0,0.0,0.0,0.0,40.17427323540732,40.17427323540732,0.0
2022-12-11 10:00:00,0.0,0.0,0.0,8.171766461472032,130.6631557784215,49.09918831618329,0.0,0.0,0.0,49.09918831618329,0.0,0.0,0.0,0.0,36.63298362860712,36.63298362860712,0.0
2022-12-11 11:00:00,0.0,0.0,0.0,8.171766461472032,114.40583399382287,49.09918831618329,0.0,0.0,0.0,49.09918831618329,0.0,0.0,0.0,0.0,33.79667960725879,33.79667960725879,0.0
2022-12-11 12:00:00,0.0,0.0,0.0,8.171766461472034,98.1507562741447,49.09918831618329,0.0,0.0,0.0,49.09918831618329,0.0,0.0,0.0,0.0,30.703008892068716,30.703008892068716,0.0
2022-12-11 13:00:00,0.0,0.0,0.0,8.171766461472032,86.5857032583039,49.09918831618329,0.0,0.0,0.0,49.09918831618329,0.0,0.0,0.0,0.0,28.669324503726656,28.669324503726656,0.0
2022-12-11 14:00:00,0.0,0.0,0.0,8.171766461472032,82.20873108560953,49.09918831618329,0.0,0.0,0.0,49.09918831618329,0.0,0.0,0.0,0.0,27.87977587580955,27.87977587580955,0.0
2022-12-11 15:00:00,0.0,0.0,0.0,8.171766461472032,82.67592459281495,49.09918831618329,0.0,0.0,0.0,49.09918831618329,0.0,0.0,0.0,0.0,27.81365074400665,27.81365074400665,0.0
2022-12-11 16:00:00,0.0,0.0,0.0,8.171766461472032,97.82034825959632,58.67002930618331,0.0,0.0,0.0,58.67002930618331,0.0,0.0,0.0,0.0,32.44496432200321,32.44496432200321,0.0
2022-12-11 17:00:00,0.0,0.0,0.0,8.171766461472032,117.56958711895479,60.58419750418331,0.0,0.0,0.0,60.58419750418331,0.0,0.0,0.0,0.0,36.55865654019704,36.55865654019704,0.0
2022-12-11 18:00:00,0.0,0.0,0.0,8.171766461472032,135.7179493381769,48.73939881475194,0.0,0.0,0.0,48.73939881475194,0.0,0.0,0.0,0.0,36.98841775205783,36.98841775205783,0.0
2022-12-11 19:00:00,0.0,0.0,0.0,8.171766461472032,151.7213330412537,48.73939881475194,0.0,0.0,0.0,48.73939881475194,0.0,0.0,0.0,0.0,39.76260693766083,39.76260693766083,0.0
2022-12-11 20:00:00,0.0,0.0,0.0,8.171766461472032,159.21465468065685,44.191907497561786,0.0,0.0,0.0,44.191907497561786,0.0,0.0,0.0,0.0,39.96962868923201,39.96962868923201,0.0
2022-12-11 21:00:00,0.0,0.0,0.0,0.0,0.0,22.37766708451935,0.0,0.0,0.0,22.37766708451935,0.0,0.0,0.0,0.0,5.698696699743698,5.698696699743698,0.0
2022-12-11 22:00:00,0.0,0.0,0.0,0.0,0.0,15.107011293199369,0.0,0.0,0.0,15.107011293199369,0.0,0.0,0.0,0.0,3.6954771025424296,3.6954771025424296,0.0
2022-12-11 23:00:00,0.0,0.0,0.0,0.05758582038693219,1.7379044499334249,15.164597113586298,0.0,0.0,0.0,15.164597113586298,0.0,0.0,0.0,0.0,3.8843246821251785,3.8843246821251785,0.0
2022-12-12 00:00:00,0.0,0.0,0.0,0.19101000274145083,5.802092862827743,15.298021295940817,0.0,0.0,0.0,15.298021295940817,0.0,0.0,0.0,0.0,4.5378194054064735,4.5378194054064735,0.0
2022-12-12 01:00:00,0.0,0.0,0.0,0.23116071126735313,7.042135474415005,15.338172004466722,0.0,0.0,0.0,15.338172004466722,0.0,0.0,0.0,0.0,4.715346948153002,4.715346948153002,0.0
2022-12-12 02:00:00,0.0,0.0,0.0,0.5193110628882075,15.770283297983317,15.626322356087574,0.0,0.0,0.0,15.626322356087574,0.0,0.0,0.0,0.0,6.403497641504238,6.403497641504238,0.0
2022-12-12 03:00:00,0.0,0.0,0.0,0.6686605303706573,20.283171472597157,15.775671823570024,0.0,0.0,0.0,15.775671823570024,0.0,0.0,0.0,0.0,7.307532098183637,7.307532098183637,0.0
2022-12-12 04:00:00,0.0,0.0,0.0,0.8183542837825416,24.775481103307538,15.925365576981907,0.0,0.0,0.0,15.925365576981907,0.0,0.0,0.0,0.0,8.239765630334514,8.239765630334514,0.0
2022-12-12 05:00:00,0.0,0.0,0.0,0.8493683497890188,25.730959586307144,15.956379642988388,0.0,0.0,0.0,15.956379642988388,0.0,0.0,0.0,0.0,8.431286103128825,8.431286103128825,0.0
2022-12-12 06:00:00,0.0,0.0,0.0,8.171766461472032,280.32686205423687,23.2787777546714,0.0,0.0,0.0,23.2787777546714,0.0,0.0,0.0,0.0,56.017041310743366,56.017041310743366,0.0
2022-12-12 07:00:00,0.0,0.0,0.0,8.171766461472032,226.51021537063917,20.978592555991376,0.0,0.0,0.0,20.978592555991376,0.0,0.0,0.0,0.0,45.75077901031036,45.75077901031036,0.0
2022-12-12 08:00:00,0.0,0.0,0.0,8.171766461472032,190.6037081844293,32.706898309561794,0.0,0.0,0.0,32.706898309561794,0.0,0.0,0.0,0.0,42.145364425103885,42.145364425103885,0.0
2022-12-12 09:00:00,0.0,0.0,0.0,8.171766461472032,146.44824299614407,49.09918831618329,0.0,0.0,0.0,49.09918831618329,0.0,0.0,0.0,0.0,38.524043841330034,38.524043841330034,0.0
2022-12-12 10:00:00,0.0,0.0,0.0,8.171766461472032,119.86032431029723,49.09918831618329,0.0,0.0,0.0,49.09918831618329,0.0,0.0,0.0,0.0,33.73442311204623,33.73442311204623,0.0
2022-12-12 11:00:00,0.0,0.0,0.0,8.171766461472032,98.32792568468831,49.09918831618329,0.0,0.0,0.0,49.09918831618329,0.0,0.0,0.0,0.0,30.0244430628706,30.0244430628706,0.0
2022-12-12 12:00:00,0.0,0.0,0.0,8.171766461472034,86.60548256171253,49.09918831618329,0.0,0.0,0.0,49.09918831618329,0.0,0.0,0.0,0.0,27.830834695873765,27.830834695873765,0.0
2022-12-12 13:00:00,0.0,0.0,0.0,8.171766461472034,81.03380205994436,49.09918831618329,0.0,0.0,0.0,49.09918831618329,0.0,0.0,0.0,0.0,26.98575070058674,26.98575070058674,0.0
2022-12-12 14:00:00,0.0,0.0,0.0,8.171766461472032,79.42598503284516,49.09918831618329,0.0,0.0,0.0,49.09918831618329,0.0,0.0,0.0,0.0,27.252556382657204,27.252556382657204,0.0
2022-12-12 15:00:00,0.0,0.0,0.0,8.171766461472032,79.51446968461764,49.09918831618329,0.0,0.0,0.0,49.09918831618329,0.0,0.0,0.0,0.0,27.746223183168205,27.746223183168205,0.0
2022-12-12 16:00:00,0.0,0.0,0.0,8.171766461472032,85.14559231804765,58.67002930618331,0.0,0.0,0.0,58.67002930618331,0.0,0.0,0.0,0.0,31.261758914813555,31.261758914813555,0.0
2022-12-12 17:00:00,0.0,0.0,0.0,8.171766461472032,93.8405761035666,60.58419750418331,0.0,0.0,0.0,60.58419750418331,0.0,0.0,0.0,0.0,33.284060013208304,33.284060013208304,0.0
2022-12-12 18:00:00,0.0,0.0,0.0,8.171766461472032,102.4270620934795,48.73939881475194,0.0,0.0,0.0,48.73939881475194,0.0,0.0,0.0,0.0,31.691840514401676,31.691840514401676,0.0
2022-12-12 19:00:00,0.0,0.0,0.0,8.171766461472032,111.48247548992295,48.73939881475194,0.0,0.0,0.0,48.73939881475194,0.0,0.0,0.0,0.0,33.37685957309499,33.37685957309499,0.0
2022-12-12 20:00:00,0.0,0.0,0.0,8.171766461472032,113.15913731294069,44.191907497561786,0.0,0.0,0.0,44.191907497561786,0.0,0.0,0.0,0.0,32.49221248910531,32.49221248910531,0.0
2022-12-12 21:00:00,0.0,0.0,0.0,0.0,0.0,22.37766708451935,0.0,0.0,0.0,22.37766708451935,0.0,0.0,0.0,0.0,6.10037582391082,6.10037582391082,0.0
2022-12-12 22:00:00,0.0,0.0,0.0,0.0,0.0,15.107011293199369,0.0,0.0,0.0,15.107011293199369,0.0,0.0,0.0,0.0,4.040823380704967,4.040823380704967,0.0
2022-12-12 23:00:00,0.0,0.0,0.0,0.0,0.0,15.107011293199369,0.0,0.0,0.0,15.107011293199369,0.0,0.0,0.0,0.0,3.886127585062606,3.886127585062606,0.0
2022-12-13 00:00:00,0.0,0.0,0.0,0.0,0.0,15.107011293199369,0.0,0.0,0.0,15.107011293199369,0.0,0.0,0.0,0.0,3.8459429350226957,3.8459429350226957,0.0
2022-12-13 01:00:00,0.0,0.0,0.0,0.0,0.0,15.107011293199369,0.0,0.0,0.0,15.107011293199369,0.0,0.0,0.0,0.0,3.795938727642205,3.795938727642205,0.0
2022-12-13 02:00:00,0.0,0.0,0.0,0.0,0.0,15.107011293199369,0.0,0.0,0.0,15.107011293199369,0.0,0.0,0.0,0.0,3.8361233776821155,3.8361233776821155,0.0
2022-12-13 03:00:00,0.0,0.0,0.0,0.0,0.0,15.107011293199369,0.0,0.0,0.0,15.107011293199369,0.0,0.0,0.0,0.0,3.789744853011994,3.789744853011994,0.0
2022-12-13 04:00:00,0.0,0.0,0.0,0.024108409004255055,0.7279487305619049,15.131119702203621,0.0,0.0,0.0,15.131119702203621,0.0,0.0,0.0,0.0,3.8879731812529896,3.8879731812529896,0.0
2022-12-13 05:00:00,0.0,0.0,0.0,0.026912304075913628,0.8127519154939069,15.133923597275281,0.0,0.0,0.0,15.133923597275281,0.0,0.0,0.0,0.0,3.958571673111855,3.958571673111855,0.0
2022-12-13 06:00:00,0.0,0.0,0.0,8.171766461472032,209.11786122717504,23.2787777546714,0.0,0.0,0.0,23.2787777546714,0.0,0.0,0.0,0.0,43.473547041660915,43.473547041660915,0.0
2022-12-13 07:00:00,0.0,0.0,0.0,8.171766461472032,164.40446146120695,20.978592555991376,0.0,0.0,0.0,20.978592555991376,0.0,0.0,0.0,0.0,34.916017792660874,34.916017792660874,0.0
2022-12-13 08:00:00,0.0,0.0,0.0,8.171766461472032,143.45690314065197,32.706898309561794,0.0,0.0,0.0,32.706898309561794,0.0,0.0,0.0,0.0,34.2165047517874,34.2165047517874,0.0
2022-12-13 09:00:00,0.0,0.0,0.0,8.171766461472032,118.84113498747254,49.09918831618329,0.0,0.0,0.0,49.09918831618329,0.0,0.0,0.0,0.0,34.173495360258286,34.173495360258286,0.0
2022-12-13 10:00:00,0.0,0.0,0.0,8.171766461472032,106.87215869320535,49.09918831618329,0.0,0.0,0.0,49.09918831618329,0.0,0.0,0.0,0.0,32.35971558072894,32.35971558072894,0.0
2022-12-13 11:00:00,0.0,0.0,0.0,8.171766461472032,91.41253785491143,49.09918831618329,0.0,0.0,0.0,49.09918831618329,0.0,0.0,0.0,0.0,29.642488350945357,29.642488350945357,0.0
2022-12-13 12:00:00,0.0,0.0,0.0,8.171766461472032,83.9524905772609,49.09918831618329,0.0,0.0,0.0,49.09918831618329,0.0,0.0,0.0,0.0,28.416650809355474,28.416650809355474,0.0
2022-12-13 13:00:00,0.0,0.0,0.0,8.171766461472032,79.11265722825325,49.09918831618329,0.0,0.0,0.0,49.09918831618329,0.0,0.0,0.0,0.0,27.59335401516431,27.59335401516431,0.0
2022-12-13 14:00:00,0.0,0.0,0.0,8.171766461472034,76.70840423985983,49.09918831618329,0.0,0.0,0.0,49.09918831618329,0.0,0.0,0.0,0.0,27.277814329040233,27.277814329040233,0.0
2022-12-13 15:00:00,0.0,0.0,0.0,8.171766461472032,74.91599877207926,49.09918831618329,0.0,0.0,0.0,49.09918831618329,0.0,0.0,0.0,0.0,27.01204604074942,27.01204604074942,0.0
2022-12-13 16:00:00,0.0,0.0,0.0,8.171766461472032,84.03983288948031,58.67002930618331,0.0,0.0,0.0,58.67002930618331,0.0,0.0,0.0,0.0,31.21403514739734,31.21403514739734,0.0
2022-12-13 17:00:00,0.0,0.0,0.0,8.171766461472032,95.49719652591841,60.58419750418331,0.0,0.0,0.0,60.58419750418331,0.0,0.0,0.0,0.0,33.60293383343711,33.60293383343711,0.0
2022-12-13 18:00:00,0.0,0.0,0.0,8.171766461472032,101.77552396119401,48.73939881475194,0.0,0.0,0.0,48.73939881475194,0.0,0.0,0.0,0.0,31.76753882317776,31.76753882317776,0.0
2022-12-13 19:00:00,0.0,0.0,0.0,8.171766461472032,109.58812642208298,48.73939881475194,0.0,0.0,0.0,48.73939881475194,0.0,0.0,0.0,0.0,32.9636469287044,32.9636469287044,0.0
2022-12-13 20:00:00,0.0,0.0,0.0,8.171766461472032,111.43394416161642,44.191907497561786,0.0,0.0,0.0,44.191907497561786,0.0,0.0,0.0,0.0,31.816565591849518,31.816565591849518,0.0
2022-12-13 21:00:00,0.0,0.0,0.0,0.0,0.0,22.37766708451935,0.0,0.0,0.0,22.37766708451935,0.0,0.0,0.0,0.0,5.845494195818144,5.845494195818144,0.0
2022-12-13 22:00:00,0.0,0.0,0.0,0.0,0.0,15.107011293199369,0.0,0.0,0.0,15.107011293199369,0.0,0.0,0.0,0.0,3.822527067518236,3.822527067518236,0.0
2022-12-13 23:00:00,0.0,0.0,0.0,0.0,0.0,15.107011293199369,0.0,0.0,0.0,15.107011293199369,0.0,0.0,0.0,0.0,3.8142182113069762,3.8142182113069762,0.0
2022-12-14 00:00:00,0.0,0.0,0.0,0.0,0.0,15.107011293199369,0.0,0.0,0.0,15.107011293199369,0.0,0.0,0.0,0.0,3.681578652152686,3.681578652152686,0.0
2022-12-14 01:00:00,0.0,0.0,0.0,0.0,0.0,15.107011293199369,0.0,0.0,0.0,15.107011293199369,0.0,0.0,0.0,0.0,3.705900940334737,3.705900940334737,0.0
2022-12-14 02:00:00,0.0,0.0,0.0,0.0,0.0,15.107011293199369,0.0,0.0,0.0,15.107011293199369,0.0,0.0,0.0,0.0,3.6403365113222517,3.6403365113222517,0.0
2022-12-14 03:00:00,0.0,0.0,0.0,0.01099518415007348,0.33514851755471986,15.118006477349441,0.0,0.0,0.0,15.118006477349441,0.0,0.0,0.0,0.0,3.638624582499914,3.638624582499914,0.0
2022-12-14 04:00:00,0.0,0.0,0.0,0.03409321352730668,1.0282972688281193,15.141104506726672,0.0,0.0,0.0,15.141104506726672,0.0,0.0,0.0,0.0,3.742850675032372,3.742850675032372,0.0
2022-12-14 05:00:00,0.0,0.0,0.0,0.04010764675795635,1.2097759409719528,15.147118939957323,0.0,0.0,0.0,15.147118939957323,0.0,0.0,0.0,0.0,3.729831656578021,3.729831656578021,0.0
2022-12-14 06:00:00,0.0,0.0,0.0,8.171766461472032,214.03394810391453,23.2787777546714,0.0,0.0,0.0,23.2787777546714,0.0,0.0,0.0,0.0,43.97808250335898,43.97808250335898,0.0
2022-12-14 07:00:00,0.0,0.0,0.0,8.171766461472032,168.13012340639892,20.978592555991376,0.0,0.0,0.0,20.978592555991376,0.0,0.0,0.0,0.0,35.168721419107825,35.168721419107825,0.0
2022-12-14 08:00:00,0.0,0.0,0.0,8.171766461472032,148.08463726579808,32.706898309561794,0.0,0.0,0.0,32.706898309561794,0.0,0.0,0.0,0.0,34.42241188786109,34.42241188786109,0.0
2022-12-14 09:00:00,0.0,0.0,0.0,8.171766461472032,120.52660022748803,49.09918831618329,0.0,0.0,0.0,49.09918831618329,0.0,0.0,0.0,0.0,33.33982687329832,33.33982687329832,0.0
2022-12-14 10:00:00,0.0,0.0,0.0,8.171766461472032,109.55430881988502,49.09918831618329,0.0,0.0,0.0,49.09918831618329,0.0,0.0,0.0,0.0,31.52186965605344,31.52186965605344,0.0
2022-12-14 11:00:00,0.0,0.0,0.0,8.171766461472032,98.46252007578671,49.09918831618329,0.0,0.0,0.0,49.09918831618329,0.0,0.0,0.0,0.0,29.41038739061517,29.41038739061517,0.0
2022-12-14 12:00:00,0.0,0.0,0.0,8.171766461472034,91.18426545756921,49.09918831618329,0.0,0.0,0.0,49.09918831618329,0.0,0.0,0.0,0.0,28.154434731594726,28.154434731594726,0.0
2022-12-14 13:00:00,0.0,0.0,0.0,8.171766461472034,85.5273256771381,49.09918831618329,0.0,0.0,0.0,49.09918831618329,0.0,0.0,0.0,0.0,27.323950272750082,27.323950272750082,0.0
2022-12-14 14:00:00,0.0,0.0,0.0,8.171766461472034,83.4485932816795,49.09918831618329,0.0,0.0,0.0,49.09918831618329,0.0,0.0,0.0,0.0,26.916777187939676,26.916777187939676,0.0
2022-12-14 15:00:00,0.0,0.0,0.0,8.171766461472032,83.6260239562202,49.09918831618329,0.0,0.0,0.0,49.09918831618329,0.0,0.0,0.0,0.0,27.082273446587617,27.082273446587617,0.0
2022-12-14 16:00:00,0.0,0.0,0.0,8.171766461472032,90.1226928200629,58.67002930618331,0.0,0.0,0.0,58.67002930618331,0.0,0.0,0.0,0.0,30.758607722345644,30.758607722345644,0.0
2022-12-14 17:00:00,0.0,0.0,0.0,8.171766461472034,106.69966132913522,60.58419750418331,0.0,0.0,0.0,60.58419750418331,0.0,0.0,0.0,0.0,34.54093770282618,34.54093770282618,0.0
2022-12-14 18:00:00,0.0,0.0,0.0,8.171766461472032,121.65663578829607,48.73939881475194,0.0,0.0,0.0,48.73939881475194,0.0,0.0,0.0,0.0,34.226135067993745,34.226135067993745,0.0
2022-12-14 19:00:00,0.0,0.0,0.0,8.171766461472032,141.44611450766277,48.73939881475194,0.0,0.0,0.0,48.73939881475194,0.0,0.0,0.0,0.0,37.75609611536052,37.75609611536052,0.0
2022-12-14 20:00:00,0.0,0.0,0.0,8.171766461472032,159.3532899775662,44.191907497561786,0.0,0.0,0.0,44.191907497561786,0.0,0.0,0.0,0.0,39.547809847051276,39.547809847051276,0.0
2022-12-14 21:00:00,0.0,0.0,0.0,0.0,0.0,22.37766708451935,0.0,0.0,0.0,22.37766708451935,0.0,0.0,0.0,0.0,5.375115633701547,5.375115633701547,0.0
2022-12-14 22:00:00,0.0,0.0,0.0,0.0,0.0,15.107011293199369,0.0,0.0,0.0,15.107011293199369,0.0,0.0,0.0,0.0,3.594109056765062,3.594109056765062,0.0
2022-12-14 23:00:00,0.0,0.0,0.0,0.06370968805833625,1.9182868536877458,15.170720981257702,0.0,0.0,0.0,15.170720981257702,0.0,0.0,0.0,0.0,3.8079536991619243,3.8079536991619243,0.0
2022-12-15 00:00:00,0.0,0.0,0.0,0.16183071959640322,4.92367489645491,14.819423197261004,0.0,0.0,0.0,14.819423197261004,0.0,0.0,0.0,0.0,4.210209938760724,4.210209938760724,0.0
2022-12-15 01:00:00,0.0,0.0,0.0,0.3180609129671104,9.672002247116353,14.975653390631708,0.0,0.0,0.0,14.975653390631708,0.0,0.0,0.0,0.0,5.057207427143489,5.057207427143489,0.0
2022-12-15 02:00:00,0.0,0.0,0.0,0.5478788889764128,16.6323540843368,15.20547136664101,0.0,0.0,0.0,15.20547136664101,0.0,0.0,0.0,0.0,6.420150830084881,6.420150830084881,0.0
2022-12-15 03:00:00,0.0,0.0,0.0,0.8232853647034217,24.92343382037246,15.480877842368022,0.0,0.0,0.0,15.480877842368022,0.0,0.0,0.0,0.0,7.966182640508116,7.966182640508116,0.0
2022-12-15 04:00:00,0.0,0.0,0.0,0.8672009246623574,26.26771152947483,15.524793402326956,0.0,0.0,0.0,15.524793402326956,0.0,0.0,0.0,0.0,8.26357630886603,8.26357630886603,0.0
2022-12-15 05:00:00,0.0,0.0,0.0,1.0447863001494078,31.6311873611722,15.702378777814006,0.0,0.0,0.0,15.702378777814006,0.0,0.0,0.0,0.0,9.134186359487382,9.134186359487382,0.0
2022-12-15 06:00:00,0.0,0.0,0.0,8.171766461472032,291.0325768494586,22.829358939136633,0.0,0.0,0.0,22.829358939136633,0.0,0.0,0.0,0.0,57.614989858265986,57.614989858265986,0.0
2022-12-15 07:00:00,0.0,0.0,0.0,8.171766461472032,244.48694363950904,16.431101238801233,0.0,0.0,0.0,16.431101238801233,0.0,0.0,0.0,0.0,47.848750658902595,47.848750658902595,0.0
2022-12-15 08:00:00,0.0,0.0,0.0,8.171766461472032,220.7188962280681,23.611915675181518,0.0,0.0,0.0,23.611915675181518,0.0,0.0,0.0,0.0,45.1190869407292,45.1190869407292,0.0
2022-12-15 09:00:00,0.0,0.0,0.0,8.171766461472032,189.8314829748154,37.25438962675194,0.0,0.0,0.0,37.25438962675194,0.0,0.0,0.0,0.0,42.5681805780129,42.5681805780129,0.0
2022-12-15 10:00:00,0.0,0.0,0.0,8.171766461472032,163.85676718794804,49.09918831618329,0.0,0.0,0.0,49.09918831618329,0.0,0.0,0.0,0.0,40.647994535664864,40.647994535664864,0.0
2022-12-15 11:00:00,0.0,0.0,0.0,8.171766461472032,142.82561338721933,49.09918831618329,0.0,0.0,0.0,49.09918831618329,0.0,0.0,0.0,0.0,36.97965562834938,36.97965562834938,0.0
2022-12-15 12:00:00,0.0,0.0,0.0,8.171766461472032,132.33691474543684,49.09918831618329,0.0,0.0,0.0,49.09918831618329,0.0,0.0,0.0,0.0,35.289521815156384,35.289521815156384,0.0
2022-12-15 13:00:00,0.0,0.0,0.0,8.171766461472034,124.20705761132878,49.09918831618329,0.0,0.0,0.0,49.09918831618329,0.0,0.0,0.0,0.0,33.75159789709926,33.75159789709926,0.0
2022-12-15 14:00:00,0.0,0.0,0.0,8.171766461472032,118.40784464596543,49.09918831618329,0.0,0.0,0.0,49.09918831618329,0.0,0.0,0.0,0.0,33.01775407129727,33.01775407129727,0.0
2022-12-15 15:00:00,0.0,0.0,0.0,8.171766461472032,118.84003101817407,49.09918831618329,0.0,0.0,0.0,49.09918831618329,0.0,0.0,0.0,0.0,33.517822426107884,33.517822426107884,0.0
2022-12-15 16:00:00,0.0,0.0,0.0,8.171766461472032,129.56531956570652,58.67002930618331,0.0,0.0,0.0,58.67002930618331,0.0,0.0,0.0,0.0,38.05857370077462,38.05857370077462,0.0
2022-12-15 17:00:00,0.0,0.0,0.0,8.171766461472032,143.28091735377944,60.58419750418331,0.0,0.0,0.0,60.58419750418331,0.0,0.0,0.0,0.0,40.69241346086501,40.69241346086501,0.0
2022-12-15 18:00:00,0.0,0.0,0.0,8.171766461472032,162.7665630288248,44.191907497561786,0.0,0.0,0.0,44.191907497561786,0.0,0.0,0.0,0.0,40.62240883047083,40.62240883047083,0.0
2022-12-15 19:00:00,0.0,0.0,0.0,8.171766461472032,171.37540069602176,35.096924863181506,0.0,0.0,0.0,35.096924863181506,0.0,0.0,0.0,0.0,39.78662439604254,39.78662439604254,0.0
2022-12-15 20:00:00,0.0,0.0,0.0,8.171766461472032,175.93546046630394,35.096924863181506,0.0,0.0,0.0,35.096924863181506,0.0,0.0,0.0,0.0,40.4328823602567,40.4328823602567,0.0
2022-12-15 21:00:00,0.0,0.0,0.0,8.171766461472032,185.21121839674123,26.001942228801234,0.0,0.0,0.0,26.001942228801234,0.0,0.0,0.0,0.0,39.75293503931856,39.75293503931856,0.0
2022-12-15 22:00:00,0.0,0.0,0.0,0.0,0.0,14.657592477664597,0.0,0.0,0.0,14.657592477664597,0.0,0.0,0.0,0.0,3.625555499350338,3.625555499350338,0.0
2022-12-15 23:00:00,0.0,0.0,0.0,0.02172150789267763,0.6550393331340137,14.679313985557277,0.0,0.0,0.0,14.679313985557277,0.0,0.0,0.0,0.0,3.7471068998423416,3.7471068998423416,0.0
2022-12-16 00:00:00,0.0,0.0,0.0,0.07447275384330031,2.257408023115583,14.7320652315079,0.0,0.0,0.0,14.7320652315079,0.0,0.0,0.0,0.0,4.138668655140846,4.138668655140846,0.0
2022-12-16 01:00:00,0.0,0.0,0.0,0.18101011767498482,5.4955876457355926,14.838602595339585,0.0,0.0,0.0,14.838602595339585,0.0,0.0,0.0,0.0,4.645417738864972,4.645417738864972,0.0
2022-12-16 02:00:00,0.0,0.0,0.0,0.27999246569798913,8.527391368574659,14.93758494336259,0.0,0.0,0.0,14.93758494336259,0.0,0.0,0.0,0.0,5.199549933847509,5.199549933847509,0.0
2022-12-16 03:00:00,0.0,0.0,0.0,0.6696973435841345,20.298623150665684,15.32728982124873,0.0,0.0,0.0,15.32728982124873,0.0,0.0,0.0,0.0,7.456709744421763,7.456709744421763,0.0
2022-12-16 04:00:00,0.0,0.0,0.0,0.8201708650114048,24.839627266526193,15.477763342676003,0.0,0.0,0.0,15.477763342676003,0.0,0.0,0.0,0.0,8.31922847701264,8.31922847701264,0.0
2022-12-16 05:00:00,0.0,0.0,0.0,1.0062129858531497,30.444811256558513,15.663805463517749,0.0,0.0,0.0,15.663805463517749,0.0,0.0,0.0,0.0,9.518006904319261,9.518006904319261,0.0
2022-12-16 06:00:00,0.0,0.0,0.0,1.1071673773931567,33.561208031133525,15.764759855057754,0.0,0.0,0.0,15.764759855057754,0.0,0.0,0.0,0.0,10.070447899605927,10.070447899605927,0.0
2022-12-16 07:00:00,0.0,0.0,0.0,1.1967841747236694,36.24114150969115,6.283535662388269,0.0,0.0,0.0,6.283535662388269,0.0,0.0,0.0,0.0,8.120559406178483,8.120559406178483,0.0
2022-12-16 08:00:00,0.0,0.0,0.0,8.171766461472032,291.543497851403,14.516933040801234,0.0,0.0,0.0,14.516933040801234,0.0,0.0,0.0,0.0,56.09998538159751,56.09998538159751,0.0
2022-12-16 09:00:00,0.0,0.0,0.0,8.171766461472032,229.73767894491564,14.516933040801234,0.0,0.0,0.0,14.516933040801234,0.0,0.0,0.0,0.0,45.00927577995417,45.00927577995417,0.0
2022-12-16 10:00:00,0.0,0.0,0.0,8.171766461472032,195.521053894332,28.15940699237166,0.0,0.0,0.0,28.15940699237166,0.0,0.0,0.0,0.0,42.33276379032067,42.33276379032067,0.0
2022-12-16 11:00:00,0.0,0.0,0.0,8.171766461472032,184.51222517186122,28.15940699237166,0.0,0.0,0.0,28.15940699237166,0.0,0.0,0.0,0.0,40.44551682147251,40.44551682147251,0.0
2022-12-16 12:00:00,0.0,0.0,0.0,8.171766461472032,165.44048199313022,37.25438962675194,0.0,0.0,0.0,37.25438962675194,0.0,0.0,0.0,0.0,39.45067087579279,39.45067087579279,0.0
2022-12-16 13:00:00,0.0,0.0,0.0,8.171766461472032,160.80947366392914,37.25438962675194,0.0,0.0,0.0,37.25438962675194,0.0,0.0,0.0,0.0,38.613503013279306,38.613503013279306,0.0
2022-12-16 14:00:00,0.0,0.0,0.0,8.171766461472032,158.39093178214543,37.25438962675194,0.0,0.0,0.0,37.25438962675194,0.0,0.0,0.0,0.0,38.254042500745946,38.254042500745946,0.0
2022-12-16 15:00:00,0.0,0.0,0.0,8.171766461472032,157.6571960979653,37.25438962675194,0.0,0.0,0.0,37.25438962675194,0.0,0.0,0.0,0.0,38.09101194356746,38.09101194356746,0.0
2022-12-16 16:00:00,0.0,0.0,0.0,8.171766461472032,161.1290220555514,46.82523061675194,0.0,0.0,0.0,46.82523061675194,0.0,0.0,0.0,0.0,41.17794681835112,41.17794681835112,0.0
2022-12-16 17:00:00,0.0,0.0,0.0,8.171766461472032,201.60069677069495,39.64441618037165,0.0,0.0,0.0,39.64441618037165,0.0,0.0,0.0,0.0,46.46509946908449,46.46509946908449,0.0
2022-12-16 18:00:00,0.0,0.0,0.0,8.171766461472032,211.63512882569512,30.549433545991374,0.0,0.0,0.0,30.549433545991374,0.0,0.0,0.0,0.0,46.088781549458744,46.088781549458744,0.0
2022-12-16 19:00:00,0.0,0.0,0.0,0.0,0.0,14.657592477664597,0.0,0.0,0.0,14.657592477664597,0.0,0.0,0.0,0.0,3.850842695732043,3.850842695732043,0.0
2022-12-16 20:00:00,0.0,0.0,0.0,0.0,0.0,14.657592477664597,0.0,0.0,0.0,14.657592477664597,0.0,0.0,0.0,0.0,3.80115345723276,3.80115345723276,0.0
2022-12-16 21:00:00,0.0,0.0,0.0,0.055085182739463744,1.6571913681220662,14.712677660404063,0.0,0.0,0.0,14.712677660404063,0.0,0.0,0.0,0.0,4.126910972890105,4.126910972890105,0.0
2022-12-16 22:00:00,0.0,0.0,0.0,0.1359690304796713,4.138321604139816,14.793561508144268,0.0,0.0,0.0,14.793561508144268,0.0,0.0,0.0,0.0,4.619984084398594,4.619984084398594,0.0
2022-12-16 23:00:00,0.0,0.0,0.0,0.21176274042649879,6.42799485243557,14.869355218091103,0.0,0.0,0.0,14.869355218091103,0.0,0.0,0.0,0.0,4.958565103069045,4.958565103069045,0.0
2022-12-17 00:00:00,0.0,0.0,0.0,0.3017784691683395,9.195272761953987,15.408789762367705,0.0,0.0,0.0,15.408789762367705,0.0,0.0,0.0,0.0,5.586086761283708,5.586086761283708,0.0
2022-12-17 01:00:00,0.0,0.0,0.0,0.525363579219095,15.92649378915716,15.63237487241846,0.0,0.0,0.0,15.63237487241846,0.0,0.0,0.0,0.0,6.911979829144996,6.911979829144996,0.0
2022-12-17 02:00:00,0.0,0.0,0.0,0.6039108260796685,18.321808663933748,15.710922119279035,0.0,0.0,0.0,15.710922119279035,0.0,0.0,0.0,0.0,7.3697062676209075,7.3697062676209075,0.0
2022-12-17 03:00:00,0.0,0.0,0.0,0.6936005797191496,21.004995824940828,15.80061187291852,0.0,0.0,0.0,15.80061187291852,0.0,0.0,0.0,0.0,7.893909430592765,7.893909430592765,0.0
2022-12-17 04:00:00,0.0,0.0,0.0,0.7353135631626273,22.267325369393856,15.842324856361996,0.0,0.0,0.0,15.842324856361996,0.0,0.0,0.0,0.0,8.210150436175528,8.210150436175528,0.0
2022-12-17 05:00:00,0.0,0.0,0.0,0.8016804971577203,24.251593481127156,15.908691790357086,0.0,0.0,0.0,15.908691790357086,0.0,0.0,0.0,0.0,8.651038322227649,8.651038322227649,0.0
2022-12-17 06:00:00,0.0,0.0,0.0,8.171766461472032,274.698694905167,23.2787777546714,0.0,0.0,0.0,23.2787777546714,0.0,0.0,0.0,0.0,55.881995769523286,55.881995769523286,0.0
2022-12-17 07:00:00,0.0,0.0,0.0,8.171766461472032,223.925010197942,20.978592555991376,0.0,0.0,0.0,20.978592555991376,0.0,0.0,0.0,0.0,46.147322116517216,46.147322116517216,0.0
2022-12-17 08:00:00,0.0,0.0,0.0,8.171766461472032,198.7937636943115,32.706898309561794,0.0,0.0,0.0,32.706898309561794,0.0,0.0,0.0,0.0,45.075444286066315,45.075444286066315,0.0
2022-12-17 09:00:00,0.0,0.0,0.0,8.171766461472032,171.45601153272153,49.09918831618329,0.0,0.0,0.0,49.09918831618329,0.0,0.0,0.0,0.0,44.857120662884,44.857120662884,0.0
2022-12-17 10:00:00,0.0,0.0,0.0,8.171766461472032,159.47541790638388,49.09918831618329,0.0,0.0,0.0,49.09918831618329,0.0,0.0,0.0,0.0,42.71670354313447,42.71670354313447,0.0
2022-12-17 11:00:00,0.0,0.0,0.0,8.171766461472032,144.03262489550497,49.09918831618329,0.0,0.0,0.0,49.09918831618329,0.0,0.0,0.0,0.0,39.6980912030853,39.6980912030853,0.0
2022-12-17 12:00:00,0.0,0.0,0.0,8.171766461472032,140.12496627269437,49.09918831618329,0.0,0.0,0.0,49.09918831618329,0.0,0.0,0.0,0.0,38.98420482027808,38.98420482027808,0.0
2022-12-17 13:00:00,0.0,0.0,0.0,8.171766461472032,140.36219014355262,49.09918831618329,0.0,0.0,0.0,49.09918831618329,0.0,0.0,0.0,0.0,38.94884936704156,38.94884936704156,0.0
2022-12-17 14:00:00,0.0,0.0,0.0,8.171766461472032,139.45793556421432,49.09918831618329,0.0,0.0,0.0,49.09918831618329,0.0,0.0,0.0,0.0,38.46934819092608,38.46934819092608,0.0
2022-12-17 15:00:00,0.0,0.0,0.0,8.171766461472032,139.2162829896603,49.09918831618329,0.0,0.0,0.0,49.09918831618329,0.0,0.0,0.0,0.0,38.267248166544164,38.267248166544164,0.0
2022-12-17 16:00:00,0.0,0.0,0.0,8.171766461472032,144.3871497416079,58.67002930618331,0.0,0.0,0.0,58.67002930618331,0.0,0.0,0.0,0.0,42.008603801949036,42.008603801949036,0.0
2022-12-17 17:00:00,0.0,0.0,0.0,8.171766461472032,149.63109743573602,60.58419750418331,0.0,0.0,0.0,60.58419750418331,0.0,0.0,0.0,0.0,43.56665653702669,43.56665653702669,0.0
2022-12-17 18:00:00,0.0,0.0,0.0,8.171766461472032,156.66421992608903,48.73939881475194,0.0,0.0,0.0,48.73939881475194,0.0,0.0,0.0,0.0,41.529884946869274,41.529884946869274,0.0
2022-12-17 19:00:00,0.0,0.0,0.0,8.171766461472032,169.4582231128224,48.73939881475194,0.0,0.0,0.0,48.73939881475194,0.0,0.0,0.0,0.0,44.12101297184847,44.12101297184847,0.0
2022-12-17 20:00:00,0.0,0.0,0.0,8.171766461472032,177.24064572565783,44.191907497561786,0.0,0.0,0.0,44.191907497561786,0.0,0.0,0.0,0.0,44.80082148274741,44.80082148274741,0.0
2022-12-17 21:00:00,0.0,0.0,0.0,0.0,0.0,22.37766708451935,0.0,0.0,0.0,22.37766708451935,0.0,0.0,0.0,0.0,6.682195168108322,6.682195168108322,0.0
2022-12-17 22:00:00,0.0,0.0,0.0,0.03634802101767599,1.094216845676278,15.143359314217042,0.0,0.0,0.0,15.143359314217042,0.0,0.0,0.0,0.0,4.709583838240202,4.709583838240202,0.0
2022-12-17 23:00:00,0.0,0.0,0.0,0.1329845268409731,4.041310243981812,15.239995820040342,0.0,0.0,0.0,15.239995820040342,0.0,0.0,0.0,0.0,5.323869922365932,5.323869922365932,0.0
2022-12-18 00:00:00,0.0,0.0,0.0,0.24432618647980653,7.432095901775593,15.351337479679172,0.0,0.0,0.0,15.351337479679172,0.0,0.0,0.0,0.0,5.9265132041654764,5.9265132041654764,0.0
2022-12-18 01:00:00,0.0,0.0,0.0,0.47529852427498587,14.432301649210457,15.582309817474354,0.0,0.0,0.0,15.582309817474354,0.0,0.0,0.0,0.0,7.364079700064869,7.364079700064869,0.0
2022-12-18 02:00:00,0.0,0.0,0.0,0.6939415826487817,21.026660437707886,15.800952875848147,0.0,0.0,0.0,15.800952875848147,0.0,0.0,0.0,0.0,8.686682463257881,8.686682463257881,0.0
2022-12-18 03:00:00,0.0,0.0,0.0,0.8652782155459275,26.173904358289978,15.972289508745295,0.0,0.0,0.0,15.972289508745295,0.0,0.0,0.0,0.0,9.76529638193793,9.76529638193793,0.0
2022-12-18 04:00:00,0.0,0.0,0.0,1.0154382475577144,30.74342714217668,16.12244954075708,0.0,0.0,0.0,16.12244954075708,0.0,0.0,0.0,0.0,10.787738399680364,10.787738399680364,0.0
2022-12-18 05:00:00,0.0,0.0,0.0,1.154585743591905,34.96100716064545,16.261597036791272,0.0,0.0,0.0,16.261597036791272,0.0,0.0,0.0,0.0,11.674080116955547,11.674080116955547,0.0
2022-12-18 06:00:00,0.0,0.0,0.0,8.171766461472032,310.8935849521421,23.2787777546714,0.0,0.0,0.0,23.2787777546714,0.0,0.0,0.0,0.0,63.795394588865264,63.795394588865264,0.0
2022-12-18 07:00:00,0.0,0.0,0.0,8.171766461472032,265.81815281174624,20.978592555991376,0.0,0.0,0.0,20.978592555991376,0.0,0.0,0.0,0.0,54.734304344263016,54.734304344263016,0.0
2022-12-18 08:00:00,0.0,0.0,0.0,8.171766461472032,233.77385970314808,32.706898309561794,0.0,0.0,0.0,32.706898309561794,0.0,0.0,0.0,0.0,52.82025117050503,52.82025117050503,0.0
2022-12-18 09:00:00,0.0,0.0,0.0,8.171766461472032,195.94035901479884,49.09918831618329,0.0,0.0,0.0,49.09918831618329,0.0,0.0,0.0,0.0,51.46469021107275,51.46469021107275,0.0
2022-12-18 10:00:00,0.0,0.0,0.0,8.171766461472032,169.56285766051607,49.09918831618329,0.0,0.0,0.0,49.09918831618329,0.0,0.0,0.0,0.0,46.57253153088995,46.57253153088995,0.0
2022-12-18 11:00:00,0.0,0.0,0.0,8.171766461472032,144.86194608023445,49.09918831618329,0.0,0.0,0.0,49.09918831618329,0.0,0.0,0.0,0.0,42.30237024164013,42.30237024164013,0.0
2022-12-18 12:00:00,0.0,0.0,0.0,8.171766461472032,131.49507656726158,49.09918831618329,0.0,0.0,0.0,49.09918831618329,0.0,0.0,0.0,0.0,39.78027675785245,39.78027675785245,0.0
2022-12-18 13:00:00,0.0,0.0,0.0,8.171766461472034,121.80952833900416,49.09918831618329,0.0,0.0,0.0,49.09918831618329,0.0,0.0,0.0,0.0,38.11396650595424,38.11396650595424,0.0
2022-12-18 14:00:00,0.0,0.0,0.0,8.171766461472032,118.28277107142473,49.09918831618329,0.0,0.0,0.0,49.09918831618329,0.0,0.0,0.0,0.0,37.693535852381835,37.693535852381835,0.0
2022-12-18 15:00:00,0.0,0.0,0.0,8.171766461472032,120.7711415295514,49.09918831618329,0.0,0.0,0.0,49.09918831618329,0.0,0.0,0.0,0.0,38.088540860459965,38.088540860459965,0.0
2022-12-18 16:00:00,0.0,0.0,0.0,8.171766461472032,132.44596253643942,58.67002930618331,0.0,0.0,0.0,58.67002930618331,0.0,0.0,0.0,0.0,42.77918215948414,42.77918215948414,0.0
2022-12-18 17:00:00,0.0,0.0,0.0,8.171766461472032,144.21197541426528,60.58419750418331,0.0,0.0,0.0,60.58419750418331,0.0,0.0,0.0,0.0,44.915557031151515,44.915557031151515,0.0
2022-12-18 18:00:00,0.0,0.0,0.0,8.171766461472032,156.89090688201367,48.73939881475194,0.0,0.0,0.0,48.73939881475194,0.0,0.0,0.0,0.0,43.510528099985315,43.510528099985315,0.0
2022-12-18 19:00:00,0.0,0.0,0.0,8.171766461472032,169.22730846422888,48.73939881475194,0.0,0.0,0.0,48.73939881475194,0.0,0.0,0.0,0.0,46.08944950086414,46.08944950086414,0.0
2022-12-18 20:00:00,0.0,0.0,0.0,8.171766461472032,178.34100667633666,44.191907497561786,0.0,0.0,0.0,44.191907497561786,0.0,0.0,0.0,0.0,46.48953496748692,46.48953496748692,0.0
2022-12-18 21:00:00,0.0,0.0,0.0,0.0,0.0,22.37766708451935,0.0,0.0,0.0,22.37766708451935,0.0,0.0,0.0,0.0,7.337637037013894,7.337637037013894,0.0
2022-12-18 22:00:00,0.0,0.0,0.0,0.08754063052823287,2.655585443493693,15.1945519237276,0.0,0.0,0.0,15.1945519237276,0.0,0.0,0.0,0.0,5.481097425227884,5.481097425227884,0.0
2022-12-18 23:00:00,0.0,0.0,0.0,0.23265101685240955,7.046830770155153,15.339662310051775,0.0,0.0,0.0,15.339662310051775,0.0,0.0,0.0,0.0,6.250953720053188,6.250953720053188,0.0
2022-12-19 00:00:00,0.0,0.0,0.0,0.6178707628550179,18.768516287190913,15.724882056054383,0.0,0.0,0.0,15.724882056054383,0.0,0.0,0.0,0.0,8.458887780417971,8.458887780417971,0.0
2022-12-19 01:00:00,0.0,0.0,0.0,0.9114266408644177,27.544183816756306,16.018437934063783,0.0,0.0,0.0,16.018437934063783,0.0,0.0,0.0,0.0,10.143869324431973,10.143869324431973,0.0
2022-12-19 02:00:00,0.0,0.0,0.0,1.1334928411026743,34.38190387010106,16.24050413430204,0.0,0.0,0.0,16.24050413430204,0.0,0.0,0.0,0.0,11.463442912231752,11.463442912231752,0.0
2022-12-19 03:00:00,0.0,0.0,0.0,1.2761166726768802,38.60712945381985,16.38312796587625,0.0,0.0,0.0,16.38312796587625,0.0,0.0,0.0,0.0,12.28246331736424,12.28246331736424,0.0
2022-12-19 04:00:00,0.0,0.0,0.0,1.433972295260265,43.55799756802367,16.54098358845963,0.0,0.0,0.0,16.54098358845963,0.0,0.0,0.0,0.0,13.281476313905722,13.281476313905722,0.0
2022-12-19 05:00:00,0.0,0.0,0.0,1.508576479982437,45.677042317079646,16.615587773181804,0.0,0.0,0.0,16.615587773181804,0.0,0.0,0.0,0.0,13.669098498053753,13.669098498053753,0.0
2022-12-19 06:00:00,0.0,0.0,0.0,8.171766461472032,326.8585966876141,23.2787777546714,0.0,0.0,0.0,23.2787777546714,0.0,0.0,0.0,0.0,66.42268094344843,66.42268094344843,0.0
2022-12-19 07:00:00,0.0,0.0,0.0,8.171766461472032,287.19901898180825,22.892760753991375,0.0,0.0,0.0,22.892760753991375,0.0,0.0,0.0,0.0,59.09573584821502,59.09573584821502,0.0
2022-12-19 08:00:00,0.0,0.0,0.0,8.171766461472032,251.68275501418753,32.706898309561794,0.0,0.0,0.0,32.706898309561794,0.0,0.0,0.0,0.0,55.85636345335385,55.85636345335385,0.0
2022-12-19 09:00:00,0.0,0.0,0.0,8.171766461472032,210.45475935273964,49.09918831618329,0.0,0.0,0.0,49.09918831618329,0.0,0.0,0.0,0.0,53.7102610820755,53.7102610820755,0.0
2022-12-19 10:00:00,0.0,0.0,0.0,8.171766461472032,181.9055562728322,49.09918831618329,0.0,0.0,0.0,49.09918831618329,0.0,0.0,0.0,0.0,48.71087991532519,48.71087991532519,0.0
2022-12-19 11:00:00,0.0,0.0,0.0,8.171766461472032,156.75524607760906,49.09918831618329,0.0,0.0,0.0,49.09918831618329,0.0,0.0,0.0,0.0,44.21692558135192,44.21692558135192,0.0
2022-12-19 12:00:00,0.0,0.0,0.0,8.171766461472032,143.72310805373152,49.09918831618329,0.0,0.0,0.0,49.09918831618329,0.0,0.0,0.0,0.0,42.07571834049817,42.07571834049817,0.0
2022-12-19 13:00:00,0.0,0.0,0.0,8.171766461472032,135.19192114106932,49.09918831618329,0.0,0.0,0.0,49.09918831618329,0.0,0.0,0.0,0.0,40.60743148384908,40.60743148384908,0.0
2022-12-19 14:00:00,0.0,0.0,0.0,8.171766461472032,131.91661141345907,49.09918831618329,0.0,0.0,0.0,49.09918831618329,0.0,0.0,0.0,0.0,39.948480755509024,39.948480755509024,0.0
2022-12-19 15:00:00,0.0,0.0,0.0,8.171766461472032,129.4506454612189,49.09918831618329,0.0,0.0,0.0,49.09918831618329,0.0,0.0,0.0,0.0,39.48680685681852,39.48680685681852,0.0
2022-12-19 16:00:00,0.0,0.0,0.0,8.171766461472032,146.84026875645063,58.67002930618331,0.0,0.0,0.0,58.67002930618331,0.0,0.0,0.0,0.0,45.52283833121199,45.52283833121199,0.0
2022-12-19 17:00:00,0.0,0.0,0.0,8.171766461472032,166.07685511583787,60.58419750418331,0.0,0.0,0.0,60.58419750418331,0.0,0.0,0.0,0.0,49.01894421915165,49.01894421915165,0.0
2022-12-19 18:00:00,0.0,0.0,0.0,8.171766461472032,180.682125669325,48.73939881475194,0.0,0.0,0.0,48.73939881475194,0.0,0.0,0.0,0.0,48.11338995720057,48.11338995720057,0.0
2022-12-19 19:00:00,0.0,0.0,0.0,8.171766461472032,199.83565011336356,48.73939881475194,0.0,0.0,0.0,48.73939881475194,0.0,0.0,0.0,0.0,51.83736756843308,51.83736756843308,0.0
2022-12-19 20:00:00,0.0,0.0,0.0,8.171766461472032,212.57829549601374,44.191907497561786,0.0,0.0,0.0,44.191907497561786,0.0,0.0,0.0,0.0,53.015462801007295,53.015462801007295,0.0
2022-12-19 21:00:00,0.0,0.0,0.0,0.01759160298415818,0.5346642409324314,22.395258687503503,0.0,0.0,0.0,22.395258687503503,0.0,0.0,0.0,0.0,7.6210734369940525,7.6210734369940525,0.0
2022-12-19 22:00:00,0.0,0.0,0.0,0.21445209979486415,6.505305143151608,15.32146339299423,0.0,0.0,0.0,15.32146339299423,0.0,0.0,0.0,0.0,6.361275394717948,6.361275394717948,0.0
2022-12-19 23:00:00,0.0,0.0,0.0,0.7377092790022954,22.38713951141076,15.844720572201664,0.0,0.0,0.0,15.844720572201664,0.0,0.0,0.0,0.0,9.315978733964696,9.315978733964696,0.0
2022-12-20 00:00:00,0.0,0.0,0.0,1.0548425652812863,31.889752575026645,16.16185385848065,0.0,0.0,0.0,16.16185385848065,0.0,0.0,0.0,0.0,10.984345311802763,10.984345311802763,0.0
2022-12-20 01:00:00,0.0,0.0,0.0,1.32381645089666,40.14883991301231,16.430827744096025,0.0,0.0,0.0,16.430827744096025,0.0,0.0,0.0,0.0,12.623713234109434,12.623713234109434,0.0
2022-12-20 02:00:00,0.0,0.0,0.0,1.461856535086664,44.26362478338863,16.56886782828603,0.0,0.0,0.0,16.56886782828603,0.0,0.0,0.0,0.0,13.443043770918266,13.443043770918266,0.0
2022-12-20 03:00:00,0.0,0.0,0.0,1.6356511804063993,49.67630617348868,16.742662473605765,0.0,0.0,0.0,16.742662473605765,0.0,0.0,0.0,0.0,14.378572883970442,14.378572883970442,0.0
2022-12-20 04:00:00,0.0,0.0,0.0,1.6829664490044247,51.0136800896425,16.789977742203792,0.0,0.0,0.0,16.789977742203792,0.0,0.0,0.0,0.0,14.740837860614086,14.740837860614086,0.0
2022-12-20 05:00:00,0.0,0.0,0.0,1.8371543794242113,55.847175203848295,16.94416567262358,0.0,0.0,0.0,16.94416567262358,0.0,0.0,0.0,0.0,15.534033551245145,15.534033551245145,0.0
2022-12-20 06:00:00,0.0,0.0,0.0,8.171766461472032,334.2123137886534,23.2787777546714,0.0,0.0,0.0,23.2787777546714,0.0,0.0,0.0,0.0,67.64173346510854,67.64173346510854,0.0
2022-12-20 07:00:00,0.0,0.0,0.0,8.171766461472032,307.50691774912923,22.892760753991375,0.0,0.0,0.0,22.892760753991375,0.0,0.0,0.0,0.0,63.03101525707962,63.03101525707962,0.0
2022-12-20 08:00:00,0.0,0.0,0.0,8.171766461472032,271.4878538182745,32.706898309561794,0.0,0.0,0.0,32.706898309561794,0.0,0.0,0.0,0.0,60.252053704750644,60.252053704750644,0.0
2022-12-20 09:00:00,0.0,0.0,0.0,8.171766461472032,225.71162162463017,49.09918831618329,0.0,0.0,0.0,49.09918831618329,0.0,0.0,0.0,0.0,57.80012825268705,57.80012825268705,0.0
2022-12-20 10:00:00,0.0,0.0,0.0,8.171766461472032,192.80181943670135,49.09918831618329,0.0,0.0,0.0,49.09918831618329,0.0,0.0,0.0,0.0,51.912511115279855,51.912511115279855,0.0
2022-12-20 11:00:00,0.0,0.0,0.0,8.171766461472032,168.71863888980567,49.09918831618329,0.0,0.0,0.0,49.09918831618329,0.0,0.0,0.0,0.0,46.82608888711076,46.82608888711076,0.0
2022-12-20 12:00:00,0.0,0.0,0.0,8.171766461472032,157.82515413168923,49.09918831618329,0.0,0.0,0.0,49.09918831618329,0.0,0.0,0.0,0.0,44.64082014652428,44.64082014652428,0.0
2022-12-20 13:00:00,0.0,0.0,0.0,8.171766461472032,150.05888709190904,49.09918831618329,0.0,0.0,0.0,49.09918831618329,0.0,0.0,0.0,0.0,43.30829346222046,43.30829346222046,0.0
2022-12-20 14:00:00,0.0,0.0,0.0,8.171766461472032,146.33117602522017,49.09918831618329,0.0,0.0,0.0,49.09918831618329,0.0,0.0,0.0,0.0,42.78932502473869,42.78932502473869,0.0
2022-12-20 15:00:00,0.0,0.0,0.0,8.171766461472032,147.41343445180675,49.09918831618329,0.0,0.0,0.0,49.09918831618329,0.0,0.0,0.0,0.0,43.105952089650216,43.105952089650216,0.0
2022-12-20 16:00:00,0.0,0.0,0.0,8.171766461472032,162.20397814796348,58.67002930618331,0.0,0.0,0.0,58.67002930618331,0.0,0.0,0.0,0.0,48.49794587384105,48.49794587384105,0.0
2022-12-20 17:00:00,0.0,0.0,0.0,8.171766461472032,176.05275892876804,60.58419750418331,0.0,0.0,0.0,60.58419750418331,0.0,0.0,0.0,0.0,51.76385836476615,51.76385836476615,0.0
2022-12-20 18:00:00,0.0,0.0,0.0,8.171766461472032,186.95623181643157,48.73939881475194,0.0,0.0,0.0,48.73939881475194,0.0,0.0,0.0,0.0,49.80939718142198,49.80939718142198,0.0
2022-12-20 19:00:00,0.0,0.0,0.0,8.171766461472032,194.29640419349712,48.73939881475194,0.0,0.0,0.0,48.73939881475194,0.0,0.0,0.0,0.0,51.02279679222635,51.02279679222635,0.0
2022-12-20 20:00:00,0.0,0.0,0.0,8.171766461472032,188.24240709032242,44.191907497561786,0.0,0.0,0.0,44.191907497561786,0.0,0.0,0.0,0.0,48.642614397182484,48.642614397182484,0.0
2022-12-20 21:00:00,0.0,0.0,0.0,0.0,0.0,22.37766708451935,0.0,0.0,0.0,22.37766708451935,0.0,0.0,0.0,0.0,7.527847207232308,7.527847207232308,0.0
2022-12-20 22:00:00,0.0,0.0,0.0,0.01125795000332908,0.34173298716826384,15.118269243202699,0.0,0.0,0.0,15.118269243202699,0.0,0.0,0.0,0.0,5.158956006587382,5.158956006587382,0.0
2022-12-20 23:00:00,0.0,0.0,0.0,0.054155262927539874,1.6246667195217899,15.161166556126908,0.0,0.0,0.0,15.161166556126908,0.0,0.0,0.0,0.0,5.3566547687278145,5.3566547687278145,0.0
2022-12-21 00:00:00,0.0,0.0,0.0,0.1107249264472212,3.3640483415999523,15.217736219646588,0.0,0.0,0.0,15.217736219646588,0.0,0.0,0.0,0.0,5.761162973503025,5.761162973503025,0.0
2022-12-21 01:00:00,0.0,0.0,0.0,0.1330054930733486,4.031714055042255,15.240016786272715,0.0,0.0,0.0,15.240016786272715,0.0,0.0,0.0,0.0,5.891363074746739,5.891363074746739,0.0
2022-12-21 02:00:00,0.0,0.0,0.0,0.16117349745790102,4.9179627458997635,15.268184790657267,0.0,0.0,0.0,15.268184790657267,0.0,0.0,0.0,0.0,6.114529156110381,6.114529156110381,0.0
2022-12-21 03:00:00,0.0,0.0,0.0,0.1585548091825156,4.813445046243275,15.265566102381882,0.0,0.0,0.0,15.265566102381882,0.0,0.0,0.0,0.0,6.098935555491871,6.098935555491871,0.0
2022-12-21 04:00:00,0.0,0.0,0.0,0.18496142535556326,5.639806968658128,15.291972718554932,0.0,0.0,0.0,15.291972718554932,0.0,0.0,0.0,0.0,6.240869577898335,6.240869577898335,0.0
2022-12-21 05:00:00,0.0,0.0,0.0,0.1638530232348669,4.972381946752317,15.270864316434235,0.0,0.0,0.0,15.270864316434235,0.0,0.0,0.0,0.0,6.079432446798535,6.079432446798535,0.0
2022-12-21 06:00:00,0.0,0.0,0.0,8.171766461472032,237.25566613712706,23.2787777546714,0.0,0.0,0.0,23.2787777546714,0.0,0.0,0.0,0.0,50.67955571922105,50.67955571922105,0.0
2022-12-21 07:00:00,0.0,0.0,0.0,8.171766461472032,182.16354828186337,22.892760753991375,0.0,0.0,0.0,22.892760753991375,0.0,0.0,0.0,0.0,40.586739513488666,40.586739513488666,0.0
2022-12-21 08:00:00,0.0,0.0,0.0,8.171766461472032,157.3378819852952,32.706898309561794,0.0,0.0,0.0,32.706898309561794,0.0,0.0,0.0,0.0,39.411810368757365,39.411810368757365,0.0
2022-12-21 09:00:00,0.0,0.0,0.0,8.171766461472032,130.37920596315595,49.09918831618329,0.0,0.0,0.0,49.09918831618329,0.0,0.0,0.0,0.0,39.8341885808444,39.8341885808444,0.0
2022-12-21 10:00:00,0.0,0.0,0.0,8.171766461472032,119.15102713154589,49.09918831618329,0.0,0.0,0.0,49.09918831618329,0.0,0.0,0.0,0.0,37.73644659055495,37.73644659055495,0.0
2022-12-21 11:00:00,0.0,0.0,0.0,8.171766461472032,106.50669457715355,49.09918831618329,0.0,0.0,0.0,49.09918831618329,0.0,0.0,0.0,0.0,35.39550934122259,35.39550934122259,0.0
2022-12-21 12:00:00,0.0,0.0,0.0,8.171766461472034,100.01727549803859,49.09918831618329,0.0,0.0,0.0,49.09918831618329,0.0,0.0,0.0,0.0,34.23592460255289,34.23592460255289,0.0
2022-12-21 13:00:00,0.0,0.0,0.0,8.171766461472032,97.32006313079896,49.09918831618329,0.0,0.0,0.0,49.09918831618329,0.0,0.0,0.0,0.0,33.766493131017064,33.766493131017064,0.0
2022-12-21 14:00:00,0.0,0.0,0.0,8.171766461472032,95.10683963217869,49.09918831618329,0.0,0.0,0.0,49.09918831618329,0.0,0.0,0.0,0.0,33.47945648103707,33.47945648103707,0.0
2022-12-21 15:00:00,0.0,0.0,0.0,8.171766461472032,89.42766641031217,49.09918831618329,0.0,0.0,0.0,49.09918831618329,0.0,0.0,0.0,0.0,32.46575684450069,32.46575684450069,0.0
2022-12-21 16:00:00,0.0,0.0,0.0,8.171766461472032,90.24518145845622,58.67002930618331,0.0,0.0,0.0,58.67002930618331,0.0,0.0,0.0,0.0,35.52648052299003,35.52648052299003,0.0
2022-12-21 17:00:00,0.0,0.0,0.0,8.171766461472032,95.26416714901005,60.58419750418331,0.0,0.0,0.0,60.58419750418331,0.0,0.0,0.0,0.0,36.919158865280465,36.919158865280465,0.0
2022-12-21 18:00:00,0.0,0.0,0.0,8.171766461472032,99.59398075128689,48.73939881475194,0.0,0.0,0.0,48.73939881475194,0.0,0.0,0.0,0.0,33.79027567008124,33.79027567008124,0.0
2022-12-21 19:00:00,0.0,0.0,0.0,8.171766461472032,106.56013880963376,48.73939881475194,0.0,0.0,0.0,48.73939881475194,0.0,0.0,0.0,0.0,35.135190595079216,35.135190595079216,0.0
2022-12-21 20:00:00,0.0,0.0,0.0,8.171766461472032,109.53308744168855,44.191907497561786,0.0,0.0,0.0,44.191907497561786,0.0,0.0,0.0,0.0,34.078986580157704,34.078986580157704,0.0
2022-12-21 21:00:00,0.0,0.0,0.0,0.0,0.0,22.37766708451935,0.0,0.0,0.0,22.37766708451935,0.0,0.0,0.0,0.0,7.264685842318361,7.264685842318361,0.0
2022-12-21 22:00:00,0.0,0.0,0.0,0.0,0.0,15.107011293199369,0.0,0.0,0.0,15.107011293199369,0.0,0.0,0.0,0.0,4.681058519310756,4.681058519310756,0.0
2022-12-21 23:00:00,0.0,0.0,0.0,0.0,0.0,15.107011293199369,0.0,0.0,0.0,15.107011293199369,0.0,0.0,0.0,0.0,4.689518445634948,4.689518445634948,0.0
2022-12-22 00:00:00,0.0,0.0,0.0,0.0,0.0,14.657592477664597,0.0,0.0,0.0,14.657592477664597,0.0,0.0,0.0,0.0,4.4651423964709664,4.4651423964709664,0.0
2022-12-22 01:00:00,0.0,0.0,0.0,0.0,0.0,14.657592477664597,0.0,0.0,0.0,14.657592477664597,0.0,0.0,0.0,0.0,4.547811218044995,4.547811218044995,0.0
2022-12-22 02:00:00,0.0,0.0,0.0,0.0,0.0,14.657592477664597,0.0,0.0,0.0,14.657592477664597,0.0,0.0,0.0,0.0,4.566279784566851,4.566279784566851,0.0
2022-12-22 03:00:00,0.0,0.0,0.0,0.0,0.0,14.657592477664597,0.0,0.0,0.0,14.657592477664597,0.0,0.0,0.0,0.0,4.553820830960837,4.553820830960837,0.0
2022-12-22 04:00:00,0.0,0.0,0.0,0.0,0.0,14.657592477664597,0.0,0.0,0.0,14.657592477664597,0.0,0.0,0.0,0.0,4.595888121371734,4.595888121371734,0.0
2022-12-22 05:00:00,0.0,0.0,0.0,0.022594159957368083,0.6830738910730138,14.680186637621965,0.0,0.0,0.0,14.680186637621965,0.0,0.0,0.0,0.0,4.699535921238139,4.699535921238139,0.0
2022-12-22 06:00:00,0.0,0.0,0.0,8.171766461472032,202.4269507133702,22.829358939136633,0.0,0.0,0.0,22.829358939136633,0.0,0.0,0.0,0.0,43.4385474792824,43.4385474792824,0.0
2022-12-22 07:00:00,0.0,0.0,0.0,8.171766461472032,161.61852906042392,18.345269436801235,0.0,0.0,0.0,18.345269436801235,0.0,0.0,0.0,0.0,34.69313919011549,34.69313919011549,0.0
2022-12-22 08:00:00,0.0,0.0,0.0,8.171766461472032,147.6177763321696,23.611915675181518,0.0,0.0,0.0,23.611915675181518,0.0,0.0,0.0,0.0,33.48819664351155,33.48819664351155,0.0
2022-12-22 09:00:00,0.0,0.0,0.0,8.171766461472032,124.73023635505294,37.25438962675194,0.0,0.0,0.0,37.25438962675194,0.0,0.0,0.0,0.0,33.574813117026956,33.574813117026956,0.0
2022-12-22 10:00:00,0.0,0.0,0.0,8.171766461472032,108.61018506503117,49.09918831618329,0.0,0.0,0.0,49.09918831618329,0.0,0.0,0.0,0.0,34.420579052776745,34.420579052776745,0.0
2022-12-22 11:00:00,0.0,0.0,0.0,8.171766461472032,96.33385136815563,49.09918831618329,0.0,0.0,0.0,49.09918831618329,0.0,0.0,0.0,0.0,31.950976372519243,31.950976372519243,0.0
2022-12-22 12:00:00,0.0,0.0,0.0,8.171766461472032,89.21484628148849,49.09918831618329,0.0,0.0,0.0,49.09918831618329,0.0,0.0,0.0,0.0,30.582290995251604,30.582290995251604,0.0
2022-12-22 13:00:00,0.0,0.0,0.0,8.171766461472034,84.40441695083118,49.09918831618329,0.0,0.0,0.0,49.09918831618329,0.0,0.0,0.0,0.0,29.917477874287584,29.917477874287584,0.0
2022-12-22 14:00:00,0.0,0.0,0.0,8.171766461472032,82.77209722859199,49.09918831618329,0.0,0.0,0.0,49.09918831618329,0.0,0.0,0.0,0.0,29.670222261229153,29.670222261229153,0.0
2022-12-22 15:00:00,0.0,0.0,0.0,8.171766461472032,82.0218278321829,49.09918831618329,0.0,0.0,0.0,49.09918831618329,0.0,0.0,0.0,0.0,29.659356892147116,29.659356892147116,0.0
2022-12-22 16:00:00,0.0,0.0,0.0,8.171766461472032,82.16686164951949,58.67002930618331,0.0,0.0,0.0,58.67002930618331,0.0,0.0,0.0,0.0,32.11122331661723,32.11122331661723,0.0
2022-12-22 17:00:00,0.0,0.0,0.0,8.171766461472032,87.73942567291023,60.58419750418331,0.0,0.0,0.0,60.58419750418331,0.0,0.0,0.0,0.0,33.34815610169018,33.34815610169018,0.0
2022-12-22 18:00:00,0.0,0.0,0.0,8.171766461472032,104.94292120021534,44.191907497561786,0.0,0.0,0.0,44.191907497561786,0.0,0.0,0.0,0.0,32.09690686645814,32.09690686645814,0.0
2022-12-22 19:00:00,0.0,0.0,0.0,8.171766461472032,114.4035707801295,35.096924863181506,0.0,0.0,0.0,35.096924863181506,0.0,0.0,0.0,0.0,31.1534594786592,31.1534594786592,0.0
2022-12-22 20:00:00,0.0,0.0,0.0,8.171766461472032,119.22599904187328,35.096924863181506,0.0,0.0,0.0,35.096924863181506,0.0,0.0,0.0,0.0,32.13124208980377,32.13124208980377,0.0
2022-12-22 21:00:00,0.0,0.0,0.0,8.171766461472032,127.88167831011965,26.001942228801234,0.0,0.0,0.0,26.001942228801234,0.0,0.0,0.0,0.0,30.930779652824786,30.930779652824786,0.0
2022-12-22 22:00:00,0.0,0.0,0.0,0.0,0.0,14.657592477664597,0.0,0.0,0.0,14.657592477664597,0.0,0.0,0.0,0.0,4.3025896958936665,4.3025896958936665,0.0
2022-12-22 23:00:00,0.0,0.0,0.0,0.0,0.0,14.657592477664597,0.0,0.0,0.0,14.657592477664597,0.0,0.0,0.0,0.0,4.381300967498725,4.381300967498725,0.0
2022-12-23 00:00:00,0.0,0.0,0.0,0.0,0.0,14.657592477664597,0.0,0.0,0.0,14.657592477664597,0.0,0.0,0.0,0.0,4.402994204365668,4.402994204365668,0.0
2022-12-23 01:00:00,0.0,0.0,0.0,0.0,0.0,14.657592477664597,0.0,0.0,0.0,14.657592477664597,0.0,0.0,0.0,0.0,4.428205263427251,4.428205263427251,0.0
2022-12-23 02:00:00,0.0,0.0,0.0,0.0,0.0,14.657592477664597,0.0,0.0,0.0,14.657592477664597,0.0,0.0,0.0,0.0,4.387017428565014,4.387017428565014,0.0
2022-12-23 03:00:00,0.0,0.0,0.0,0.011936079107049394,0.3637463999462038,14.669528556771647,0.0,0.0,0.0,14.669528556771647,0.0,0.0,0.0,0.0,4.452561900131629,4.452561900131629,0.0
2022-12-23 04:00:00,0.0,0.0,0.0,0.051593281290203165,1.5505431399055545,14.709185758954803,0.0,0.0,0.0,14.709185758954803,0.0,0.0,0.0,0.0,4.743560904145017,4.743560904145017,0.0
2022-12-23 05:00:00,0.0,0.0,0.0,0.14925811409866316,4.5581655019116205,14.806850591763261,0.0,0.0,0.0,14.806850591763261,0.0,0.0,0.0,0.0,5.359591566627346,5.359591566627346,0.0
2022-12-23 06:00:00,0.0,0.0,0.0,0.21426990796935214,6.5145439448827505,14.871862385633953,0.0,0.0,0.0,14.871862385633953,0.0,0.0,0.0,0.0,5.737418338451483,5.737418338451483,0.0
2022-12-23 07:00:00,0.0,0.0,0.0,0.3740836047626639,11.397312666889512,7.375003290427265,0.0,0.0,0.0,7.375003290427265,0.0,0.0,0.0,0.0,4.261494351228647,4.261494351228647,0.0
2022-12-23 08:00:00,0.0,0.0,0.0,8.171766461472032,257.2248944457606,14.516933040801234,0.0,0.0,0.0,14.516933040801234,0.0,0.0,0.0,0.0,50.547747795232254,50.547747795232254,0.0
2022-12-23 09:00:00,0.0,0.0,0.0,8.171766461472032,202.56131435102031,14.516933040801234,0.0,0.0,0.0,14.516933040801234,0.0,0.0,0.0,0.0,40.63615662217871,40.63615662217871,0.0
2022-12-23 10:00:00,0.0,0.0,0.0,8.171766461472032,172.0806205431144,28.15940699237166,0.0,0.0,0.0,28.15940699237166,0.0,0.0,0.0,0.0,39.07000549018712,39.07000549018712,0.0
2022-12-23 11:00:00,0.0,0.0,0.0,8.171766461472032,155.56887158172358,28.15940699237166,0.0,0.0,0.0,28.15940699237166,0.0,0.0,0.0,0.0,35.974283237423315,35.974283237423315,0.0
2022-12-23 12:00:00,0.0,0.0,0.0,8.171766461472032,133.57778142827834,37.25438962675194,0.0,0.0,0.0,37.25438962675194,0.0,0.0,0.0,0.0,34.53002212096075,34.53002212096075,0.0
2022-12-23 13:00:00,0.0,0.0,0.0,8.171766461472032,120.45128992745731,37.25438962675194,0.0,0.0,0.0,37.25438962675194,0.0,0.0,0.0,0.0,32.234394879469086,32.234394879469086,0.0
2022-12-23 14:00:00,0.0,0.0,0.0,8.171766461472032,112.32476179765973,37.25438962675194,0.0,0.0,0.0,37.25438962675194,0.0,0.0,0.0,0.0,30.835660218428373,30.835660218428373,0.0
2022-12-23 15:00:00,0.0,0.0,0.0,8.171766461472032,114.75740429150625,37.25438962675194,0.0,0.0,0.0,37.25438962675194,0.0,0.0,0.0,0.0,31.469244052381946,31.469244052381946,0.0
2022-12-23 16:00:00,0.0,0.0,0.0,8.171766461472032,128.92697066561905,46.82523061675194,0.0,0.0,0.0,46.82523061675194,0.0,0.0,0.0,0.0,36.736012808871756,36.736012808871756,0.0
2022-12-23 17:00:00,0.0,0.0,0.0,8.171766461472032,169.72262777700178,39.64441618037165,0.0,0.0,0.0,39.64441618037165,0.0,0.0,0.0,0.0,42.0666105449351,42.0666105449351,0.0
2022-12-23 18:00:00,0.0,0.0,0.0,8.171766461472032,185.4129383380837,30.549433545991374,0.0,0.0,0.0,30.549433545991374,0.0,0.0,0.0,0.0,42.32366256312645,42.32366256312645,0.0
2022-12-23 19:00:00,0.0,0.0,0.0,0.0,0.0,14.657592477664597,0.0,0.0,0.0,14.657592477664597,0.0,0.0,0.0,0.0,4.318273319844767,4.318273319844767,0.0
2022-12-23 20:00:00,0.0,0.0,0.0,0.0,0.0,14.657592477664597,0.0,0.0,0.0,14.657592477664597,0.0,0.0,0.0,0.0,4.291010197836311,4.291010197836311,0.0
2022-12-23 21:00:00,0.0,0.0,0.0,0.05143490806157169,1.5517596525445783,14.709027385726168,0.0,0.0,0.0,14.709027385726168,0.0,0.0,0.0,0.0,4.531627694988655,4.531627694988655,0.0
2022-12-23 22:00:00,0.0,0.0,0.0,0.16025336169577883,4.869249654164868,14.817845839360379,0.0,0.0,0.0,14.817845839360379,0.0,0.0,0.0,0.0,4.976660181958965,4.976660181958965,0.0
2022-12-23 23:00:00,0.0,0.0,0.0,0.19816591124685454,6.027684606071992,14.855758388911452,0.0,0.0,0.0,14.855758388911452,0.0,0.0,0.0,0.0,5.083714479859132,5.083714479859132,0.0
2022-12-24 00:00:00,0.0,0.0,0.0,0.30918785331468396,9.404584906166725,15.416199146514051,0.0,0.0,0.0,15.416199146514051,0.0,0.0,0.0,0.0,5.785991956360505,5.785991956360505,0.0
2022-12-24 01:00:00,0.0,0.0,0.0,0.5233574774111717,15.888616994437687,15.630368770610536,0.0,0.0,0.0,15.630368770610536,0.0,0.0,0.0,0.0,6.865408852296391,6.865408852296391,0.0
2022-12-24 02:00:00,0.0,0.0,0.0,0.6078041271265485,18.435950753140876,15.714815420325914,0.0,0.0,0.0,15.714815420325914,0.0,0.0,0.0,0.0,7.219660606895009,7.219660606895009,0.0
2022-12-24 03:00:00,0.0,0.0,0.0,0.6940676401002639,21.04141060126341,15.801078933299632,0.0,0.0,0.0,15.801078933299632,0.0,0.0,0.0,0.0,7.592466434743823,7.592466434743823,0.0
2022-12-24 04:00:00,0.0,0.0,0.0,0.7446716031041059,22.54055530943372,15.85168289630347,0.0,0.0,0.0,15.85168289630347,0.0,0.0,0.0,0.0,7.911504879471557,7.911504879471557,0.0
2022-12-24 05:00:00,0.0,0.0,0.0,0.8021861895780873,24.297447441471785,15.909197482777456,0.0,0.0,0.0,15.909197482777456,0.0,0.0,0.0,0.0,8.289700790359461,8.289700790359461,0.0
2022-12-24 06:00:00,0.0,0.0,0.0,8.171766461472032,273.35449989863764,23.2787777546714,0.0,0.0,0.0,23.2787777546714,0.0,0.0,0.0,0.0,55.15647268798056,55.15647268798056,0.0
2022-12-24 07:00:00,0.0,0.0,0.0,8.171766461472032,224.13645281718843,22.892760753991375,0.0,0.0,0.0,22.892760753991375,0.0,0.0,0.0,0.0,46.06371318700809,46.06371318700809,0.0
2022-12-24 08:00:00,0.0,0.0,0.0,8.171766461472032,193.25965813909733,32.706898309561794,0.0,0.0,0.0,32.706898309561794,0.0,0.0,0.0,0.0,42.88195381095865,42.88195381095865,0.0
2022-12-24 09:00:00,0.0,0.0,0.0,8.171766461472032,158.06608554790068,49.09918831618329,0.0,0.0,0.0,49.09918831618329,0.0,0.0,0.0,0.0,40.53237258377023,40.53237258377023,0.0
2022-12-24 10:00:00,0.0,0.0,0.0,8.171766461472032,138.46546249483998,49.09918831618329,0.0,0.0,0.0,49.09918831618329,0.0,0.0,0.0,0.0,36.78625387377844,36.78625387377844,0.0
2022-12-24 11:00:00,0.0,0.0,0.0,8.171766461472032,117.99329289414821,49.09918831618329,0.0,0.0,0.0,49.09918831618329,0.0,0.0,0.0,0.0,32.92985707586472,32.92985707586472,0.0
2022-12-24 12:00:00,0.0,0.0,0.0,8.171766461472032,104.69232486709059,49.09918831618329,0.0,0.0,0.0,49.09918831618329,0.0,0.0,0.0,0.0,30.79229202122675,30.79229202122675,0.0
2022-12-24 13:00:00,0.0,0.0,0.0,8.171766461472032,94.68951664205295,49.09918831618329,0.0,0.0,0.0,49.09918831618329,0.0,0.0,0.0,0.0,29.37769287003463,29.37769287003463,0.0
2022-12-24 14:00:00,0.0,0.0,0.0,8.171766461472032,91.4248565242355,49.09918831618329,0.0,0.0,0.0,49.09918831618329,0.0,0.0,0.0,0.0,29.225890256121474,29.225890256121474,0.0
2022-12-24 15:00:00,0.0,0.0,0.0,8.171766461472032,93.16767645035922,49.09918831618329,0.0,0.0,0.0,49.09918831618329,0.0,0.0,0.0,0.0,30.082231736443404,30.082231736443404,0.0
2022-12-24 16:00:00,0.0,0.0,0.0,8.171766461472032,104.92603801753641,58.67002930618331,0.0,0.0,0.0,58.67002930618331,0.0,0.0,0.0,0.0,35.25856797185649,35.25856797185649,0.0
2022-12-24 17:00:00,0.0,0.0,0.0,8.171766461472032,122.62624352309403,60.58419750418331,0.0,0.0,0.0,60.58419750418331,0.0,0.0,0.0,0.0,38.79045096737063,38.79045096737063,0.0
2022-12-24 18:00:00,0.0,0.0,0.0,8.171766461472032,137.19824266438025,48.73939881475194,0.0,0.0,0.0,48.73939881475194,0.0,0.0,0.0,0.0,38.12201908336825,38.12201908336825,0.0
2022-12-24 19:00:00,0.0,0.0,0.0,8.171766461472032,150.32529348915378,48.73939881475194,0.0,0.0,0.0,48.73939881475194,0.0,0.0,0.0,0.0,40.661499250211136,40.661499250211136,0.0
2022-12-24 20:00:00,0.0,0.0,0.0,8.171766461472032,157.24757934061392,44.191907497561786,0.0,0.0,0.0,44.191907497561786,0.0,0.0,0.0,0.0,40.300430525872216,40.300430525872216,0.0
2022-12-24 21:00:00,0.0,0.0,0.0,0.0,0.0,22.37766708451935,0.0,0.0,0.0,22.37766708451935,0.0,0.0,0.0,0.0,5.986025945108926,5.986025945108926,0.0
2022-12-24 22:00:00,0.0,0.0,0.0,0.01271352466855184,0.3858436499357934,15.11972481786792,0.0,0.0,0.0,15.11972481786792,0.0,0.0,0.0,0.0,4.016929064403906,4.016929064403906,0.0
2022-12-24 23:00:00,0.0,0.0,0.0,0.06665636720097293,1.9998155910878506,15.173667660400339,0.0,0.0,0.0,15.173667660400339,0.0,0.0,0.0,0.0,4.423575824786117,4.423575824786117,0.0
2022-12-25 00:00:00,0.0,0.0,0.0,0.18902240437993903,5.7559518270041945,14.846614882044538,0.0,0.0,0.0,14.846614882044538,0.0,0.0,0.0,0.0,4.913258054231868,4.913258054231868,0.0
2022-12-25 01:00:00,0.0,0.0,0.0,0.19697545222773485,5.967942504893624,14.854567929892337,0.0,0.0,0.0,14.854567929892337,0.0,0.0,0.0,0.0,4.958108759017344,4.958108759017344,0.0
2022-12-25 02:00:00,0.0,0.0,0.0,0.3531125036925607,10.762713767266769,15.010704981357158,0.0,0.0,0.0,15.010704981357158,0.0,0.0,0.0,0.0,5.8760396297167095,5.8760396297167095,0.0
2022-12-25 03:00:00,0.0,0.0,0.0,0.5729323581315111,17.36419491343385,15.230524835796112,0.0,0.0,0.0,15.230524835796112,0.0,0.0,0.0,0.0,6.950815271222283,6.950815271222283,0.0
2022-12-25 04:00:00,0.0,0.0,0.0,0.7793036690039793,23.62288726142567,15.436896146668579,0.0,0.0,0.0,15.436896146668579,0.0,0.0,0.0,0.0,8.203612357966641,8.203612357966641,0.0
2022-12-25 05:00:00,0.0,0.0,0.0,0.8303957887184,25.11404383479565,15.487988266382999,0.0,0.0,0.0,15.487988266382999,0.0,0.0,0.0,0.0,8.64330255014832,8.64330255014832,0.0
2022-12-25 06:00:00,0.0,0.0,0.0,0.9689506111694218,29.379457317236128,15.62654308883402,0.0,0.0,0.0,15.62654308883402,0.0,0.0,0.0,0.0,9.470977590749634,9.470977590749634,0.0
2022-12-25 07:00:00,0.0,0.0,0.0,0.92769216320086,28.073823463261604,7.92861184886546,0.0,0.0,0.0,7.92861184886546,0.0,0.0,0.0,0.0,7.150632082625979,7.150632082625979,0.0
2022-12-25 08:00:00,0.0,0.0,0.0,8.171766461472032,269.2365500361119,14.516933040801234,0.0,0.0,0.0,14.516933040801234,0.0,0.0,0.0,0.0,52.24010272797125,52.24010272797125,0.0
2022-12-25 09:00:00,0.0,0.0,0.0,8.171766461472032,201.59312331371305,14.516933040801234,0.0,0.0,0.0,14.516933040801234,0.0,0.0,0.0,0.0,39.997581906323354,39.997581906323354,0.0
2022-12-25 10:00:00,0.0,0.0,0.0,8.171766461472032,161.89149516519876,28.15940699237166,0.0,0.0,0.0,28.15940699237166,0.0,0.0,0.0,0.0,36.25465710086974,36.25465710086974,0.0
2022-12-25 11:00:00,0.0,0.0,0.0,8.171766461472032,138.47267375541682,28.15940699237166,0.0,0.0,0.0,28.15940699237166,0.0,0.0,0.0,0.0,31.924887791821636,31.924887791821636,0.0
2022-12-25 12:00:00,0.0,0.0,0.0,8.171766461472032,113.91553766018983,37.25438962675194,0.0,0.0,0.0,37.25438962675194,0.0,0.0,0.0,0.0,29.81072555638091,29.81072555638091,0.0
2022-12-25 13:00:00,0.0,0.0,0.0,8.171766461472032,103.00795518421693,37.25438962675194,0.0,0.0,0.0,37.25438962675194,0.0,0.0,0.0,0.0,28.052827589214026,28.052827589214026,0.0
2022-12-25 14:00:00,0.0,0.0,0.0,8.171766461472032,98.14458286269107,37.25438962675194,0.0,0.0,0.0,37.25438962675194,0.0,0.0,0.0,0.0,27.338486895807065,27.338486895807065,0.0
2022-12-25 15:00:00,0.0,0.0,0.0,8.171766461472032,101.50280823203698,37.25438962675194,0.0,0.0,0.0,37.25438962675194,0.0,0.0,0.0,0.0,28.02956694818656,28.02956694818656,0.0
2022-12-25 16:00:00,0.0,0.0,0.0,8.171766461472032,113.09771151577434,46.82523061675194,0.0,0.0,0.0,46.82523061675194,0.0,0.0,0.0,0.0,32.60246857258832,32.60246857258832,0.0
2022-12-25 17:00:00,0.0,0.0,0.0,8.171766461472032,152.65973778588494,39.64441618037165,0.0,0.0,0.0,39.64441618037165,0.0,0.0,0.0,0.0,37.77734655928217,37.77734655928217,0.0
2022-12-25 18:00:00,0.0,0.0,0.0,8.171766461472032,168.61775276710924,30.549433545991374,0.0,0.0,0.0,30.549433545991374,0.0,0.0,0.0,0.0,38.343790670264156,38.343790670264156,0.0
2022-12-25 19:00:00,0.0,0.0,0.0,0.0,0.0,14.657592477664597,0.0,0.0,0.0,14.657592477664597,0.0,0.0,0.0,0.0,3.867112623382251,3.867112623382251,0.0
2022-12-25 20:00:00,0.0,0.0,0.0,0.0,0.0,14.657592477664597,0.0,0.0,0.0,14.657592477664597,0.0,0.0,0.0,0.0,3.8672591993070267,3.8672591993070267,0.0
2022-12-25 21:00:00,0.0,0.0,0.0,0.0,0.0,14.657592477664597,0.0,0.0,0.0,14.657592477664597,0.0,0.0,0.0,0.0,3.8496700883338297,3.8496700883338297,0.0
2022-12-25 22:00:00,0.0,0.0,0.0,0.027438090407104786,0.8275708552543416,14.685030568071706,0.0,0.0,0.0,14.685030568071706,0.0,0.0,0.0,0.0,3.9555112487487043,3.9555112487487043,0.0
2022-12-25 23:00:00,0.0,0.0,0.0,0.04962051182201989,1.499350820061473,14.707212989486617,0.0,0.0,0.0,14.707212989486617,0.0,0.0,0.0,0.0,3.962792845587356,3.962792845587356,0.0
2022-12-26 00:00:00,0.0,0.0,0.0,0.11162202115296317,3.384795722253372,15.218633314352328,0.0,0.0,0.0,15.218633314352328,0.0,0.0,0.0,0.0,4.501447155302088,4.501447155302088,0.0
2022-12-26 01:00:00,0.0,0.0,0.0,0.14046629287961837,4.287942243405911,15.247477586078984,0.0,0.0,0.0,15.247477586078984,0.0,0.0,0.0,0.0,4.659085237649636,4.659085237649636,0.0
2022-12-26 02:00:00,0.0,0.0,0.0,0.1278022250063423,3.879268155361874,15.234813518205709,0.0,0.0,0.0,15.234813518205709,0.0,0.0,0.0,0.0,4.591720432417201,4.591720432417201,0.0
2022-12-26 03:00:00,0.0,0.0,0.0,0.1418380229170236,4.331253372605196,15.24884931611639,0.0,0.0,0.0,15.24884931611639,0.0,0.0,0.0,0.0,4.738445245842496,4.738445245842496,0.0
2022-12-26 04:00:00,0.0,0.0,0.0,0.1290675309252966,3.9195514380894867,15.236078824124665,0.0,0.0,0.0,15.236078824124665,0.0,0.0,0.0,0.0,4.683399958191014,4.683399958191014,0.0
2022-12-26 05:00:00,0.0,0.0,0.0,0.2218915318854168,6.780317455831298,15.328902825084782,0.0,0.0,0.0,15.328902825084782,0.0,0.0,0.0,0.0,5.316068644509697,5.316068644509697,0.0
2022-12-26 06:00:00,0.0,0.0,0.0,8.171766461472032,249.53219603287823,23.2787777546714,0.0,0.0,0.0,23.2787777546714,0.0,0.0,0.0,0.0,51.173605727006,51.173605727006,0.0
2022-12-26 07:00:00,0.0,0.0,0.0,8.171766461472032,195.4035845001857,22.892760753991375,0.0,0.0,0.0,22.892760753991375,0.0,0.0,0.0,0.0,41.20123203883182,41.20123203883182,0.0
2022-12-26 08:00:00,0.0,0.0,0.0,8.171766461472032,163.98485836068707,32.706898309561794,0.0,0.0,0.0,32.706898309561794,0.0,0.0,0.0,0.0,38.113064876746066,38.113064876746066,0.0
2022-12-26 09:00:00,0.0,0.0,0.0,8.171766461472032,131.9720784753187,49.09918831618329,0.0,0.0,0.0,49.09918831618329,0.0,0.0,0.0,0.0,37.170124718490605,37.170124718490605,0.0
2022-12-26 10:00:00,0.0,0.0,0.0,8.171766461472032,117.39986378007299,49.09918831618329,0.0,0.0,0.0,49.09918831618329,0.0,0.0,0.0,0.0,34.512021996203714,34.512021996203714,0.0
2022-12-26 11:00:00,0.0,0.0,0.0,8.171766461472032,106.30123867417582,49.09918831618329,0.0,0.0,0.0,49.09918831618329,0.0,0.0,0.0,0.0,32.54611541405791,32.54611541405791,0.0
2022-12-26 12:00:00,0.0,0.0,0.0,8.171766461472034,98.13462692687568,49.09918831618329,0.0,0.0,0.0,49.09918831618329,0.0,0.0,0.0,0.0,31.14494344255813,31.14494344255813,0.0
2022-12-26 13:00:00,0.0,0.0,0.0,8.171766461472032,90.43950766014267,49.09918831618329,0.0,0.0,0.0,49.09918831618329,0.0,0.0,0.0,0.0,29.839465708866587,29.839465708866587,0.0
2022-12-26 14:00:00,0.0,0.0,0.0,8.171766461472032,87.90016881079038,49.09918831618329,0.0,0.0,0.0,49.09918831618329,0.0,0.0,0.0,0.0,29.423500015645573,29.423500015645573,0.0
2022-12-26 15:00:00,0.0,0.0,0.0,8.171766461472032,83.79832101359099,49.09918831618329,0.0,0.0,0.0,49.09918831618329,0.0,0.0,0.0,0.0,28.54355495876861,28.54355495876861,0.0
2022-12-26 16:00:00,0.0,0.0,0.0,8.171766461472032,85.99928452524041,58.67002930618331,0.0,0.0,0.0,58.67002930618331,0.0,0.0,0.0,0.0,31.207774646502287,31.207774646502287,0.0
2022-12-26 17:00:00,0.0,0.0,0.0,8.171766461472032,91.19348649150619,60.58419750418331,0.0,0.0,0.0,60.58419750418331,0.0,0.0,0.0,0.0,32.32520022022149,32.32520022022149,0.0
2022-12-26 18:00:00,0.0,0.0,0.0,8.171766461472032,95.80853419760194,48.73939881475194,0.0,0.0,0.0,48.73939881475194,0.0,0.0,0.0,0.0,30.18677749153208,30.18677749153208,0.0
2022-12-26 19:00:00,0.0,0.0,0.0,8.171766461472032,102.81433642461222,48.73939881475194,0.0,0.0,0.0,48.73939881475194,0.0,0.0,0.0,0.0,31.589031946294376,31.589031946294376,0.0
2022-12-26 20:00:00,0.0,0.0,0.0,8.171766461472032,107.4445143832532,44.191907497561786,0.0,0.0,0.0,44.191907497561786,0.0,0.0,0.0,0.0,31.141133258441343,31.141133258441343,0.0
2022-12-26 21:00:00,0.0,0.0,0.0,0.0,0.0,22.37766708451935,0.0,0.0,0.0,22.37766708451935,0.0,0.0,0.0,0.0,6.065914216600659,6.065914216600659,0.0
2022-12-26 22:00:00,0.0,0.0,0.0,0.0,0.0,15.107011293199369,0.0,0.0,0.0,15.107011293199369,0.0,0.0,0.0,0.0,3.9926320146796614,3.9926320146796614,0.0
2022-12-26 23:00:00,0.0,0.0,0.0,0.0,0.0,15.107011293199369,0.0,0.0,0.0,15.107011293199369,0.0,0.0,0.0,0.0,3.877516588625482,3.877516588625482,0.0
2022-12-27 00:00:00,0.0,0.0,0.0,0.0,0.0,15.107011293199369,0.0,0.0,0.0,15.107011293199369,0.0,0.0,0.0,0.0,3.8255484697768765,3.8255484697768765,0.0
2022-12-27 01:00:00,0.0,0.0,0.0,0.0,0.0,15.107011293199369,0.0,0.0,0.0,15.107011293199369,0.0,0.0,0.0,0.0,3.815124631984568,3.815124631984568,0.0
2022-12-27 02:00:00,0.0,0.0,0.0,0.01810309192237792,0.5480277291167256,15.125114385121744,0.0,0.0,0.0,15.125114385121744,0.0,0.0,0.0,0.0,3.8400209138782064,3.8400209138782064,0.0
2022-12-27 03:00:00,0.0,0.0,0.0,0.03939712213925422,1.1888118914247205,15.14640841533862,0.0,0.0,0.0,15.14640841533862,0.0,0.0,0.0,0.0,3.9256734555357187,3.9256734555357187,0.0
2022-12-27 04:00:00,0.0,0.0,0.0,0.04737499964396026,1.431108296824032,15.154386292843324,0.0,0.0,0.0,15.154386292843324,0.0,0.0,0.0,0.0,3.934580387720518,3.934580387720518,0.0
2022-12-27 05:00:00,0.0,0.0,0.0,0.10487259649517527,3.1834735309585698,15.211883889694542,0.0,0.0,0.0,15.211883889694542,0.0,0.0,0.0,0.0,4.350448616226315,4.350448616226315,0.0
2022-12-27 06:00:00,0.0,0.0,0.0,8.171766461472032,226.31122346557447,23.2787777546714,0.0,0.0,0.0,23.2787777546714,0.0,0.0,0.0,0.0,46.59482568826045,46.59482568826045,0.0
2022-12-27 07:00:00,0.0,0.0,0.0,8.171766461472032,177.2077842296338,22.892760753991375,0.0,0.0,0.0,22.892760753991375,0.0,0.0,0.0,0.0,37.77741235808454,37.77741235808454,0.0
2022-12-27 08:00:00,0.0,0.0,0.0,8.171766461472032,154.88458417912014,32.706898309561794,0.0,0.0,0.0,32.706898309561794,0.0,0.0,0.0,0.0,36.35484949397323,36.35484949397323,0.0
2022-12-27 09:00:00,0.0,0.0,0.0,8.171766461472032,129.08860841950099,49.09918831618329,0.0,0.0,0.0,49.09918831618329,0.0,0.0,0.0,0.0,36.04114282196268,36.04114282196268,0.0
2022-12-27 10:00:00,0.0,0.0,0.0,8.171766461472032,120.59682121684598,49.09918831618329,0.0,0.0,0.0,49.09918831618329,0.0,0.0,0.0,0.0,34.620211233835704,34.620211233835704,0.0
2022-12-27 11:00:00,0.0,0.0,0.0,8.171766461472032,108.06336786732012,49.09918831618329,0.0,0.0,0.0,49.09918831618329,0.0,0.0,0.0,0.0,32.62525644167586,32.62525644167586,0.0
2022-12-27 12:00:00,0.0,0.0,0.0,8.171766461472032,100.99697118733387,49.09918831618329,0.0,0.0,0.0,49.09918831618329,0.0,0.0,0.0,0.0,31.60777358049773,31.60777358049773,0.0
2022-12-27 13:00:00,0.0,0.0,0.0,8.171766461472032,100.84072141763816,49.09918831618329,0.0,0.0,0.0,49.09918831618329,0.0,0.0,0.0,0.0,31.830046605171034,31.830046605171034,0.0
2022-12-27 14:00:00,0.0,0.0,0.0,8.171766461472032,99.18313484992112,49.09918831618329,0.0,0.0,0.0,49.09918831618329,0.0,0.0,0.0,0.0,31.667111216973204,31.667111216973204,0.0
2022-12-27 15:00:00,0.0,0.0,0.0,8.171766461472034,97.89987393730144,49.09918831618329,0.0,0.0,0.0,49.09918831618329,0.0,0.0,0.0,0.0,31.700704183261443,31.700704183261443,0.0
2022-12-27 16:00:00,0.0,0.0,0.0,8.171766461472032,107.52112604071536,56.75586110818331,0.0,0.0,0.0,56.75586110818331,0.0,0.0,0.0,0.0,35.27243160735676,35.27243160735676,0.0
2022-12-27 17:00:00,0.0,0.0,0.0,8.171766461472032,122.8920380643887,60.58419750418331,0.0,0.0,0.0,60.58419750418331,0.0,0.0,0.0,0.0,38.90010326605477,38.90010326605477,0.0
2022-12-27 18:00:00,0.0,0.0,0.0,8.171766461472032,133.30764640694727,48.73939881475194,0.0,0.0,0.0,48.73939881475194,0.0,0.0,0.0,0.0,37.53800277922673,37.53800277922673,0.0
2022-12-27 19:00:00,0.0,0.0,0.0,8.171766461472032,141.46795593951487,48.73939881475194,0.0,0.0,0.0,48.73939881475194,0.0,0.0,0.0,0.0,39.019454739583566,39.019454739583566,0.0
2022-12-27 20:00:00,0.0,0.0,0.0,8.171766461472032,143.5333095688445,44.191907497561786,0.0,0.0,0.0,44.191907497561786,0.0,0.0,0.0,0.0,37.943418019211045,37.943418019211045,0.0
2022-12-27 21:00:00,0.0,0.0,0.0,0.0,0.0,22.37766708451935,0.0,0.0,0.0,22.37766708451935,0.0,0.0,0.0,0.0,5.95693497789905,5.95693497789905,0.0
2022-12-27 22:00:00,0.0,0.0,0.0,0.0,0.0,15.107011293199369,0.0,0.0,0.0,15.107011293199369,0.0,0.0,0.0,0.0,3.9745036011278216,3.9745036011278216,0.0
2022-12-27 23:00:00,0.0,0.0,0.0,0.0,0.0,15.107011293199369,0.0,0.0,0.0,15.107011293199369,0.0,0.0,0.0,0.0,3.9400596153793273,3.9400596153793273,0.0
2022-12-28 00:00:00,0.0,0.0,0.0,0.057783498222900714,1.7418372474829293,15.164794791422267,0.0,0.0,0.0,15.164794791422267,0.0,0.0,0.0,0.0,4.2440300317727155,4.2440300317727155,0.0
2022-12-28 01:00:00,0.0,0.0,0.0,0.09747752895665922,2.9582913970983196,15.204488822156026,0.0,0.0,0.0,15.204488822156026,0.0,0.0,0.0,0.0,4.445364744616843,4.445364744616843,0.0
2022-12-28 02:00:00,0.0,0.0,0.0,0.12397657527542573,3.7624400480533438,15.230987868474791,0.0,0.0,0.0,15.230987868474791,0.0,0.0,0.0,0.0,4.557066118596348,4.557066118596348,0.0
2022-12-28 03:00:00,0.0,0.0,0.0,0.1378013691087794,4.19925363320045,15.244812662308146,0.0,0.0,0.0,15.244812662308146,0.0,0.0,0.0,0.0,4.607221930387943,4.607221930387943,0.0
2022-12-28 04:00:00,0.0,0.0,0.0,0.18592792886457102,5.652155835430973,15.292939222063936,0.0,0.0,0.0,15.292939222063936,0.0,0.0,0.0,0.0,4.931442004527846,4.931442004527846,0.0
2022-12-28 05:00:00,0.0,0.0,0.0,0.16831850972348925,5.126702612139911,15.275329802922856,0.0,0.0,0.0,15.275329802922856,0.0,0.0,0.0,0.0,4.904732394794998,4.904732394794998,0.0
2022-12-28 06:00:00,0.0,0.0,0.0,8.171766461472032,249.35575812585716,23.2787777546714,0.0,0.0,0.0,23.2787777546714,0.0,0.0,0.0,0.0,51.06920822218653,51.06920822218653,0.0
2022-12-28 07:00:00,0.0,0.0,0.0,8.171766461472032,200.70417335573217,22.892760753991375,0.0,0.0,0.0,22.892760753991375,0.0,0.0,0.0,0.0,42.17002769660638,42.17002769660638,0.0
2022-12-28 08:00:00,0.0,0.0,0.0,8.171766461472032,177.61636283919435,32.706898309561794,0.0,0.0,0.0,32.706898309561794,0.0,0.0,0.0,0.0,40.49906548565777,40.49906548565777,0.0
2022-12-28 09:00:00,0.0,0.0,0.0,8.171766461472032,150.3704253653996,49.09918831618329,0.0,0.0,0.0,49.09918831618329,0.0,0.0,0.0,0.0,40.0506818379162,40.0506818379162,0.0
2022-12-28 10:00:00,0.0,0.0,0.0,8.171766461472032,137.5841275233008,49.09918831618329,0.0,0.0,0.0,49.09918831618329,0.0,0.0,0.0,0.0,37.230507179700666,37.230507179700666,0.0
2022-12-28 11:00:00,0.0,0.0,0.0,8.171766461472032,122.69898109568831,49.09918831618329,0.0,0.0,0.0,49.09918831618329,0.0,0.0,0.0,0.0,34.29265966257249,34.29265966257249,0.0
2022-12-28 12:00:00,0.0,0.0,0.0,8.171766461472032,115.54949240143061,49.09918831618329,0.0,0.0,0.0,49.09918831618329,0.0,0.0,0.0,0.0,33.314716148846024,33.314716148846024,0.0
2022-12-28 13:00:00,0.0,0.0,0.0,8.171766461472032,108.9615599952488,49.09918831618329,0.0,0.0,0.0,49.09918831618329,0.0,0.0,0.0,0.0,32.052943440938165,32.052943440938165,0.0
2022-12-28 14:00:00,0.0,0.0,0.0,8.171766461472034,105.67859345104334,49.09918831618329,0.0,0.0,0.0,49.09918831618329,0.0,0.0,0.0,0.0,31.845799607757705,31.845799607757705,0.0
2022-12-28 15:00:00,0.0,0.0,0.0,8.171766461472034,111.55706536726325,49.09918831618329,0.0,0.0,0.0,49.09918831618329,0.0,0.0,0.0,0.0,33.55233019641572,33.55233019641572,0.0
2022-12-28 16:00:00,0.0,0.0,0.0,8.171766461472034,125.00797249149852,56.75586110818331,0.0,0.0,0.0,56.75586110818331,0.0,0.0,0.0,0.0,37.9004943060403,37.9004943060403,0.0
2022-12-28 17:00:00,0.0,0.0,0.0,8.171766461472032,136.5406559413992,60.58419750418331,0.0,0.0,0.0,60.58419750418331,0.0,0.0,0.0,0.0,40.84136520418526,40.84136520418526,0.0
2022-12-28 18:00:00,0.0,0.0,0.0,8.171766461472032,144.25439961446463,48.73939881475194,0.0,0.0,0.0,48.73939881475194,0.0,0.0,0.0,0.0,39.10930715718439,39.10930715718439,0.0
2022-12-28 19:00:00,0.0,0.0,0.0,8.171766461472032,156.71502205097275,48.73939881475194,0.0,0.0,0.0,48.73939881475194,0.0,0.0,0.0,0.0,41.65698123562426,41.65698123562426,0.0
2022-12-28 20:00:00,0.0,0.0,0.0,8.171766461472032,163.6067642307146,44.191907497561786,0.0,0.0,0.0,44.191907497561786,0.0,0.0,0.0,0.0,41.634987681939286,41.634987681939286,0.0
2022-12-28 21:00:00,0.0,0.0,0.0,0.0,0.0,22.37766708451935,0.0,0.0,0.0,22.37766708451935,0.0,0.0,0.0,0.0,5.895396393416622,5.895396393416622,0.0
2022-12-28 22:00:00,0.0,0.0,0.0,0.0,0.0,15.107011293199369,0.0,0.0,0.0,15.107011293199369,0.0,0.0,0.0,0.0,3.835519097230388,3.835519097230388,0.0
2022-12-28 23:00:00,0.0,0.0,0.0,0.11798619768009179,3.579380750680231,15.224997490879458,0.0,0.0,0.0,15.224997490879458,0.0,0.0,0.0,0.0,4.305928633020246,4.305928633020246,0.0
2022-12-29 00:00:00,0.0,0.0,0.0,0.25236037745336687,7.671915579531948,14.909952855117966,0.0,0.0,0.0,14.909952855117966,0.0,0.0,0.0,0.0,4.953905380772171,4.953905380772171,0.0
2022-12-29 01:00:00,0.0,0.0,0.0,0.7081579767538944,21.485839877171337,15.365750454418496,0.0,0.0,0.0,15.365750454418496,0.0,0.0,0.0,0.0,7.51836107295177,7.51836107295177,0.0
2022-12-29 02:00:00,0.0,0.0,0.0,0.9184150980346245,27.79127824660641,15.576007575699222,0.0,0.0,0.0,15.576007575699222,0.0,0.0,0.0,0.0,8.563571928463446,8.563571928463446,0.0
2022-12-29 03:00:00,0.0,0.0,0.0,1.2644827334094135,38.33508374989282,15.922075211074011,0.0,0.0,0.0,15.922075211074011,0.0,0.0,0.0,0.0,10.53327695622335,10.53327695622335,0.0
2022-12-29 04:00:00,0.0,0.0,0.0,1.367981528369028,41.44541247726599,16.025574006033626,0.0,0.0,0.0,16.025574006033626,0.0,0.0,0.0,0.0,11.171703294914808,11.171703294914808,0.0
2022-12-29 05:00:00,0.0,0.0,0.0,1.576843590592692,47.86950658291798,16.23443606825729,0.0,0.0,0.0,16.23443606825729,0.0,0.0,0.0,0.0,12.452361872578289,12.452361872578289,0.0
2022-12-29 06:00:00,0.0,0.0,0.0,8.171766461472032,330.1618496383263,22.829358939136633,0.0,0.0,0.0,22.829358939136633,0.0,0.0,0.0,0.0,64.95358889032559,64.95358889032559,0.0
2022-12-29 07:00:00,0.0,0.0,0.0,8.171766461472032,294.54305170452795,18.345269436801235,0.0,0.0,0.0,18.345269436801235,0.0,0.0,0.0,0.0,57.56387998526657,57.56387998526657,0.0
2022-12-29 08:00:00,0.0,0.0,0.0,8.171766461472032,256.8700685216488,23.611915675181518,0.0,0.0,0.0,23.611915675181518,0.0,0.0,0.0,0.0,52.13058204853341,52.13058204853341,0.0
2022-12-29 09:00:00,0.0,0.0,0.0,8.171766461472032,212.85638942595017,37.25438962675194,0.0,0.0,0.0,37.25438962675194,0.0,0.0,0.0,0.0,47.55987170794431,47.55987170794431,0.0
2022-12-29 10:00:00,0.0,0.0,0.0,8.171766461472032,176.03867466349843,49.09918831618329,0.0,0.0,0.0,49.09918831618329,0.0,0.0,0.0,0.0,43.66769136072129,43.66769136072129,0.0
2022-12-29 11:00:00,0.0,0.0,0.0,8.171766461472032,148.78226867715642,49.09918831618329,0.0,0.0,0.0,49.09918831618329,0.0,0.0,0.0,0.0,38.719411849265455,38.719411849265455,0.0
2022-12-29 12:00:00,0.0,0.0,0.0,8.171766461472034,137.3821057261399,49.09918831618329,0.0,0.0,0.0,49.09918831618329,0.0,0.0,0.0,0.0,36.98595251300078,36.98595251300078,0.0
2022-12-29 13:00:00,0.0,0.0,0.0,8.171766461472032,131.0278053273905,49.09918831618329,0.0,0.0,0.0,49.09918831618329,0.0,0.0,0.0,0.0,35.97049796817719,35.97049796817719,0.0
2022-12-29 14:00:00,0.0,0.0,0.0,8.171766461472032,127.4567790470041,49.09918831618329,0.0,0.0,0.0,49.09918831618329,0.0,0.0,0.0,0.0,35.608871556626404,35.608871556626404,0.0
2022-12-29 15:00:00,0.0,0.0,0.0,8.171766461472032,134.16290976980267,49.09918831618329,0.0,0.0,0.0,49.09918831618329,0.0,0.0,0.0,0.0,36.98325041065702,36.98325041065702,0.0
2022-12-29 16:00:00,0.0,0.0,0.0,8.171766461472032,146.9050903537188,56.75586110818331,0.0,0.0,0.0,56.75586110818331,0.0,0.0,0.0,0.0,41.156333525669865,41.156333525669865,0.0
2022-12-29 17:00:00,0.0,0.0,0.0,8.171766461472032,163.97977763285218,60.58419750418331,0.0,0.0,0.0,60.58419750418331,0.0,0.0,0.0,0.0,44.96996218115333,44.96996218115333,0.0
2022-12-29 18:00:00,0.0,0.0,0.0,8.171766461472032,188.4325514270006,44.191907497561786,0.0,0.0,0.0,44.191907497561786,0.0,0.0,0.0,0.0,45.34610589565195,45.34610589565195,0.0
2022-12-29 19:00:00,0.0,0.0,0.0,8.171766461472032,198.9174239437412,35.096924863181506,0.0,0.0,0.0,35.096924863181506,0.0,0.0,0.0,0.0,45.11760449093534,45.11760449093534,0.0
2022-12-29 20:00:00,0.0,0.0,0.0,8.171766461472032,202.32904995661593,35.096924863181506,0.0,0.0,0.0,35.096924863181506,0.0,0.0,0.0,0.0,45.65851659439814,45.65851659439814,0.0
2022-12-29 21:00:00,0.0,0.0,0.0,8.171766461472032,215.08985292730983,26.001942228801234,0.0,0.0,0.0,26.001942228801234,0.0,0.0,0.0,0.0,45.46204016780554,45.46204016780554,0.0
2022-12-29 22:00:00,0.0,0.0,0.0,0.019474393550825714,0.5909187522429397,14.677066871215427,0.0,0.0,0.0,14.677066871215427,0.0,0.0,0.0,0.0,3.8359846286947756,3.8359846286947756,0.0
2022-12-29 23:00:00,0.0,0.0,0.0,0.2744225704240947,8.355274737020542,14.932015048088696,0.0,0.0,0.0,14.932015048088696,0.0,0.0,0.0,0.0,5.097461457474687,5.097461457474687,0.0
2022-12-30 00:00:00,0.0,0.0,0.0,0.8105235664502948,24.55030317699554,15.468116044114895,0.0,0.0,0.0,15.468116044114895,0.0,0.0,0.0,0.0,8.03085990070753,8.03085990070753,0.0
2022-12-30 01:00:00,0.0,0.0,0.0,1.1439833451559993,34.61847471174509,15.801575822820597,0.0,0.0,0.0,15.801575822820597,0.0,0.0,0.0,0.0,9.931587545001719,9.931587545001719,0.0
2022-12-30 02:00:00,0.0,0.0,0.0,1.2737939020309657,38.594941324651046,15.931386379695564,0.0,0.0,0.0,15.931386379695564,0.0,0.0,0.0,0.0,10.702788427068176,10.702788427068176,0.0
2022-12-30 03:00:00,0.0,0.0,0.0,1.3608669130957862,41.21309926487603,16.018459390760384,0.0,0.0,0.0,16.018459390760384,0.0,0.0,0.0,0.0,11.128068200228183,11.128068200228183,0.0
2022-12-30 04:00:00,0.0,0.0,0.0,1.4365885307858888,43.56657450141291,16.094181008450487,0.0,0.0,0.0,16.094181008450487,0.0,0.0,0.0,0.0,11.604102347787093,11.604102347787093,0.0
2022-12-30 05:00:00,0.0,0.0,0.0,1.502977256888114,45.5566601912569,16.160569734552713,0.0,0.0,0.0,16.160569734552713,0.0,0.0,0.0,0.0,12.154401256063052,12.154401256063052,0.0
2022-12-30 06:00:00,0.0,0.0,0.0,1.5678147461632448,47.587253318314815,16.22540722382784,0.0,0.0,0.0,16.22540722382784,0.0,0.0,0.0,0.0,12.563448941398683,12.563448941398683,0.0
2022-12-30 07:00:00,0.0,0.0,0.0,1.594558442819437,48.367443297771445,8.595478128484036,0.0,0.0,0.0,8.595478128484036,0.0,0.0,0.0,0.0,10.817564709098441,10.817564709098441,0.0
2022-12-30 08:00:00,0.0,0.0,0.0,8.171766461472032,314.5888385816991,14.516933040801234,0.0,0.0,0.0,14.516933040801234,0.0,0.0,0.0,0.0,60.18412749417736,60.18412749417736,0.0
2022-12-30 09:00:00,0.0,0.0,0.0,8.171766461472032,261.7229521584612,14.516933040801234,0.0,0.0,0.0,14.516933040801234,0.0,0.0,0.0,0.0,50.72294463657763,50.72294463657763,0.0
2022-12-30 10:00:00,0.0,0.0,0.0,8.171766461472032,218.3327062152569,28.15940699237166,0.0,0.0,0.0,28.15940699237166,0.0,0.0,0.0,0.0,46.42396037538668,46.42396037538668,0.0
2022-12-30 11:00:00,0.0,0.0,0.0,8.171766461472032,193.3323459702638,28.15940699237166,0.0,0.0,0.0,28.15940699237166,0.0,0.0,0.0,0.0,41.80492883899956,41.80492883899956,0.0
2022-12-30 12:00:00,0.0,0.0,0.0,8.171766461472032,171.09873837700502,37.25438962675194,0.0,0.0,0.0,37.25438962675194,0.0,0.0,0.0,0.0,40.08460443603933,40.08460443603933,0.0
2022-12-30 13:00:00,0.0,0.0,0.0,8.171766461472032,157.90126799240525,37.25438962675194,0.0,0.0,0.0,37.25438962675194,0.0,0.0,0.0,0.0,37.801530402076004,37.801530402076004,0.0
2022-12-30 14:00:00,0.0,0.0,0.0,8.171766461472032,148.8422602157268,37.25438962675194,0.0,0.0,0.0,37.25438962675194,0.0,0.0,0.0,0.0,36.241235640696246,36.241235640696246,0.0
2022-12-30 15:00:00,0.0,0.0,0.0,8.171766461472032,144.34669684445728,37.25438962675194,0.0,0.0,0.0,37.25438962675194,0.0,0.0,0.0,0.0,35.40274917010579,35.40274917010579,0.0
2022-12-30 16:00:00,0.0,0.0,0.0,8.171766461472032,140.9606117947511,44.91106241875194,0.0,0.0,0.0,44.91106241875194,0.0,0.0,0.0,0.0,36.5296368837623,36.5296368837623,0.0
2022-12-30 17:00:00,0.0,0.0,0.0,8.171766461472032,167.918968494986,39.64441618037165,0.0,0.0,0.0,39.64441618037165,0.0,0.0,0.0,0.0,40.054198147485664,40.054198147485664,0.0
2022-12-30 18:00:00,0.0,0.0,0.0,8.171766461472032,175.9496657545153,30.549433545991374,0.0,0.0,0.0,30.549433545991374,0.0,0.0,0.0,0.0,39.3312213085929,39.3312213085929,0.0
2022-12-30 19:00:00,0.0,0.0,0.0,0.0,0.0,14.657592477664597,0.0,0.0,0.0,14.657592477664597,0.0,0.0,0.0,0.0,3.7029475876324076,3.7029475876324076,0.0
2022-12-30 20:00:00,0.0,0.0,0.0,0.0,0.0,14.657592477664597,0.0,0.0,0.0,14.657592477664597,0.0,0.0,0.0,0.0,3.6658638786639157,3.6658638786639157,0.0
2022-12-30 21:00:00,0.0,0.0,0.0,0.0,0.0,14.657592477664597,0.0,0.0,0.0,14.657592477664597,0.0,0.0,0.0,0.0,3.5719087108820853,3.5719087108820853,0.0
2022-12-30 22:00:00,0.0,0.0,0.0,0.010470116767645934,0.3185320660238326,14.668062594432243,0.0,0.0,0.0,14.668062594432243,0.0,0.0,0.0,0.0,3.544830392849011,3.544830392849011,0.0
2022-12-30 23:00:00,0.0,0.0,0.0,0.03403097094533647,1.0250404958957993,14.691623448609935,0.0,0.0,0.0,14.691623448609935,0.0,0.0,0.0,0.0,3.617256784539371,3.617256784539371,0.0
2022-12-31 00:00:00,0.0,0.0,0.0,0.033905575709326154,1.021353268193313,15.140916868908693,0.0,0.0,0.0,15.140916868908693,0.0,0.0,0.0,0.0,3.6484396768405745,3.6484396768405745,0.0
2022-12-31 01:00:00,0.0,0.0,0.0,0.022911825834034612,0.6915397967124707,15.129923119033402,0.0,0.0,0.0,15.129923119033402,0.0,0.0,0.0,0.0,3.5317707131820635,3.5317707131820635,0.0
2022-12-31 02:00:00,0.0,0.0,0.0,0.0,0.0,15.107011293199369,0.0,0.0,0.0,15.107011293199369,0.0,0.0,0.0,0.0,3.3614610828497913,3.3614610828497913,0.0
2022-12-31 03:00:00,0.0,0.0,0.0,0.022829434630774074,0.6889163265347839,15.129840727830144,0.0,0.0,0.0,15.129840727830144,0.0,0.0,0.0,0.0,3.470003946843465,3.470003946843465,0.0
2022-12-31 04:00:00,0.0,0.0,0.0,0.0094850060915189,0.2888765721281698,15.116496299290887,0.0,0.0,0.0,15.116496299290887,0.0,0.0,0.0,0.0,3.4819453567491765,3.4819453567491765,0.0
2022-12-31 05:00:00,0.0,0.0,0.0,0.02332226408396608,0.7045549246712958,15.13033355728333,0.0,0.0,0.0,15.13033355728333,0.0,0.0,0.0,0.0,3.6749186251374417,3.6749186251374417,0.0
2022-12-31 06:00:00,0.0,0.0,0.0,8.171766461472032,204.58719950607633,23.2787777546714,0.0,0.0,0.0,23.2787777546714,0.0,0.0,0.0,0.0,42.453179066094236,42.453179066094236,0.0
2022-12-31 07:00:00,0.0,0.0,0.0,8.171766461472032,159.7705864183978,22.892760753991375,0.0,0.0,0.0,22.892760753991375,0.0,0.0,0.0,0.0,34.38098089548994,34.38098089548994,0.0
2022-12-31 08:00:00,0.0,0.0,0.0,8.171766461472032,138.21259614413475,32.706898309561794,0.0,0.0,0.0,32.706898309561794,0.0,0.0,0.0,0.0,32.925244914248836,32.925244914248836,0.0
2022-12-31 09:00:00,0.0,0.0,0.0,8.171766461472032,112.34714232976172,49.09918831618329,0.0,0.0,0.0,49.09918831618329,0.0,0.0,0.0,0.0,32.24321187407067,32.24321187407067,0.0
2022-12-31 10:00:00,0.0,0.0,0.0,8.171766461472032,102.40541069483996,49.09918831618329,0.0,0.0,0.0,49.09918831618329,0.0,0.0,0.0,0.0,30.461054846303924,30.461054846303924,0.0
2022-12-31 11:00:00,0.0,0.0,0.0,8.171766461472032,92.45248658870663,49.09918831618329,0.0,0.0,0.0,49.09918831618329,0.0,0.0,0.0,0.0,28.92581549422361,28.92581549422361,0.0
2022-12-31 12:00:00,0.0,0.0,0.0,8.171766461472032,88.73275110845898,49.09918831618329,0.0,0.0,0.0,49.09918831618329,0.0,0.0,0.0,0.0,28.44658043127001,28.44658043127001,0.0
2022-12-31 13:00:00,0.0,0.0,0.0,8.171766461472032,88.07036491661367,49.09918831618329,0.0,0.0,0.0,49.09918831618329,0.0,0.0,0.0,0.0,28.37936266273873,28.37936266273873,0.0
2022-12-31 14:00:00,0.0,0.0,0.0,8.171766461472032,89.13606569786859,49.09918831618329,0.0,0.0,0.0,49.09918831618329,0.0,0.0,0.0,0.0,28.58204435115693,28.58204435115693,0.0
2022-12-31 15:00:00,0.0,0.0,0.0,8.171766461472032,88.76240033129798,49.09918831618329,0.0,0.0,0.0,49.09918831618329,0.0,0.0,0.0,0.0,28.640459669254533,28.640459669254533,0.0
2022-12-31 16:00:00,0.0,0.0,0.0,8.171766461472032,92.98306019480965,56.75586110818331,0.0,0.0,0.0,56.75586110818331,0.0,0.0,0.0,0.0,31.52143228502603,31.52143228502603,0.0
2022-12-31 17:00:00,0.0,0.0,0.0,8.171766461472032,98.43756977013317,60.58419750418331,0.0,0.0,0.0,60.58419750418331,0.0,0.0,0.0,0.0,33.48167497251852,33.48167497251852,0.0
2022-12-31 18:00:00,0.0,0.0,0.0,8.171766461472032,103.09154221302008,48.73939881475194,0.0,0.0,0.0,48.73939881475194,0.0,0.0,0.0,0.0,31.335783902664794,31.335783902664794,0.0
2022-12-31 19:00:00,0.0,0.0,0.0,8.171766461472032,114.18234552445124,48.73939881475194,0.0,0.0,0.0,48.73939881475194,0.0,0.0,0.0,0.0,33.561275412207735,33.561275412207735,0.0
2022-12-31 20:00:00,0.0,0.0,0.0,8.171766461472032,129.618252136022,44.191907497561786,0.0,0.0,0.0,44.191907497561786,0.0,0.0,0.0,0.0,34.82064521824315,34.82064521824315,0.0
2022-12-31 21:00:00,0.0,0.0,0.0,0.0,0.0,22.37766708451935,0.0,0.0,0.0,22.37766708451935,0.0,0.0,0.0,0.0,5.668934402521287,5.668934402521287,0.0
2022-12-31 22:00:00,0.0,0.0,0.0,0.0,0.0,15.107011293199369,0.0,0.0,0.0,15.107011293199369,0.0,0.0,0.0,0.0,3.682031862491482,3.682031862491482,0.0
2022-12-31 23:00:00,0.0,0.0,0.0,0.0,0.0,15.107011293199369,0.0,0.0,0.0,15.107011293199369,0.0,0.0,0.0,0.0,3.643055773355028,3.643055773355028,0.0
